Keypoint Matches and Line Matches for pairs 0, 4 
0 corresponds to the image ./resources/Data/FountainP11/images/0000.png 
4 corresponds to the image ./resources/Data/FountainP11/images/0004.png 

94.000000 1809.947876 1479.934814 2209.920410 1381.015869
31.000000 1616.698730 1459.420654 2209.950195 1342.468018
127.000000 1393.265137 1500.339722 1876.827271 1412.265381
1.000000 1763.352173 1264.547485 2130.002441 1152.405029
425.000000 1759.999878 1256.662964 2126.669922 1144.528320
17.000000 940.015625 1270.898438 1093.333374 1142.982544
139.000000 1009.977295 1421.386963 1143.334106 1336.597290
119.000000 1800.121094 1500.179321 2186.677734 1405.893311
120.000000 1423.428345 1504.658569 1896.641479 1401.769287
93.000000 1436.668823 1445.233765 1899.989990 1347.373291
36.000000 1289.975708 383.269775 1646.847168 126.067139
1047.000000 961.948669 508.440155 1043.000000 164.000000
32.000000 1280.223877 360.563995 1653.541626 96.440842
33.000000 977.023987 480.900330 1040.059204 137.550781
18.000000 796.012939 1762.732910 1589.301758 1770.379883
34.000000 986.391724 489.298157 1046.618896 152.634262
35.000000 1281.450684 373.702820 1646.779785 111.657318
66.000000 2290.295898 130.847763 2776.713867 130.776657
98.000000 789.998352 1773.054077 1570.247314 1784.853882
9.000000 1093.340820 1771.259033 1869.486206 1736.910034
29.000000 1029.965210 1427.455444 1166.653320 1337.834106
46.000000 1336.683228 1314.861938 1663.359985 1200.986572
47.000000 1636.657959 1317.615479 2156.667480 1206.588257
48.000000 1299.043823 523.539734 1603.224976 287.857117
52.000000 1298.635498 538.986206 1596.679199 306.916382
53.000000 1033.026245 622.355042 1123.204834 330.785217
100.000000 1415.956055 1729.970947 1903.330322 1650.102295
273.000000 1460.002808 1283.637085 1986.618652 1170.439453
55.000000 1286.913940 534.119446 1593.341064 296.820496
42.000000 1292.161377 499.785217 1606.652466 259.735535
43.000000 1036.918213 584.094910 1099.832642 286.874786
86.000000 1926.670044 1267.888306 2323.384521 1156.454834
87.000000 2186.669434 1268.304810 2646.650635 1161.118286
50.000000 1045.191284 592.155396 1110.077148 298.158630
51.000000 1287.606812 512.874817 1596.821045 272.984253
56.000000 1053.044434 622.405640 1126.570068 338.041931
57.000000 1286.571045 549.692749 1589.927246 315.191742
83.000000 1265.333008 886.677307 1489.242065 726.669678
77.000000 1523.324707 1253.115112 1993.333374 1136.666626
498.000000 1319.519897 365.059814 1666.316772 112.567245
126.000000 973.600342 470.241943 1030.459106 127.738464
90.000000 1620.734619 1745.420410 2216.730713 1647.433594
91.000000 1416.762451 1716.010254 1903.426636 1639.602661
241.000000 2113.267578 982.660645 2556.752930 897.739624
572.000000 2313.308350 963.078979 2786.674316 891.037231
80.000000 1243.309204 1298.519287 1509.997681 1182.052856
81.000000 1043.307983 1301.773560 1183.332031 1182.648193
266.000000 1040.053955 1317.975098 1183.333740 1206.526001
79.000000 1240.026978 1315.651489 1516.666992 1202.813110
1298.000000 2169.996338 1380.130371 2645.000000 1260.000000
41.000000 2366.697754 1385.535645 2839.959717 1268.168091
384.000000 2163.122314 1724.813599 2619.905029 1578.869751
168.000000 1406.233521 829.693726 1656.565674 646.755005
169.000000 1219.665527 841.281738 1439.901367 653.499756
172.000000 2333.850098 365.433197 2816.697998 354.605377
115.000000 1613.571167 1721.700195 2186.641113 1624.194580
116.000000 1429.766968 1694.933228 1893.269653 1615.478271
192.000000 1403.075073 851.829956 1646.643066 671.858826
585.000000 1219.375610 861.638672 1388.986572 659.876099
59.000000 1013.337341 1314.542847 1050.011719 1198.728638
534.000000 954.476746 909.696167 864.020203 672.244507
129.000000 1439.977539 1686.821899 1903.263184 1605.567871
130.000000 1616.799805 1712.413086 2183.405518 1614.369263
214.000000 2180.486328 739.870239 2640.020752 672.798950
215.000000 2353.376953 713.620117 2820.010742 671.466492
305.000000 1949.979248 1463.989014 2359.794678 1344.351929
497.000000 1373.227783 340.387817 1773.624268 103.407944
219.000000 2248.077393 1703.943359 2710.614502 1555.098999
261.000000 2233.125000 1083.815063 2676.630859 995.623047
96.000000 1526.729004 1295.484497 1976.651489 1181.635986
97.000000 1363.378906 1297.341797 1666.654419 1180.689575
206.000000 2203.349121 630.074646 2670.031982 574.138794
207.000000 2047.288574 662.951843 2490.051514 581.294861
141.000000 1124.493896 335.908997 1341.779175 8.194321
1381.000000 1182.586914 865.834167 1268.000000 657.000000
183.000000 1029.115112 881.109009 1066.672607 663.565796
236.000000 1634.357422 1176.672485 2087.347168 1066.642334
237.000000 1633.978027 1026.673462 2088.024414 899.978455
243.000000 2187.956299 290.573883 2657.010742 254.686096
117.000000 2053.607910 110.726578 2519.963867 46.073456
244.000000 1429.760132 1487.545898 1973.269531 1391.144897
245.000000 1576.898804 1495.921997 2136.617188 1393.473511
289.000000 2370.038818 1154.371094 2836.664551 1063.498047
290.000000 2223.328125 1159.859619 2689.979492 1061.518921
271.000000 2186.395020 412.414795 2659.851807 367.551056
272.000000 2326.920898 370.859436 2809.907471 358.471466
250.000000 2192.317383 300.318146 2656.750000 264.434784
251.000000 2330.178711 253.863373 2813.277100 252.591003
470.000000 2266.592285 1793.769287 2776.644775 1630.364990
121.000000 1126.442017 324.148407 1364.120239 1.134628
230.000000 1918.395630 478.864868 2336.705322 377.257721
231.000000 2060.234375 451.201782 2506.671631 379.653198
234.000000 2196.689697 1264.576050 2656.666992 1157.615601
235.000000 2340.035645 1261.911743 2823.333740 1157.561279
252.000000 2253.592041 1683.581787 2713.418945 1534.613037
253.000000 2112.626709 1671.758057 2556.579834 1532.118530
323.000000 2340.089355 490.396637 2816.629883 468.813934
324.000000 2206.045410 520.573669 2676.660889 473.146210
103.000000 1246.666382 1286.564087 1500.000977 1168.105713
21.000000 786.468079 1770.848022 1566.689697 1782.842896
930.000000 1169.760864 887.208313 1307.000000 693.000000
201.000000 1036.264893 898.643311 1083.307251 684.951050
336.000000 2045.812012 227.814682 2486.667725 156.686859
468.000000 2169.744873 179.347580 2633.359375 147.097229
118.000000 2323.432617 10.266378 2809.900146 28.364826
764.000000 1586.120605 767.389343 1894.000000 599.000000
850.000000 2555.365479 1696.614014 2874.000000 1529.000000
1225.000000 1616.067505 1573.342896 2180.000000 1475.000000
619.000000 1618.144409 1703.362915 2199.000000 1610.000000
143.000000 1217.541626 579.500610 1483.493286 329.799316
144.000000 1093.666016 617.744324 1229.800293 342.755463
146.000000 879.769836 1409.967529 868.757629 1320.864868
238.000000 773.817627 985.319763 266.738739 741.191589
473.000000 2150.284668 1553.727905 2603.210693 1422.517700
474.000000 2273.431641 1565.651978 2713.274170 1427.882080
133.000000 2211.189697 1881.981445 2709.969727 1713.666504
439.000000 1949.388550 1816.663818 2413.419922 1684.804077
440.000000 1832.974121 1795.289917 2300.021729 1679.532959
40.000000 1893.374512 1370.755859 2283.336426 1253.215942
221.000000 2397.218506 1755.747437 2856.637207 1587.221924
149.000000 1235.782471 366.493439 1565.717407 89.275536
134.000000 1978.970947 1823.548096 2436.171631 1688.778687
92.000000 1619.543945 1458.159058 2213.354980 1351.788574
166.000000 2269.909668 1078.422119 2743.310547 985.345154
401.000000 2266.663086 1257.362793 2723.383789 1151.332397
402.000000 2156.632568 1256.814087 2603.208008 1148.302979
1472.000000 1381.446289 1249.971924 1514.000000 1101.000000
1178.000000 2143.689941 535.105591 2614.000000 480.000000
228.000000 1639.995117 1289.939697 2156.549561 1179.260620
229.000000 1532.682007 1298.526367 1986.402710 1184.150879
753.000000 1383.667603 442.077057 1588.000000 203.000000
370.000000 2083.273926 1095.944092 2536.669189 996.220276
371.000000 2190.041748 1087.175171 2666.683350 996.931458
131.000000 1013.353333 1302.882446 1053.211792 1184.320068
132.000000 906.453430 1298.147339 776.482849 1176.531616
111.000000 929.970703 1262.067139 783.352478 1128.217041
112.000000 1036.657349 1259.598755 1080.001465 1127.055542
196.000000 1339.261597 823.360229 1594.402100 639.605652
393.000000 1445.366455 749.945312 1795.990356 583.347107
394.000000 1442.499512 643.355774 1793.480103 459.929230
355.000000 1939.461060 304.942444 2353.265137 208.607895
356.000000 2040.051758 273.499054 2486.605469 202.082169
348.000000 2133.615723 659.074280 2589.999756 590.010925
377.000000 2100.369873 1251.285278 2556.646484 1142.983643
378.000000 1996.633911 1259.590576 2429.824463 1150.280396
113.000000 753.371033 1246.993408 236.673477 1100.148315
368.000000 2159.919434 1464.688965 2593.343018 1342.174561
369.000000 2263.284180 1470.826782 2723.361572 1343.252563
136.000000 886.774109 893.734375 556.695435 637.092102
363.000000 1595.581421 1103.005005 1996.790894 990.861877
309.000000 2220.224854 838.398865 2716.655518 766.291931
310.000000 2120.179199 851.380188 2573.351074 770.592346
1165.000000 2532.376221 1731.567505 2868.000000 1561.000000
175.000000 1515.891357 804.105469 1913.401611 654.823486
399.000000 2013.624390 554.442078 2450.014648 470.263031
400.000000 1916.640869 579.901611 2329.831055 476.977570
167.000000 2080.051514 1087.448975 2523.318115 989.120178
391.000000 2063.379150 1459.205688 2500.037109 1338.742798
392.000000 1963.328125 1453.422363 2376.614502 1335.104492
409.000000 2353.408691 1378.402954 2826.685303 1258.950317
410.000000 2253.317383 1373.673340 2706.604980 1256.825684
197.000000 1273.216064 679.645813 1577.734741 453.536255
387.000000 1846.207031 801.531006 2229.821045 688.026123
388.000000 1941.822754 777.147705 2353.647949 676.803650
142.000000 1019.460754 455.309174 1110.216309 122.734520
258.000000 1109.775269 419.434204 1263.930054 109.737534
551.000000 2273.328125 1470.062256 2736.549072 1342.391357
552.000000 2369.863281 1478.274048 2839.959961 1347.479614
240.000000 1976.699829 993.911987 2393.276123 891.497375
298.000000 1366.664917 1286.794434 1656.676147 1169.193237
922.000000 1134.936279 1099.973511 1222.000000 935.000000
588.000000 1454.941650 499.256927 1713.444946 282.376709
1053.000000 1250.351440 1255.279907 1490.000000 1128.000000
513.000000 1943.770508 1649.520874 2349.943848 1525.171753
514.000000 2033.357056 1659.792969 2456.714600 1528.428467
476.000000 996.810608 763.224121 948.845276 496.467133
533.000000 999.641296 853.344604 955.256714 617.643982
575.000000 2170.045410 1457.995605 2623.334229 1334.463745
576.000000 2079.940674 1455.956421 2519.998291 1334.541748
84.000000 1486.683228 1273.718872 1993.329834 1156.081055
85.000000 1396.705688 1277.577148 1669.988159 1157.986206
403.000000 1953.273560 1543.837769 2353.344482 1423.089966
404.000000 2040.297729 1554.154907 2473.395996 1428.643555
327.000000 1521.439575 805.831299 1917.625000 656.573669
328.000000 1451.893433 753.105713 1801.292114 582.714600
308.000000 1559.983765 1273.863770 2006.693604 1158.905640
340.000000 612.881104 1811.545532 1216.774170 1874.013916
150.000000 613.554077 1662.210938 1039.982300 1673.803833
151.000000 696.939758 1678.611572 1276.814941 1682.734741
435.000000 1459.057129 644.708862 1814.674438 459.663452
1160.000000 1932.497437 370.229370 2341.000000 280.000000
137.000000 1293.288818 346.836792 1656.207153 87.960777
434.000000 2214.103027 45.259193 2693.382568 30.589376
581.000000 1326.091919 553.823730 1606.435181 313.634979
343.000000 766.725830 863.656067 256.666138 570.430176
1091.000000 2353.605225 818.569092 2830.000000 765.000000
341.000000 1496.463135 1516.256714 1986.650146 1419.210083
342.000000 1577.001099 1521.862549 2123.332764 1420.100830
152.000000 699.887939 1540.837891 1276.655640 1503.712036
153.000000 619.980286 1530.147461 1046.656006 1497.035767
301.000000 1946.370483 455.771179 2373.578613 359.573669
61.000000 853.289978 1271.711914 656.665649 1140.207886
569.000000 1983.466431 1252.167358 2406.743652 1141.687988
570.000000 1903.562988 1257.073486 2303.473145 1146.398438
428.000000 1530.000000 1323.333374 2010.000977 1212.690186
70.000000 1450.000000 1323.333374 1906.661133 1210.784424
1010.000000 828.000000 1334.000000 690.000000 1224.000000
707.000000 1302.000000 328.000000 1574.000000 49.000000
622.000000 44.000000 894.000000 2962.000000 730.000000
671.000000 795.000000 1327.000000 609.000000 1214.000000
663.000000 1279.000000 1020.000000 1515.000000 860.000000
1137.000000 810.000000 1327.000000 645.000000 1214.000000
640.000000 1211.000000 425.000000 1509.000000 149.000000
1134.000000 581.000000 1803.000000 1125.000000 1863.000000
601.000000 1044.000000 1025.000000 991.000000 838.000000
1286.000000 2073.000000 1000.000000 2500.000000 906.000000
616.000000 2467.000000 1688.000000 2875.000000 1514.000000
836.000000 2263.000000 1827.000000 2769.000000 1659.000000
961.000000 1184.000000 628.000000 1340.000000 378.000000
1017.000000 1500.000000 1648.000000 2002.000000 1559.000000
677.000000 1199.000000 1122.000000 1408.000000 974.000000
918.000000 2091.000000 1005.000000 2541.000000 912.000000
1364.000000 1231.000000 311.000000 1521.000000 21.000000
813.000000 297.000000 1592.000000 44.000000 1817.000000
623.000000 936.000000 419.000000 659.000000 20.000000
1336.000000 899.000000 1328.000000 854.000000 1215.000000
969.000000 1303.000000 658.000000 1599.000000 436.000000
1542.000000 1237.000000 1160.000000 1473.000000 1022.000000
598.000000 2249.000000 1817.000000 2754.000000 1652.000000
1502.000000 844.000000 1334.000000 727.000000 1225.000000
1409.000000 1874.000000 483.000000 2273.000000 373.000000
1253.000000 1236.000000 1340.000000 1552.000000 1241.000000
976.000000 981.000000 1676.000000 1732.000000 1640.000000
613.000000 34.000000 893.000000 2952.000000 731.000000
1026.000000 967.000000 960.000000 869.000000 756.000000
1511.000000 1213.000000 1409.000000 1277.000000 1309.000000
1044.000000 1157.000000 1131.000000 1376.000000 982.000000
1266.000000 1710.000000 470.000000 2050.000000 321.000000
743.000000 1185.000000 1102.000000 1467.000000 996.000000
1533.000000 809.000000 715.000000 369.000000 378.000000
1121.000000 1571.000000 1219.000000 1865.000000 1099.000000
257.000000 805.000000 683.000000 363.320679 335.002960
708.000000 1038.000000 1185.000000 980.000000 1035.000000
750.000000 1292.000000 983.000000 1539.000000 819.000000
1368.000000 882.000000 1314.000000 810.000000 1198.000000
1001.000000 895.000000 1345.000000 845.000000 1238.000000
1345.000000 1174.000000 901.000000 1303.000000 704.000000
937.000000 1322.000000 1391.000000 1696.000000 1288.000000
843.000000 936.000000 1336.000000 923.000000 1235.000000
1138.000000 1279.000000 1170.000000 1531.000000 1034.000000
1245.000000 540.000000 1824.000000 1063.000000 1896.000000
782.000000 1597.000000 1335.000000 2143.000000 1225.000000
780.000000 1010.000000 1608.000000 1757.000000 1556.000000
1454.000000 798.000000 1288.000000 363.000000 1160.000000
1023.000000 735.000000 1194.000000 197.000000 1027.000000
621.000000 2216.000000 28.000000 2698.000000 16.000000
1438.000000 1495.000000 1058.000000 1813.000000 922.000000
822.000000 2341.000000 1054.000000 2816.000000 973.000000
755.000000 2303.000000 94.000000 2795.000000 100.000000
1080.000000 879.000000 1369.000000 616.000000 1266.000000
1146.000000 1186.000000 1408.000000 1449.000000 1310.000000
815.000000 751.000000 655.000000 226.000000 277.000000
704.000000 1124.000000 1108.000000 1054.000000 954.000000
1563.000000 1120.000000 1396.000000 1320.000000 1299.000000
1114.000000 1293.000000 1132.000000 1540.000000 990.000000
1351.000000 994.000000 1329.000000 1063.000000 1217.000000
1124.000000 958.000000 506.000000 949.000000 161.000000
670.000000 2257.000000 1798.000000 2763.000000 1635.000000
806.000000 1014.000000 1337.000000 1252.000000 1283.000000
1468.000000 1058.000000 999.000000 1020.000000 806.000000
1325.000000 1446.000000 1194.000000 1603.000000 1041.000000
794.000000 2210.000000 84.000000 2692.000000 66.000000
469.000000 2374.000000 1811.000000 2886.647705 1636.980103
1512.000000 1279.000000 561.000000 1595.000000 330.000000
1002.000000 1810.000000 1726.000000 2222.000000 1610.000000
1243.000000 1250.000000 817.000000 1461.000000 617.000000
1471.000000 1125.000000 971.000000 1222.000000 783.000000
1191.000000 527.000000 1604.000000 706.000000 1586.000000
1274.000000 1190.000000 775.000000 1384.000000 555.000000
867.000000 1062.000000 1155.000000 1030.000000 1001.000000
1195.000000 1312.000000 943.000000 1574.000000 775.000000
1360.000000 736.000000 866.000000 180.000000 578.000000
746.000000 1996.000000 574.000000 2430.000000 487.000000
1217.000000 2180.000000 1667.000000 2635.000000 1524.000000
647.000000 2381.000000 1836.000000 2893.000000 1656.000000
1039.000000 876.000000 1622.000000 1630.000000 1588.000000
1098.000000 915.000000 1611.000000 1669.000000 1568.000000
1522.000000 1283.000000 927.000000 1532.000000 752.000000
864.000000 1095.000000 1384.000000 1268.000000 1283.000000
615.000000 777.000000 1750.000000 1540.000000 1758.000000
344.000000 816.000000 850.000000 393.332611 570.595642
1074.000000 658.000000 1650.000000 1169.000000 1650.000000
908.000000 2087.000000 1145.000000 2535.000000 1043.000000
781.000000 881.000000 1354.000000 808.000000 1250.000000
1481.000000 1160.000000 1095.000000 1325.000000 944.000000
979.000000 1474.000000 971.000000 1782.000000 823.000000
682.000000 1439.000000 959.000000 1749.000000 807.000000
620.000000 2394.000000 1904.000000 2906.000000 1713.000000
1211.000000 1454.000000 972.000000 1749.000000 825.000000
1462.000000 1274.000000 948.000000 1503.000000 777.000000
963.000000 1500.000000 1082.000000 1821.000000 949.000000
1497.000000 1454.000000 944.000000 1749.000000 790.000000
792.000000 1887.000000 1880.000000 2543.000000 1748.000000
698.000000 1098.000000 1330.000000 1278.000000 1218.000000
553.000000 1383.000000 514.000000 1710.085083 298.408997
1293.000000 1069.000000 1036.000000 1042.000000 854.000000
645.000000 1305.000000 309.000000 1576.000000 35.000000
797.000000 2321.000000 388.000000 2806.000000 372.000000
1372.000000 917.000000 1389.000000 893.000000 1293.000000
1287.000000 1897.000000 1286.000000 2298.000000 1173.000000
1543.000000 1332.000000 1352.000000 1713.000000 1244.000000
816.000000 981.000000 1690.000000 1168.000000 1667.000000
984.000000 760.000000 1549.000000 1423.000000 1508.000000
893.000000 1966.000000 1486.000000 2383.000000 1367.000000
857.000000 1620.000000 1830.000000 1947.000000 1729.000000
1513.000000 1188.000000 1378.000000 1451.000000 1275.000000
1234.000000 1207.000000 412.000000 1579.000000 136.000000
809.000000 2039.000000 268.000000 2487.000000 197.000000
1526.000000 2201.000000 524.000000 2671.000000 476.000000
911.000000 2335.000000 805.000000 2814.000000 751.000000
913.000000 1093.000000 1349.000000 1268.000000 1242.000000
1470.000000 1244.000000 622.000000 1518.000000 395.000000
1344.000000 818.000000 1357.000000 581.000000 1247.000000
1193.000000 1152.000000 965.000000 1283.000000 772.000000
1163.000000 1228.000000 615.000000 1493.000000 380.000000
811.000000 991.000000 1381.000000 1054.000000 1281.000000
910.000000 26.000000 935.000000 2977.000000 777.000000
828.000000 1473.000000 1396.000000 1948.000000 1290.000000
1441.000000 1419.000000 1397.000000 1863.000000 1292.000000
1185.000000 918.000000 1336.000000 894.000000 1226.000000
606.000000 1995.000000 1688.000000 2418.000000 1558.000000
1487.000000 1077.000000 1240.000000 988.000000 1085.000000
1300.000000 1989.000000 1082.000000 2414.000000 978.000000
985.000000 1312.000000 1017.000000 1573.000000 860.000000
1004.000000 1210.000000 1331.000000 1496.000000 1219.000000
1083.000000 1956.000000 452.000000 2382.000000 359.000000
1189.000000 898.000000 1395.000000 651.000000 1300.000000
1343.000000 2281.000000 39.000000 2770.000000 44.000000
1218.000000 1171.000000 934.000000 1307.000000 746.000000
1493.000000 962.000000 1657.000000 1712.000000 1619.000000
1523.000000 1363.000000 1342.000000 1864.000000 1246.000000
1090.000000 1313.000000 296.000000 1603.000000 30.000000
1426.000000 1494.000000 1107.000000 1811.000000 975.000000
508.000000 1852.000000 606.000000 2230.189209 498.104553
1122.000000 2010.000000 1119.000000 2442.000000 1016.000000
683.000000 1024.000000 1375.000000 1029.000000 1242.000000
992.000000 1476.000000 1562.000000 1959.000000 1470.000000
1048.000000 1416.000000 539.000000 1780.000000 330.000000
1219.000000 835.000000 1350.000000 788.000000 1278.000000
1416.000000 2140.000000 1097.000000 2596.000000 1002.000000
1203.000000 760.000000 1106.000000 162.000000 912.000000
1131.000000 1432.000000 1395.000000 1882.000000 1290.000000
889.000000 2040.000000 279.000000 2484.000000 208.000000
687.000000 1430.000000 538.000000 1613.000000 319.000000
1112.000000 1261.000000 1340.000000 1584.000000 1231.000000
823.000000 1960.000000 1510.000000 2375.000000 1389.000000
824.000000 1388.000000 1405.000000 1582.000000 1300.000000
639.000000 1455.000000 988.000000 1748.000000 841.000000
1082.000000 1607.000000 1346.000000 2155.000000 1236.000000
960.000000 1291.000000 597.000000 1555.000000 371.000000
1036.000000 1223.000000 866.000000 1448.000000 675.000000
1356.000000 2084.000000 1071.000000 2533.000000 974.000000
1133.000000 1021.000000 1666.000000 1767.000000 1625.000000
1564.000000 1514.000000 1575.000000 2025.000000 1481.000000
701.000000 2250.000000 1874.000000 2752.000000 1703.000000
865.000000 878.000000 1393.000000 722.000000 1291.000000
878.000000 1295.000000 306.000000 1559.000000 29.000000
1335.000000 1223.000000 406.000000 1533.000000 132.000000
1070.000000 1952.000000 326.000000 2378.000000 233.000000
1024.000000 2586.000000 58.000000 2889.000000 125.000000
1401.000000 1900.000000 1741.000000 2341.000000 1616.000000
785.000000 1363.000000 1404.000000 1769.000000 1302.000000
1089.000000 1058.000000 1193.000000 1072.000000 1062.000000
808.000000 982.000000 1579.000000 1696.000000 1528.000000
1342.000000 1464.000000 1034.000000 1741.000000 899.000000
784.000000 1044.000000 1040.000000 991.000000 855.000000
1312.000000 942.000000 1678.000000 1519.000000 1665.000000
478.000000 1428.000000 814.000000 1708.244019 646.737000
902.000000 1265.000000 300.000000 1506.000000 11.000000
1093.000000 898.000000 1379.000000 847.000000 1280.000000
1170.000000 972.000000 1371.000000 1015.000000 1271.000000
1391.000000 1399.000000 1114.000000 1656.000000 977.000000
1041.000000 1024.000000 1356.000000 1194.000000 1242.000000
603.000000 2128.000000 1392.000000 2578.000000 1275.000000
73.000000 2375.000000 1157.000000 2833.327637 1070.763794
315.000000 883.000000 1294.000000 766.968140 1176.911377
1161.000000 1025.000000 823.000000 986.000000 579.000000
1063.000000 1629.000000 1800.000000 2157.000000 1704.000000
1295.000000 1239.000000 793.000000 1442.000000 588.000000
543.000000 914.000000 1650.000000 1466.797119 1610.238892
1064.000000 1401.000000 1165.000000 1604.000000 1012.000000
675.000000 1026.000000 1017.000000 992.000000 823.000000
1353.000000 1476.000000 1334.000000 1956.000000 1224.000000
772.000000 1942.000000 587.000000 2360.000000 489.000000
1209.000000 1455.000000 1630.000000 1930.000000 1543.000000
1338.000000 1268.000000 1209.000000 1489.000000 1077.000000
1402.000000 1014.000000 486.000000 1116.000000 159.000000
1059.000000 1063.000000 1057.000000 982.000000 880.000000
873.000000 1144.000000 1660.000000 1759.000000 1602.000000
1363.000000 2028.000000 120.000000 2483.000000 48.000000
950.000000 1481.000000 1125.000000 1792.000000 994.000000
618.000000 1042.000000 489.000000 1165.000000 171.000000
1540.000000 1710.000000 1368.000000 2133.000000 1292.000000
1279.000000 1417.000000 1808.000000 1967.000000 1737.000000
1355.000000 1918.000000 1443.000000 2324.000000 1328.000000
1213.000000 1176.000000 1387.000000 1428.000000 1285.000000
740.000000 881.000000 1328.000000 811.000000 1216.000000
1477.000000 1367.000000 1633.000000 2121.000000 1552.000000
1021.000000 805.000000 1634.000000 1544.000000 1613.000000
417.000000 1142.000000 1337.000000 1400.066528 1228.290649
1015.000000 1376.000000 1363.000000 1637.000000 1244.000000
876.000000 1082.000000 1183.000000 1138.000000 1037.000000
608.000000 2123.000000 1101.000000 2342.000000 1064.000000
887.000000 1044.000000 1000.000000 993.000000 806.000000
885.000000 1852.000000 879.000000 2241.000000 767.000000
667.000000 984.000000 1009.000000 882.000000 809.000000
942.000000 1956.000000 639.000000 2379.000000 543.000000
1171.000000 1143.000000 451.000000 1371.000000 158.000000
1544.000000 595.000000 1526.000000 700.000000 1524.000000
860.000000 1078.000000 1112.000000 1137.000000 957.000000
1148.000000 1290.000000 526.000000 1598.000000 289.000000
1076.000000 1248.000000 1361.000000 1412.000000 1243.000000
649.000000 38.000000 919.000000 2929.000000 764.000000
1009.000000 1133.000000 1221.000000 1232.000000 1077.000000
265.000000 1143.000000 1317.000000 1336.665771 1206.962769
1323.000000 2326.000000 592.000000 2809.000000 558.000000
595.000000 1327.000000 235.000000 812.000000 80.000000
1029.000000 1236.000000 1399.000000 1544.000000 1299.000000
1216.000000 1313.000000 472.000000 1625.000000 253.000000
1260.000000 1446.000000 1385.000000 1905.000000 1279.000000
1232.000000 1469.000000 1534.000000 2000.000000 1489.000000
1296.000000 2221.000000 856.000000 2690.000000 785.000000
835.000000 1285.000000 325.000000 1554.000000 41.000000
554.000000 1323.000000 534.000000 1606.672729 303.458740
833.000000 1299.000000 1352.000000 1653.000000 1245.000000
819.000000 1020.000000 1595.000000 1764.000000 1540.000000
1383.000000 1293.000000 1211.000000 1538.000000 1081.000000
762.000000 1584.000000 1358.000000 2121.000000 1250.000000
657.000000 790.000000 1618.000000 1213.000000 1612.000000
859.000000 1527.000000 1653.000000 2042.000000 1561.000000
975.000000 1198.000000 1387.000000 1473.000000 1286.000000
1154.000000 1074.000000 1358.000000 1208.000000 1244.000000
825.000000 1473.000000 939.000000 1792.000000 778.000000
771.000000 1885.000000 174.000000 2277.000000 20.000000
1194.000000 1473.000000 985.000000 1779.000000 841.000000
1020.000000 1738.000000 927.000000 1901.000000 835.000000
1128.000000 798.000000 1651.000000 980.000000 1672.000000
672.000000 2003.000000 1374.000000 2423.000000 1258.000000
871.000000 1252.000000 1179.000000 1486.000000 1055.000000
1413.000000 1141.000000 1099.000000 1303.000000 952.000000
1003.000000 956.000000 1328.000000 1179.000000 1217.000000
68.000000 1070.000000 1256.000000 1113.722168 1123.347412
894.000000 1312.000000 1168.000000 1590.000000 1033.000000
1139.000000 1070.000000 1139.000000 1103.000000 982.000000
987.000000 1999.000000 300.000000 2438.000000 219.000000
1261.000000 1990.000000 369.000000 2428.000000 284.000000
1042.000000 960.000000 1598.000000 1544.000000 1563.000000
1179.000000 1530.000000 533.000000 1773.000000 349.000000
1136.000000 960.000000 748.000000 717.000000 464.000000
1393.000000 1417.000000 1333.000000 1627.000000 1220.000000
1447.000000 1225.000000 693.000000 1471.000000 490.000000
1301.000000 1944.000000 1168.000000 2353.000000 1060.000000
805.000000 794.000000 1812.000000 1340.000000 1831.000000
1088.000000 1345.000000 484.000000 1499.000000 243.000000
1081.000000 1426.000000 719.000000 1598.000000 497.000000
1167.000000 1298.000000 1391.000000 1654.000000 1287.000000
1505.000000 1094.000000 1241.000000 1150.000000 1100.000000
190.000000 817.000000 674.000000 379.998169 323.273529
1371.000000 1142.000000 1173.000000 1314.000000 1027.000000
610.000000 1110.000000 1039.000000 1194.000000 864.000000
262.000000 2359.000000 1070.000000 2830.012695 990.372375
659.000000 1058.000000 1026.000000 1019.000000 839.000000
1125.000000 1508.000000 1410.000000 2006.000000 1305.000000
1389.000000 1133.000000 1244.000000 1246.000000 1109.000000
733.000000 711.000000 1679.000000 960.000000 1671.000000
1183.000000 1087.000000 958.000000 1155.000000 762.000000
1525.000000 1110.000000 1180.000000 1194.000000 1036.000000
1376.000000 1204.000000 1242.000000 1329.000000 1114.000000
1215.000000 1188.000000 727.000000 1212.000000 511.000000
187.000000 817.000000 661.000000 386.609406 311.392242
628.000000 1225.000000 420.000000 1530.000000 148.000000
705.000000 2189.000000 1356.000000 2642.000000 1240.000000
1432.000000 1378.000000 368.000000 1765.000000 134.000000
1292.000000 1312.000000 1211.000000 1569.000000 1080.000000
1549.000000 2010.000000 362.000000 2451.000000 282.000000
1283.000000 1545.000000 1628.000000 2070.000000 1533.000000
599.000000 817.000000 1297.000000 405.000000 1172.000000
912.000000 1970.000000 983.000000 2384.000000 881.000000
1319.000000 1079.000000 976.000000 1129.000000 783.000000
1208.000000 1139.000000 693.000000 1253.000000 446.000000
347.000000 2017.000000 674.000000 2453.395508 587.089233
818.000000 1739.000000 1377.000000 2174.000000 1258.000000
938.000000 2508.000000 1925.000000 2938.000000 1720.000000
731.000000 1018.000000 606.000000 1015.000000 305.000000
1354.000000 1202.000000 1559.000000 902.000000 1506.000000
691.000000 2031.000000 1281.000000 2461.000000 1171.000000
1504.000000 955.000000 1397.000000 975.000000 1304.000000
882.000000 790.000000 1335.000000 598.000000 1224.000000
869.000000 1916.000000 1300.000000 2305.000000 1204.000000
725.000000 1600.000000 1424.000000 2145.000000 1318.000000
1025.000000 1164.000000 696.000000 1303.000000 455.000000
812.000000 2052.000000 752.000000 2496.000000 683.000000
218.000000 2092.000000 1683.000000 2532.947266 1541.841675
1065.000000 1058.000000 1037.000000 1019.000000 854.000000
511.000000 681.000000 1597.000000 1230.045166 1578.602173
998.000000 460.000000 1742.000000 593.000000 1816.000000
1127.000000 1105.000000 957.000000 1190.000000 762.000000
1305.000000 1680.000000 1893.000000 2151.000000 1816.000000
1324.000000 626.000000 1589.000000 1085.000000 1576.000000
1207.000000 1504.000000 982.000000 1827.000000 839.000000
1484.000000 986.000000 1637.000000 1736.000000 1595.000000
905.000000 1209.000000 1387.000000 1490.000000 1285.000000

1.000000 738.684326 3.175963 690.727173 1419.911743 142.700439 2.928514 94.716652 1263.259033
13.000000 1419.941284 1511.616577 516.569519 1508.069092 753.317017 1460.557617 1543.322388 1483.708008
11.000000 526.463501 1522.151978 1379.875488 1528.954346 1583.317261 1433.995728 736.664490 1413.422119
0.000000 933.344543 1277.389404 1763.352173 1264.547485 629.995300 1148.429199 2130.002441 1152.405029
8.000000 1759.999878 1256.662964 940.015625 1270.898438 2000.000000 1143.223633 1093.333374 1142.982544
19.000000 2541.360107 1703.543579 2510.720459 929.971436 2863.974121 1433.318970 2850.960938 853.311768
7.000000 583.235962 1446.406616 1343.226685 1454.002319 739.854004 1370.034912 1779.911987 1381.394287
70.000000 1009.977295 1421.386963 593.289551 1426.249634 1143.334106 1336.597290 883.292114 1333.692017
60.000000 1800.121094 1500.179321 1423.428345 1504.658569 2186.677734 1405.893311 1896.641479 1401.769287
46.000000 1436.668823 1445.233765 1790.009277 1444.833984 2213.354980 1351.788574 1899.989990 1347.373291
18.000000 1289.975708 383.269775 961.948669 508.440155 1646.847168 126.067139 1049.922363 165.490509
37.000000 2486.918945 349.989655 2472.717529 3.085625 2837.628174 346.801575 2829.503906 3.266235
16.000000 1280.223877 360.563995 977.023987 480.900330 1653.541626 96.440842 1040.059204 137.550781
9.000000 796.012939 1762.732910 483.798889 1688.053589 1589.301758 1770.379883 733.691467 1732.213501
17.000000 986.391724 489.298157 1281.450684 373.702820 1046.618896 152.634262 1646.779785 111.657318
33.000000 2290.295898 130.847763 2000.687012 231.967529 2776.713867 130.776657 2379.895020 154.942795
49.000000 789.998352 1773.054077 1093.340820 1771.259033 1570.247314 1784.853882 1873.687134 1735.509277
14.000000 1329.968872 1440.705444 1029.965210 1427.455444 1796.647095 1345.046875 1166.653320 1337.834106
23.000000 1336.683228 1314.861938 1636.657959 1317.615479 1663.359985 1200.986572 2156.667480 1206.588257
24.000000 1299.043823 523.539734 1023.663269 607.745605 1603.224976 287.857117 1113.297729 312.628510
26.000000 1298.635498 538.986206 1033.026245 622.355042 1596.679199 306.916382 1123.204834 330.785217
50.000000 1415.956055 1729.970947 1685.366211 1758.813599 1903.330322 1650.102295 2210.023926 1659.192627
98.000000 1460.002808 1283.637085 1730.010620 1281.161621 1773.313232 1166.615601 1963.306030 1167.780762
27.000000 1030.452881 614.773499 1286.913940 534.119446 1120.026855 320.536499 1593.341064 296.820496
21.000000 1292.161377 499.785217 1036.918213 584.094910 1606.652466 259.735535 1099.832642 286.874786
43.000000 1926.670044 1267.888306 2186.669434 1268.304810 2323.384521 1156.454834 2646.650635 1161.118286
25.000000 1045.191284 592.155396 1287.606812 512.874817 1110.077148 298.158630 1596.821045 272.984253
28.000000 1053.044434 622.405640 1286.571045 549.692749 1126.570068 338.041931 1589.927246 315.191742
41.000000 1267.274292 1130.021729 1265.333008 886.677307 1490.529907 1053.331299 1489.242065 726.669678
47.000000 1580.004028 1500.048828 1809.947876 1479.934814 2209.920410 1381.015869 1899.963257 1375.340088
95.000000 1523.324707 1253.115112 1736.720215 1244.688843 1783.333374 1126.609985 1979.999878 1126.796631
63.000000 1114.674194 314.548309 973.600342 470.241943 1288.897583 1.083789 1030.459106 127.738464
44.000000 983.898682 476.862030 1124.730835 321.264862 1038.514648 140.832184 1326.537231 3.062831
45.000000 1620.734619 1745.420410 1416.762451 1716.010254 2216.730713 1647.433594 1903.426636 1639.602661
36.000000 1999.911011 1174.010620 2203.351074 1167.197388 2480.014160 1068.118408 2833.327637 1070.763794
288.000000 2113.267578 982.660645 2313.308350 963.078979 2683.322021 891.797607 2786.674316 891.037231
40.000000 1243.309204 1298.519287 1043.307983 1301.773560 1509.997681 1182.052856 1183.332031 1182.648193
39.000000 1040.053955 1317.975098 1240.026978 1315.651489 1186.664795 1202.572021 1516.666992 1202.813110
20.000000 2169.996338 1380.130371 2366.697754 1385.535645 2283.336426 1253.215942 2839.959717 1268.168091
194.000000 1969.912231 1697.282715 2163.122314 1724.813599 2493.330078 1573.409180 2619.905029 1578.869751
85.000000 1406.233521 829.693726 1219.665527 841.281738 1656.565674 646.755005 1439.901367 653.499756
87.000000 2333.850098 365.433197 2153.300537 409.867126 2816.697998 354.605377 2599.998047 359.923096
58.000000 1613.571167 1721.700195 1429.766968 1694.933228 2186.641113 1624.194580 1893.269653 1615.478271
97.000000 1403.075073 851.829956 1219.375610 861.638672 1646.643066 671.858826 1453.305908 674.952759
29.000000 833.328247 1315.141113 1013.337341 1314.542847 590.006226 1197.557617 1050.011719 1198.728638
65.000000 1439.977539 1686.821899 1616.799805 1712.413086 1903.263184 1605.567871 2183.405518 1614.369263
108.000000 2180.486328 739.870239 2353.376953 713.620117 2640.020752 672.798950 2820.010742 671.466492
154.000000 1949.979248 1463.989014 2123.349609 1469.484253 2359.794678 1344.351929 2503.203613 1348.185181
251.000000 1537.121948 384.993713 1373.227783 340.387817 1773.624268 103.407944 1666.316772 112.567245
110.000000 2083.941406 1679.284912 2248.077393 1703.943359 2532.947266 1541.841675 2710.614502 1555.098999
132.000000 2233.125000 1083.815063 2396.317627 1071.889282 2676.630859 995.623047 2830.012695 990.372375
48.000000 1526.729004 1295.484497 1363.378906 1297.341797 1976.651489 1181.635986 1666.654419 1180.689575
246.000000 953.188721 1181.469116 1020.018188 1036.413086 792.232300 1003.280884 883.207825 941.381348
104.000000 2203.349121 630.074646 2047.288574 662.951843 2670.031982 574.138794 2490.051514 581.294861
71.000000 1124.493896 335.908997 1018.517517 451.672516 1341.779175 8.194321 1110.216309 122.734520
92.000000 1182.586914 865.834167 1029.115112 881.109009 1273.204956 658.298279 1066.672607 663.565796
119.000000 1634.357422 1176.672485 1633.978027 1026.673462 2087.347168 1066.642334 2088.024414 899.978455
122.000000 2329.113037 243.979630 2187.956299 290.573883 2819.955078 242.721329 2657.010742 254.686096
59.000000 2053.607910 110.726578 2192.651855 58.196148 2519.963867 46.073456 2809.900146 28.364826
123.000000 1429.760132 1487.545898 1576.898804 1495.921997 1973.269531 1391.144897 2136.617188 1393.473511
146.000000 2370.038818 1154.371094 2223.328125 1159.859619 2836.664551 1063.498047 2689.979492 1061.518921
137.000000 2186.395020 412.414795 2326.920898 370.859436 2659.851807 367.551056 2809.907471 358.471466
126.000000 2192.317383 300.318146 2330.178711 253.863373 2656.750000 264.434784 2813.277100 252.591003
237.000000 2409.742188 1818.178589 2266.592285 1793.769287 2886.647705 1636.980103 2776.644775 1630.364990
61.000000 1126.442017 324.148407 1265.949585 362.601562 1364.120239 1.134628 1636.866089 98.755913
116.000000 1918.395630 478.864868 2060.234375 451.201782 2336.705322 377.257721 2506.671631 379.653198
118.000000 2196.689697 1264.576050 2340.035645 1261.911743 2656.666992 1157.615601 2823.333740 1157.561279
127.000000 2253.592041 1683.581787 2112.626709 1671.758057 2713.418945 1534.613037 2556.579834 1532.118530
163.000000 2340.089355 490.396637 2206.045410 520.573669 2816.629883 468.813934 2676.660889 473.146210
51.000000 1110.000610 1286.896240 1246.666382 1286.564087 1196.668457 1168.189209 1500.000977 1168.105713
10.000000 653.407837 1739.681885 786.468079 1770.848022 716.373291 1742.914185 1566.689697 1782.842896
101.000000 1169.760864 887.208313 1036.264893 898.643311 1266.649048 682.169373 1083.307251 684.951050
236.000000 2045.812012 227.814682 2169.744873 179.347580 2522.956787 153.796402 2633.359375 147.097229
206.000000 1616.067505 1573.342896 1618.144409 1703.362915 2183.757080 1429.918213 2180.383057 1550.010742
72.000000 1217.541626 579.500610 1093.666016 617.744324 1483.493286 329.799316 1229.800293 342.755463
73.000000 753.238953 1418.620117 879.769836 1409.967529 620.181946 1354.671265 868.757629 1320.864868
22.000000 2053.366455 861.165588 2179.836670 857.575684 2169.979980 785.623657 2666.656006 776.105347
120.000000 773.817627 985.319763 896.368042 955.441895 266.738739 741.191589 430.079285 731.310425
239.000000 2150.284668 1553.727905 2273.431641 1565.651978 2603.210693 1422.517700 2713.274170 1427.882080
222.000000 1949.388550 1816.663818 1832.974121 1795.289917 2413.419922 1684.804077 2300.021729 1679.532959
111.000000 2282.784180 1740.897705 2397.218506 1755.747437 2679.761475 1577.823242 2856.637207 1587.221924
75.000000 1235.782471 366.493439 1124.493896 335.908997 1565.717407 89.275536 1341.779175 8.194321
67.000000 2086.278564 1854.671631 1978.970947 1823.548096 2709.969727 1713.666504 2436.171631 1688.778687
203.000000 2266.663086 1257.362793 2156.632568 1256.814087 2723.383789 1151.332397 2603.208008 1148.302979
115.000000 1639.995117 1289.939697 1532.682007 1298.526367 2156.549561 1179.260620 1986.402710 1184.150879
187.000000 2083.273926 1095.944092 2190.041748 1087.175171 2536.669189 996.220276 2666.683350 996.931458
66.000000 1013.353333 1302.882446 906.453430 1298.147339 1053.211792 1184.320068 776.482849 1176.531616
56.000000 929.970703 1262.067139 1036.657349 1259.598755 783.352478 1128.217041 1080.001465 1127.055542
199.000000 1445.366455 749.945312 1442.499512 643.355774 1795.990356 583.347107 1793.480103 459.929230
179.000000 1939.461060 304.942444 2040.051758 273.499054 2353.265137 208.607895 2486.605469 202.082169
175.000000 2029.756470 671.257629 2133.615723 659.074280 2453.395508 587.089233 2589.999756 590.010925
191.000000 2100.369873 1251.285278 1996.633911 1259.590576 2556.646484 1142.983643 2429.824463 1150.280396
57.000000 753.371033 1246.993408 856.484314 1235.087158 236.673477 1100.148315 530.000916 1086.686890
186.000000 2159.919434 1464.688965 2263.284180 1470.826782 2593.343018 1342.174561 2723.361572 1343.252563
68.000000 786.805725 920.518921 886.774109 893.734375 293.439423 654.901672 556.695435 637.092102
183.000000 1537.855957 1018.124817 1595.581421 1103.005005 1892.996094 911.465149 1996.790894 990.861877
156.000000 2220.224854 838.398865 2120.179199 851.380188 2716.655518 766.291931 2573.351074 770.592346
88.000000 1534.497681 903.114502 1515.891357 804.105469 1952.221191 866.870300 1913.401611 654.823486
202.000000 2013.624390 554.442078 1916.640869 579.901611 2450.014648 470.263031 2329.831055 476.977570
84.000000 2180.057617 1080.875122 2080.051514 1087.448975 2743.310547 985.345154 2523.318115 989.120178
198.000000 2063.379150 1459.205688 1963.328125 1453.422363 2500.037109 1338.742798 2376.614502 1335.104492
207.000000 2353.408691 1378.402954 2253.317383 1373.673340 2826.685303 1258.950317 2706.604980 1256.825684
99.000000 1273.216064 679.645813 1312.965820 770.161377 1594.402100 639.605652 1577.734741 453.536255
196.000000 1846.207031 801.531006 1941.822754 777.147705 2229.821045 688.026123 2353.647949 676.803650
130.000000 1019.460754 455.309174 1109.775269 419.434204 1110.216309 122.734520 1263.930054 109.737534
278.000000 2273.328125 1470.062256 2369.863281 1478.274048 2736.549072 1342.391357 2839.959961 1347.479614
121.000000 1976.699829 993.911987 2073.240967 988.387207 2393.276123 891.497375 2556.752930 897.739624
150.000000 1270.015869 1285.489868 1366.664917 1286.794434 1510.029541 1167.477295 1656.676147 1169.193237
31.000000 1160.085693 1261.288330 1250.351440 1255.279907 1200.022705 1137.752197 1616.716309 1129.037964
259.000000 1943.770508 1649.520874 2033.357056 1659.792969 2349.943848 1525.171753 2456.714600 1528.428467
240.000000 996.810608 763.224121 999.641296 853.344604 943.950989 606.545898 948.845276 496.467133
290.000000 2170.045410 1457.995605 2079.940674 1455.956421 2623.334229 1334.463745 2519.998291 1334.541748
42.000000 1486.683228 1273.718872 1396.705688 1277.577148 1993.329834 1156.081055 1669.988159 1157.986206
162.000000 1338.984253 620.008179 1339.709229 710.002319 1625.543091 343.284058 1628.665283 483.288757
204.000000 1953.273560 1543.837769 2040.297729 1554.154907 2353.344482 1423.089966 2473.395996 1428.643555
165.000000 1521.439575 805.831299 1451.893433 753.105713 1917.625000 656.573669 1801.292114 582.714600
155.000000 1646.666870 1273.361572 1559.983765 1273.863770 2150.104248 1162.440796 2006.693604 1158.905640
69.000000 1213.521851 325.946930 1293.288818 346.836792 1656.207153 87.960777 1407.924438 -0.208666
219.000000 2290.548828 14.706502 2214.103027 45.259193 2807.035645 21.073883 2693.382568 30.589376
293.000000 1326.091919 553.823730 1406.187500 537.629883 1606.435181 313.634979 1706.867676 305.966522
173.000000 766.725830 863.656067 847.081360 848.929626 256.666138 570.430176 393.332611 570.595642
172.000000 1496.463135 1516.256714 1577.001099 1521.862549 1986.650146 1419.210083 2123.332764 1420.100830
77.000000 699.887939 1540.837891 619.980286 1530.147461 1276.655640 1503.712036 1046.656006 1497.035767
152.000000 1946.370483 455.771179 1870.307617 480.929993 2373.578613 359.573669 2229.582520 371.717499
30.000000 933.321899 1269.572510 853.289978 1271.711914 1083.338379 1142.301636 656.665649 1140.207886
287.000000 1983.466431 1252.167358 1903.562988 1257.073486 2406.743652 1141.687988 2303.473145 1146.398438
216.000000 1530.000000 1323.333374 1450.000000 1323.333374 2126.667480 1212.870605 2010.000977 1212.690186
