Keypoint Matches and Line Matches for pairs 1, 5 
1 corresponds to the image ./resources/Data/FountainP11/images/0001.png 
5 corresponds to the image ./resources/Data/FountainP11/images/0005.png 

56.000000 779.998596 1335.394775 640.000061 1153.225586
342.000000 1866.667603 1334.211426 2226.667969 1150.727905
593.000000 1859.995483 1325.523560 2196.656738 1141.771606
176.000000 924.215942 1865.014526 1887.821289 1782.444946
30.000000 1363.803589 418.460968 1743.337769 115.176880
1287.000000 1377.692383 387.013184 1756.000000 84.000000
27.000000 977.217407 498.642487 1096.654419 82.907150
54.000000 1406.710205 1380.655762 1746.671387 1201.778809
55.000000 1796.661133 1387.004028 2236.666748 1203.281006
32.000000 986.219971 508.372925 1109.996216 99.558334
33.000000 1360.616577 405.579041 1740.003906 100.378311
73.000000 2463.498047 227.337433 2743.329590 190.990768
74.000000 2086.651123 319.936554 2393.334717 189.657059
29.000000 1039.853027 1496.861450 1259.999023 1349.869751
110.000000 1539.983643 1517.100830 2016.671997 1345.043335
147.000000 913.398071 1875.834717 1868.521851 1799.694824
49.000000 1023.511169 650.822021 1173.340698 292.173737
47.000000 1353.487671 570.716309 1673.346436 284.968231
34.000000 1366.226196 534.749756 1690.011597 247.774414
35.000000 1036.770996 610.454163 1156.675415 244.989197
955.000000 1023.598816 657.887146 1172.000000 305.000000
51.000000 1352.536621 586.337219 1670.002319 302.789703
41.000000 1046.699341 630.148438 1166.684204 273.296570
42.000000 1043.239868 619.588074 1169.974243 256.993408
43.000000 1353.891235 549.126282 1679.995850 260.582916
107.000000 2050.062256 1338.089722 2343.307129 1152.846191
108.000000 2350.020020 1341.656006 2633.313232 1155.518555
113.000000 1307.615723 1216.661865 1559.128296 1003.337036
119.000000 2396.800293 1955.998413 2723.357422 1672.766602
120.000000 2125.636963 1901.820068 2456.464355 1661.430908
429.000000 1016.668274 1350.336670 1129.996582 1172.427368
94.000000 1289.995361 1349.035034 1579.977295 1168.255859
81.000000 1289.993286 1362.103027 1596.667480 1183.410034
153.000000 1526.620605 1810.387695 2069.982178 1645.108887
576.000000 2326.593018 1797.337524 2613.325684 1550.461792
37.000000 1000.018311 1375.955688 1103.325928 1205.458984
76.000000 1289.998413 1380.418945 1600.023560 1203.473999
145.000000 1777.061768 1828.035645 2309.954346 1630.498169
146.000000 1526.702026 1799.692627 2066.738037 1634.420288
167.000000 980.855835 498.278351 1099.601074 84.552650
260.000000 974.112244 487.577209 1094.593750 69.896835
227.000000 2506.950195 458.289581 2773.327881 400.438293
228.000000 2272.051514 499.329956 2573.358154 397.982086
95.000000 1636.654907 1362.499268 2053.332031 1179.760864
96.000000 1406.644287 1361.416504 1746.656250 1181.466309
69.000000 880.000427 1318.233276 773.342041 1131.581299
57.000000 1109.999634 1318.289307 1270.002441 1135.824341
191.000000 1763.280884 1803.780762 2276.651611 1608.872559
192.000000 1536.219727 1777.143188 2063.355957 1611.705444
188.000000 2550.013916 1459.526855 2799.998779 1252.447510
171.000000 1546.473633 1768.321411 2066.651123 1601.144409
929.000000 1763.683594 1793.665161 2272.000000 1595.000000
194.000000 1615.607300 856.834717 1984.189819 658.022339
143.000000 1465.943359 876.669250 1763.319824 642.830383
144.000000 1249.205444 892.351196 1520.007935 641.670044
273.000000 2443.360107 1150.680786 2706.628906 990.311401
274.000000 2229.964111 1159.090088 2523.324219 992.596985
331.000000 2340.095215 817.698059 2626.564209 694.827026
332.000000 2535.710449 799.641296 2783.301758 698.152771
1153.000000 2230.549561 1752.363159 2531.000000 1522.000000
328.000000 2421.270508 1776.716919 2693.709961 1524.991943
212.000000 2157.668457 740.588989 2449.945801 601.935913
315.000000 1836.637573 1356.091187 2229.836426 1176.063232
316.000000 1646.113403 1365.732300 2069.559082 1182.720459
1308.000000 1022.448975 476.793884 1170.000000 71.000000
62.000000 2569.968018 1238.639282 2793.332031 1070.193970
291.000000 2192.335205 99.223732 2486.731445 5.361326
292.000000 2365.185791 57.237309 2656.973877 13.800664
1128.000000 2182.356445 196.439087 2480.000000 94.000000
1384.000000 1022.971985 921.687561 1036.000000 641.000000
190.000000 2370.218750 240.958862 2660.009277 181.117310
367.000000 1649.995728 1351.380859 2059.988037 1168.854248
368.000000 1820.002197 1351.012817 2203.340576 1167.350342
503.000000 2360.003662 1337.983032 2643.336914 1151.749634
158.000000 2206.785889 527.655701 2506.760742 411.865936
117.000000 1270.555542 612.583313 1566.648438 312.589661
118.000000 1110.775757 646.940857 1296.638306 310.689667
463.000000 2553.295166 1231.609253 2796.583252 1063.697876
464.000000 2389.968262 1235.234009 2673.162354 1060.916504
247.000000 653.505371 1020.969666 136.755966 699.375244
248.000000 813.210144 992.638916 329.989166 693.004456
447.000000 2349.310547 387.136810 2643.255859 310.083954
448.000000 2506.494385 349.285034 2770.009521 307.064270
252.000000 2266.116455 1742.931641 2556.851807 1510.129395
111.000000 1016.593323 1494.911011 1223.331787 1349.763428
112.000000 856.629028 1487.476929 936.655579 1351.652710
435.000000 2502.567871 340.100220 2769.760010 296.473938
436.000000 2347.491211 376.816162 2640.035400 301.011566
377.000000 2286.683350 1539.225220 2560.159424 1330.640381
378.000000 2440.089111 1542.551880 2703.262451 1324.898193
303.000000 1754.067749 1243.364868 2153.431396 1066.677734
304.000000 1752.203491 1090.013794 2153.150635 900.005920
525.000000 2369.985107 609.904175 2656.666016 513.414978
526.000000 2519.476562 586.636536 2773.349854 514.190063
381.000000 2196.676514 932.869141 2493.468018 785.345703
382.000000 2346.821045 936.049744 2634.045654 799.679810
349.000000 2109.996338 1062.913208 2406.578857 898.280334
350.000000 2260.027832 1061.075073 2553.535889 906.276062
527.000000 2516.714111 580.301880 2776.672607 508.102997
528.000000 2369.486328 603.390442 2659.996582 507.734406
275.000000 1306.044189 395.561646 1662.186523 72.668289
89.000000 1000.110962 1364.046509 1103.297485 1189.119629
90.000000 853.143250 1357.821289 789.885010 1184.546753
380.000000 1469.844849 377.034637 1864.868042 104.463531
497.000000 2353.245605 719.336548 2643.302246 608.281067
498.000000 2496.713379 700.353699 2763.322021 610.586670
102.000000 1656.666626 1320.000000 2016.666626 1136.607544
595.000000 2306.682617 1626.464478 2583.379395 1403.623413
596.000000 2446.860352 1637.549561 2693.354248 1405.286743
159.000000 2370.011230 1163.772217 2650.187012 995.902039
195.000000 1599.999390 1339.842407 1946.657837 1155.932739
126.000000 2188.964844 306.372650 2486.663330 197.703079
87.000000 673.142395 952.354248 160.006180 603.539185
88.000000 803.389648 926.955383 483.248291 593.834290
461.000000 2156.364746 746.188477 2456.806396 607.647827
462.000000 2286.866211 735.854675 2580.100830 614.966431
279.000000 1589.810181 1563.265869 2103.308105 1386.859863
1043.000000 901.334656 1219.993774 803.000000 1010.000000
234.000000 746.792053 1158.428589 213.564606 910.694824
91.000000 1086.572998 1492.346069 1299.990479 1342.364868
359.000000 650.194519 1755.388428 1293.332397 1709.945557
483.000000 2065.958008 376.816559 2363.362305 240.250885
484.000000 2183.478760 350.653625 2486.653564 241.405518
455.000000 2089.916504 1535.061768 2379.999023 1333.834106
456.000000 2210.119385 1540.860596 2506.666504 1333.851685
1488.000000 1136.100830 444.714661 1338.000000 71.000000
140.000000 659.804504 1611.866455 1299.999390 1522.222778
537.000000 2253.560303 1323.299316 2553.270264 1138.953613
538.000000 2136.530518 1331.354126 2439.946777 1145.781982
547.000000 2429.930176 1332.390381 2713.331299 1146.747681
548.000000 2313.071289 1328.982544 2599.901123 1143.770142
453.000000 1526.151611 806.672607 1868.025391 583.335876
454.000000 1524.800659 690.021606 1868.263916 456.663391
141.000000 659.738525 1619.301758 1299.990845 1531.516357
142.000000 773.277100 1630.566650 1543.334717 1530.283203
285.000000 1526.660034 1348.209839 1843.322876 1165.866821
286.000000 1640.005615 1348.696411 2020.000244 1166.593262
163.000000 1313.339111 1349.614380 1589.996216 1169.402954
459.000000 2153.420898 627.124329 2466.802734 494.298584
460.000000 2042.996094 648.236267 2343.276611 498.209076
263.000000 1960.049683 866.930420 2250.005615 695.221436
1091.000000 2070.525635 846.124268 2367.000000 690.000000
121.000000 646.445312 891.581055 113.300995 507.977570
122.000000 757.204163 877.588013 379.887695 514.553406
1442.000000 2273.302002 926.307190 2583.000000 775.000000
549.000000 2206.769043 1531.514282 2503.346191 1325.514526
550.000000 2096.555664 1525.305420 2389.952881 1324.259888
1509.000000 1293.485474 1315.829834 1561.000000 1128.000000
395.000000 1623.936646 858.999023 1989.150513 658.007385
396.000000 1530.925415 802.934692 1873.274536 580.163696
397.000000 1632.254272 1101.103027 1945.646729 905.318359
398.000000 1708.122925 1175.325928 2053.632324 993.707092
975.000000 2093.449463 954.325500 2390.000000 798.000000
128.000000 2197.310547 942.166504 2486.654053 794.338806
542.000000 1719.716309 1597.748901 2216.772705 1411.770996
1528.000000 1143.452759 1070.001953 1274.000000 834.000000
559.000000 929.785889 930.552185 897.857483 632.876282
63.000000 1062.923340 1310.035034 1158.120483 1126.667358
38.000000 1553.333374 1390.000000 2003.339966 1209.625244
137.000000 713.176758 692.555542 266.643311 237.591583
138.000000 616.404907 712.032776 19.965557 231.364426
370.000000 1113.563477 921.735107 1293.342529 652.305359
53.000000 783.325623 1328.883423 643.335022 1145.050537
371.000000 1276.778076 900.867065 1556.661743 652.826660
372.000000 1370.281494 888.858826 1699.994629 653.075317
1321.000000 902.914795 1037.183960 852.000000 774.000000
253.000000 1219.894287 1488.400879 1533.483643 1329.392212
254.000000 1126.671021 1486.456543 1343.352539 1334.109009
177.000000 789.798584 988.952332 456.635620 679.285217
178.000000 699.916870 1006.234436 236.616409 688.843018
909.000000 1869.921509 685.537292 2147.000000 504.000000
451.000000 1303.497925 1316.529419 1566.647827 1128.957153
452.000000 1393.431030 1311.897827 1693.333374 1126.667236
341.000000 1763.344116 1340.867798 2073.335205 1151.008057
524.000000 1673.316650 1341.985107 2086.654053 1158.528320
313.000000 1859.622070 1971.827026 2576.662842 1752.207764
314.000000 1769.859375 1965.253052 2413.331299 1752.759521
249.000000 686.187073 821.160095 203.358444 414.997528
250.000000 773.739075 801.838684 396.597534 412.082672
925.000000 1384.874634 429.749481 1740.000000 131.000000
432.000000 2560.127930 1778.767700 2813.328125 1512.812988
489.000000 974.290039 890.026367 981.079712 585.871704
561.000000 980.851746 782.870422 985.316711 441.620148
990.000000 1608.621704 635.482239 1830.000000 399.000000
244.000000 623.320557 746.592712 59.814045 287.828156
72.000000 759.975464 1289.551392 453.346832 1086.983398
936.000000 1889.945679 1379.170776 2234.000000 1185.000000
477.000000 1390.000000 1356.666626 1729.998779 1176.886108
478.000000 1306.666626 1356.666626 1606.651123 1176.224854
1163.000000 1352.000000 337.000000 1723.000000 24.000000
874.000000 1246.000000 1455.000000 1567.000000 1291.000000
1428.000000 747.000000 1388.000000 651.000000 1227.000000
1123.000000 1057.000000 511.000000 1234.000000 127.000000
623.000000 2284.000000 1465.000000 2575.000000 1264.000000
1237.000000 771.000000 1396.000000 703.000000 1237.000000
243.000000 704.000000 736.000000 253.230042 295.829987
1081.000000 715.000000 1742.000000 1435.000000 1678.000000
1121.000000 1053.000000 1169.000000 1077.000000 947.000000
708.000000 1149.000000 1694.000000 1995.000000 1557.000000
782.000000 1191.000000 1186.000000 1459.000000 979.000000
860.000000 2239.000000 1217.000000 2535.000000 1044.000000
1338.000000 1780.000000 1405.000000 2140.000000 1232.000000
731.000000 2072.000000 656.000000 2371.000000 509.000000
997.000000 1227.000000 466.000000 1527.000000 129.000000
599.000000 2451.000000 1899.000000 2756.000000 1621.000000
844.000000 1749.000000 1416.000000 2243.000000 1232.000000
1235.000000 1308.000000 609.000000 1578.000000 318.000000
732.000000 1722.000000 1471.000000 2211.000000 1286.000000
1297.000000 1523.000000 1044.000000 1807.000000 839.000000
780.000000 1272.000000 453.000000 1600.000000 129.000000
1107.000000 2530.000000 1278.000000 2789.000000 1101.000000
698.000000 2582.000000 1907.000000 2864.000000 1614.000000
305.000000 1185.000000 1148.000000 1383.909058 937.693176
1127.000000 1276.000000 837.000000 1506.000000 575.000000
987.000000 1119.000000 1394.000000 1361.000000 1224.000000
1215.000000 792.000000 1396.000000 735.000000 1246.000000
1299.000000 1422.000000 1758.000000 2044.000000 1647.000000
1224.000000 698.000000 1742.000000 1401.000000 1683.000000
986.000000 1862.000000 239.000000 2146.000000 50.000000
1049.000000 1109.000000 1002.000000 1240.000000 748.000000
930.000000 840.000000 1390.000000 843.000000 1227.000000
1403.000000 1070.000000 1298.000000 1173.000000 1109.000000
1157.000000 2374.000000 177.000000 2670.000000 125.000000
770.000000 1547.000000 1027.000000 1841.000000 823.000000
1131.000000 1234.000000 1178.000000 1482.000000 971.000000
1262.000000 2172.000000 1353.000000 2468.000000 1166.000000
1533.000000 1494.000000 826.000000 1812.000000 594.000000
205.000000 1468.000000 888.000000 1730.001221 666.476746
660.000000 2520.000000 1132.000000 2782.000000 979.000000
678.000000 1128.000000 1299.000000 1197.000000 1102.000000
932.000000 1226.000000 896.000000 1439.000000 638.000000
836.000000 1162.000000 1757.000000 2004.000000 1627.000000
1051.000000 2556.000000 1043.000000 2816.000000 896.000000
694.000000 1738.000000 1405.000000 2231.000000 1221.000000
1077.000000 1264.000000 913.000000 1549.000000 663.000000
646.000000 2114.000000 1351.000000 2417.000000 1165.000000
1135.000000 1102.000000 1450.000000 1333.000000 1292.000000
1171.000000 1340.000000 355.000000 1673.000000 32.000000
1368.000000 1366.000000 995.000000 1644.000000 769.000000
715.000000 887.000000 1399.000000 949.000000 1246.000000
1023.000000 2522.000000 1985.000000 2814.000000 1681.000000
1039.000000 849.000000 1645.000000 1280.000000 1536.000000
1232.000000 1360.000000 656.000000 1673.000000 383.000000
1202.000000 1721.000000 1429.000000 1999.000000 1257.000000
705.000000 1341.000000 1190.000000 1611.000000 988.000000
1227.000000 1332.000000 976.000000 1603.000000 747.000000
1233.000000 2380.000000 122.000000 2672.000000 78.000000
1109.000000 1146.000000 720.000000 1291.000000 408.000000
851.000000 2513.000000 888.000000 2779.000000 771.000000
1491.000000 1319.000000 999.000000 1583.000000 778.000000
834.000000 2021.000000 1356.000000 2320.000000 1169.000000
609.000000 2436.000000 1946.000000 2740.000000 1662.000000
1421.000000 1075.000000 1022.000000 1173.000000 768.000000
1508.000000 986.000000 1392.000000 1127.000000 1224.000000
693.000000 1148.000000 441.000000 1356.000000 72.000000
1085.000000 1087.000000 1003.000000 1203.000000 747.000000
1095.000000 2512.000000 869.000000 2779.000000 755.000000
644.000000 2387.000000 935.000000 2671.000000 802.000000
911.000000 1094.000000 1056.000000 1209.000000 813.000000
666.000000 897.000000 1851.000000 1839.000000 1772.000000
278.000000 700.000000 701.000000 246.691315 249.411270
943.000000 2409.000000 1735.000000 2681.000000 1489.000000
1546.000000 1591.000000 1402.000000 2052.000000 1222.000000
1268.000000 684.000000 1345.000000 254.000000 1169.000000
1067.000000 815.000000 1441.000000 1034.000000 1295.000000
1466.000000 792.000000 1772.000000 1226.000000 1711.000000
928.000000 1535.000000 1014.000000 1823.000000 807.000000
773.000000 1371.000000 1420.000000 1751.000000 1247.000000
774.000000 1783.000000 1885.000000 2167.000000 1688.000000
1208.000000 1600.000000 1699.000000 2074.000000 1524.000000
584.000000 1119.000000 1767.000000 1643.331299 1625.052979
1556.000000 1076.000000 1770.000000 1804.000000 1678.000000
1453.000000 1357.000000 1459.000000 1734.000000 1290.000000
612.000000 1016.000000 1073.000000 1005.000000 824.000000
1572.000000 1420.000000 1615.000000 1803.000000 1522.000000
1551.000000 1281.000000 651.000000 1573.000000 366.000000
982.000000 1359.000000 1756.000000 1945.000000 1596.000000
1099.000000 911.000000 1399.000000 971.000000 1246.000000
1178.000000 1565.000000 1709.000000 2177.000000 1524.000000
713.000000 1088.000000 1171.000000 1198.000000 952.000000
989.000000 1081.000000 1664.000000 1403.000000 1551.000000
753.000000 1217.000000 1455.000000 1520.000000 1291.000000
747.000000 1288.000000 451.000000 1621.000000 129.000000
1117.000000 946.000000 1445.000000 1053.000000 1293.000000
674.000000 927.000000 1001.000000 568.000000 728.000000
985.000000 2435.000000 1889.000000 2742.000000 1614.000000
970.000000 1851.000000 253.000000 2133.000000 61.000000
663.000000 2477.000000 192.000000 2759.000000 163.000000
966.000000 1662.000000 1284.000000 2030.000000 1099.000000
950.000000 1482.000000 1475.000000 1899.000000 1292.000000
1506.000000 1092.000000 1090.000000 1200.000000 854.000000
898.000000 1536.000000 1424.000000 1978.000000 1246.000000
618.000000 1524.000000 1028.000000 1808.000000 824.000000
777.000000 1621.000000 1728.000000 2101.000000 1552.000000
1140.000000 1351.000000 1288.000000 1650.000000 1100.000000
1485.000000 1241.000000 448.000000 1554.000000 113.000000
1210.000000 1325.000000 1073.000000 1584.000000 856.000000
725.000000 748.000000 1457.000000 604.000000 1321.000000
1524.000000 1280.000000 638.000000 1582.000000 345.000000
973.000000 1799.000000 262.000000 2074.000000 55.000000
1362.000000 1318.000000 1138.000000 1583.000000 924.000000
1468.000000 1241.000000 529.000000 1323.000000 205.000000
1540.000000 1417.000000 1399.000000 1819.000000 1222.000000
796.000000 708.000000 1355.000000 304.000000 1182.000000
1139.000000 1379.000000 1227.000000 1662.000000 1032.000000
700.000000 2597.000000 1974.000000 2874.000000 1666.000000
710.000000 2503.000000 90.000000 2772.000000 67.000000
949.000000 1157.000000 821.000000 1312.000000 535.000000
1021.000000 2497.000000 479.000000 2771.000000 418.000000
823.000000 1016.000000 1087.000000 1006.000000 841.000000
748.000000 970.000000 1446.000000 1099.000000 1293.000000
1174.000000 2031.000000 1518.000000 2329.000000 1321.000000
1391.000000 2279.000000 1175.000000 2572.000000 1008.000000
26.000000 1362.000000 390.000000 1750.018311 85.667244
785.000000 1727.000000 1881.000000 2256.000000 1688.000000
632.000000 1025.000000 1060.000000 1022.000000 808.000000
1425.000000 1144.000000 1387.000000 1489.000000 1223.000000
1510.000000 2126.000000 1152.000000 2425.000000 982.000000
815.000000 1184.000000 478.000000 1455.000000 130.000000
1112.000000 1341.000000 1035.000000 1609.000000 814.000000
1062.000000 860.000000 1445.000000 884.000000 1295.000000
712.000000 681.000000 1310.000000 239.000000 1120.000000
723.000000 2459.000000 188.000000 2745.000000 155.000000
627.000000 721.000000 1396.000000 595.000000 1238.000000
1470.000000 1299.000000 1664.000000 1704.000000 1523.000000
1383.000000 611.000000 1720.000000 748.000000 1669.000000
913.000000 2133.000000 1763.000000 2432.000000 1537.000000
882.000000 1084.000000 1253.000000 1230.000000 1050.000000
1539.000000 288.000000 2008.000000 905.000000 1973.000000
979.000000 983.000000 1447.000000 1118.000000 1293.000000
730.000000 898.000000 1418.000000 840.000000 1263.000000
449.000000 2574.000000 1881.000000 2856.675537 1595.538208
615.000000 1324.000000 1229.000000 1602.000000 1033.000000
741.000000 727.000000 1388.000000 608.000000 1227.000000
714.000000 1152.000000 1176.000000 1379.000000 949.000000
1495.000000 816.000000 1301.000000 686.000000 1109.000000
863.000000 2128.000000 442.000000 2434.000000 317.000000
1059.000000 1230.000000 1478.000000 1542.000000 1316.000000
501.000000 714.000000 582.000000 263.336792 74.902901
786.000000 1155.000000 728.000000 1306.000000 420.000000
636.000000 1537.000000 1465.000000 1980.000000 1288.000000
817.000000 1630.000000 1481.000000 2101.000000 1301.000000
775.000000 1858.000000 1449.000000 2263.000000 1265.000000
643.000000 1400.000000 1460.000000 1796.000000 1290.000000
583.000000 1046.000000 1740.000000 1753.335083 1625.185791
1565.000000 2159.000000 913.000000 2454.000000 763.000000
1242.000000 2150.000000 1190.000000 2450.000000 1018.000000
1218.000000 1048.000000 1191.000000 1068.000000 976.000000
1213.000000 1286.000000 436.000000 1626.000000 113.000000
736.000000 2444.000000 1871.000000 2751.000000 1598.000000
924.000000 1098.000000 500.000000 1307.000000 127.000000
858.000000 655.000000 1464.000000 422.000000 1332.000000
1472.000000 1368.000000 1156.000000 1649.000000 953.000000
1256.000000 2341.000000 1030.000000 2628.000000 882.000000
794.000000 1339.000000 1072.000000 1600.000000 855.000000
1553.000000 1523.000000 998.000000 1807.000000 789.000000
1480.000000 2183.000000 356.000000 2484.000000 247.000000
1168.000000 1077.000000 1238.000000 1185.000000 1035.000000
1136.000000 631.000000 670.000000 73.000000 175.000000
992.000000 1555.000000 1186.000000 1852.000000 993.000000
981.000000 1114.000000 1088.000000 1244.000000 854.000000
631.000000 1997.000000 1605.000000 2287.000000 1404.000000
1133.000000 1086.000000 1783.000000 1355.000000 1640.000000
716.000000 1586.000000 1466.000000 2044.000000 1287.000000
1324.000000 1504.000000 1045.000000 1781.000000 839.000000
806.000000 2035.000000 1817.000000 2371.000000 1596.000000
878.000000 2094.000000 1582.000000 2391.000000 1376.000000
838.000000 1572.000000 1466.000000 2028.000000 1288.000000
1070.000000 1048.000000 1270.000000 1096.000000 1061.000000
1185.000000 980.000000 1412.000000 1350.000000 1249.000000
900.000000 894.000000 778.000000 670.000000 412.000000
1197.000000 1459.000000 556.000000 1786.000000 292.000000
807.000000 1038.000000 1209.000000 1051.000000 996.000000
665.000000 2150.000000 437.000000 2455.000000 316.000000
1372.000000 505.000000 1757.000000 776.000000 1690.000000
1325.000000 1300.000000 1698.000000 1950.000000 1533.000000
734.000000 1676.000000 1708.000000 2166.000000 1524.000000
1542.000000 1045.000000 918.000000 1157.000000 636.000000
918.000000 2073.000000 1238.000000 2368.000000 1060.000000
450.000000 2417.000000 1860.000000 2729.964600 1594.551270
1097.000000 1456.000000 1174.000000 1715.000000 975.000000
653.000000 1048.000000 1084.000000 1008.000000 789.000000
1188.000000 1413.000000 1420.000000 1812.000000 1245.000000
1534.000000 1716.000000 1728.000000 2214.000000 1540.000000
719.000000 1605.000000 585.000000 1966.000000 358.000000
1005.000000 2134.000000 646.000000 2437.000000 511.000000
1283.000000 1146.000000 1465.000000 1407.000000 1306.000000
1450.000000 858.000000 1408.000000 882.000000 1250.000000
553.000000 670.000000 1696.000000 1203.324951 1628.333862
1012.000000 1293.000000 1468.000000 1640.000000 1303.000000
764.000000 2076.000000 1372.000000 2380.000000 1184.000000
954.000000 2033.000000 1727.000000 2326.000000 1513.000000
1148.000000 2069.000000 792.000000 2369.000000 638.000000
1526.000000 1805.000000 528.000000 2079.000000 333.000000
1207.000000 1133.000000 1018.000000 1262.000000 777.000000
1280.000000 1200.000000 428.000000 1519.000000 74.000000
1306.000000 1002.000000 858.000000 1050.000000 563.000000
1342.000000 1385.000000 1295.000000 1676.000000 1106.000000
869.000000 2486.000000 876.000000 2756.000000 759.000000
984.000000 1053.000000 712.000000 1177.000000 380.000000
749.000000 2222.000000 1072.000000 2502.000000 913.000000
641.000000 1318.000000 1152.000000 1584.000000 952.000000
1261.000000 1242.000000 463.000000 1548.000000 130.000000
1050.000000 2364.000000 607.000000 2652.000000 510.000000
1137.000000 1522.000000 1422.000000 1955.000000 1257.000000
951.000000 1298.000000 799.000000 1540.000000 536.000000
825.000000 2809.000000 34.000000 2816.000000 88.000000
812.000000 1259.000000 1455.000000 1585.000000 1289.000000
1307.000000 2058.000000 1953.000000 2570.000000 1709.000000
861.000000 1036.000000 1401.000000 1204.000000 1245.000000
707.000000 1308.000000 1449.000000 1650.000000 1293.000000
675.000000 1504.000000 1013.000000 1807.000000 806.000000
642.000000 1316.000000 1238.000000 1571.000000 1042.000000
264.000000 2134.000000 836.000000 2436.682373 695.950684
1014.000000 1570.000000 1167.000000 1871.000000 975.000000
40.000000 1356.000000 563.000000 1680.020996 275.971680
778.000000 1058.000000 661.000000 1164.000000 317.000000
1557.000000 1546.000000 1043.000000 1838.000000 840.000000
897.000000 1571.000000 1117.000000 1873.000000 922.000000
1205.000000 972.000000 1187.000000 940.000000 977.000000
1454.000000 1376.000000 1744.000000 1952.000000 1653.000000
916.000000 1033.000000 1073.000000 1037.000000 824.000000
931.000000 1091.000000 1238.000000 1200.000000 1035.000000
1102.000000 1022.000000 506.000000 1183.000000 111.000000
1004.000000 699.000000 1753.000000 1403.000000 1696.000000
415.000000 942.000000 524.000000 985.951599 102.176880
1405.000000 1497.000000 1970.000000 2344.000000 1798.000000
1257.000000 1451.000000 1474.000000 1868.000000 1302.000000
442.000000 1073.000000 1378.000000 1243.402710 1207.451782
1328.000000 1293.000000 1406.000000 1590.000000 1222.000000
1357.000000 782.000000 1636.000000 1562.000000 1537.000000
813.000000 1112.000000 1237.000000 1261.000000 1034.000000
1519.000000 1146.000000 815.000000 1292.000000 524.000000
1566.000000 1051.000000 1064.000000 954.000000 820.000000
649.000000 1274.000000 805.000000 1485.000000 538.000000
427.000000 713.000000 650.000000 276.667053 178.386337
1048.000000 1211.000000 662.000000 1399.000000 354.000000
1334.000000 2217.000000 1461.000000 2507.000000 1273.000000
937.000000 1024.000000 1420.000000 1053.000000 1252.000000
952.000000 1069.000000 508.000000 1254.000000 127.000000
1419.000000 1039.000000 1106.000000 996.000000 867.000000
720.000000 1371.000000 1460.000000 1752.000000 1289.000000
1312.000000 2494.000000 862.000000 2764.000000 747.000000
522.000000 920.000000 906.000000 723.355286 594.030273
999.000000 1969.000000 945.000000 2263.000000 775.000000
1154.000000 1304.000000 1248.000000 1572.000000 1059.000000
1317.000000 1468.000000 406.000000 1850.000000 131.000000
431.000000 2407.000000 1762.000000 2683.341309 1514.119263
625.000000 2350.000000 1428.000000 2632.000000 1230.000000
1065.000000 1707.000000 1471.000000 2110.000000 1293.000000
307.000000 1173.000000 435.000000 1496.664673 73.599518
1474.000000 2486.000000 785.000000 2757.000000 681.000000
876.000000 1365.000000 1070.000000 1645.000000 855.000000
783.000000 2063.000000 1610.000000 2354.000000 1404.000000
1079.000000 1639.000000 1653.000000 2122.000000 1474.000000
1320.000000 2099.000000 878.000000 2402.000000 724.000000
756.000000 1731.000000 1461.000000 2223.000000 1277.000000
1129.000000 1087.000000 1441.000000 1260.000000 1283.000000
139.000000 911.000000 1639.000000 1546.667847 1522.082275
1443.000000 1360.000000 517.000000 1576.000000 225.000000
1166.000000 2103.000000 1510.000000 2399.000000 1309.000000
767.000000 2153.000000 1212.000000 2454.000000 1037.000000
1292.000000 718.000000 1237.000000 310.000000 1017.000000
390.000000 1512.000000 884.000000 1789.109741 663.352173
1354.000000 1631.000000 1612.000000 2113.000000 1432.000000
1380.000000 2185.000000 1213.000000 2482.000000 1039.000000
1507.000000 2030.000000 1388.000000 2325.000000 1200.000000
215.000000 1912.000000 1564.000000 2303.348877 1372.202637
1501.000000 782.000000 1901.000000 1632.000000 1860.000000
1080.000000 2343.000000 1016.000000 2629.000000 870.000000
1101.000000 2111.000000 404.000000 2416.000000 277.000000
792.000000 1535.000000 1044.000000 1823.000000 840.000000
759.000000 1034.000000 1084.000000 1037.000000 841.000000
1369.000000 1363.000000 1271.000000 1641.000000 1080.000000
754.000000 1834.000000 1439.000000 2187.000000 1256.000000
880.000000 1453.000000 799.000000 1762.000000 559.000000
853.000000 2236.000000 1459.000000 2530.000000 1260.000000
1113.000000 524.000000 1656.000000 1009.000000 1601.000000
1285.000000 1285.000000 762.000000 1411.000000 479.000000
114.000000 1306.000000 961.000000 1557.901123 716.661377
881.000000 1336.000000 1775.000000 1807.000000 1707.000000
1281.000000 1235.000000 1240.000000 1499.000000 1043.000000
640.000000 2444.000000 1524.000000 2714.000000 1309.000000
1060.000000 432.000000 1947.000000 795.000000 1884.000000
912.000000 671.000000 1239.000000 207.000000 1017.000000
1211.000000 2510.000000 925.000000 2763.000000 800.000000
711.000000 817.000000 1406.000000 1037.000000 1249.000000
622.000000 1004.000000 1711.000000 1902.000000 1595.000000
1098.000000 1740.000000 1497.000000 2233.000000 1312.000000
1432.000000 2577.000000 768.000000 2862.000000 684.000000
1439.000000 955.000000 543.000000 998.000000 130.000000
956.000000 2505.000000 345.000000 2775.000000 304.000000
1086.000000 776.000000 613.000000 405.000000 146.000000
1161.000000 1608.000000 1155.000000 1917.000000 963.000000
1333.000000 1853.000000 1176.000000 2169.000000 996.000000
1075.000000 1537.000000 1093.000000 1828.000000 893.000000

0.000000 1839.919800 1534.754761 486.536194 1525.257568 2089.998779 1401.764648 746.665771 1401.683716
5.000000 779.998596 1335.394775 1866.667603 1334.211426 1126.661621 1154.329224 2056.657715 1148.717896
10.000000 1519.934082 1562.609497 496.559021 1557.260742 953.335449 1460.598267 1833.333374 1460.124756
12.000000 1523.159668 1592.710083 513.121277 1583.657715 980.000305 1493.247437 1826.666992 1493.169434
4.000000 523.071960 1599.977905 1509.774414 1609.657349 1833.327026 1477.496826 763.186401 1469.388794
6.000000 1859.995483 1325.523560 886.664185 1329.363159 2063.324219 1141.647583 1140.000122 1146.687256
3.000000 1421.788818 1833.610962 502.141968 1795.163818 2077.737793 1731.284912 976.827209 1762.354248
1.000000 586.547668 1517.607544 1446.441650 1531.055420 860.051147 1392.481079 1980.053345 1386.220337
30.000000 2615.596924 466.710876 2596.434326 3.067400 2961.801270 426.699036 2952.856934 3.272984
11.000000 924.215942 1865.014526 474.158783 1785.337402 1836.641724 1784.033203 986.642639 1787.585938
15.000000 1363.803589 418.460968 947.758423 527.499146 1743.337769 115.176880 1109.990112 113.274017
13.000000 1377.692383 387.013184 977.217407 498.642487 1750.018311 85.667244 1096.654419 82.907150
8.000000 483.279510 1796.963135 889.861633 1870.762451 960.000427 1800.110596 1866.665771 1796.437012
27.000000 1406.710205 1380.655762 1796.661133 1387.004028 1746.671387 1201.778809 2236.666748 1203.281006
16.000000 986.219971 508.372925 1360.616577 405.579041 1109.996216 99.558334 1740.003906 100.378311
37.000000 2463.498047 227.337433 2086.651123 319.936554 2743.329590 190.990768 2393.334717 189.657059
14.000000 1423.215698 1512.825439 1039.853027 1496.861450 1909.986694 1344.918457 1259.999023 1349.869751
55.000000 1539.983643 1517.100830 1919.962158 1518.745972 2306.658691 1344.138428 2016.671997 1345.043335
74.000000 913.398071 1875.834717 1263.336304 1866.780273 1868.521851 1799.694824 2100.588867 1732.018921
24.000000 1365.273438 576.892700 1023.511169 650.822021 1673.341797 295.323975 1173.340698 292.173737
23.000000 1019.839111 642.586304 1353.487671 570.716309 1173.324829 281.110046 1673.346436 284.968231
17.000000 1366.226196 534.749756 1036.770996 610.454163 1690.011597 247.774414 1156.675415 244.989197
25.000000 1023.598816 657.887146 1352.536621 586.337219 1179.997070 300.696716 1670.002319 302.789703
20.000000 1365.935669 560.006348 1046.699341 630.148438 1680.020996 275.971680 1166.684204 273.296570
21.000000 1043.239868 619.588074 1353.891235 549.126282 1169.974243 256.993408 1679.995850 260.582916
54.000000 2050.062256 1338.089722 2350.020020 1341.656006 2343.307129 1152.846191 2633.313232 1155.518555
57.000000 1307.615723 1216.661865 1308.172119 939.996338 1559.128296 1003.337036 1557.901123 716.661377
60.000000 2396.800293 1955.998413 2125.636963 1901.820068 2723.357422 1672.766602 2456.464355 1661.430908
47.000000 1016.668274 1350.336670 1289.995361 1349.035034 1273.319214 1172.243164 1579.977295 1168.255859
41.000000 1289.993286 1362.103027 1020.001343 1363.581909 1596.667480 1183.410034 1253.339355 1187.214355
77.000000 1526.620605 1810.387695 1789.803223 1841.656128 2069.982178 1645.108887 2306.656006 1642.397095
288.000000 2063.498291 1768.495239 2326.593018 1797.337524 2503.300537 1548.620239 2613.325684 1550.461792
18.000000 743.326721 1374.793457 1000.018311 1375.955688 583.324951 1208.628174 1103.325928 1205.458984
38.000000 1033.322510 1379.409668 1289.998413 1380.418945 1253.327637 1205.822388 1600.023560 1203.473999
73.000000 1777.061768 1828.035645 1526.702026 1799.692627 2309.954346 1630.498169 2066.738037 1634.420288
121.000000 1396.918091 395.778961 1156.390259 327.642365 1752.359253 75.668785 1571.324707 0.157449
84.000000 980.855835 498.278351 1165.789673 343.173401 1099.601074 84.552650 1313.885010 4.816013
130.000000 1157.363525 330.814667 974.112244 487.577209 1269.364258 1.704073 1094.593750 69.896835
114.000000 2506.950195 458.289581 2272.051514 499.329956 2773.327881 400.438293 2573.358154 397.982086
119.000000 1599.952148 1313.917725 1829.999268 1316.730347 1839.999512 1126.240356 2036.665771 1125.992188
48.000000 1636.654907 1362.499268 1406.644287 1361.416504 2053.332031 1179.760864 1746.656250 1181.466309
35.000000 880.000427 1318.233276 1109.999634 1318.289307 773.342041 1131.581299 1133.331177 1129.601807
96.000000 1763.280884 1803.780762 1536.219727 1777.143188 2276.651611 1608.872559 2063.355957 1611.705444
94.000000 2330.008545 1453.040649 2550.013916 1459.526855 2586.665771 1252.757690 2799.998779 1252.447510
86.000000 1546.473633 1768.321411 1763.683594 1793.665161 2066.651123 1601.144409 2289.996826 1599.555786
97.000000 1649.760986 1072.152832 1615.607300 856.834717 2021.860474 864.816040 1984.189819 658.022339
72.000000 1465.943359 876.669250 1249.205444 892.351196 1763.319824 642.830383 1520.007935 641.670044
137.000000 2443.360107 1150.680786 2229.964111 1159.090088 2706.628906 990.311401 2523.324219 992.596985
108.000000 1723.630615 1576.014038 1920.013306 1554.033203 2303.348877 1372.202637 2099.998535 1372.777710
166.000000 2340.095215 817.698059 2535.710449 799.641296 2626.564209 694.827026 2783.301758 698.152771
164.000000 2230.549561 1752.363159 2421.270508 1776.716919 2536.460938 1517.891479 2693.709961 1524.991943
106.000000 2346.823730 714.470947 2157.668457 740.588989 2653.333984 603.214905 2449.945801 601.935913
158.000000 1836.637573 1356.091187 1646.113403 1365.732300 2229.836426 1176.063232 2069.559082 1182.720459
103.000000 1459.833130 901.686890 1269.711548 908.059753 1730.001221 666.476746 1523.363525 665.181396
31.000000 2193.291992 1244.851074 2383.421143 1240.515625 2373.305908 1067.279297 2793.332031 1070.193970
91.000000 1165.789673 343.173401 1345.493408 394.201324 1533.666138 2.536967 1735.695923 86.965874
129.000000 1162.640381 355.931946 1022.448975 476.793884 1352.339966 0.841499 1176.968384 70.756874
81.000000 663.366272 1490.584351 846.493958 1480.267578 579.992493 1344.204590 813.337219 1346.212524
80.000000 2379.888428 1161.463501 2559.645508 1150.728638 2650.187012 995.902039 2883.490967 1006.542603
146.000000 2192.335205 99.223732 2365.185791 57.237309 2486.731445 5.361326 2656.973877 13.800664
109.000000 1189.817749 930.376404 1012.796265 941.283691 1326.670532 665.134766 1123.338501 664.617126
90.000000 1196.119263 909.122681 1022.971985 921.687561 1333.323853 641.088623 1113.330200 641.460205
95.000000 2203.121094 279.069397 2370.218750 240.958862 2446.679688 180.217804 2660.009277 181.117310
184.000000 1649.995728 1351.380859 1820.002197 1351.012817 2059.988037 1168.854248 2203.340576 1167.350342
252.000000 2360.003662 1337.983032 2530.002441 1337.507324 2643.336914 1151.749634 2763.336426 1151.510132
79.000000 2044.210205 547.268616 2206.785889 527.655701 2273.319580 396.880707 2506.760742 411.865936
59.000000 1270.555542 612.583313 1110.775757 646.940857 1566.648438 312.589661 1296.638306 310.689667
232.000000 2553.295166 1231.609253 2389.968262 1235.234009 2796.583252 1063.697876 2673.162354 1060.916504
124.000000 653.505371 1020.969666 813.210144 992.638916 136.755966 699.375244 329.989166 693.004456
224.000000 2349.310547 387.136810 2506.494385 349.285034 2643.255859 310.083954 2770.009521 307.064270
126.000000 2426.925293 1757.054321 2266.116455 1742.931641 2746.843262 1499.966064 2556.851807 1510.129395
56.000000 1016.593323 1494.911011 856.629028 1487.476929 1223.331787 1349.763428 936.655579 1351.652710
218.000000 2502.567871 340.100220 2347.491211 376.816162 2769.760010 296.473938 2640.035400 301.011566
225.000000 2614.003906 1888.478638 2456.655518 1866.747314 2856.675537 1595.538208 2729.964600 1594.551270
189.000000 2286.683350 1539.225220 2440.089111 1542.551880 2560.159424 1330.640381 2703.262451 1324.898193
152.000000 1754.067749 1243.364868 1752.203491 1090.013794 2153.431396 1066.677734 2153.150635 900.005920
263.000000 2369.985107 609.904175 2519.476562 586.636536 2656.666016 513.414978 2773.349854 514.190063
191.000000 2196.676514 932.869141 2346.821045 936.049744 2493.468018 785.345703 2634.045654 799.679810
175.000000 2109.996338 1062.913208 2260.027832 1061.075073 2406.578857 898.280334 2553.535889 906.276062
264.000000 2516.714111 580.301880 2369.486328 603.390442 2776.672607 508.102997 2659.996582 507.734406
138.000000 1306.044189 395.561646 1162.640381 355.931946 1662.186523 72.668289 1494.508179 0.599874
45.000000 1000.110962 1364.046509 853.143250 1357.821289 1103.297485 1189.119629 789.885010 1184.546753
190.000000 1603.340576 433.316101 1469.844849 377.034637 1809.096436 234.376450 1864.868042 104.463531
249.000000 2353.245605 719.336548 2496.713379 700.353699 2643.302246 608.281067 2763.322021 610.586670
270.000000 2343.070801 1049.499512 2486.700684 1044.268921 2790.140381 897.931458 2676.876953 890.238586
51.000000 1513.333374 1320.000000 1656.666626 1320.000000 1720.000000 1136.585327 2016.666626 1136.607544
298.000000 2306.682617 1626.464478 2446.860352 1637.549561 2583.379395 1403.623413 2693.354248 1405.286743
98.000000 1599.999390 1339.842407 1460.001343 1340.366455 1946.657837 1155.932739 1736.648071 1158.452637
282.000000 2646.831543 2002.594849 2783.386230 2033.096191 2900.157715 1681.537720 3010.187500 1691.197144
44.000000 673.142395 952.354248 803.389648 926.955383 160.006180 603.539185 483.248291 593.834290
231.000000 2156.364746 746.188477 2286.866211 735.854675 2456.806396 607.647827 2580.100830 614.966431
140.000000 1589.810181 1563.265869 1720.144775 1570.842041 2103.308105 1386.859863 2283.350098 1385.413452
113.000000 1403.365234 1506.107422 1533.322388 1513.526001 1683.338989 1338.358276 1883.336792 1337.691650
210.000000 1435.996582 873.321838 1438.227905 743.302917 1666.688843 630.000610 1670.296387 500.008209
244.000000 901.334656 1219.993774 976.453064 1114.599365 779.220398 997.537231 882.802795 934.613892
117.000000 620.055664 1167.448486 746.792053 1158.428589 16.605371 905.799438 213.564606 910.694824
46.000000 1086.572998 1492.346069 1213.303711 1497.408813 1299.990479 1342.364868 1613.326172 1339.273438
242.000000 2065.958008 376.816559 2183.478760 350.653625 2363.362305 240.250885 2486.653564 241.405518
228.000000 2089.916504 1535.061768 2210.119385 1540.860596 2379.999023 1333.834106 2506.666504 1333.851685
76.000000 2490.913330 106.553810 2376.392334 139.032578 2513.348877 94.652863 2753.334473 96.513695
213.000000 1022.448975 476.793884 1136.100830 444.714661 1173.315552 73.960976 1303.331909 73.108582
70.000000 776.586487 1624.098755 659.804504 1611.866455 1546.667847 1522.082275 1299.999390 1522.222778
269.000000 2253.560303 1323.299316 2136.530518 1331.354126 2553.270264 1138.953613 2439.946777 1145.781982
274.000000 2429.930176 1332.390381 2313.071289 1328.982544 2713.331299 1146.747681 2599.901123 1143.770142
227.000000 1526.151611 806.672607 1524.800659 690.021606 1868.025391 583.335876 1868.263916 456.663391
71.000000 659.738525 1619.301758 773.277100 1630.566650 1299.990845 1531.516357 1543.334717 1530.283203
143.000000 1526.660034 1348.209839 1640.005615 1348.696411 1843.322876 1165.866821 2020.000244 1166.593262
82.000000 1313.339111 1349.614380 1426.646606 1351.327271 1589.996216 1169.402954 1820.029175 1167.953125
230.000000 2153.420898 627.124329 2042.996094 648.236267 2466.802734 494.298584 2343.276611 498.209076
132.000000 1960.049683 866.930420 2070.525635 846.124268 2250.005615 695.221436 2436.682373 695.950684
61.000000 646.445312 891.581055 757.204163 877.588013 113.300995 507.977570 379.887695 514.553406
275.000000 2206.769043 1531.514282 2096.555664 1525.305420 2503.346191 1325.514526 2389.952881 1324.259888
29.000000 1183.487549 1322.530762 1293.485474 1315.829834 1270.002441 1135.824341 1696.665527 1137.051392
198.000000 1623.936646 858.999023 1530.925415 802.934692 1989.150513 658.007385 1873.274536 580.163696
199.000000 1632.254272 1101.103027 1708.122925 1175.325928 1945.646729 905.318359 2053.632324 993.707092
64.000000 2093.449463 954.325500 2197.310547 942.166504 2233.276855 791.129944 2486.654053 794.338806
234.000000 986.557007 789.995300 982.108948 893.280579 966.285034 576.567139 969.589905 453.233032
271.000000 1616.594482 1591.122803 1719.716309 1597.748901 2103.280518 1414.130371 2216.772705 1411.770996
280.000000 929.785889 930.552185 891.273682 1025.834106 897.857483 632.876282 834.743958 724.054443
32.000000 1062.923340 1310.035034 1064.122803 1209.969482 1158.120483 1126.667358 1158.299683 716.665894
19.000000 1553.333374 1390.000000 1453.333374 1390.000000 2003.339966 1209.625244 1483.335083 1210.786255
69.000000 713.176758 692.555542 616.404907 712.032776 266.643311 237.591583 19.965557 231.364426
185.000000 1016.830444 934.567688 1113.563477 921.735107 1149.998169 652.878052 1293.342529 652.305359
26.000000 880.010681 1328.216553 783.325623 1328.883423 1133.337891 1145.557251 643.335022 1145.050537
186.000000 1276.778076 900.867065 1370.281494 888.858826 1556.661743 652.826660 1699.994629 653.075317
127.000000 1219.894287 1488.400879 1126.671021 1486.456543 1533.483643 1329.392212 1343.352539 1334.109009
89.000000 789.798584 988.952332 699.916870 1006.234436 456.635620 679.285217 236.616409 688.843018
226.000000 1303.497925 1316.529419 1393.431030 1311.897827 1566.647827 1128.957153 1693.333374 1126.667236
262.000000 1763.344116 1340.867798 1673.316650 1341.985107 2203.340820 1157.527344 2086.654053 1158.528320
157.000000 1859.622070 1971.827026 1769.859375 1965.253052 2576.662842 1752.207764 2413.331299 1752.759521
111.000000 780.001831 1346.578857 869.961609 1348.481812 576.679993 1168.919189 779.982361 1171.428589
125.000000 686.187073 821.160095 773.739075 801.838684 203.358444 414.997528 396.597534 412.082672
216.000000 2473.358643 1769.755981 2560.127930 1778.767700 2683.341309 1514.119263 2813.328125 1512.812988
281.000000 980.851746 782.870422 1029.499268 711.942810 985.316711 441.620148 1072.377197 373.016754
122.000000 707.033264 732.120422 623.320557 746.592712 253.230042 295.829987 59.814045 287.828156
36.000000 676.345398 1294.122437 759.975464 1289.551392 96.617416 1102.177002 453.346832 1086.983398
239.000000 1390.000000 1356.666626 1306.666626 1356.666626 1729.998779 1176.886108 1606.651123 1176.224854
