Keypoint Matches and Line Matches for pairs 1, 6 
1 corresponds to the image ./resources/Data/FountainP11/images/0001.png 
6 corresponds to the image ./resources/Data/FountainP11/images/0006.png 

40.000000 779.998596 1335.394775 726.666748 1126.567749
395.000000 1866.667603 1334.211426 2319.960938 1125.581909
354.000000 924.215942 1865.014526 2203.750488 1751.470215
1062.000000 947.758423 527.499146 1121.000000 49.000000
31.000000 977.217407 498.642487 1236.724854 5.880353
1519.000000 889.861633 1870.762451 2157.000000 1764.000000
57.000000 1406.710205 1380.655762 1873.329102 1175.579346
58.000000 1796.661133 1387.004028 2320.000488 1176.422119
34.000000 986.219971 508.372925 1249.916870 24.521147
35.000000 1360.616577 405.579041 1886.731445 69.074654
111.000000 2463.498047 227.337433 2733.329834 216.720108
112.000000 2086.651123 319.936554 2429.980713 196.962357
25.000000 1039.853027 1496.861450 1413.340942 1324.226685
169.000000 1539.983643 1517.100830 2160.026123 1315.549072
48.000000 1353.487671 570.716309 1809.913208 251.359680
38.000000 1366.226196 534.749756 1826.792847 214.709381
39.000000 1036.770996 610.454163 1286.888428 179.894821
50.000000 1023.598816 657.887146 1300.166870 230.612823
1166.000000 1352.536621 586.337219 1828.000000 274.000000
42.000000 1046.699341 630.148438 1293.563721 209.710297
43.000000 1043.239868 619.588074 1299.763794 193.611603
44.000000 1353.891235 549.126282 1813.298340 227.201660
157.000000 2050.062256 1338.089722 2379.962646 1126.372192
158.000000 2350.020020 1341.656006 2636.672363 1129.528320
208.000000 2487.075684 8.071666 2750.126221 38.407589
209.000000 2206.591309 89.741089 2536.549805 21.473885
126.000000 1308.172119 939.996338 1678.026245 683.330444
196.000000 2396.800293 1955.998413 2713.298584 1616.203979
197.000000 2125.636963 1901.820068 2486.624756 1613.459473
390.000000 1016.668274 1350.336670 1256.666504 1146.598145
104.000000 1289.995361 1349.035034 1713.321411 1144.098267
81.000000 1289.993286 1362.103027 1736.651733 1158.501465
82.000000 1020.001343 1363.581909 1386.653320 1162.002197
458.000000 2326.593018 1797.337524 2616.668457 1503.480591
37.000000 1000.018311 1375.955688 1226.652954 1181.592285
473.000000 1033.322510 1379.409668 1259.985229 1181.606445
84.000000 1289.998413 1380.418945 1733.344482 1177.585327
1146.000000 980.855835 498.278351 1243.000000 20.000000
355.000000 2506.950195 458.289581 2756.528809 418.392120
119.000000 1636.654907 1362.499268 2156.648926 1153.579102
120.000000 1406.644287 1361.416504 1866.696899 1155.250122
1163.000000 1536.219727 1777.143188 2286.000000 1574.000000
265.000000 2550.013916 1459.526855 2773.337158 1220.623535
200.000000 1649.760986 1072.152832 2126.869141 858.546082
201.000000 1615.607300 856.834717 2085.032471 640.449707
246.000000 1465.943359 876.669250 1863.393677 615.337708
247.000000 1249.205444 892.351196 1676.809082 606.863770
286.000000 2443.360107 1150.680786 2709.999756 973.218994
287.000000 2229.964111 1159.090088 2546.667725 973.684814
408.000000 2340.095215 817.698059 2629.916260 691.604919
409.000000 2535.710449 799.641296 2759.910645 698.380066
406.000000 2230.549561 1752.363159 2549.897461 1474.480103
407.000000 2421.270508 1776.716919 2680.134277 1477.459106
199.000000 2157.668457 740.588989 2486.694580 599.082703
345.000000 1836.637573 1356.091187 2316.531250 1150.433105
346.000000 1646.113403 1365.732300 2173.043945 1157.138428
1063.000000 1269.711548 908.059753 1652.000000 617.000000
149.000000 2193.291992 1244.851074 2506.693848 1044.982300
472.000000 1345.493408 394.201324 1876.677002 50.831165
449.000000 1022.448975 476.793884 1320.045776 2.610126
575.000000 2379.888428 1161.463501 2663.289795 981.742432
576.000000 2559.645508 1150.728638 2769.968018 978.829102
150.000000 2569.968018 1238.639282 2770.012207 1049.244141
319.000000 2365.185791 57.237309 2660.438232 43.130295
218.000000 1189.817749 930.376404 1446.650146 623.871277
190.000000 2182.356445 196.439087 2506.874023 110.522324
223.000000 1022.971985 921.687561 1263.381592 592.217407
245.000000 2370.218750 240.958862 2663.352783 203.042511
349.000000 1649.995728 1351.380859 2153.326660 1142.232666
350.000000 1820.002197 1351.012817 2296.674805 1141.369507
515.000000 2360.003662 1337.983032 2646.664795 1125.851196
516.000000 2530.002441 1337.507324 2759.997803 1125.605713
1540.000000 2323.364258 1451.483154 2615.000000 1220.000000
217.000000 2206.785889 527.655701 2527.060303 416.674225
1094.000000 1270.555542 612.583313 1696.000000 270.000000
134.000000 1110.775757 646.940857 1429.781250 256.987701
63.000000 653.505371 1020.969666 93.334991 620.242249
64.000000 813.210144 992.638916 503.338562 617.431519
571.000000 2349.310547 387.136810 2646.606689 325.649231
572.000000 2506.494385 349.285034 2753.374512 328.409607
439.000000 2426.925293 1757.054321 2690.121826 1459.762207
440.000000 2266.116455 1742.931641 2566.848389 1464.614868
115.000000 1016.593323 1494.911011 1376.672852 1330.348145
116.000000 856.629028 1487.476929 1079.981445 1335.619629
573.000000 2502.567871 340.100220 2753.402832 318.295258
574.000000 2347.491211 376.816162 2646.664551 316.820496
396.000000 2614.003906 1888.478638 2859.962891 1539.073364
292.000000 1754.067749 1243.364868 2242.677002 1043.312866
293.000000 1752.203491 1090.013794 2243.496094 883.317078
342.000000 1306.044189 395.561646 1806.801880 38.463959
93.000000 1000.110962 1364.046509 1230.023926 1162.489380
94.000000 853.143250 1357.821289 903.324646 1163.342407
29.000000 1656.666626 1320.000000 2139.999512 1109.695068
117.000000 1599.999390 1339.842407 2076.649902 1128.981323
500.000000 2188.964844 306.372650 2510.001953 209.974670
405.000000 2171.744873 197.799271 2500.200928 108.234016
282.000000 2013.357788 1440.988281 2363.564697 1214.712158
78.000000 803.389648 926.955383 503.360504 516.398621
1125.000000 2156.364746 746.188477 2483.000000 604.000000
498.000000 2286.866211 735.854675 2589.975830 613.585938
298.000000 1435.996582 873.321838 1784.882446 603.078796
1173.000000 901.334656 1219.993774 884.000000 974.000000
237.000000 746.792053 1158.428589 197.007507 857.191528
109.000000 1086.572998 1492.346069 1446.707886 1321.868164
268.000000 650.194519 1755.388428 1623.291138 1702.526855
1300.000000 770.452881 1773.691040 1981.000000 1684.000000
553.000000 2065.958008 376.816559 2400.166504 244.147079
554.000000 2183.478760 350.653625 2509.907959 251.395279
1211.000000 1136.100830 444.714661 1493.000000 13.000000
177.000000 659.804504 1611.866455 1626.659058 1509.666382
420.000000 1526.151611 806.672607 1977.006470 560.034729
421.000000 1524.800659 690.021606 1978.204956 433.316345
306.000000 2527.013916 1984.882935 2803.333496 1623.431274
182.000000 659.738525 1619.301758 1626.628296 1518.752441
183.000000 773.277100 1630.566650 1866.708740 1511.368896
326.000000 1526.660034 1348.209839 1946.633789 1138.758667
327.000000 1640.005615 1348.696411 2093.368896 1141.060669
280.000000 1313.339111 1349.614380 1720.000610 1143.425537
281.000000 1426.646606 1351.327271 1886.682007 1142.325317
278.000000 1960.049683 866.930420 2300.046631 681.998596
1020.000000 2070.525635 846.124268 2402.000000 680.000000
220.000000 646.445312 891.581055 76.619720 403.971039
221.000000 757.204163 877.588013 279.833252 418.931549
339.000000 1623.936646 858.999023 2094.152832 644.575623
340.000000 1530.925415 802.934692 1978.765381 556.237976
1072.000000 2553.208496 1551.536255 2774.000000 1299.000000
368.000000 1708.122925 1175.325928 2129.103271 967.713318
433.000000 929.785889 930.552185 977.733398 585.568542
882.000000 891.273682 1025.834106 745.000000 674.000000
299.000000 1329.949707 741.477966 1807.185181 446.740631
59.000000 1062.923340 1310.035034 1272.707764 1100.002808
195.000000 1553.333374 1390.000000 2126.674072 1184.018433
161.000000 713.176758 692.555542 256.740814 112.433563
162.000000 616.404907 712.032776 3.206358 91.540848
325.000000 1113.563477 921.735107 1423.445679 609.877319
70.000000 880.010681 1328.216553 863.329102 1117.905151
423.000000 783.325623 1328.883423 730.000061 1118.428833
348.000000 1457.365112 481.518341 1783.459839 150.361801
371.000000 1276.778076 900.867065 1689.901489 619.396790
372.000000 1370.281494 888.858826 1826.750732 624.337646
262.000000 1219.894287 1488.400879 1666.664673 1306.614136
263.000000 1126.671021 1486.456543 1486.663696 1313.251343
659.000000 1869.921509 685.537292 2204.000000 491.000000
363.000000 1303.497925 1316.529419 1686.653564 1102.381104
364.000000 1393.431030 1311.897827 1826.672852 1100.452026
454.000000 1673.316650 1341.985107 2183.331787 1132.583008
294.000000 780.001831 1346.578857 716.693542 1144.865112
295.000000 869.961609 1348.481812 876.689148 1145.702515
357.000000 686.187073 821.160095 179.941864 304.466675
260.000000 773.739075 801.838684 473.319489 310.298981
669.000000 1384.874634 429.749481 1872.000000 99.000000
432.000000 974.290039 890.026367 1087.897217 529.222107
706.000000 1545.597656 692.819519 1991.000000 432.000000
288.000000 707.033264 732.120422 243.250732 177.412888
62.000000 759.975464 1289.551392 473.348816 1053.765503
300.000000 653.257874 1082.442505 106.532738 724.490845
483.000000 1390.000000 1356.666626 1853.333374 1150.000000
484.000000 1306.666626 1356.666626 1736.666626 1150.000000
1140.000000 2026.845215 147.427109 2353.000000 10.000000
859.000000 1246.000000 1455.000000 1708.000000 1266.000000
871.000000 1057.000000 511.000000 1376.000000 63.000000
629.000000 2284.000000 1465.000000 2585.000000 1232.000000
852.000000 771.000000 1396.000000 816.000000 1217.000000
1549.000000 715.000000 1742.000000 1761.000000 1665.000000
1015.000000 1053.000000 1169.000000 1176.000000 911.000000
978.000000 1149.000000 1694.000000 1807.000000 1575.000000
685.000000 2239.000000 1217.000000 2551.000000 1023.000000
1543.000000 1780.000000 1405.000000 2249.000000 1205.000000
1007.000000 2072.000000 656.000000 2407.000000 505.000000
618.000000 1227.000000 466.000000 1673.000000 84.000000
696.000000 1524.000000 583.000000 2024.000000 318.000000
630.000000 1192.000000 934.000000 1487.000000 634.000000
677.000000 2451.000000 1899.000000 2748.000000 1567.000000
740.000000 1749.000000 1416.000000 2343.000000 1204.000000
1266.000000 1308.000000 609.000000 1715.000000 280.000000
604.000000 1722.000000 1471.000000 2314.000000 1257.000000
614.000000 1523.000000 1044.000000 1905.000000 814.000000
792.000000 1272.000000 453.000000 1744.000000 89.000000
631.000000 2582.000000 1907.000000 2839.000000 1557.000000
993.000000 1364.000000 700.000000 1739.000000 382.000000
1386.000000 1276.000000 837.000000 1626.000000 538.000000
1246.000000 1119.000000 1394.000000 1504.000000 1200.000000
1554.000000 792.000000 1396.000000 861.000000 1216.000000
1522.000000 698.000000 1742.000000 1729.000000 1671.000000
1518.000000 2503.000000 679.000000 2803.000000 604.000000
737.000000 1109.000000 1002.000000 1361.000000 707.000000
1358.000000 840.000000 1390.000000 967.000000 1205.000000
875.000000 1070.000000 1298.000000 1314.000000 1074.000000
1271.000000 1554.000000 1065.000000 1896.000000 838.000000
851.000000 1547.000000 1027.000000 1937.000000 798.000000
1301.000000 1234.000000 1178.000000 1548.000000 927.000000
1144.000000 2172.000000 1353.000000 2492.000000 1139.000000
1425.000000 1468.000000 888.000000 1848.000000 639.000000
698.000000 2520.000000 1132.000000 2764.000000 963.000000
615.000000 1128.000000 1299.000000 1367.000000 1074.000000
1418.000000 1226.000000 896.000000 1563.000000 600.000000
173.000000 2556.000000 1043.000000 2766.685303 889.662537
1356.000000 1738.000000 1405.000000 2333.000000 1194.000000
1355.000000 1264.000000 913.000000 1681.000000 629.000000
1076.000000 1102.000000 1450.000000 1477.000000 1270.000000
1147.000000 1366.000000 995.000000 1762.000000 741.000000
1379.000000 887.000000 1399.000000 1069.000000 1215.000000
679.000000 2522.000000 1985.000000 2798.000000 1621.000000
1021.000000 849.000000 1645.000000 1608.000000 1524.000000
1342.000000 1360.000000 656.000000 1795.000000 349.000000
225.000000 770.000000 1092.000000 440.477203 758.161438
996.000000 1721.000000 1429.000000 2314.000000 1217.000000
764.000000 1341.000000 1190.000000 1729.000000 960.000000
1513.000000 1332.000000 976.000000 1724.000000 716.000000
1214.000000 1146.000000 720.000000 1411.000000 357.000000
602.000000 2513.000000 888.000000 2762.000000 768.000000
927.000000 1319.000000 999.000000 1717.000000 748.000000
799.000000 2021.000000 1356.000000 2360.000000 1142.000000
627.000000 2436.000000 1946.000000 2734.000000 1605.000000
1388.000000 986.000000 1392.000000 1265.000000 1201.000000
1335.000000 1087.000000 1003.000000 1323.000000 705.000000
1338.000000 2387.000000 935.000000 2669.000000 795.000000
671.000000 1094.000000 1056.000000 1326.000000 774.000000
963.000000 897.000000 1851.000000 2159.000000 1745.000000
953.000000 1591.000000 1402.000000 2170.000000 1195.000000
1032.000000 684.000000 1345.000000 248.000000 1143.000000
1387.000000 815.000000 1441.000000 921.000000 1277.000000
1243.000000 792.000000 1772.000000 1532.000000 1706.000000
723.000000 1535.000000 1014.000000 1920.000000 782.000000
705.000000 1371.000000 1420.000000 1886.000000 1221.000000
1414.000000 1738.000000 507.000000 2067.000000 280.000000
1228.000000 1542.000000 450.000000 1824.000000 156.000000
888.000000 714.000000 1756.000000 1760.000000 1683.000000
542.000000 1119.000000 1767.000000 1826.748779 1609.156982
1202.000000 1076.000000 1770.000000 2116.000000 1653.000000
655.000000 1357.000000 1459.000000 1789.000000 1268.000000
908.000000 842.000000 623.000000 599.000000 75.000000
1292.000000 1011.000000 1401.000000 1646.000000 1224.000000
777.000000 1016.000000 1073.000000 1099.000000 781.000000
1048.000000 1123.000000 1726.000000 2238.000000 1569.000000
1489.000000 1281.000000 651.000000 1721.000000 326.000000
1362.000000 911.000000 1399.000000 1103.000000 1224.000000
1049.000000 1088.000000 1171.000000 1314.000000 918.000000
1263.000000 1081.000000 1664.000000 1927.000000 1625.000000
1407.000000 1458.000000 1719.000000 2368.000000 1476.000000
785.000000 1217.000000 1455.000000 1662.000000 1267.000000
635.000000 1288.000000 451.000000 1765.000000 91.000000
907.000000 946.000000 1445.000000 1189.000000 1272.000000
1199.000000 927.000000 1001.000000 605.000000 666.000000
606.000000 2435.000000 1889.000000 2736.000000 1561.000000
651.000000 2477.000000 192.000000 2749.000000 192.000000
1556.000000 1662.000000 1284.000000 2124.000000 1061.000000
1159.000000 1482.000000 1475.000000 2035.000000 1275.000000
877.000000 2435.000000 144.000000 2730.000000 139.000000
1344.000000 1092.000000 1090.000000 1300.000000 817.000000
1501.000000 1536.000000 1424.000000 2101.000000 1220.000000
666.000000 1524.000000 1028.000000 1905.000000 799.000000
1151.000000 1077.000000 1740.000000 2113.000000 1616.000000
1337.000000 1351.000000 1288.000000 1767.000000 1074.000000
975.000000 1325.000000 1073.000000 1703.000000 826.000000
850.000000 748.000000 1457.000000 706.000000 1307.000000
733.000000 1280.000000 638.000000 1719.000000 308.000000
918.000000 1318.000000 1138.000000 1716.000000 894.000000
1329.000000 1241.000000 529.000000 1455.000000 150.000000
730.000000 1385.000000 1135.000000 1766.000000 895.000000
1221.000000 1417.000000 1399.000000 1951.000000 1196.000000
1192.000000 2042.000000 1245.000000 2380.000000 1054.000000
594.000000 708.000000 1355.000000 304.000000 1157.000000
752.000000 1379.000000 1227.000000 1778.000000 1005.000000
623.000000 2597.000000 1974.000000 2848.000000 1606.000000
695.000000 1839.000000 984.000000 2041.000000 780.000000
732.000000 2497.000000 479.000000 2757.000000 434.000000
905.000000 1016.000000 1087.000000 1100.000000 799.000000
873.000000 970.000000 1446.000000 1237.000000 1273.000000
1229.000000 2031.000000 1518.000000 2361.000000 1287.000000
1306.000000 2074.000000 124.000000 2413.000000 8.000000
1354.000000 2279.000000 1175.000000 2583.000000 988.000000
30.000000 1362.000000 390.000000 1896.568359 54.663059
1052.000000 1841.000000 1274.000000 2256.000000 1062.000000
837.000000 1727.000000 1881.000000 2362.000000 1644.000000
597.000000 1025.000000 1060.000000 1117.000000 765.000000
383.000000 782.000000 1062.000000 436.536438 729.202393
880.000000 1144.000000 1387.000000 1632.000000 1198.000000
1153.000000 2126.000000 1152.000000 2453.000000 962.000000
700.000000 1543.000000 1897.000000 2821.000000 1767.000000
862.000000 2540.000000 1149.000000 2777.000000 977.000000
1276.000000 1341.000000 1035.000000 1727.000000 784.000000
1391.000000 860.000000 1445.000000 752.000000 1279.000000
645.000000 721.000000 1396.000000 696.000000 1218.000000
772.000000 1299.000000 1664.000000 2246.000000 1512.000000
1403.000000 1554.000000 1403.000000 2125.000000 1197.000000
1334.000000 611.000000 1720.000000 2230.000000 1526.000000
605.000000 2133.000000 1763.000000 2459.000000 1494.000000
1550.000000 1084.000000 1253.000000 1369.000000 1023.000000
1390.000000 1866.000000 1401.000000 2290.000000 1193.000000
616.000000 983.000000 1447.000000 1256.000000 1272.000000
1345.000000 898.000000 1418.000000 990.000000 1231.000000
1496.000000 1553.000000 1455.000000 1907.000000 1254.000000
1488.000000 1459.000000 574.000000 1893.000000 285.000000
636.000000 2084.000000 398.000000 2337.000000 264.000000
1010.000000 1324.000000 1229.000000 1721.000000 1006.000000
1044.000000 727.000000 1388.000000 710.000000 1206.000000
1152.000000 1230.000000 1478.000000 1684.000000 1292.000000
915.000000 1155.000000 728.000000 1481.000000 386.000000
1005.000000 1537.000000 1465.000000 2103.000000 1260.000000
1435.000000 1630.000000 1481.000000 2214.000000 1273.000000
642.000000 1400.000000 1460.000000 1929.000000 1263.000000
1078.000000 1123.000000 1699.000000 2125.000000 1508.000000
668.000000 2159.000000 913.000000 2482.000000 753.000000
1100.000000 2150.000000 1190.000000 2477.000000 997.000000
970.000000 1048.000000 1191.000000 1232.000000 944.000000
718.000000 1096.000000 1684.000000 1752.000000 1562.000000
955.000000 1257.000000 1417.000000 1734.000000 1231.000000
1417.000000 2050.000000 846.000000 2381.000000 677.000000
1182.000000 2444.000000 1871.000000 2743.000000 1545.000000
720.000000 1098.000000 500.000000 1452.000000 67.000000
1461.000000 655.000000 1464.000000 440.000000 1321.000000
816.000000 1368.000000 1156.000000 1717.000000 924.000000
968.000000 1339.000000 1072.000000 1720.000000 826.000000
974.000000 1523.000000 998.000000 1906.000000 763.000000
1284.000000 2183.000000 356.000000 2511.000000 247.000000
753.000000 1077.000000 1238.000000 1302.000000 1004.000000
1479.000000 631.000000 670.000000 25.000000 28.000000
1043.000000 1555.000000 1186.000000 1947.000000 968.000000
891.000000 1114.000000 1088.000000 1379.000000 817.000000
1055.000000 1072.000000 1164.000000 1349.000000 906.000000
1134.000000 1998.000000 379.000000 2344.000000 227.000000
1103.000000 1586.000000 1466.000000 2162.000000 1259.000000
1095.000000 1504.000000 1045.000000 1880.000000 813.000000
711.000000 2035.000000 1817.000000 2412.000000 1552.000000
643.000000 2094.000000 1582.000000 2422.000000 1341.000000
1217.000000 1572.000000 1466.000000 2147.000000 1261.000000
1304.000000 1048.000000 1270.000000 1158.000000 1040.000000
1003.000000 980.000000 1412.000000 1493.000000 1225.000000
717.000000 894.000000 778.000000 715.000000 329.000000
1454.000000 1038.000000 1209.000000 1148.000000 962.000000
986.000000 2150.000000 437.000000 2484.000000 322.000000
1402.000000 1300.000000 1698.000000 2302.000000 1521.000000
1220.000000 2417.000000 1860.000000 2723.000000 1540.000000
1497.000000 1456.000000 1174.000000 1816.000000 949.000000
757.000000 1048.000000 1084.000000 1102.000000 744.000000
1244.000000 1413.000000 1420.000000 1945.000000 1219.000000
1252.000000 2134.000000 646.000000 2465.000000 509.000000
1500.000000 1146.000000 1465.000000 1550.000000 1283.000000
1458.000000 858.000000 1408.000000 1009.000000 1229.000000
569.000000 670.000000 1696.000000 1666.773315 1616.791626
870.000000 1293.000000 1468.000000 1779.000000 1278.000000
1309.000000 2076.000000 1372.000000 2417.000000 1157.000000
1022.000000 2069.000000 792.000000 2405.000000 629.000000
1349.000000 1805.000000 528.000000 2143.000000 321.000000
647.000000 1133.000000 1018.000000 1381.000000 738.000000
1126.000000 1200.000000 428.000000 1657.000000 26.000000
1348.000000 1002.000000 858.000000 1111.000000 491.000000
939.000000 2101.000000 1053.000000 2427.000000 872.000000
1453.000000 1385.000000 1295.000000 1792.000000 1080.000000
1557.000000 2222.000000 1072.000000 2522.000000 898.000000
1262.000000 2364.000000 607.000000 2655.000000 516.000000
1121.000000 1522.000000 1422.000000 1871.000000 1221.000000
1169.000000 1298.000000 799.000000 1660.000000 500.000000
818.000000 1259.000000 1455.000000 1726.000000 1265.000000
838.000000 1036.000000 1401.000000 1398.000000 1200.000000
1137.000000 1504.000000 1013.000000 1880.000000 778.000000
1547.000000 1870.000000 1424.000000 2299.000000 1217.000000
279.000000 2134.000000 836.000000 2466.859131 687.829834
1524.000000 1570.000000 1167.000000 1965.000000 951.000000
41.000000 1356.000000 563.000000 1810.050049 242.545578
921.000000 1058.000000 661.000000 1406.000000 260.000000
1437.000000 1571.000000 1117.000000 1967.000000 898.000000
1185.000000 972.000000 1187.000000 1030.000000 941.000000
924.000000 1376.000000 1744.000000 2220.000000 1622.000000
611.000000 1033.000000 1073.000000 1133.000000 782.000000
991.000000 1022.000000 506.000000 1200.000000 55.000000
1053.000000 699.000000 1753.000000 1731.000000 1684.000000
1523.000000 2015.000000 893.000000 2354.000000 718.000000
448.000000 942.000000 524.000000 1105.878784 15.280145
1084.000000 1451.000000 1474.000000 1998.000000 1276.000000
474.000000 1073.000000 1378.000000 1376.703369 1182.680054
1129.000000 2319.000000 586.000000 2618.000000 490.000000
1303.000000 782.000000 1636.000000 1885.000000 1518.000000
1419.000000 1506.000000 1447.000000 2008.000000 1254.000000
981.000000 1203.000000 1475.000000 1640.000000 1292.000000
451.000000 563.000000 1350.000000 49.952999 1147.876953
885.000000 1112.000000 1237.000000 1380.000000 1004.000000
1160.000000 1211.000000 662.000000 1520.000000 306.000000
283.000000 2217.000000 1461.000000 2530.058594 1221.995850
1038.000000 1024.000000 1420.000000 1428.000000 1228.000000
1378.000000 1069.000000 508.000000 1318.000000 58.000000
1176.000000 1039.000000 1106.000000 1090.000000 826.000000
1006.000000 1371.000000 1460.000000 1888.000000 1263.000000
763.000000 1969.000000 945.000000 2301.000000 761.000000
938.000000 1304.000000 1248.000000 1673.000000 1021.000000
834.000000 1468.000000 406.000000 1975.000000 108.000000
1487.000000 1288.000000 1684.000000 2187.000000 1553.000000
1241.000000 1476.000000 1172.000000 1844.000000 949.000000
990.000000 870.000000 848.000000 721.000000 427.000000
1081.000000 2045.000000 1515.000000 2381.000000 1285.000000
715.000000 2350.000000 1428.000000 2633.000000 1200.000000
1142.000000 1707.000000 1471.000000 2300.000000 1258.000000
1511.000000 1173.000000 435.000000 1541.000000 17.000000
1116.000000 1365.000000 1070.000000 1763.000000 827.000000
1253.000000 837.000000 1433.000000 991.000000 1276.000000
404.000000 2029.000000 241.000000 2370.009033 103.103333
768.000000 2542.000000 1170.000000 2779.000000 994.000000
1517.000000 1361.000000 599.000000 1780.000000 286.000000
1133.000000 2242.000000 1801.000000 2541.000000 1515.000000
1197.000000 1546.000000 995.000000 1934.000000 764.000000
869.000000 1731.000000 1461.000000 2324.000000 1248.000000
928.000000 943.000000 1089.000000 975.000000 790.000000
176.000000 911.000000 1639.000000 1870.017090 1504.078613
1310.000000 2071.000000 1964.000000 2636.000000 1657.000000
565.000000 1029.000000 625.000000 1273.495117 197.063126
941.000000 2103.000000 1510.000000 2429.000000 1276.000000
1299.000000 2153.000000 1212.000000 2479.000000 1016.000000
741.000000 718.000000 1237.000000 308.000000 977.000000
366.000000 1512.000000 884.000000 1888.575806 636.667480
1541.000000 1396.000000 1619.000000 2227.000000 1473.000000
1451.000000 1631.000000 1612.000000 2298.000000 1412.000000
1486.000000 2185.000000 1213.000000 2504.000000 1017.000000
1307.000000 1216.000000 815.000000 1528.000000 498.000000
866.000000 2203.000000 797.000000 2525.000000 656.000000
581.000000 1068.000000 1709.000000 1959.979126 1580.002686
793.000000 1912.000000 1564.000000 2378.000000 1365.000000
773.000000 1379.000000 1645.000000 2219.000000 1504.000000
807.000000 782.000000 1901.000000 1964.000000 1840.000000
1030.000000 2343.000000 1016.000000 2632.000000 859.000000
791.000000 2111.000000 404.000000 2449.000000 282.000000
1110.000000 843.000000 1033.000000 601.000000 681.000000
1027.000000 1535.000000 1044.000000 1920.000000 815.000000
900.000000 1034.000000 1084.000000 1133.000000 799.000000
1184.000000 1363.000000 1271.000000 1728.000000 1053.000000
1107.000000 1834.000000 1439.000000 2293.000000 1228.000000
1443.000000 2131.000000 1275.000000 2457.000000 1072.000000
982.000000 1453.000000 799.000000 1863.000000 531.000000
1213.000000 524.000000 1656.000000 1333.000000 1597.000000
845.000000 1285.000000 762.000000 1533.000000 436.000000
754.000000 1336.000000 1775.000000 2118.000000 1681.000000
802.000000 2080.000000 260.000000 2422.000000 153.000000
32.000000 1361.000000 415.000000 1883.542725 83.704918
318.000000 2188.000000 100.000000 2513.548340 24.932114
1087.000000 1585.000000 1424.000000 2162.000000 1218.000000
1484.000000 1525.000000 1231.000000 1897.000000 1003.000000
672.000000 1740.000000 1497.000000 2334.000000 1282.000000
301.000000 703.000000 1075.000000 263.358154 729.167847
1480.000000 604.000000 1619.000000 1519.000000 1538.000000
1011.000000 1219.000000 669.000000 1534.000000 319.000000
765.000000 1767.000000 1097.000000 2255.000000 893.000000
1128.000000 1608.000000 1155.000000 1998.000000 951.000000
1514.000000 1491.000000 767.000000 1862.000000 504.000000
1325.000000 1853.000000 1176.000000 2256.000000 974.000000
1183.000000 1537.000000 1093.000000 1926.000000 867.000000

0.000000 1839.919800 1534.754761 486.536194 1525.257568 2310.220215 1380.304199 983.424316 1391.141479
6.000000 779.998596 1335.394775 1866.667603 1334.211426 1246.653076 1128.126953 2146.662354 1122.751221
9.000000 1519.934082 1562.609497 496.559021 1557.260742 1280.082031 1453.878784 2150.045410 1435.482788
2.000000 506.475006 1571.574097 1503.151855 1580.429077 2183.448242 1452.286865 1046.882935 1466.863403
5.000000 523.071960 1599.977905 1509.774414 1609.657349 2193.398682 1416.505249 1293.300049 1435.051147
13.000000 1859.995483 1325.523560 886.664185 1329.363159 2149.998535 1116.278809 1406.663208 1119.106567
3.000000 586.547668 1517.607544 1446.441650 1531.055420 1090.067871 1376.540283 2200.155762 1365.020874
84.000000 2615.596924 466.710876 2596.434326 3.067400 2764.495361 379.797485 2760.552246 129.988617
16.000000 1363.803589 418.460968 947.758423 527.499146 1883.542725 83.704918 1246.760254 38.676090
15.000000 1377.692383 387.013184 977.217407 498.642487 1896.568359 54.663059 1236.724854 5.880353
29.000000 1406.710205 1380.655762 1796.661133 1387.004028 1873.329102 1175.579346 2320.000488 1176.422119
17.000000 986.219971 508.372925 1360.616577 405.579041 1249.916870 24.521147 1886.731445 69.074654
56.000000 2463.498047 227.337433 2086.651123 319.936554 2733.329834 216.720108 2429.980713 196.962357
12.000000 1423.215698 1512.825439 1039.853027 1496.861450 2200.051758 1326.667480 1413.340942 1324.226685
85.000000 1539.983643 1517.100830 1919.962158 1518.745972 2409.991455 1312.602905 2160.026123 1315.549072
25.000000 1365.273438 576.892700 1023.511169 650.822021 1803.447266 261.476135 1300.166870 230.612823
24.000000 1019.839111 642.586304 1353.487671 570.716309 1303.183716 219.010315 1809.913208 251.359680
19.000000 1366.226196 534.749756 1036.770996 610.454163 1826.792847 214.709381 1286.888428 179.894821
27.000000 1023.598816 657.887146 1352.536621 586.337219 1309.839111 239.294479 1800.041870 269.315796
21.000000 1365.935669 560.006348 1046.699341 630.148438 1810.050049 242.545578 1293.563721 209.710297
22.000000 1043.239868 619.588074 1353.891235 549.126282 1299.763794 193.611603 1813.298340 227.201660
79.000000 2050.062256 1338.089722 2350.020020 1341.656006 2379.962646 1126.372192 2636.672363 1129.528320
105.000000 2487.075684 8.071666 2206.591309 89.741089 2750.126221 38.407589 2536.549805 21.473885
63.000000 1307.615723 1216.661865 1308.172119 939.996338 1678.630737 966.669617 1678.026245 683.330444
99.000000 2396.800293 1955.998413 2125.636963 1901.820068 2713.298584 1616.203979 2486.624756 1613.459473
52.000000 1016.668274 1350.336670 1289.995361 1349.035034 1399.994873 1145.549805 1713.321411 1144.098267
41.000000 1289.993286 1362.103027 1020.001343 1363.581909 1736.651733 1158.501465 1386.653320 1162.002197
231.000000 2063.498291 1768.495239 2326.593018 1797.337524 2496.687744 1505.000854 2616.668457 1503.480591
18.000000 743.326721 1374.793457 1000.018311 1375.955688 683.327026 1185.869019 1226.652954 1181.592285
42.000000 1033.322510 1379.409668 1289.998413 1380.418945 1389.980713 1181.745728 1733.344482 1177.585327
214.000000 1777.061768 1828.035645 1526.702026 1799.692627 2413.297607 1588.936035 2286.773926 1593.189331
179.000000 2506.950195 458.289581 2272.051514 499.329956 2756.528809 418.392120 2616.357910 407.202087
61.000000 853.433594 1489.125977 619.944702 1498.642944 679.979492 1333.121582 966.675110 1331.463745
60.000000 1636.654907 1362.499268 1406.644287 1361.416504 2156.648926 1153.579102 1866.696899 1155.250122
37.000000 880.000427 1318.233276 1109.999634 1318.289307 856.666138 1103.207764 1230.006836 1101.583252
133.000000 2330.008545 1453.040649 2550.013916 1459.526855 2593.343750 1221.716675 2773.337158 1220.623535
101.000000 1649.760986 1072.152832 1615.607300 856.834717 2126.869141 858.546082 2085.032471 640.449707
124.000000 1465.943359 876.669250 1249.205444 892.351196 1863.393677 615.337708 1676.809082 606.863770
144.000000 2443.360107 1150.680786 2229.964111 1159.090088 2709.999756 973.218994 2546.667725 973.684814
206.000000 2340.095215 817.698059 2535.710449 799.641296 2629.916260 691.604919 2759.910645 698.380066
205.000000 2230.549561 1752.363159 2421.270508 1776.716919 2549.897461 1474.480103 2680.134277 1477.459106
100.000000 2346.823730 714.470947 2157.668457 740.588989 2710.023438 605.894653 2486.694580 599.082703
174.000000 1836.637573 1356.091187 1646.113403 1365.732300 2316.531250 1150.433105 2173.043945 1157.138428
71.000000 1459.833130 901.686890 1269.711548 908.059753 1846.539673 632.718201 1573.060425 641.516418
75.000000 2193.291992 1244.851074 2383.421143 1240.515625 2506.693848 1044.982300 2770.012207 1049.244141
238.000000 1165.789673 343.173401 1345.493408 394.201324 1769.918579 3.516945 1876.677002 50.831165
290.000000 2379.888428 1161.463501 2559.645508 1150.728638 2663.289795 981.742432 2769.968018 978.829102
160.000000 2192.335205 99.223732 2365.185791 57.237309 2513.548340 24.932114 2660.438232 43.130295
110.000000 1189.817749 930.376404 1012.796265 941.283691 1446.650146 623.871277 1240.075073 617.546875
96.000000 2182.356445 196.439087 2353.214355 149.566635 2506.874023 110.522324 2736.607910 127.462692
74.000000 746.309692 750.981628 920.190613 724.589233 693.361816 252.962479 960.245483 273.472687
112.000000 1196.119263 909.122681 1022.971985 921.687561 1466.767090 601.012390 1263.381592 592.217407
123.000000 2203.121094 279.069397 2370.218750 240.958862 2476.851807 190.567093 2663.352783 203.042511
176.000000 1649.995728 1351.380859 1820.002197 1351.012817 2153.326660 1142.232666 2296.674805 1141.369507
260.000000 2360.003662 1337.983032 2530.002441 1337.507324 2646.664795 1125.851196 2759.997803 1125.605713
109.000000 2044.210205 547.268616 2206.785889 527.655701 2320.135498 392.187622 2527.060303 416.674225
67.000000 1270.555542 612.583313 1110.775757 646.940857 1706.454224 273.548492 1429.781250 256.987701
32.000000 653.505371 1020.969666 813.210144 992.638916 93.334991 620.242249 503.338562 617.431519
288.000000 2349.310547 387.136810 2506.494385 349.285034 2646.606689 325.649231 2753.374512 328.409607
222.000000 2426.925293 1757.054321 2266.116455 1742.931641 2690.121826 1459.762207 2566.848389 1464.614868
58.000000 1016.593323 1494.911011 856.629028 1487.476929 1376.672852 1330.348145 1079.981445 1335.619629
289.000000 2502.567871 340.100220 2347.491211 376.816162 2753.402832 318.295258 2646.664551 316.820496
200.000000 2614.003906 1888.478638 2456.655518 1866.747314 2859.962891 1539.073364 2726.843750 1544.413330
147.000000 1754.067749 1243.364868 1752.203491 1090.013794 2242.677002 1043.312866 2243.496094 883.317078
51.000000 2196.676514 932.869141 2346.821045 936.049744 2309.926514 776.144836 2623.481201 784.341431
47.000000 1000.110962 1364.046509 853.143250 1357.821289 1230.023926 1162.489380 903.324646 1163.342407
87.000000 2343.070801 1049.499512 2486.700684 1044.268921 2519.991211 888.406982 2766.685303 889.662537
108.000000 1513.333374 1320.000000 1656.666626 1320.000000 1943.333374 1099.998657 2156.666260 1100.276489
59.000000 1599.999390 1339.842407 1460.001343 1340.366455 2076.649902 1128.981323 1783.340942 1133.794189
204.000000 2039.720703 235.693680 2171.744873 197.799271 2370.009033 103.103333 2500.200928 108.234016
142.000000 2013.357788 1440.988281 2149.940430 1437.600342 2363.564697 1214.712158 2530.058594 1221.995850
39.000000 673.142395 952.354248 803.389648 926.955383 133.306122 513.605774 503.360504 516.398621
251.000000 2156.364746 746.188477 2286.866211 735.854675 2476.405762 602.730103 2589.975830 613.585938
107.000000 1403.365234 1506.107422 1533.322388 1513.526001 2146.649414 1308.955078 2359.979492 1305.429932
225.000000 1593.057983 457.373810 1471.837646 409.907043 1891.025391 194.272110 1979.259399 109.231583
119.000000 620.055664 1167.448486 746.792053 1158.428589 3.205512 850.219971 197.007507 857.191528
55.000000 1086.572998 1492.346069 1213.303711 1497.408813 1446.707886 1321.868164 1753.298706 1315.098877
135.000000 650.194519 1755.388428 770.452881 1773.691040 1623.291138 1702.526855 1799.997803 1693.291992
279.000000 2065.958008 376.816559 2183.478760 350.653625 2400.166504 244.147079 2509.907959 251.395279
227.000000 1022.448975 476.793884 1136.100830 444.714661 1320.045776 2.610126 1440.197510 10.210712
89.000000 776.586487 1624.098755 659.804504 1611.866455 1870.017090 1504.078613 1626.659058 1509.666382
212.000000 1526.151611 806.672607 1524.800659 690.021606 1977.006470 560.034729 1978.204956 433.316345
154.000000 2527.013916 1984.882935 2639.959473 2006.875000 2803.333496 1623.431274 2959.998535 1623.362671
92.000000 659.738525 1619.301758 773.277100 1630.566650 1626.628296 1518.752441 1866.708740 1511.368896
164.000000 1526.660034 1348.209839 1640.005615 1348.696411 1946.633789 1138.758667 2093.368896 1141.060669
141.000000 1313.339111 1349.614380 1426.646606 1351.327271 1720.000610 1143.425537 1886.682007 1142.325317
140.000000 1960.049683 866.930420 2070.525635 846.124268 2300.046631 681.998596 2466.859131 687.829834
111.000000 646.445312 891.581055 757.204163 877.588013 76.619720 403.971039 279.833252 418.931549
14.000000 1183.487549 1322.530762 1293.485474 1315.829834 1419.996338 1110.709229 2139.999512 1109.695068
171.000000 1623.936646 858.999023 1530.925415 802.934692 2094.152832 644.575623 1978.765381 556.237976
185.000000 1632.254272 1101.103027 1708.122925 1175.325928 2029.058716 871.092773 2129.103271 967.713318
211.000000 986.557007 789.995300 982.108948 893.280579 1070.673950 516.688110 1074.707397 389.831726
62.000000 1143.452759 1070.001953 1141.798462 1173.308716 1415.872803 736.657776 1412.696899 1020.067566
150.000000 1370.060791 833.306763 1329.949707 741.477966 1784.882446 603.078796 1807.185181 446.740631
30.000000 1062.923340 1310.035034 1064.122803 1209.969482 1272.707764 1100.002808 1273.154541 673.333130
23.000000 1553.333374 1390.000000 1453.333374 1390.000000 2116.664551 1182.986816 1603.330933 1186.287354
81.000000 713.176758 692.555542 616.404907 712.032776 256.740814 112.433563 3.206358 91.540848
163.000000 1016.830444 934.567688 1113.563477 921.735107 1276.609009 605.106445 1423.445679 609.877319
213.000000 880.010681 1328.216553 783.325623 1328.883423 856.666687 1118.432739 730.000061 1118.428833
187.000000 1276.778076 900.867065 1370.281494 888.858826 1689.901489 619.396790 1826.750732 624.337646
132.000000 1219.894287 1488.400879 1126.671021 1486.456543 1666.664673 1306.614136 1486.663696 1313.251343
93.000000 789.798584 988.952332 699.916870 1006.234436 393.351288 508.847900 153.357666 505.106293
183.000000 1303.497925 1316.529419 1393.431030 1311.897827 1686.653564 1102.381104 1826.672852 1100.452026
229.000000 1763.344116 1340.867798 1673.316650 1341.985107 2303.324463 1132.337402 2183.331787 1132.583008
148.000000 780.001831 1346.578857 869.961609 1348.481812 716.693542 1144.865112 876.689148 1145.702515
180.000000 686.187073 821.160095 773.739075 801.838684 179.941864 304.466675 320.086090 311.655121
298.000000 980.851746 782.870422 1029.499268 711.942810 1111.461426 368.066650 1187.571045 294.376831
283.000000 1065.772095 960.536255 1047.370605 1044.221069 1185.602051 603.448425 1180.179321 710.347290
145.000000 707.033264 732.120422 623.320557 746.592712 243.250732 177.412888 82.635971 159.632965
31.000000 676.345398 1294.122437 759.975464 1289.551392 59.949097 1068.579468 473.348816 1053.765503
244.000000 1390.000000 1356.666626 1306.666626 1356.666626 1853.333374 1150.000000 1736.666626 1150.000000
