Keypoint Matches and Line Matches for pairs 1, 7 
1 corresponds to the image ./resources/Data/FountainP11/images/0001.png 
7 corresponds to the image ./resources/Data/FountainP11/images/0007.png 

41.000000 886.664185 1329.363159 813.334900 1092.647705
85.000000 1363.803589 418.460968 1973.437622 56.019230
42.000000 1406.710205 1380.655762 1826.640137 1152.354126
126.000000 1360.616577 405.579041 1974.282959 40.480747
154.000000 2086.651123 319.936554 2389.911377 203.929535
216.000000 1539.983643 1517.100830 2223.339844 1286.864746
31.000000 1365.273438 576.892700 1956.607300 247.114029
51.000000 1023.511169 650.822021 1403.596558 164.718521
557.000000 1019.839111 642.586304 1276.414551 155.374725
44.000000 1366.226196 534.749756 1909.909058 183.973297
45.000000 1036.770996 610.454163 1396.991699 111.047638
762.000000 1352.536621 586.337219 1914.000000 244.000000
49.000000 1046.699341 630.148438 1406.653687 143.426666
46.000000 1043.239868 619.588074 1406.279419 126.047104
47.000000 1353.891235 549.126282 1900.024658 196.493790
317.000000 2350.020020 1341.656006 2556.667236 1102.763306
309.000000 2206.591309 89.741089 2479.717041 41.580189
116.000000 1308.172119 939.996338 1754.357422 650.003235
471.000000 1016.668274 1350.336670 1353.330688 1123.139038
104.000000 1289.995361 1349.035034 1796.624878 1117.548950
89.000000 1289.993286 1362.103027 1820.007446 1133.833496
90.000000 1020.001343 1363.581909 1489.981689 1138.781250
39.000000 1000.018311 1375.955688 1333.282471 1159.562012
469.000000 1033.322510 1379.409668 1460.000000 1166.666626
88.000000 1289.998413 1380.418945 1823.334473 1153.400269
427.000000 2506.950195 458.289581 2659.625977 432.631439
428.000000 2272.051514 499.329956 2533.610596 414.716797
131.000000 1636.654907 1362.499268 2196.699707 1127.578735
132.000000 1406.644287 1361.416504 1940.022583 1129.575684
586.000000 1109.999634 1318.289307 1476.663940 1076.453857
177.000000 1649.760986 1072.152832 2155.643311 838.822205
225.000000 1465.943359 876.669250 1933.497192 587.803467
226.000000 1249.205444 892.351196 1736.930054 573.136536
413.000000 2443.360107 1150.680786 2616.670898 955.945312
414.000000 2229.964111 1159.090088 2486.655762 955.179443
341.000000 2535.710449 799.641296 2659.929199 697.481812
273.000000 2157.668457 740.588989 2459.750488 596.687378
591.000000 1836.637573 1356.091187 2320.000000 1123.333374
572.000000 1646.113403 1365.732300 2226.374023 1133.460083
191.000000 2193.291992 1244.851074 2450.007568 1023.006775
588.000000 846.493958 1480.267578 1216.694702 1317.202759
192.000000 2569.968018 1238.639282 2666.711426 1028.095459
455.000000 2192.335205 99.223732 2463.960449 43.988815
456.000000 2365.185791 57.237309 2581.221436 71.451309
213.000000 1189.817749 930.376404 1543.433350 581.836487
258.000000 2182.356445 196.439087 2479.533691 129.440399
299.000000 2370.218750 240.958862 2583.742188 223.939407
417.000000 1649.995728 1351.380859 2180.000732 1116.712524
418.000000 1820.002197 1351.012817 2309.973633 1114.834717
1328.000000 2360.003662 1337.983032 2557.000000 1098.000000
1372.000000 2044.210205 547.268616 2349.000000 399.000000
365.000000 2206.785889 527.655701 2470.365479 421.385834
619.000000 1270.555542 612.583313 1791.000000 232.000000
128.000000 1110.775757 646.940857 1536.401245 202.025208
64.000000 653.505371 1020.969666 39.951481 521.552551
119.000000 1016.593323 1494.911011 1500.107056 1313.108765
370.000000 2440.089111 1542.551880 2603.116699 1253.940308
296.000000 1754.067749 1243.364868 2256.976562 1019.905884
297.000000 1752.203491 1090.013794 2261.851562 863.287231
1381.000000 2516.714111 580.301880 2666.000000 531.000000
137.000000 1000.110962 1364.046509 1240.012573 1141.120972
138.000000 853.143250 1357.821289 989.982727 1139.697144
1075.000000 1603.340576 433.316101 1971.000000 134.000000
276.000000 1469.844849 377.034637 1986.577393 27.231104
230.000000 2486.700684 1044.268921 2663.380859 877.548096
385.000000 1513.333374 1320.000000 1963.336426 1084.238403
386.000000 1656.666626 1320.000000 2100.001465 1083.770874
531.000000 2306.682617 1626.464478 2509.940674 1327.494629
487.000000 1599.999390 1339.842407 2160.000000 1103.333374
294.000000 1460.001343 1340.366455 2030.035400 1105.197754
522.000000 2171.744873 197.799271 2447.168457 122.371216
1251.000000 1595.102905 445.429565 1959.000000 141.000000
71.000000 803.389648 926.955383 516.760193 424.997955
493.000000 1435.996582 873.321838 1856.364624 575.888245
614.000000 901.334656 1219.993774 950.000000 937.000000
754.000000 1593.057983 457.373810 1944.000000 153.000000
285.000000 746.792053 1158.428589 163.954346 795.386902
173.000000 650.194519 1755.388428 1926.649292 1689.815430
174.000000 770.452881 1773.691040 2149.880127 1668.731689
879.000000 2065.958008 376.816559 2362.000000 246.000000
876.000000 2183.478760 350.653625 2457.000000 257.000000
369.000000 2210.119385 1540.860596 2466.518311 1264.799683
259.000000 2490.913330 106.553810 2653.551758 158.701096
1150.000000 776.586487 1624.098755 1435.000000 1504.000000
411.000000 1526.151611 806.672607 2027.033569 540.014771
412.000000 1524.800659 690.021606 2032.268799 410.091431
197.000000 659.738525 1619.301758 1930.048950 1504.056396
223.000000 1526.660034 1348.209839 1943.333008 1114.514648
224.000000 1640.005615 1348.696411 2143.332275 1114.562134
415.000000 1313.339111 1349.614380 1803.327271 1118.559692
416.000000 1426.646606 1351.327271 1933.338989 1118.016357
505.000000 1960.049683 866.930420 2276.670410 669.929749
143.000000 646.445312 891.581055 16.484367 271.444458
478.000000 757.204163 877.588013 382.917511 314.310059
634.000000 2096.555664 1525.305420 2381.000000 1259.000000
108.000000 1293.485474 1315.829834 1793.333862 1085.860474
178.000000 1623.936646 858.999023 2122.922852 620.892578
408.000000 1530.925415 802.934692 2033.369019 536.118042
1278.000000 2093.449463 954.325500 2381.000000 771.000000
560.000000 929.785889 930.552185 1079.363892 515.312195
68.000000 1062.923340 1310.035034 1364.525635 1073.342285
60.000000 1553.333374 1390.000000 2176.663330 1156.413452
340.000000 2263.548340 824.567444 2519.829590 685.292847
1335.000000 1016.830444 934.567688 1136.000000 543.000000
339.000000 1113.563477 921.735107 1523.539307 567.192993
423.000000 1276.778076 900.867065 1776.364502 587.166809
424.000000 1370.281494 888.858826 1903.554688 597.190918
508.000000 2026.852051 1327.332886 2326.794189 1095.919556
336.000000 1219.894287 1488.400879 1766.730591 1284.470947
337.000000 1126.671021 1486.456543 1623.288208 1292.529297
323.000000 789.798584 988.952332 493.210693 529.586060
222.000000 699.916870 1006.234436 193.401016 518.080811
1087.000000 1044.113159 692.246277 1411.000000 240.000000
486.000000 2523.215820 908.749634 2670.159424 783.305115
1274.000000 1496.842163 587.217224 1952.000000 275.000000
206.000000 1393.431030 1311.897827 1883.342163 1075.534912
507.000000 1673.316650 1341.985107 2213.407959 1101.512939
1561.000000 2063.355713 756.989258 2391.000000 591.000000
280.000000 780.001831 1346.578857 803.335083 1122.420288
281.000000 869.961609 1348.481812 966.668396 1122.488403
266.000000 686.187073 821.160095 136.922760 164.380859
1444.000000 773.739075 801.838684 404.000000 194.000000
886.000000 1384.874634 429.749481 1953.000000 71.000000
559.000000 974.290039 890.026367 1176.519653 469.686920
1256.000000 1065.772095 960.536255 1399.000000 586.000000
330.000000 707.033264 732.120422 216.674286 23.278156
445.000000 1390.000000 1356.666626 1813.333374 1126.666626
899.000000 2026.845215 147.427109 2349.000000 20.000000
786.000000 1246.000000 1455.000000 1804.000000 1243.000000
624.000000 2284.000000 1465.000000 2515.000000 1201.000000
1106.000000 771.000000 1396.000000 925.000000 1200.000000
1198.000000 715.000000 1742.000000 2050.000000 1647.000000
1463.000000 1053.000000 1169.000000 1251.000000 876.000000
1055.000000 1239.000000 811.000000 1648.000000 458.000000
1020.000000 1780.000000 1405.000000 2286.000000 1178.000000
674.000000 1227.000000 466.000000 1845.000000 52.000000
1010.000000 1524.000000 583.000000 1911.000000 268.000000
1062.000000 1192.000000 934.000000 1571.000000 595.000000
751.000000 1749.000000 1416.000000 2366.000000 1176.000000
885.000000 1308.000000 609.000000 1807.000000 244.000000
1038.000000 1722.000000 1471.000000 2341.000000 1228.000000
635.000000 1523.000000 1044.000000 1947.000000 789.000000
1321.000000 1119.000000 1394.000000 1613.000000 1177.000000
1430.000000 792.000000 1396.000000 1023.000000 1186.000000
1127.000000 698.000000 1742.000000 1420.000000 1666.000000
792.000000 1109.000000 1002.000000 1453.000000 666.000000
1525.000000 840.000000 1390.000000 1082.000000 1187.000000
1088.000000 1070.000000 1298.000000 1207.000000 1030.000000
845.000000 1547.000000 1027.000000 1976.000000 773.000000
955.000000 1234.000000 1178.000000 1605.000000 914.000000
1435.000000 1494.000000 826.000000 1911.000000 529.000000
990.000000 1468.000000 888.000000 1921.000000 599.000000
728.000000 2520.000000 1132.000000 2685.000000 964.000000
1317.000000 1128.000000 1299.000000 1456.000000 1048.000000
826.000000 1226.000000 896.000000 1648.000000 563.000000
1023.000000 1738.000000 1405.000000 2357.000000 1166.000000
1341.000000 1264.000000 913.000000 1770.000000 597.000000
1296.000000 1596.000000 569.000000 2113.000000 316.000000
1027.000000 2114.000000 1351.000000 2402.000000 1112.000000
1236.000000 1102.000000 1450.000000 1587.000000 1249.000000
1283.000000 1033.000000 1731.000000 1371.000000 1622.000000
800.000000 1366.000000 995.000000 1832.000000 712.000000
671.000000 887.000000 1399.000000 1197.000000 1207.000000
1392.000000 849.000000 1645.000000 2265.000000 1489.000000
723.000000 1721.000000 1429.000000 2348.000000 1191.000000
1244.000000 1341.000000 1190.000000 1800.000000 934.000000
1022.000000 1332.000000 976.000000 1833.000000 688.000000
918.000000 1146.000000 720.000000 1569.000000 299.000000
829.000000 2513.000000 888.000000 2662.000000 762.000000
1531.000000 1319.000000 999.000000 1767.000000 709.000000
1172.000000 2436.000000 1946.000000 2643.000000 1551.000000
1423.000000 1075.000000 1022.000000 1380.000000 685.000000
1315.000000 986.000000 1392.000000 1381.000000 1180.000000
1332.000000 1087.000000 1003.000000 1415.000000 664.000000
1234.000000 2512.000000 869.000000 2668.000000 749.000000
1568.000000 2387.000000 935.000000 2586.000000 786.000000
1085.000000 1094.000000 1056.000000 1416.000000 735.000000
1232.000000 897.000000 1851.000000 1676.000000 1785.000000
1323.000000 1591.000000 1402.000000 2217.000000 1169.000000
1120.000000 815.000000 1441.000000 733.000000 1297.000000
1325.000000 792.000000 1772.000000 1454.000000 1700.000000
816.000000 1535.000000 1014.000000 1961.000000 758.000000
1391.000000 1371.000000 1420.000000 1966.000000 1196.000000
686.000000 1738.000000 507.000000 2073.000000 264.000000
815.000000 714.000000 1756.000000 2048.000000 1666.000000
1582.000000 1119.000000 1767.000000 2106.000000 1589.000000
1346.000000 1357.000000 1459.000000 2143.000000 1237.000000
805.000000 1011.000000 1401.000000 1526.000000 1205.000000
606.000000 1016.000000 1073.000000 1173.000000 736.000000
799.000000 1123.000000 1726.000000 2377.000000 1568.000000
869.000000 1281.000000 651.000000 1808.000000 292.000000
687.000000 1088.000000 1171.000000 1405.000000 884.000000
878.000000 1081.000000 1664.000000 1419.000000 1535.000000
1416.000000 1458.000000 1719.000000 2344.000000 1564.000000
987.000000 1217.000000 1455.000000 1761.000000 1244.000000
1434.000000 2500.000000 218.000000 2663.000000 245.000000
646.000000 1288.000000 451.000000 1864.000000 54.000000
633.000000 946.000000 1445.000000 1307.000000 1255.000000
1112.000000 927.000000 1001.000000 627.000000 595.000000
691.000000 2435.000000 1889.000000 2645.000000 1509.000000
620.000000 2477.000000 192.000000 2654.000000 218.000000
1535.000000 1662.000000 1284.000000 2130.000000 1049.000000
1011.000000 1482.000000 1475.000000 2099.000000 1249.000000
951.000000 1092.000000 1090.000000 1453.000000 781.000000
647.000000 1524.000000 1028.000000 1948.000000 774.000000
695.000000 1077.000000 1740.000000 2355.000000 1586.000000
1261.000000 1351.000000 1288.000000 1810.000000 1046.000000
958.000000 1325.000000 1073.000000 1777.000000 797.000000
1144.000000 748.000000 1457.000000 683.000000 1286.000000
1446.000000 1385.000000 1135.000000 1858.000000 876.000000
943.000000 1417.000000 1399.000000 2026.000000 1171.000000
600.000000 708.000000 1355.000000 291.000000 1136.000000
140.000000 1629.000000 1124.000000 2079.223877 896.922424
1528.000000 1101.000000 1292.000000 1430.000000 1045.000000
1131.000000 1379.000000 1227.000000 1846.000000 979.000000
617.000000 2597.000000 1974.000000 2735.000000 1547.000000
1396.000000 2447.000000 1213.000000 2617.000000 1006.000000
785.000000 1016.000000 1087.000000 1175.000000 754.000000
1442.000000 970.000000 1446.000000 1354.000000 1255.000000
758.000000 2074.000000 124.000000 2376.000000 19.000000
1390.000000 1582.000000 1040.000000 2013.000000 792.000000
1470.000000 860.000000 1462.000000 1185.000000 1276.000000
602.000000 1025.000000 1060.000000 1191.000000 719.000000
834.000000 1144.000000 1387.000000 1734.000000 1175.000000
1167.000000 2126.000000 1152.000000 2404.000000 943.000000
994.000000 1184.000000 478.000000 1711.000000 30.000000
1294.000000 1341.000000 1035.000000 1800.000000 755.000000
1402.000000 860.000000 1445.000000 1128.000000 1262.000000
836.000000 721.000000 1396.000000 798.000000 1202.000000
1480.000000 611.000000 1720.000000 2377.000000 1520.000000
1014.000000 618.000000 1634.000000 949.000000 1551.000000
1162.000000 983.000000 1447.000000 1374.000000 1255.000000
922.000000 898.000000 1418.000000 1106.000000 1214.000000
1024.000000 1232.000000 1445.000000 1986.000000 1229.000000
1094.000000 1553.000000 1455.000000 2177.000000 1222.000000
1580.000000 1185.000000 574.000000 1707.000000 153.000000
1485.000000 690.000000 1684.000000 1407.000000 1602.000000
1290.000000 2084.000000 398.000000 2384.000000 274.000000
1183.000000 1324.000000 1229.000000 1793.000000 980.000000
903.000000 2057.000000 658.000000 2356.000000 501.000000
901.000000 727.000000 1388.000000 813.000000 1189.000000
1382.000000 1230.000000 1478.000000 1782.000000 1270.000000
925.000000 1155.000000 728.000000 1516.000000 319.000000
675.000000 1537.000000 1465.000000 2159.000000 1233.000000
698.000000 1630.000000 1481.000000 2255.000000 1244.000000
608.000000 1400.000000 1460.000000 2005.000000 1238.000000
769.000000 676.000000 804.000000 125.000000 132.000000
12.000000 1714.000000 1652.000000 2430.101074 1388.727905
1169.000000 981.000000 1520.000000 1516.000000 1349.000000
1061.000000 1340.000000 1114.000000 1827.000000 848.000000
709.000000 2344.000000 1740.000000 2678.000000 1391.000000
1245.000000 2159.000000 913.000000 2430.000000 743.000000
791.000000 1048.000000 1191.000000 1307.000000 910.000000
1565.000000 1286.000000 436.000000 1872.000000 39.000000
1359.000000 1096.000000 1684.000000 2041.000000 1543.000000
1226.000000 1257.000000 1417.000000 1805.000000 1200.000000
1074.000000 2050.000000 846.000000 2344.000000 667.000000
457.000000 1368.000000 913.000000 1902.339355 623.769714
939.000000 655.000000 1464.000000 446.000000 1317.000000
867.000000 1368.000000 1156.000000 1835.000000 898.000000
696.000000 1339.000000 1072.000000 1793.000000 798.000000
1490.000000 1523.000000 998.000000 2024.000000 749.000000
631.000000 1125.000000 1236.000000 1483.000000 983.000000
898.000000 958.000000 1437.000000 1382.000000 1242.000000
1031.000000 1077.000000 1238.000000 1407.000000 974.000000
985.000000 1555.000000 1186.000000 1965.000000 948.000000
1356.000000 1076.000000 973.000000 1500.000000 634.000000
929.000000 1114.000000 1088.000000 1469.000000 781.000000
1409.000000 1072.000000 1164.000000 1390.000000 882.000000
753.000000 1998.000000 379.000000 2316.000000 228.000000
972.000000 1086.000000 1783.000000 1981.000000 1614.000000
637.000000 1586.000000 1466.000000 2211.000000 1232.000000
744.000000 1504.000000 1045.000000 1925.000000 788.000000
1354.000000 1049.000000 1149.000000 1243.000000 844.000000
1271.000000 1352.000000 1131.000000 1810.000000 866.000000
1113.000000 1572.000000 1466.000000 2197.000000 1233.000000
787.000000 1048.000000 1270.000000 1231.000000 1011.000000
667.000000 980.000000 1412.000000 1460.000000 1201.000000
820.000000 894.000000 778.000000 746.000000 231.000000
1310.000000 1459.000000 556.000000 1956.000000 258.000000
1147.000000 1038.000000 1209.000000 1223.000000 929.000000
749.000000 1609.000000 1212.000000 2094.000000 1016.000000
236.000000 1045.000000 918.000000 1366.748291 542.401245
1474.000000 2073.000000 1238.000000 2361.000000 1015.000000
882.000000 1456.000000 1174.000000 1924.000000 923.000000
1407.000000 1048.000000 1084.000000 1235.000000 757.000000
945.000000 1413.000000 1420.000000 2020.000000 1193.000000
1553.000000 1605.000000 585.000000 2115.000000 328.000000
1426.000000 2134.000000 646.000000 2417.000000 507.000000
1393.000000 1146.000000 1465.000000 1657.000000 1262.000000
685.000000 858.000000 1408.000000 1220.000000 1205.000000
880.000000 1293.000000 1468.000000 1869.000000 1254.000000
1086.000000 2076.000000 1372.000000 2374.000000 1129.000000
782.000000 2069.000000 792.000000 2366.000000 622.000000
932.000000 1805.000000 528.000000 2141.000000 308.000000
1544.000000 1133.000000 1018.000000 1482.000000 692.000000
649.000000 1385.000000 1295.000000 1821.000000 1062.000000
1182.000000 528.000000 1692.000000 1193.000000 1579.000000
1569.000000 1053.000000 712.000000 1413.000000 263.000000
812.000000 2222.000000 1072.000000 2463.000000 881.000000
1526.000000 1318.000000 1152.000000 1789.000000 895.000000
1070.000000 43.000000 1684.000000 182.000000 1725.000000
1142.000000 2364.000000 607.000000 2575.000000 521.000000
1068.000000 1522.000000 1422.000000 2328.000000 1189.000000
842.000000 1298.000000 799.000000 1739.000000 464.000000
999.000000 1259.000000 1455.000000 1821.000000 1241.000000
1338.000000 1036.000000 1401.000000 1470.000000 1191.000000
1233.000000 1308.000000 1449.000000 1681.000000 1238.000000
458.000000 1504.000000 1013.000000 1914.418945 743.559998
48.000000 1356.000000 563.000000 1893.612427 211.331528
627.000000 1058.000000 661.000000 1406.000000 192.000000
1000.000000 1089.000000 595.000000 1633.000000 142.000000
1418.000000 1546.000000 1043.000000 1974.000000 791.000000
996.000000 972.000000 1187.000000 1163.000000 967.000000
645.000000 1033.000000 1073.000000 1208.000000 738.000000
849.000000 1091.000000 1238.000000 1469.000000 975.000000
655.000000 699.000000 1753.000000 2023.000000 1668.000000
983.000000 1451.000000 1474.000000 2066.000000 1249.000000
378.000000 1073.000000 1378.000000 1483.374390 1160.410034
653.000000 2319.000000 586.000000 2545.000000 496.000000
1483.000000 1293.000000 1406.000000 1868.000000 1184.000000
806.000000 1506.000000 1447.000000 1867.000000 1243.000000
784.000000 1051.000000 1064.000000 1455.000000 755.000000
679.000000 1274.000000 805.000000 1687.000000 461.000000
980.000000 1211.000000 662.000000 1606.000000 258.000000
677.000000 1024.000000 1420.000000 1355.000000 1210.000000
1415.000000 1039.000000 1106.000000 1164.000000 783.000000
722.000000 1371.000000 1460.000000 1968.000000 1237.000000
575.000000 608.000000 1418.000000 576.556091 1233.508911
737.000000 1476.000000 1172.000000 1892.000000 923.000000
942.000000 2350.000000 1428.000000 2553.000000 1170.000000
1369.000000 1707.000000 1471.000000 2328.000000 1230.000000
1146.000000 1365.000000 1070.000000 1818.000000 792.000000
1436.000000 1308.000000 883.000000 1818.000000 574.000000
839.000000 1509.000000 1257.000000 2056.000000 1025.000000
521.000000 2029.000000 241.000000 2337.113037 109.512642
1004.000000 1151.000000 565.000000 1501.000000 101.000000
1211.000000 1222.000000 454.000000 1846.000000 34.000000
1465.000000 2448.000000 1936.000000 2651.000000 1543.000000
988.000000 1546.000000 995.000000 1974.000000 740.000000
405.000000 1527.000000 811.000000 2016.158447 546.657410
1174.000000 1731.000000 1461.000000 2348.000000 1219.000000
532.000000 2454.000000 1639.000000 2619.957764 1324.885132
1084.000000 2103.000000 1510.000000 2383.000000 1245.000000
1521.000000 2153.000000 1212.000000 2427.000000 994.000000
1496.000000 718.000000 1237.000000 293.000000 933.000000
1583.000000 1512.000000 884.000000 1936.000000 612.000000
1175.000000 2185.000000 1213.000000 2448.000000 997.000000
1331.000000 1216.000000 815.000000 1612.000000 457.000000
852.000000 1589.000000 1712.000000 2419.000000 1478.000000
1032.000000 782.000000 1901.000000 2240.000000 1812.000000
643.000000 2111.000000 404.000000 2404.000000 288.000000
777.000000 1535.000000 1044.000000 1948.000000 803.000000
767.000000 1034.000000 1084.000000 1208.000000 756.000000
984.000000 1363.000000 1271.000000 1828.000000 1028.000000
732.000000 1834.000000 1439.000000 2323.000000 1200.000000
1459.000000 1453.000000 799.000000 1910.000000 505.000000
1248.000000 524.000000 1656.000000 1657.000000 1595.000000
621.000000 1693.000000 1727.000000 2414.000000 1438.000000
931.000000 1285.000000 762.000000 1619.000000 393.000000
1096.000000 1235.000000 1240.000000 1722.000000 988.000000
1344.000000 1522.000000 927.000000 1982.000000 665.000000
1073.000000 1518.000000 1401.000000 2137.000000 1169.000000
641.000000 817.000000 1406.000000 1025.000000 1226.000000
601.000000 1299.000000 1744.000000 2021.000000 1503.000000
61.000000 1175.000000 1381.000000 1706.657715 1162.659668
1576.000000 1810.000000 713.000000 2123.000000 487.000000
1097.000000 1585.000000 1424.000000 2211.000000 1191.000000
913.000000 1350.000000 384.000000 1991.000000 27.000000
1456.000000 982.000000 1466.000000 1429.000000 1268.000000
825.000000 1740.000000 1497.000000 2358.000000 1252.000000
1348.000000 1565.000000 1132.000000 1977.000000 900.000000
1134.000000 604.000000 1619.000000 1416.000000 1616.000000
1408.000000 2505.000000 345.000000 2663.000000 346.000000
1542.000000 1219.000000 669.000000 1619.000000 272.000000
1268.000000 1608.000000 1155.000000 2039.000000 915.000000
1275.000000 1491.000000 767.000000 1909.000000 477.000000
1487.000000 1596.000000 1050.000000 2014.000000 803.000000
1007.000000 1537.000000 1093.000000 1967.000000 843.000000

0.000000 1839.919800 1534.754761 486.536194 1525.257568 2439.726562 1375.724243 746.442200 1355.038452
16.000000 2728.171143 1159.918823 2665.698242 2.845702 2926.454346 566.668152 2922.563232 3.269586
12.000000 779.998596 1335.394775 1866.667603 1334.211426 1496.637329 1103.277588 2166.673584 1097.474365
6.000000 523.071960 1599.977905 1509.774414 1609.657349 2430.101074 1388.727905 1633.226440 1427.822388
13.000000 1859.995483 1325.523560 886.664185 1329.363159 2156.668945 1090.323853 1506.654541 1094.974976
2.000000 586.547668 1517.607544 1446.441650 1531.055420 1220.422607 1362.991455 2326.779541 1348.819214
76.000000 2615.596924 466.710876 2596.434326 3.067400 2741.366211 426.665863 2741.225342 186.665955
8.000000 924.215942 1865.014526 474.158783 1785.337402 2416.658447 1686.586182 1633.221191 1765.553589
43.000000 1363.803589 418.460968 947.758423 527.499146 1973.437622 56.019230 1643.409058 2.863156
21.000000 1406.710205 1380.655762 1796.661133 1387.004028 1826.640137 1152.354126 2356.661133 1149.092773
63.000000 986.219971 508.372925 1360.616577 405.579041 1710.513184 -0.009941 1974.282959 40.480747
77.000000 2463.498047 227.337433 2086.651123 319.936554 2626.312500 239.050797 2389.911377 203.929535
108.000000 1539.983643 1517.100830 1919.962158 1518.745972 2426.675293 1280.263306 2223.339844 1286.864746
25.000000 1365.273438 576.892700 1023.511169 650.822021 1886.667603 229.993301 1403.596558 164.718521
15.000000 1019.839111 642.586304 1353.487671 570.716309 1397.165771 172.903717 1956.607300 247.114029
22.000000 1366.226196 534.749756 1036.770996 610.454163 1909.909058 183.973297 1396.991699 111.047638
17.000000 1365.935669 560.006348 1046.699341 630.148438 1409.415039 154.480270 1962.460815 226.683243
23.000000 1043.239868 619.588074 1353.891235 549.126282 1406.279419 126.047104 1900.024658 196.493790
159.000000 2050.062256 1338.089722 2350.020020 1341.656006 2406.664551 1102.639160 2556.667236 1102.763306
155.000000 2487.075684 8.071666 2206.591309 89.741089 2630.260254 68.547302 2479.717041 41.580189
58.000000 1307.615723 1216.661865 1308.172119 939.996338 1753.466675 933.323242 1754.357422 650.003235
52.000000 1016.668274 1350.336670 1289.995361 1349.035034 1499.987549 1122.599976 1796.624878 1117.548950
45.000000 1289.993286 1362.103027 1020.001343 1363.581909 1820.007446 1133.833496 1489.981689 1138.781250
19.000000 743.326721 1374.793457 1000.018311 1375.955688 783.292603 1166.982544 1333.282471 1159.562012
44.000000 1033.322510 1379.409668 1289.998413 1380.418945 1493.315430 1158.934937 1823.334473 1153.400269
215.000000 2506.950195 458.289581 2272.051514 499.329956 2659.625977 432.631439 2533.610596 414.716797
119.000000 1599.952148 1313.917725 1829.999268 1316.730347 1986.843994 1072.367554 2176.795898 1080.199951
66.000000 1636.654907 1362.499268 1406.644287 1361.416504 2196.699707 1127.578735 1940.022583 1129.575684
38.000000 880.000427 1318.233276 1109.999634 1318.289307 926.673767 1076.296753 1313.330200 1075.369995
89.000000 1649.760986 1072.152832 1615.607300 856.834717 2155.643311 838.822205 2122.922852 620.892578
113.000000 1465.943359 876.669250 1249.205444 892.351196 1933.497192 587.803467 1736.930054 573.136536
208.000000 2443.360107 1150.680786 2229.964111 1159.090088 2616.670898 955.945312 2486.655762 955.179443
171.000000 2340.095215 817.698059 2535.710449 799.641296 2519.829590 685.292847 2659.929199 697.481812
137.000000 2346.823730 714.470947 2157.668457 740.588989 2626.733154 609.106812 2459.750488 596.687378
297.000000 1836.637573 1356.091187 1646.113403 1365.732300 2320.000000 1123.333374 2213.333252 1123.333374
67.000000 1459.833130 901.686890 1269.711548 908.059753 1910.010620 605.653381 1653.339844 605.298950
96.000000 2193.291992 1244.851074 2383.421143 1240.515625 2450.007568 1023.006775 2666.711426 1028.095459
50.000000 663.366272 1490.584351 846.493958 1480.267578 779.952271 1327.821289 1093.354248 1320.956421
229.000000 2192.335205 99.223732 2365.185791 57.237309 2463.960449 43.988815 2581.221436 71.451309
107.000000 1189.817749 930.376404 1012.796265 941.283691 1543.433350 581.836487 1340.117188 568.246704
130.000000 2182.356445 196.439087 2353.214355 149.566635 2479.533691 129.440399 2653.551758 158.701096
228.000000 746.309692 750.981628 920.190613 724.589233 506.365234 111.879654 625.962219 131.059402
118.000000 1196.119263 909.122681 1022.971985 921.687561 1557.040649 559.061218 1366.748291 542.401245
150.000000 2203.121094 279.069397 2370.218750 240.958862 2430.358887 200.939270 2583.742188 223.939407
210.000000 1649.995728 1351.380859 1820.002197 1351.012817 2180.000732 1116.712524 2309.973633 1114.834717
98.000000 2360.003662 1337.983032 2530.002441 1337.507324 2679.992676 1102.810059 2896.666504 1103.377563
183.000000 2044.210205 547.268616 2206.785889 527.655701 2334.119629 395.811523 2470.365479 421.385834
64.000000 1270.555542 612.583313 1110.775757 646.940857 1799.582397 236.519913 1536.401245 202.025208
32.000000 653.505371 1020.969666 813.210144 992.638916 39.951481 521.552551 493.362854 535.721924
60.000000 1016.593323 1494.911011 856.629028 1487.476929 1500.107056 1313.108765 1220.094849 1322.754517
186.000000 2286.683350 1539.225220 2440.089111 1542.551880 2466.518311 1264.799683 2603.116699 1253.940308
149.000000 1754.067749 1243.364868 1752.203491 1090.013794 2256.976562 1019.905884 2261.851562 863.287231
81.000000 2196.676514 932.869141 2346.821045 936.049744 2316.738037 762.157837 2547.103027 776.146118
69.000000 1000.110962 1364.046509 853.143250 1357.821289 1240.012573 1141.120972 989.982727 1139.697144
115.000000 2343.070801 1049.499512 2486.700684 1044.268921 2469.991211 873.790771 2663.380859 877.548096
194.000000 1513.333374 1320.000000 1656.666626 1320.000000 1963.336426 1084.238403 2100.001465 1083.770874
267.000000 2306.682617 1626.464478 2446.860352 1637.549561 2509.940674 1327.494629 2619.957764 1324.885132
245.000000 1599.999390 1339.842407 1460.001343 1340.366455 2160.000000 1103.333374 2043.333374 1103.333374
262.000000 2039.720703 235.693680 2171.744873 197.799271 2337.113037 109.512642 2447.168457 122.371216
35.000000 673.142395 952.354248 803.389648 926.955383 83.294159 400.698853 516.760193 424.997955
33.000000 1403.365234 1506.107422 1533.322388 1513.526001 1926.656372 1289.683105 2379.945557 1274.986450
248.000000 1435.996582 873.321838 1438.227905 743.302917 1856.364624 575.888245 1880.590454 462.746033
195.000000 901.334656 1219.993774 976.453064 1114.599365 924.148743 921.421326 1041.070190 854.342224
143.000000 620.055664 1167.448486 746.792053 1158.428589 3.157110 786.534180 163.954346 795.386902
48.000000 1086.572998 1492.346069 1213.303711 1497.408813 1516.734009 1305.033203 1833.299927 1292.489868
87.000000 650.194519 1755.388428 770.452881 1773.691040 1926.649292 1689.815430 2149.880127 1668.731689
95.000000 776.586487 1624.098755 659.804504 1611.866455 2146.790039 1481.979980 1929.926880 1495.492188
207.000000 1526.151611 806.672607 1524.800659 690.021606 2027.033569 540.014771 2032.268799 410.091431
99.000000 659.738525 1619.301758 773.277100 1630.566650 1930.048950 1504.056396 2139.989014 1489.836060
112.000000 1526.660034 1348.209839 1640.005615 1348.696411 1943.333008 1114.514648 2143.332275 1114.562134
209.000000 1313.339111 1349.614380 1426.646606 1351.327271 1803.327271 1118.559692 1933.338989 1118.016357
254.000000 1960.049683 866.930420 2070.525635 846.124268 2276.670410 669.929749 2390.214600 675.955078
72.000000 646.445312 891.581055 757.204163 877.588013 16.484367 271.444458 259.729462 302.143524
54.000000 1183.487549 1322.530762 1293.485474 1315.829834 1500.000610 1085.675293 1793.333862 1085.860474
205.000000 1623.936646 858.999023 1530.925415 802.934692 2130.265625 626.125549 2033.369019 536.118042
49.000000 1143.452759 1070.001953 1141.798462 1173.308716 1501.212646 676.672852 1499.594238 993.348267
34.000000 1062.923340 1310.035034 1064.122803 1209.969482 1364.525635 1073.342285 1365.404663 629.997498
30.000000 1553.333374 1390.000000 1453.333374 1390.000000 2176.663330 1156.413452 1706.657715 1162.659668
170.000000 1016.830444 934.567688 1113.563477 921.735107 1383.072510 556.888123 1523.539307 567.192993
213.000000 1276.778076 900.867065 1370.281494 888.858826 1776.364502 587.166809 1903.554688 597.190918
169.000000 1219.894287 1488.400879 1126.671021 1486.456543 1766.730591 1284.470947 1623.288208 1292.529297
111.000000 789.798584 988.952332 699.916870 1006.234436 393.387390 525.134338 193.401016 518.080811
103.000000 1303.497925 1316.529419 1393.431030 1311.897827 1673.332153 1076.374878 1883.342163 1075.534912
141.000000 780.001831 1346.578857 869.961609 1348.481812 803.335083 1122.420288 966.668396 1122.488403
134.000000 686.187073 821.160095 773.739075 801.838684 136.922760 164.380859 306.659454 183.397812
166.000000 707.033264 732.120422 623.320557 746.592712 216.674286 23.278156 73.312111 3.487080
199.000000 676.345398 1294.122437 759.975464 1289.551392 160.086121 1031.160767 293.427460 1021.268799
224.000000 1390.000000 1356.666626 1306.666626 1356.666626 1813.333374 1126.666626 1690.000000 1126.666626
