Keypoint Matches and Line Matches for pairs 2, 4 
2 corresponds to the image ./resources/Data/FountainP11/images/0002.png 
4 corresponds to the image ./resources/Data/FountainP11/images/0004.png 

482.000000 467.375122 1476.604126 95.737564 1380.008545
522.000000 773.360352 1274.547485 650.009155 1152.832642
1.000000 2013.339844 1246.960571 2130.002441 1152.405029
425.000000 2003.313965 1239.172363 2126.669922 1144.528320
61.000000 780.025024 1267.738647 656.665649 1140.207886
216.000000 1663.711426 1518.673462 1865.351685 1423.376465
745.000000 575.865601 1763.069458 771.000000 1722.000000
18.000000 1126.139160 1838.528564 1589.301758 1770.379883
21.000000 1106.374756 1849.073730 1566.689697 1782.842896
27.000000 1109.932861 1571.197754 1543.322388 1483.708008
32.000000 1460.480591 258.618317 1653.541626 96.440842
33.000000 996.552551 372.869995 1040.059204 137.550781
29.000000 1106.640015 1438.804810 1166.653320 1337.834106
36.000000 1457.586548 287.153503 1646.847168 126.067139
1047.000000 1006.453552 395.781647 1043.000000 164.000000
34.000000 1009.205933 383.428162 1046.618896 152.634262
35.000000 1457.525146 273.500946 1646.779785 111.657318
46.000000 1523.310669 1306.273804 1663.359985 1200.986572
66.000000 2650.048828 103.212578 2776.713867 130.776657
67.000000 2233.073242 195.499985 2379.895020 154.942795
42.000000 1449.514038 414.327301 1606.652466 259.735535
43.000000 1063.575928 494.501221 1099.832642 286.874786
50.000000 1073.417236 503.742065 1110.077148 298.158630
51.000000 1443.548828 427.716003 1596.821045 272.984253
48.000000 1446.924438 441.283295 1603.224976 287.857117
49.000000 1076.473999 515.707642 1113.297729 312.628510
52.000000 1449.731567 458.641327 1596.679199 306.916382
53.000000 1082.895264 531.115845 1123.204834 330.785217
54.000000 1076.657837 523.289062 1120.026855 320.536499
55.000000 1440.171265 450.859558 1593.341064 296.820496
56.000000 1086.760376 537.147949 1126.570068 338.041931
98.000000 1110.065674 1850.903442 1570.247314 1784.853882
99.000000 1476.731689 1824.227051 1873.687134 1735.509277
106.000000 1481.172852 1812.760010 1883.261841 1722.886719
41.000000 2763.344727 1358.786133 2839.959717 1268.168091
372.000000 1050.023682 1284.403320 1066.661621 1168.505737
103.000000 1386.672607 1276.933350 1500.000977 1168.105713
86.000000 2213.273193 1247.096924 2323.384521 1156.454834
87.000000 2546.671875 1243.882690 2646.650635 1161.118286
92.000000 2019.917480 1452.092773 2213.354980 1351.788574
93.000000 1690.041016 1448.984497 1899.989990 1347.373291
95.000000 1683.339600 1476.358032 1899.963257 1375.340088
146.000000 886.622803 1426.156128 868.757629 1320.864868
82.000000 1395.269897 1166.701538 1490.529907 1053.331299
83.000000 1387.447998 853.313843 1489.242065 726.669678
133.000000 2620.027100 1863.145996 2709.969727 1713.666504
134.000000 2319.562988 1819.688965 2436.171631 1688.778687
59.000000 1043.321777 1312.506592 1050.011719 1198.728638
90.000000 1983.431152 1759.905029 2216.730713 1647.433594
91.000000 1696.893799 1740.116089 1903.426636 1639.602661
104.000000 1699.909424 1724.713745 1899.984131 1623.967896
105.000000 1986.653198 1743.538452 2200.046875 1631.452637
111.000000 883.268005 1253.773438 783.352478 1128.217041
354.000000 1166.682617 1247.372070 1216.733276 1128.539551
100.000000 1696.625977 1750.526001 1903.330322 1650.102295
101.000000 1976.755859 1772.179321 2210.023926 1659.192627
1363.000000 2338.496338 67.090698 2483.000000 48.000000
115.000000 1963.444214 1735.127441 2186.641113 1624.194580
116.000000 1696.481323 1715.907104 1893.269653 1615.478271
172.000000 2703.380371 340.291687 2816.697998 354.605377
129.000000 1709.979980 1706.955200 1903.263184 1605.567871
130.000000 1970.112305 1725.053101 2183.405518 1614.369263
292.000000 2550.144775 113.985336 2686.706787 127.838814
70.000000 1706.681152 1312.275146 1906.661133 1210.784424
80.000000 1386.666504 1289.994507 1509.997681 1182.052856
81.000000 1133.326660 1296.402832 1183.332031 1182.648193
78.000000 1140.019043 1314.249878 1186.664795 1202.572021
79.000000 1393.381470 1308.985474 1516.666992 1202.813110
96.000000 1790.099854 1281.337280 1976.651489 1181.635986
97.000000 1543.332275 1286.616089 1666.654419 1180.689575
384.000000 2529.996826 1706.707520 2619.905029 1578.869751
306.000000 2400.053955 1449.235962 2503.203613 1348.185181
369.000000 2643.279785 1444.122925 2723.361572 1343.252563
862.000000 1315.459717 797.667114 1401.000000 649.000000
166.000000 2646.598389 1045.610718 2743.310547 985.345154
167.000000 2406.740723 1061.142578 2523.318115 989.120178
40.000000 2176.774658 1347.410400 2283.336426 1253.215942
122.000000 1438.784302 261.523010 1636.866089 98.755913
15.000000 1475.978271 1474.867432 1779.911987 1381.394287
219.000000 2634.312744 1682.026123 2710.614502 1555.098999
174.000000 1779.985229 964.406311 1952.221191 866.870300
175.000000 1746.624634 756.673401 1913.401611 654.823486
612.000000 436.679413 1646.998901 64.000000 1595.000000
141.000000 1216.483643 219.580475 1341.779175 8.194321
142.000000 1051.475952 348.569275 1110.216309 122.734520
72.000000 2369.949707 1148.789917 2480.014160 1068.118408
214.000000 2523.967285 709.841858 2640.020752 672.798950
215.000000 2729.978271 689.776733 2820.010742 671.466492
1036.000000 1346.269775 811.206665 1448.000000 675.000000
183.000000 1062.893677 826.745850 1066.672607 663.565796
231.000000 2373.408936 410.639984 2506.671631 379.653198
206.000000 2553.350342 600.122192 2670.031982 574.138794
207.000000 2360.481445 626.813049 2490.051514 581.294861
724.000000 1347.041626 495.250610 1478.000000 328.000000
144.000000 1157.133423 532.386963 1229.800293 342.755463
228.000000 1990.133057 1271.916016 2156.549561 1179.260620
229.000000 1799.201904 1285.173340 1986.402710 1184.150879
113.000000 559.729370 1240.521973 236.673477 1100.148315
114.000000 749.892395 1222.215576 530.000916 1086.686890
139.000000 1080.045166 1437.551758 1143.334106 1336.597290
140.000000 889.986877 1434.045410 883.292114 1333.692017
371.000000 2562.951660 1060.788208 2666.683350 996.931458
262.000000 2749.958496 1046.171875 2830.012695 990.372375
201.000000 1059.647217 847.296204 1083.307251 684.951050
109.000000 1146.666870 1433.181641 1209.988770 1331.286743
271.000000 2526.395508 378.595520 2659.851807 367.551056
272.000000 2706.134277 343.908173 2809.907471 358.471466
1053.000000 1390.307739 1241.530640 1490.000000 1128.000000
73.000000 2763.420898 1135.433594 2833.327637 1070.763794
131.000000 1043.340088 1299.647095 1053.211792 1184.320068
132.000000 863.278503 1296.192627 776.482849 1176.531616
149.000000 1389.190430 263.165466 1565.717407 89.275536
252.000000 2640.197021 1660.564941 2713.418945 1534.613037
253.000000 2463.069092 1654.842041 2556.579834 1532.118530
250.000000 2526.646729 266.575806 2656.750000 264.434784
251.000000 2699.687256 228.576263 2813.277100 252.591003
310.000000 2453.562744 822.135010 2573.351074 770.592346
160.000000 1133.802002 1786.677979 1577.890381 1716.667236
970.000000 1133.105469 1610.000854 1289.000000 1518.000000
500.000000 2113.472168 664.177307 2240.098145 590.970886
470.000000 2683.271240 1770.636353 2776.644775 1630.364990
473.000000 2500.154541 1533.466553 2603.210693 1422.517700
234.000000 2559.990234 1239.452393 2656.666992 1157.615601
235.000000 2733.387207 1236.327637 2823.333740 1157.561279
439.000000 2300.210938 1814.682129 2413.419922 1684.804077
440.000000 2130.009033 1796.581909 2300.021729 1679.532959
238.000000 583.541809 941.154175 266.738739 741.191589
542.000000 750.189575 911.049561 540.090393 721.032410
243.000000 2527.549805 257.540344 2657.010742 254.686096
289.000000 2756.724365 1128.065186 2836.664551 1063.498047
290.000000 2590.066406 1134.943359 2689.979492 1061.518921
240.000000 2276.675049 963.737366 2393.276123 891.497375
241.000000 2443.338867 960.263489 2556.752930 897.739624
236.000000 1911.440918 1156.716064 2087.347168 1066.642334
237.000000 1907.175049 993.407104 2088.024414 899.978455
323.000000 2713.210449 465.841370 2816.629883 468.813934
324.000000 2553.283691 489.667236 2676.660889 473.146210
303.000000 2553.283447 496.339722 2673.335693 480.060608
304.000000 2713.124512 471.964264 2816.704590 474.273987
1083.000000 2253.605469 404.614075 2382.000000 359.000000
302.000000 2095.574951 438.196106 2229.582520 371.717499
572.000000 2693.444336 939.045349 2786.674316 891.037231
135.000000 603.346313 866.737305 293.439423 654.901672
136.000000 760.219849 837.860901 556.695435 637.092102
150.000000 759.903198 1730.988525 1039.982300 1673.803833
151.000000 917.021790 1746.373291 1276.814941 1682.734741
16.000000 1823.280518 1235.450684 2000.000000 1143.223633
85.000000 1563.359131 1264.147095 1669.988159 1157.986206
336.000000 2349.481934 181.343048 2486.667725 156.686859
468.000000 2499.716797 142.244919 2633.359375 147.097229
305.000000 2243.323730 1447.212158 2359.794678 1344.351929
152.000000 916.763977 1585.155518 1276.655640 1503.712036
153.000000 766.528442 1575.479614 1046.656006 1497.035767
158.000000 766.657104 1583.501465 1046.714966 1504.948242
159.000000 916.740967 1592.025269 1273.296509 1511.310791
244.000000 1756.624268 1491.875488 1973.269531 1391.144897
245.000000 1906.773560 1495.272217 2136.617188 1393.473511
189.000000 1829.974854 1225.839111 1979.999878 1126.796631
221.000000 2803.444580 1725.200684 2856.637207 1587.221924
273.000000 1793.426880 1270.083496 1986.618652 1170.439453
347.000000 2323.069336 636.450928 2453.395508 587.089233
348.000000 2466.600342 625.774170 2589.999756 590.010925
525.000000 2062.984863 343.567688 2203.328613 275.651581
1160.000000 2203.087158 327.810822 2341.000000 280.000000
329.000000 2902.177734 1893.875366 2933.884277 1729.344849
1073.000000 1182.417480 316.492004 1271.000000 110.000000
194.000000 1643.329346 1269.561279 1773.313232 1166.615601
195.000000 1779.984619 1268.314087 1963.306030 1167.780762
397.000000 2659.759033 1440.010986 2743.256348 1337.845947
398.000000 2526.397705 1430.398071 2623.115723 1330.000366
355.000000 2212.782959 253.960571 2353.265137 208.607895
356.000000 2343.478516 227.380768 2486.605469 202.082169
343.000000 569.730713 800.987976 256.666138 570.430176
377.000000 2440.341553 1227.494995 2556.646484 1142.983643
378.000000 2310.124512 1238.183960 2429.824463 1150.280396
391.000000 2396.641846 1440.852173 2500.037109 1338.742798
392.000000 2266.655273 1437.057983 2376.614502 1335.104492
497.000000 1578.762085 246.367554 1773.624268 103.407944
44.000000 2046.274780 869.615540 2169.979980 785.623657
387.000000 2103.307861 763.193665 2229.821045 688.026123
388.000000 2227.375000 740.546875 2353.647949 676.803650
399.000000 2316.790039 514.049988 2450.014648 470.263031
400.000000 2193.102539 535.324951 2329.831055 476.977570
68.000000 1108.484985 1243.390503 1113.722168 1123.347412
1139.000000 1103.833618 1120.106934 1103.000000 982.000000
362.000000 1752.619751 1008.232605 1892.996094 911.465149
363.000000 1847.723755 1086.791016 1996.790894 990.861877
341.000000 1783.244141 1519.463989 1986.650146 1419.210083
342.000000 1903.334595 1523.295410 2123.332764 1420.100830
297.000000 1413.328125 1275.810913 1510.029541 1167.477295
298.000000 1533.343994 1275.072021 1656.676147 1169.193237
327.000000 1749.213867 754.828796 1917.625000 656.573669
328.000000 1643.810913 699.417603 1801.292114 582.714600
186.000000 529.569641 597.484192 186.488556 317.295166
187.000000 646.797485 577.431396 386.609406 311.392242
1027.000000 1677.698730 334.738617 1784.000000 211.000000
1432.000000 1575.177490 279.991150 1765.000000 134.000000
403.000000 2256.395752 1530.739136 2353.344482 1423.089966
404.000000 2370.112793 1538.305664 2473.395996 1428.643555
513.000000 2250.010254 1639.836670 2349.943848 1525.171753
514.000000 2363.310547 1647.027100 2456.714600 1528.428467
210.000000 1320.030762 1424.470459 1440.061646 1323.027588
575.000000 2529.991211 1435.724854 2623.334229 1334.463745
576.000000 2416.667480 1436.767822 2519.998291 1334.541748
331.000000 1359.501587 802.680908 1479.885742 662.801453
332.000000 1470.270508 788.829834 1616.728394 658.757263
401.000000 2616.649658 1231.796143 2723.383789 1151.332397
402.000000 2506.596436 1230.754761 2603.208008 1148.302979
308.000000 1826.652222 1259.488892 2006.693604 1158.905640
254.000000 616.311096 724.917969 330.091919 484.766815
373.000000 1403.312744 1309.022827 1523.332642 1202.047974
374.000000 1510.002441 1306.781006 1653.334351 1201.978027
385.000000 1522.708130 583.310242 1637.331665 439.412292
419.000000 463.332642 1596.468140 86.674149 1527.438354
337.000000 1383.350830 1269.539795 1496.686890 1159.076172
338.000000 1280.000977 1270.169312 1360.012817 1156.080566
569.000000 2293.342285 1230.142212 2406.743652 1141.687988
570.000000 2190.202393 1236.578125 2303.473145 1146.398438
246.000000 637.223450 630.178223 373.434753 375.100952
247.000000 537.097961 646.053528 213.377731 377.025604
498.000000 1486.188110 271.565552 1666.316772 112.567245
507.000000 1999.898682 575.188354 2123.300537 494.237671
508.000000 2100.113525 568.323975 2230.189209 498.104553
1550.000000 2693.280029 1788.574829 2789.000000 1648.000000
71.000000 1403.279907 1314.520752 1533.322876 1208.142700
279.000000 1293.395752 290.254089 1419.879761 101.347054
280.000000 1389.964722 266.523071 1566.613892 92.462334
191.000000 526.817261 607.549072 186.642014 329.194885
162.000000 703.440063 1124.123535 463.267395 968.924683
565.000000 2146.879395 748.289307 2276.688477 677.292297
566.000000 2050.126953 760.968079 2173.364014 680.882080
1417.000000 1070.280151 838.875366 1091.000000 671.000000
358.000000 1167.080566 826.595764 1230.085815 669.107056
63.000000 1500.067139 1234.876099 1616.716309 1129.037964
476.000000 989.635620 696.660034 948.845276 496.467133
533.000000 987.867920 793.355286 955.256714 617.643982
553.000000 1553.543701 437.924500 1710.085083 298.408997
554.000000 1460.580322 453.470184 1606.672729 303.458740
1016.000000 2676.602295 816.128113 2795.000000 782.000000
1338.000000 1396.681885 1194.153076 1489.000000 1077.000000
921.000000 2778.534912 1233.591919 2837.000000 1154.000000
270.000000 1133.427002 669.964783 1187.535889 493.720093
256.000000 543.112549 611.860168 206.688461 336.195770
257.000000 633.089600 598.373962 363.320679 335.002960
518.000000 2583.341064 833.402344 2696.651123 789.370422
295.000000 633.432373 1037.436401 356.715729 861.121582
296.000000 723.232849 1025.885498 503.247742 854.710388
417.000000 1289.992188 1335.517944 1400.066528 1228.290649
418.000000 1199.992432 1335.675903 1280.043457 1226.708008
487.000000 895.590027 1145.745239 792.232300 1003.280884
488.000000 961.071899 1084.479004 883.207825 941.381348
509.000000 1557.282593 409.751373 1723.358032 270.539795
664.000000 1469.458496 427.288025 1613.000000 273.000000
959.000000 1556.996704 461.693604 1705.000000 334.000000
589.000000 1966.407104 402.026459 2096.604248 318.972107
590.000000 2052.968994 384.832611 2196.639648 312.888916
587.000000 1472.328613 438.392181 1613.196411 287.084961
588.000000 1558.808350 420.806763 1713.444946 282.376709
886.000000 1053.417236 581.627502 1041.000000 382.000000
1011.000000 1373.121826 578.174438 1493.000000 424.000000
1537.000000 823.313782 676.205811 650.000000 457.000000
427.000000 1906.656250 1309.598999 2126.667480 1212.870605
428.000000 1819.961548 1311.861694 2010.000977 1212.690186
316.000000 749.988281 1297.793579 626.735413 1173.681152
77.000000 1813.333374 1236.666626 1993.333374 1136.666626
460.000000 1069.382935 733.332458 1043.333374 553.333313
581.000000 1472.905884 461.231018 1606.435181 313.634979
582.000000 1556.836060 444.166199 1706.867676 305.966522
335.000000 2203.638916 208.247910 2350.013672 163.603607
640.000000 1350.000000 326.000000 1509.000000 149.000000
647.000000 2821.000000 1807.000000 2893.000000 1656.000000
737.000000 506.000000 1646.000000 170.000000 1587.000000
656.000000 1045.000000 976.000000 1006.000000 824.000000
701.000000 2662.000000 1852.000000 2752.000000 1703.000000
644.000000 1121.000000 1008.000000 1138.000000 865.000000
631.000000 2837.000000 1715.000000 2866.000000 1577.000000
1345.000000 1247.000000 852.000000 1303.000000 704.000000
836.000000 2679.000000 1804.000000 2769.000000 1659.000000
618.000000 1093.000000 386.000000 1165.000000 171.000000
645.000000 1439.000000 208.000000 1576.000000 35.000000
1482.000000 1823.000000 1344.000000 2036.000000 1244.000000
663.000000 1410.000000 985.000000 1515.000000 860.000000
1481.000000 1254.000000 1067.000000 1325.000000 944.000000
997.000000 501.000000 1701.000000 277.000000 1653.000000
831.000000 2083.000000 441.000000 2213.000000 372.000000
872.000000 2288.000000 1259.000000 2403.000000 1169.000000
979.000000 1657.000000 934.000000 1782.000000 823.000000
1074.000000 845.000000 1714.000000 1169.000000 1650.000000
994.000000 2917.000000 414.000000 2868.000000 441.000000
871.000000 1391.000000 1170.000000 1486.000000 1055.000000
1491.000000 2652.000000 1426.000000 2736.000000 1326.000000
1249.000000 2610.000000 545.000000 2727.000000 530.000000
692.000000 2261.000000 773.000000 2390.000000 710.000000
625.000000 2068.000000 198.000000 2209.000000 132.000000
1136.000000 867.000000 677.000000 717.000000 464.000000
1068.000000 1043.000000 569.000000 1036.000000 366.000000
1183.000000 1129.000000 913.000000 1155.000000 762.000000
601.000000 1035.000000 990.000000 991.000000 838.000000
1355.000000 2215.000000 1428.000000 2324.000000 1328.000000
1274.000000 1302.000000 708.000000 1384.000000 555.000000
620.000000 2838.000000 1873.000000 2906.000000 1713.000000
610.000000 1162.000000 1004.000000 1194.000000 864.000000
693.000000 2677.000000 329.000000 2794.000000 341.000000
918.000000 2424.000000 977.000000 2541.000000 912.000000
1267.000000 996.000000 427.000000 1006.000000 200.000000
782.000000 1920.000000 1323.000000 2143.000000 1225.000000
597.000000 2646.000000 62.000000 2777.000000 93.000000
639.000000 1629.000000 953.000000 1748.000000 841.000000
1065.000000 1056.000000 1002.000000 1019.000000 854.000000
661.000000 1144.000000 1387.000000 1208.000000 1282.000000
823.000000 2270.000000 1495.000000 2375.000000 1389.000000
833.000000 1493.000000 1349.000000 1653.000000 1245.000000
1271.000000 2230.000000 147.000000 2377.000000 109.000000
765.000000 2908.000000 580.000000 2872.000000 586.000000
623.000000 824.000000 304.000000 659.000000 20.000000
598.000000 2661.000000 1795.000000 2754.000000 1652.000000
1437.000000 2303.000000 431.000000 2441.000000 390.000000
750.000000 1429.000000 944.000000 1539.000000 819.000000
723.000000 1268.000000 281.000000 1385.000000 86.000000
1312.000000 1285.000000 1744.000000 1519.000000 1665.000000
792.000000 2327.000000 1885.000000 2543.000000 1748.000000
1127.000000 1155.000000 913.000000 1190.000000 762.000000
912.000000 2265.000000 953.000000 2384.000000 881.000000
1082.000000 1932.000000 1334.000000 2155.000000 1236.000000
801.000000 1464.000000 1072.000000 1577.000000 955.000000
967.000000 1113.000000 1015.000000 1126.000000 872.000000
1454.000000 635.000000 1288.000000 363.000000 1160.000000
761.000000 989.000000 1387.000000 997.000000 1280.000000
1413.000000 1235.000000 1075.000000 1303.000000 952.000000
1336.000000 888.000000 1330.000000 854.000000 1215.000000
1005.000000 705.000000 1416.000000 579.000000 1309.000000
1442.000000 968.000000 721.000000 865.000000 526.000000
670.000000 2671.000000 1775.000000 2763.000000 1635.000000
624.000000 1642.000000 919.000000 1765.000000 808.000000
772.000000 2225.000000 544.000000 2360.000000 489.000000
908.000000 2423.000000 1119.000000 2535.000000 1043.000000
1547.000000 2066.000000 1697.000000 2181.000000 1585.000000
1438.000000 1687.000000 1028.000000 1813.000000 922.000000
1320.000000 451.000000 1629.000000 82.000000 1567.000000
192.000000 1561.000000 789.000000 1646.643066 671.858826
1283.000000 1857.000000 1638.000000 2070.000000 1533.000000
849.000000 802.000000 1216.000000 682.000000 1080.000000
1031.000000 2641.000000 1766.000000 2737.000000 1628.000000
1287.000000 2184.000000 1266.000000 2298.000000 1173.000000
1281.000000 1980.000000 108.000000 2121.000000 28.000000
976.000000 1319.000000 1725.000000 1732.000000 1640.000000
672.000000 2317.000000 1354.000000 2423.000000 1258.000000
767.000000 630.000000 1251.000000 353.000000 1116.000000
1077.000000 906.000000 771.000000 773.000000 575.000000
937.000000 1529.000000 1390.000000 1696.000000 1288.000000
698.000000 1194.000000 1328.000000 1278.000000 1218.000000
915.000000 1009.000000 425.000000 1024.000000 199.000000
821.000000 1478.000000 1390.000000 1636.000000 1288.000000
867.000000 1065.000000 1134.000000 1030.000000 1001.000000
1277.000000 840.000000 719.000000 680.000000 508.000000
905.000000 1361.000000 1388.000000 1490.000000 1285.000000
641.000000 1810.000000 288.000000 1930.000000 181.000000
1090.000000 1460.000000 209.000000 1603.000000 30.000000
1352.000000 955.000000 1148.000000 886.000000 1010.000000
615.000000 1088.000000 1825.000000 1540.000000 1758.000000
1344.000000 704.000000 1364.000000 581.000000 1247.000000
1012.000000 1133.000000 1092.000000 1151.000000 958.000000
1140.000000 735.000000 1578.000000 914.000000 1507.000000
780.000000 1348.000000 1646.000000 1757.000000 1556.000000
975.000000 1347.000000 1389.000000 1473.000000 1286.000000
1029.000000 1403.000000 1401.000000 1544.000000 1299.000000
1402.000000 1054.000000 382.000000 1116.000000 159.000000
1563.000000 1228.000000 1402.000000 1320.000000 1299.000000
896.000000 901.000000 749.000000 766.000000 551.000000
1044.000000 1271.000000 1107.000000 1376.000000 982.000000
981.000000 2044.000000 1834.000000 2230.000000 1716.000000
715.000000 1085.000000 753.000000 1066.000000 579.000000
900.000000 723.000000 730.000000 505.000000 507.000000
777.000000 1018.000000 1387.000000 1038.000000 1282.000000
746.000000 2295.000000 534.000000 2430.000000 487.000000
1486.000000 1489.000000 1215.000000 1603.000000 1106.000000
880.000000 1903.000000 1392.000000 2121.000000 1292.000000
1162.000000 1195.000000 313.000000 1305.000000 108.000000
1203.000000 570.000000 1080.000000 162.000000 912.000000
816.000000 844.000000 1729.000000 1168.000000 1667.000000
1319.000000 1113.000000 934.000000 1129.000000 783.000000
906.000000 1137.000000 970.000000 1162.000000 825.000000
1240.000000 2699.000000 224.000000 2815.000000 248.000000
1564.000000 1814.000000 1583.000000 2025.000000 1481.000000
1002.000000 2103.000000 1726.000000 2222.000000 1610.000000
707.000000 1436.000000 227.000000 1574.000000 49.000000
1517.000000 1205.000000 720.000000 1258.000000 556.000000
603.000000 2477.000000 1371.000000 2578.000000 1275.000000
1403.000000 801.000000 1106.000000 684.000000 947.000000
1003.000000 1122.000000 1328.000000 1179.000000 1217.000000
770.000000 1910.000000 131.000000 2045.000000 39.000000
691.000000 2351.000000 1259.000000 2461.000000 1171.000000
726.000000 529.000000 1699.000000 308.000000 1649.000000
806.000000 1176.000000 1388.000000 1252.000000 1283.000000
1455.000000 824.000000 1716.000000 1138.000000 1653.000000
636.000000 2750.000000 1884.000000 2833.000000 1727.000000
838.000000 2302.000000 363.000000 2444.000000 325.000000
1122.000000 2324.000000 1093.000000 2442.000000 1016.000000
827.000000 842.000000 700.000000 680.000000 486.000000
1306.000000 1011.000000 1605.000000 1410.000000 1524.000000
444.000000 1134.000000 1313.000000 1176.741089 1201.230103
704.000000 1082.000000 1092.000000 1054.000000 954.000000
1243.000000 1363.000000 761.000000 1461.000000 617.000000
658.000000 1297.000000 339.000000 1439.000000 154.000000
1504.000000 943.000000 1399.000000 975.000000 1304.000000
1131.000000 1688.000000 1391.000000 1882.000000 1290.000000
1137.000000 746.000000 1332.000000 645.000000 1214.000000
1154.000000 1143.000000 1351.000000 1208.000000 1244.000000
889.000000 2343.000000 233.000000 2484.000000 208.000000
960.000000 1450.000000 522.000000 1555.000000 371.000000
1148.000000 1443.000000 443.000000 1598.000000 289.000000
1484.000000 1319.000000 1695.000000 1736.000000 1595.000000
961.000000 1264.000000 550.000000 1340.000000 378.000000
846.000000 2903.000000 417.000000 2857.000000 441.000000
882.000000 715.000000 1340.000000 598.000000 1224.000000
1325.000000 1488.000000 1153.000000 1603.000000 1041.000000
1536.000000 1101.000000 861.000000 1114.000000 703.000000
911.000000 2717.000000 780.000000 2814.000000 751.000000
887.000000 1035.000000 961.000000 993.000000 806.000000
1213.000000 1312.000000 1389.000000 1428.000000 1285.000000
805.000000 946.000000 1884.000000 1340.000000 1831.000000
1383.000000 1434.000000 1193.000000 1538.000000 1081.000000
1030.000000 940.000000 816.000000 895.000000 631.000000
1505.000000 1116.000000 1228.000000 1150.000000 1100.000000
1372.000000 916.000000 1400.000000 893.000000 1293.000000
633.000000 962.000000 411.000000 960.000000 174.000000
1263.000000 454.000000 1613.000000 81.000000 1549.000000
866.000000 1040.000000 397.000000 1093.000000 173.000000
1017.000000 1795.000000 1662.000000 2002.000000 1559.000000
608.000000 2227.000000 1148.000000 2342.000000 1064.000000
1447.000000 1367.000000 645.000000 1471.000000 490.000000
1542.000000 1368.000000 1139.000000 1473.000000 1022.000000
659.000000 1055.000000 989.000000 1019.000000 839.000000
671.000000 723.000000 1331.000000 609.000000 1214.000000
1376.000000 1294.000000 1232.000000 1329.000000 1114.000000
190.000000 647.000000 587.000000 379.998169 323.273529
1255.000000 1834.000000 1407.000000 2046.000000 1306.000000
1322.000000 495.000000 1473.000000 138.000000 1379.000000
1364.000000 1395.000000 203.000000 1521.000000 21.000000
733.000000 706.000000 1725.000000 960.000000 1671.000000
712.000000 509.000000 1723.000000 339.000000 1679.000000
878.000000 1424.000000 204.000000 1559.000000 29.000000
1393.000000 1470.000000 1325.000000 1627.000000 1220.000000
1004.000000 1363.000000 1326.000000 1496.000000 1219.000000
713.000000 2101.000000 136.000000 2245.000000 77.000000
1444.000000 1290.000000 1327.000000 1400.000000 1219.000000
989.000000 1405.000000 1159.000000 1502.000000 1043.000000
955.000000 1424.000000 1045.000000 1529.000000 926.000000
860.000000 1115.000000 1085.000000 1137.000000 957.000000
1228.000000 1008.000000 411.000000 1027.000000 184.000000
1543.000000 1542.000000 1347.000000 1713.000000 1244.000000
1351.000000 1036.000000 1329.000000 1063.000000 1217.000000
1167.000000 1494.000000 1390.000000 1654.000000 1287.000000
1142.000000 610.000000 1717.000000 809.000000 1666.000000
1335.000000 1368.000000 306.000000 1533.000000 132.000000
1470.000000 1379.000000 549.000000 1518.000000 395.000000
1252.000000 1164.000000 937.000000 1198.000000 791.000000
1211.000000 1629.000000 936.000000 1749.000000 825.000000
885.000000 2117.000000 844.000000 2241.000000 767.000000
1063.000000 1928.000000 1817.000000 2157.000000 1704.000000
1048.000000 1609.000000 462.000000 1780.000000 330.000000
1206.000000 1386.000000 215.000000 1542.000000 28.000000
913.000000 1187.000000 1350.000000 1268.000000 1242.000000
974.000000 498.000000 1602.000000 145.000000 1535.000000
992.000000 1757.000000 1571.000000 1959.000000 1470.000000
1391.000000 1555.000000 1089.000000 1656.000000 977.000000
368.000000 2491.000000 1450.000000 2593.343018 1342.174561
804.000000 962.000000 922.000000 897.000000 756.000000
628.000000 1368.000000 322.000000 1530.000000 148.000000
794.000000 2553.000000 49.000000 2692.000000 66.000000
864.000000 1189.000000 1389.000000 1268.000000 1283.000000
950.000000 1671.000000 1100.000000 1792.000000 994.000000
1488.000000 1278.000000 827.000000 1336.000000 680.000000
1241.000000 1447.000000 1210.000000 1552.000000 1099.000000
1462.000000 1401.000000 906.000000 1503.000000 777.000000
1549.000000 2309.000000 317.000000 2451.000000 282.000000
791.000000 1377.000000 520.000000 1516.000000 362.000000
987.000000 2294.000000 253.000000 2438.000000 219.000000
1346.000000 1153.000000 1018.000000 1168.000000 880.000000
1293.000000 1072.000000 1002.000000 1042.000000 854.000000
1164.000000 1542.000000 473.000000 1688.000000 335.000000
1502.000000 801.000000 1339.000000 727.000000 1225.000000
1001.000000 882.000000 1350.000000 845.000000 1238.000000
1296.000000 2579.000000 829.000000 2690.000000 785.000000
1456.000000 2501.000000 213.000000 2636.000000 211.000000
1522.000000 1419.000000 882.000000 1532.000000 752.000000
1280.000000 1048.000000 1292.000000 1055.000000 1176.000000
1091.000000 2734.000000 796.000000 2830.000000 765.000000
1010.000000 776.000000 1339.000000 690.000000 1224.000000
1561.000000 2198.000000 1432.000000 2307.000000 1330.000000
764.000000 1789.000000 702.000000 1894.000000 599.000000
914.000000 1315.000000 335.000000 1461.000000 153.000000
942.000000 2246.000000 598.000000 2379.000000 543.000000
1377.000000 1718.000000 1079.000000 1847.000000 975.000000
893.000000 2276.000000 1471.000000 2383.000000 1367.000000
1227.000000 1197.000000 1177.000000 1237.000000 1055.000000
1092.000000 977.000000 1388.000000 979.000000 1282.000000
1209.000000 1730.000000 1644.000000 1930.000000 1543.000000
1146.000000 1328.000000 1413.000000 1449.000000 1310.000000
1133.000000 1363.000000 1712.000000 1767.000000 1625.000000
787.000000 1425.000000 1075.000000 1529.000000 956.000000
1125.000000 1798.000000 1405.000000 2006.000000 1305.000000
928.000000 726.000000 1676.000000 990.000000 1612.000000
283.000000 642.000000 467.000000 380.019684 176.995789
511.000000 883.000000 1652.000000 1230.045166 1578.602173
1460.000000 801.000000 1145.000000 616.000000 999.000000
1189.000000 750.000000 1405.000000 651.000000 1300.000000
1428.000000 793.000000 452.000000 615.000000 172.000000
1114.000000 1434.000000 1107.000000 1540.000000 990.000000
627.000000 1401.000000 992.000000 1502.000000 867.000000
481.000000 467.000000 1384.000000 94.719360 1269.956299
1129.000000 1644.000000 952.000000 1765.000000 841.000000
705.000000 2548.000000 1332.000000 2642.000000 1240.000000
762.000000 1900.000000 1348.000000 2121.000000 1250.000000
844.000000 2092.000000 1028.000000 2212.000000 943.000000
1165.000000 2887.000000 1698.000000 2868.000000 1561.000000
1272.000000 2555.000000 351.000000 2684.000000 346.000000
755.000000 2667.000000 66.000000 2795.000000 100.000000
1093.000000 886.000000 1388.000000 847.000000 1280.000000
1195.000000 1457.000000 900.000000 1574.000000 775.000000
1295.000000 1348.000000 734.000000 1442.000000 588.000000
1341.000000 1663.000000 1383.000000 1854.000000 1281.000000
680.000000 1108.000000 383.000000 1184.000000 169.000000
1300.000000 2296.000000 1055.000000 2414.000000 978.000000
1108.000000 2488.000000 806.000000 2606.000000 758.000000
1471.000000 1182.000000 930.000000 1222.000000 783.000000
902.000000 1382.000000 194.000000 1506.000000 11.000000
1362.000000 552.000000 1547.000000 224.000000 1467.000000
803.000000 700.000000 1622.000000 950.000000 1552.000000
218.000000 2436.000000 1668.000000 2532.947266 1541.841675
1342.000000 1623.000000 1010.000000 1741.000000 899.000000
1185.000000 916.000000 1339.000000 894.000000 1226.000000
795.000000 1189.000000 612.000000 1239.000000 435.000000
1026.000000 932.000000 915.000000 869.000000 756.000000
834.000000 1358.000000 498.000000 1496.000000 335.000000
1528.000000 1149.000000 1064.000000 1173.000000 929.000000
697.000000 1312.000000 1350.000000 1428.000000 1245.000000
1343.000000 2619.000000 16.000000 2770.000000 44.000000
957.000000 581.000000 1857.000000 786.000000 1831.000000
409.000000 2754.000000 1339.000000 2826.685303 1258.950317
837.000000 1841.000000 1807.000000 2063.000000 1699.000000
859.000000 1833.000000 1666.000000 2042.000000 1561.000000
1390.000000 1706.000000 1306.000000 1906.000000 1205.000000
854.000000 825.000000 1728.000000 1140.000000 1665.000000
740.000000 859.000000 1331.000000 811.000000 1216.000000
808.000000 1275.000000 1616.000000 1696.000000 1528.000000
1019.000000 1011.000000 784.000000 979.000000 605.000000
602.000000 959.000000 977.000000 893.000000 818.000000
873.000000 1486.000000 1630.000000 1759.000000 1602.000000
1301.000000 2238.000000 1144.000000 2353.000000 1060.000000
1365.000000 1180.000000 1161.000000 1210.000000 1036.000000
677.000000 1313.000000 1096.000000 1408.000000 974.000000
1261.000000 2286.000000 322.000000 2428.000000 284.000000
1059.000000 1063.000000 1024.000000 982.000000 880.000000
1410.000000 2528.000000 348.000000 2659.000000 340.000000
1039.000000 1494.000000 1645.000000 1630.000000 1588.000000
1329.000000 1102.000000 1039.000000 1093.000000 900.000000
1448.000000 1427.000000 508.000000 1577.000000 356.000000
863.000000 2441.000000 1712.000000 2540.000000 1586.000000
1234.000000 1405.000000 305.000000 1579.000000 136.000000
654.000000 450.000000 1641.000000 82.000000 1583.000000
1441.000000 1670.000000 1393.000000 1863.000000 1292.000000
609.000000 2930.000000 601.000000 2892.000000 607.000000
1350.000000 1913.000000 1382.000000 2132.000000 1282.000000
1513.000000 1330.000000 1379.000000 1451.000000 1275.000000
1126.000000 383.000000 1695.000000 106.000000 1651.000000
611.000000 972.000000 976.000000 906.000000 819.000000
824.000000 1624.000000 1404.000000 1582.000000 1300.000000
930.000000 1249.000000 840.000000 1307.000000 693.000000
1279.000000 1729.000000 1841.000000 1967.000000 1737.000000
1285.000000 2911.000000 1678.000000 2873.000000 1543.000000
1385.000000 1151.000000 1221.000000 1173.000000 1100.000000
991.000000 1299.000000 1389.000000 1411.000000 1286.000000
626.000000 727.000000 1624.000000 991.000000 1553.000000
1525.000000 1164.000000 1162.000000 1194.000000 1036.000000
702.000000 849.000000 1684.000000 812.000000 1603.000000
1107.000000 2304.000000 333.000000 2446.000000 297.000000
674.000000 1803.000000 1345.000000 2104.000000 1249.000000
784.000000 1035.000000 1005.000000 991.000000 855.000000
1477.000000 1904.000000 1658.000000 2121.000000 1552.000000
963.000000 1695.000000 1053.000000 1821.000000 949.000000
1233.000000 1299.000000 1040.000000 1369.000000 913.000000
1540.000000 1914.000000 1392.000000 2133.000000 1292.000000
797.000000 2692.000000 362.000000 2806.000000 372.000000
1353.000000 1750.000000 1324.000000 1956.000000 1224.000000
1208.000000 1200.000000 620.000000 1253.000000 446.000000
668.000000 740.000000 1316.000000 613.000000 1197.000000
288.000000 2792.000000 1675.000000 2846.677246 1546.130493
1443.000000 1687.000000 1349.000000 1881.000000 1248.000000
703.000000 1021.000000 1605.000000 1423.000000 1523.000000
696.000000 1193.000000 364.000000 1301.000000 163.000000
1538.000000 813.000000 1089.000000 700.000000 936.000000
1217.000000 2548.000000 1647.000000 2635.000000 1524.000000
469.000000 2811.000000 1781.000000 2886.647705 1636.980103
94.000000 2067.000000 1483.000000 2209.920410 1381.015869
1112.000000 1437.000000 1336.000000 1584.000000 1231.000000
941.000000 772.000000 1263.000000 650.000000 1135.000000
648.000000 1366.000000 504.000000 1505.000000 344.000000
1270.000000 1543.000000 1389.000000 1713.000000 1287.000000
1089.000000 1078.000000 1198.000000 1072.000000 1062.000000
255.000000 713.000000 705.000000 486.542877 474.735809
1511.000000 1369.000000 1413.000000 1277.000000 1309.000000
606.000000 2317.000000 1678.000000 2418.000000 1558.000000
778.000000 2468.000000 940.000000 2583.000000 880.000000
1278.000000 1372.000000 695.000000 1473.000000 549.000000
1286.000000 2401.000000 970.000000 2500.000000 906.000000
1440.000000 2289.000000 1043.000000 2407.000000 966.000000
1110.000000 832.000000 1386.000000 773.000000 1279.000000
1076.000000 1299.000000 1349.000000 1412.000000 1243.000000
1138.000000 1414.000000 1149.000000 1531.000000 1034.000000
1194.000000 1656.000000 950.000000 1779.000000 841.000000
1066.000000 744.000000 1385.000000 640.000000 1277.000000
643.000000 1449.000000 543.000000 1556.000000 394.000000
1260.000000 1707.000000 1380.000000 1905.000000 1279.000000
1161.000000 1016.000000 761.000000 986.000000 579.000000
984.000000 1021.000000 1592.000000 1423.000000 1508.000000
990.000000 1055.000000 396.000000 1112.000000 174.000000
1219.000000 844.000000 1386.000000 788.000000 1278.000000
1526.000000 2548.000000 493.000000 2671.000000 476.000000
1236.000000 2295.000000 407.000000 2433.000000 356.000000
1487.000000 1059.000000 1213.000000 988.000000 1085.000000
708.000000 1036.000000 1177.000000 980.000000 1035.000000
1401.000000 2169.000000 1733.000000 2341.000000 1616.000000
559.000000 959.000000 1679.000000 1336.711304 1605.666260
169.000000 1328.000000 795.000000 1439.901367 653.499756
1266.000000 1923.000000 410.000000 2050.000000 321.000000
835.000000 1411.000000 223.000000 1554.000000 41.000000
1426.000000 1686.000000 1080.000000 1811.000000 975.000000
126.000000 992.000000 363.000000 1030.459106 127.738464
892.000000 1611.000000 693.000000 1739.000000 573.000000
1218.000000 1248.000000 889.000000 1307.000000 746.000000
651.000000 2737.000000 605.000000 2826.000000 598.000000
344.000000 652.000000 787.000000 393.332611 570.595642
1560.000000 1326.000000 623.000000 1427.000000 452.000000
815.000000 546.000000 562.000000 226.000000 277.000000
932.000000 891.000000 1249.000000 783.000000 1122.000000
894.000000 1462.000000 1147.000000 1590.000000 1033.000000
1523.000000 1671.000000 1347.000000 1864.000000 1246.000000
1457.000000 2209.000000 546.000000 2343.000000 489.000000
1193.000000 1227.000000 914.000000 1283.000000 772.000000
1493.000000 1295.000000 1705.000000 1712.000000 1619.000000
1205.000000 892.000000 952.000000 751.000000 776.000000
1387.000000 1138.000000 1164.000000 1153.000000 1037.000000
1323.000000 2703.000000 566.000000 2809.000000 558.000000
1497.000000 1628.000000 904.000000 1749.000000 790.000000
1232.000000 1793.000000 1591.000000 2000.000000 1489.000000
855.000000 2204.000000 1152.000000 2319.000000 1066.000000
544.000000 977.000000 1681.000000 1363.226318 1605.871094
1022.000000 1274.000000 557.000000 1353.000000 387.000000
1207.000000 1697.000000 947.000000 1827.000000 839.000000
1333.000000 1563.000000 1001.000000 1668.000000 887.000000
1008.000000 1081.000000 543.000000 1119.000000 344.000000
771.000000 2129.000000 75.000000 2277.000000 20.000000
727.000000 1426.000000 984.000000 1531.000000 860.000000
853.000000 1421.000000 913.000000 1528.000000 784.000000
828.000000 1746.000000 1391.000000 1948.000000 1290.000000

1.000000 502.453735 3.233030 467.375122 1476.604126 142.700439 2.928514 94.716652 1263.259033
0.000000 773.360352 1274.547485 2013.339844 1246.960571 629.995300 1148.429199 2130.002441 1152.405029
8.000000 2003.313965 1239.172363 780.025024 1267.738647 2000.000000 1143.223633 1093.333374 1142.982544
3.000000 566.883850 1533.136108 1663.711426 1518.673462 1859.819458 1458.790894 653.072021 1447.195923
7.000000 650.060486 1474.059082 1596.827515 1466.309082 739.854004 1370.034912 1779.911987 1381.394287
2.000000 1473.238647 1487.724609 536.631042 1476.239502 1876.460571 1396.439331 623.070251 1376.733643
6.000000 1475.510620 1807.005859 575.865601 1763.069458 1856.302246 1726.281616 756.509766 1712.747070
19.000000 2932.187744 1536.134277 2896.758301 946.861572 2863.974121 1433.318970 2850.960938 853.311768
9.000000 1126.139160 1838.528564 550.250549 1771.208618 1589.301758 1770.379883 733.691467 1732.213501
11.000000 1119.920532 1525.114380 556.668030 1499.969482 1583.317261 1433.995728 736.664490 1413.422119
64.000000 1684.210327 1483.727905 1123.979980 1530.997803 1876.827271 1412.265381 1589.948120 1432.601318
10.000000 556.777466 1782.419922 1106.374756 1849.073730 716.373291 1742.914185 1566.689697 1782.842896
62.000000 1117.766968 1581.557983 1648.038452 1531.075684 1556.709229 1487.178589 1843.885010 1463.302490
13.000000 589.698547 1542.046021 1109.932861 1571.197754 753.317017 1460.557617 1543.322388 1483.708008
16.000000 1460.480591 258.618317 996.552551 372.869995 1653.541626 96.440842 1040.059204 137.550781
14.000000 1583.315674 1444.745972 1106.640015 1438.804810 1796.647095 1345.046875 1166.653320 1337.834106
18.000000 1457.586548 287.153503 1006.453552 395.781647 1646.847168 126.067139 1049.922363 165.490509
17.000000 1009.205933 383.428162 1457.525146 273.500946 1046.618896 152.634262 1646.779785 111.657318
23.000000 1523.310669 1306.273804 1976.688110 1303.513184 1663.359985 1200.986572 2156.667480 1206.588257
33.000000 2650.048828 103.212578 2233.073242 195.499985 2776.713867 130.776657 2379.895020 154.942795
21.000000 1449.514038 414.327301 1063.575928 494.501221 1606.652466 259.735535 1099.832642 286.874786
60.000000 2070.455811 1498.588867 1690.193970 1507.912842 2186.677734 1405.893311 1896.641479 1401.769287
25.000000 1073.417236 503.742065 1443.548828 427.716003 1110.077148 298.158630 1596.821045 272.984253
24.000000 1446.924438 441.283295 1076.473999 515.707642 1603.224976 287.857117 1113.297729 312.628510
26.000000 1449.731567 458.641327 1082.895264 531.115845 1596.679199 306.916382 1123.204834 330.785217
27.000000 1076.657837 523.289062 1440.171265 450.859558 1120.026855 320.536499 1593.341064 296.820496
28.000000 1086.760376 537.147949 1449.951538 466.418121 1126.570068 338.041931 1589.927246 315.191742
49.000000 1110.065674 1850.903442 1476.731689 1824.227051 1570.247314 1784.853882 1873.687134 1735.509277
53.000000 1481.172852 1812.760010 1126.139160 1838.528564 1883.261841 1722.886719 1589.301758 1770.379883
37.000000 2773.590332 349.983276 2750.979492 2.618649 2837.628174 346.801575 2829.503906 3.266235
20.000000 2416.646240 1355.497803 2763.344727 1358.786133 2283.336426 1253.215942 2839.959717 1268.168091
51.000000 1050.023682 1284.403320 1386.672607 1276.933350 1196.668457 1168.189209 1500.000977 1168.105713
43.000000 2213.273193 1247.096924 2546.671875 1243.882690 2323.384521 1156.454834 2646.650635 1161.118286
46.000000 2019.917480 1452.092773 1690.041016 1448.984497 2213.354980 1351.788574 1899.989990 1347.373291
47.000000 2003.277100 1482.793335 1683.339600 1476.358032 2209.920410 1381.015869 1899.963257 1375.340088
73.000000 569.717773 1453.381470 886.622803 1426.156128 620.181946 1354.671265 868.757629 1320.864868
41.000000 1395.269897 1166.701538 1387.447998 853.313843 1490.529907 1053.331299 1489.242065 726.669678
67.000000 2620.027100 1863.145996 2319.562988 1819.688965 2709.969727 1713.666504 2436.171631 1688.778687
29.000000 746.666443 1316.651245 1043.321777 1312.506592 590.006226 1197.557617 1050.011719 1198.728638
69.000000 1493.755859 262.197754 1213.478271 189.441833 1656.207153 87.960777 1407.924438 -0.208666
45.000000 1983.431152 1759.905029 1696.893799 1740.116089 2216.730713 1647.433594 1903.426636 1639.602661
52.000000 1699.909424 1724.713745 1986.653198 1743.538452 1899.984131 1623.967896 2200.046875 1631.452637
63.000000 1211.777832 192.294373 986.694519 366.702637 1288.897583 1.083789 1030.459106 127.738464
56.000000 883.268005 1253.773438 1166.682617 1247.372070 783.352478 1128.217041 1080.001465 1127.055542
50.000000 1696.625977 1750.526001 1976.755859 1772.179321 1903.330322 1650.102295 2210.023926 1659.192627
59.000000 2338.496338 67.090698 2609.626953 1.784904 2519.963867 46.073456 2809.900146 28.364826
44.000000 1001.554138 373.039337 1219.071533 206.432480 1038.514648 140.832184 1326.537231 3.062831
58.000000 1963.444214 1735.127441 1696.481323 1715.907104 2186.641113 1624.194580 1893.269653 1615.478271
87.000000 2703.380371 340.291687 2445.372070 381.989594 2816.697998 354.605377 2599.998047 359.923096
65.000000 1709.979980 1706.955200 1970.112305 1725.053101 1903.263184 1605.567871 2183.405518 1614.369263
147.000000 2296.020996 170.426193 2550.144775 113.985336 2540.097412 132.851303 2686.706787 127.838814
35.000000 1706.681152 1312.275146 1446.670532 1313.935913 1906.661133 1210.784424 1533.322876 1208.142700
40.000000 1386.666504 1289.994507 1133.326660 1296.402832 1509.997681 1182.052856 1183.332031 1182.648193
39.000000 1140.019043 1314.249878 1393.381470 1308.985474 1186.664795 1202.572021 1516.666992 1202.813110
48.000000 1790.099854 1281.337280 1543.332275 1286.616089 1976.651489 1181.635986 1666.654419 1180.689575
194.000000 2286.546143 1688.256470 2529.996826 1706.707520 2493.330078 1573.409180 2619.905029 1578.869751
186.000000 2400.053955 1449.235962 2643.279785 1444.122925 2593.343018 1342.174561 2723.361572 1343.252563
85.000000 1555.121826 774.213623 1315.459717 797.667114 1656.565674 646.755005 1439.901367 653.499756
84.000000 2646.598389 1045.610718 2406.740723 1061.142578 2743.310547 985.345154 2523.318115 989.120178
15.000000 1450.070923 1434.481445 1686.596680 1442.155640 1583.301147 1337.090210 2209.950195 1342.468018
61.000000 1219.071533 206.432480 1438.784302 261.523010 1364.120239 1.134628 1636.866089 98.755913
110.000000 2420.275635 1663.485229 2634.312744 1682.026123 2532.947266 1541.841675 2710.614502 1555.098999
88.000000 1779.985229 964.406311 1746.624634 756.673401 1952.221191 866.870300 1913.401611 654.823486
71.000000 1216.483643 219.580475 1051.475952 348.569275 1341.779175 8.194321 1110.216309 122.734520
36.000000 2369.949707 1148.789917 2576.813477 1140.199341 2480.014160 1068.118408 2833.327637 1070.763794
108.000000 2523.967285 709.841858 2729.978271 689.776733 2640.020752 672.798950 2820.010742 671.466492
97.000000 1552.966797 801.878479 1346.269775 811.206665 1646.643066 671.858826 1453.305908 674.952759
92.000000 1262.671265 813.413330 1062.893677 826.745850 1273.204956 658.298279 1066.672607 663.565796
116.000000 2180.017090 433.478058 2373.408936 410.639984 2336.705322 377.257721 2506.671631 379.653198
104.000000 2553.350342 600.122192 2360.481445 626.813049 2670.031982 574.138794 2490.051514 581.294861
72.000000 1347.041626 495.250610 1157.133423 532.386963 1483.493286 329.799316 1229.800293 342.755463
115.000000 1990.133057 1271.916016 1799.201904 1285.173340 2156.549561 1179.260620 1986.402710 1184.150879
57.000000 559.729370 1240.521973 749.892395 1222.215576 236.673477 1100.148315 530.000916 1086.686890
70.000000 1080.045166 1437.551758 889.986877 1434.045410 1143.334106 1336.597290 883.292114 1333.692017
132.000000 2562.951660 1060.788208 2749.958496 1046.171875 2676.630859 995.623047 2830.012695 990.372375
101.000000 1246.455078 836.379028 1059.647217 847.296204 1266.649048 682.169373 1083.307251 684.951050
55.000000 1146.666870 1433.181641 1333.333252 1433.407715 1209.988770 1331.286743 1506.661743 1333.890137
137.000000 2526.395508 378.595520 2706.134277 343.908173 2659.851807 367.551056 2809.907471 358.471466
187.000000 2382.689209 1076.337769 2562.951660 1060.788208 2536.669189 996.220276 2666.683350 996.931458
31.000000 1210.185303 1252.928101 1390.307739 1241.530640 1200.022705 1137.752197 1616.716309 1129.037964
66.000000 1043.340088 1299.647095 863.278503 1296.192627 1053.211792 1184.320068 776.482849 1176.531616
75.000000 1389.190430 263.165466 1216.483643 219.580475 1565.717407 89.275536 1341.779175 8.194321
127.000000 2640.197021 1660.564941 2463.069092 1654.842041 2713.418945 1534.613037 2556.579834 1532.118530
126.000000 2526.646729 266.575806 2699.687256 228.576263 2656.750000 264.434784 2813.277100 252.591003
156.000000 2629.628906 803.212708 2453.562744 822.135010 2716.655518 766.291931 2573.351074 770.592346
81.000000 1133.802002 1786.677979 1133.105469 1610.000854 1577.890381 1716.667236 1577.826294 1493.333008
252.000000 1940.435425 692.646790 2113.472168 664.177307 2133.176025 601.776489 2240.098145 590.970886
237.000000 2857.223877 1787.629883 2683.271240 1770.636353 2886.647705 1636.980103 2776.644775 1630.364990
239.000000 2500.154541 1533.466553 2673.405518 1541.837769 2603.210693 1422.517700 2713.274170 1427.882080
118.000000 2559.990234 1239.452393 2733.387207 1236.327637 2656.666992 1157.615601 2823.333740 1157.561279
222.000000 2300.210938 1814.682129 2130.009033 1796.581909 2413.419922 1684.804077 2300.021729 1679.532959
273.000000 583.541809 941.154175 750.189575 911.049561 436.674408 730.088318 540.090393 721.032410
122.000000 2693.213867 222.764267 2527.549805 257.540344 2819.955078 242.721329 2657.010742 254.686096
146.000000 2756.724365 1128.065186 2590.066406 1134.943359 2836.664551 1063.498047 2689.979492 1061.518921
22.000000 2370.015137 828.790405 2536.781494 830.890564 2169.979980 785.623657 2666.656006 776.105347
121.000000 2276.675049 963.737366 2443.338867 960.263489 2393.276123 891.497375 2556.752930 897.739624
119.000000 1911.440918 1156.716064 1907.175049 993.407104 2087.347168 1066.642334 2088.024414 899.978455
163.000000 2713.210449 465.841370 2553.283691 489.667236 2816.629883 468.813934 2676.660889 473.146210
153.000000 2553.283447 496.339722 2713.124512 471.964264 2673.335693 480.060608 2816.704590 474.273987
152.000000 2253.605469 404.614075 2095.574951 438.196106 2373.578613 359.573669 2229.582520 371.717499
288.000000 2533.171143 946.528748 2693.444336 939.045349 2683.322021 891.797607 2786.674316 891.037231
225.000000 2343.362305 835.790405 2183.384766 837.680908 2393.397461 772.572083 2280.306152 763.036133
68.000000 603.346313 866.737305 760.219849 837.860901 293.439423 654.901672 556.695435 637.092102
76.000000 759.903198 1730.988525 917.021790 1746.373291 1039.982300 1673.803833 1276.814941 1682.734741
215.000000 1823.280518 1235.450684 1979.941528 1228.653198 2126.669922 1144.528320 2009.995117 1144.837646
42.000000 1719.974121 1259.181885 1563.359131 1264.147095 1993.329834 1156.081055 1669.988159 1157.986206
236.000000 2349.481934 181.343048 2499.716797 142.244919 2522.956787 153.796402 2633.359375 147.097229
154.000000 2243.323730 1447.212158 2396.727051 1449.939819 2359.794678 1344.351929 2503.203613 1348.185181
77.000000 916.763977 1585.155518 766.528442 1575.479614 1276.655640 1503.712036 1046.656006 1497.035767
80.000000 766.657104 1583.501465 916.740967 1592.025269 1046.714966 1504.948242 1273.296509 1511.310791
123.000000 1756.624268 1491.875488 1906.773560 1495.272217 1973.269531 1391.144897 2136.617188 1393.473511
95.000000 1680.012085 1230.396973 1829.974854 1225.839111 1783.333374 1126.609985 1979.999878 1126.796631
111.000000 2656.612061 1714.053101 2803.444580 1725.200684 2679.761475 1577.823242 2856.637207 1587.221924
138.000000 1793.426880 1270.083496 1940.074829 1266.067383 1986.618652 1170.439453 2136.632812 1167.951904
175.000000 2323.069336 636.450928 2466.600342 625.774170 2453.395508 587.089233 2589.999756 590.010925
265.000000 2062.984863 343.567688 2203.087158 327.810822 2203.328613 275.651581 2310.008545 275.147675
166.000000 2902.177734 1893.875366 3037.065918 1924.932739 2933.884277 1729.344849 3070.251221 1748.182129
130.000000 1049.445190 351.208466 1182.417480 316.492004 1110.216309 122.734520 1263.930054 109.737534
98.000000 1643.329346 1269.561279 1779.984619 1268.314087 1773.313232 1166.615601 1963.306030 1167.780762
78.000000 773.320312 1431.586304 636.690186 1430.464966 769.958984 1332.461792 539.967285 1328.628052
234.000000 2096.501465 1675.270874 2230.000488 1686.660034 2186.106934 1559.938110 2296.724854 1569.312988
201.000000 2659.759033 1440.010986 2526.397705 1430.398071 2743.256348 1337.845947 2623.115723 1330.000366
179.000000 2212.782959 253.960571 2343.478516 227.380768 2353.265137 208.607895 2486.605469 202.082169
173.000000 569.730713 800.987976 700.305542 785.994385 256.666138 570.430176 393.332611 570.595642
191.000000 2440.341553 1227.494995 2310.124512 1238.183960 2556.646484 1142.983643 2429.824463 1150.280396
198.000000 2396.641846 1440.852173 2266.655273 1437.057983 2500.037109 1338.742798 2376.614502 1335.104492
196.000000 2103.307861 763.193665 2227.375000 740.546875 2229.821045 688.026123 2353.647949 676.803650
202.000000 2316.790039 514.049988 2193.102539 535.324951 2450.014648 470.263031 2329.831055 476.977570
99.000000 1429.340332 613.543884 1467.492554 733.069702 1594.402100 639.605652 1577.734741 453.536255
34.000000 1108.484985 1243.390503 1103.833618 1120.106934 1113.722168 1123.347412 1115.188110 736.661072
183.000000 1752.619751 1008.232605 1847.723755 1086.791016 1892.996094 911.465149 1996.790894 990.861877
172.000000 1783.244141 1519.463989 1903.334595 1523.295410 1986.650146 1419.210083 2123.332764 1420.100830
150.000000 1413.328125 1275.810913 1533.343994 1275.072021 1510.029541 1167.477295 1656.676147 1169.193237
165.000000 1749.213867 754.828796 1643.810913 699.417603 1917.625000 656.573669 1801.292114 582.714600
94.000000 529.569641 597.484192 646.797485 577.431396 186.488556 317.295166 386.609406 311.392242
204.000000 2256.395752 1530.739136 2370.112793 1538.305664 2353.344482 1423.089966 2473.395996 1428.643555
259.000000 2250.010254 1639.836670 2363.310547 1647.027100 2349.943848 1525.171753 2456.714600 1528.428467
106.000000 1320.030762 1424.470459 1206.656982 1425.250488 1440.061646 1323.027588 1260.013916 1324.771606
290.000000 2529.991211 1435.724854 2416.667480 1436.767822 2623.334229 1334.463745 2519.998291 1334.541748
167.000000 1359.501587 802.680908 1470.270508 788.829834 1479.885742 662.801453 1616.728394 658.757263
140.000000 1277.694092 1047.985107 1222.695435 951.792175 1328.394531 934.032104 1268.668701 796.814514
272.000000 233.285965 1729.366211 343.665924 1721.116943 3.056185 1697.126465 106.392738 1687.159912
203.000000 2616.649658 1231.796143 2506.596436 1230.754761 2723.383789 1151.332397 2603.208008 1148.302979
155.000000 1936.658691 1256.385986 1826.652222 1259.488892 2150.104248 1162.440796 2006.693604 1158.905640
176.000000 729.986633 1284.941772 840.006714 1285.855103 643.379028 1162.850586 779.986206 1164.486450
128.000000 616.311096 724.917969 723.299133 703.165039 330.091919 484.766815 486.542877 474.735809
189.000000 1403.312744 1309.022827 1510.002441 1306.781006 1523.332642 1202.047974 1653.334351 1201.978027
212.000000 463.332642 1596.468140 566.688110 1596.105103 86.674149 1527.438354 206.695175 1526.275024
170.000000 1383.350830 1269.539795 1280.000977 1270.169312 1496.686890 1159.076172 1360.012817 1156.080566
287.000000 2293.342285 1230.142212 2190.202393 1236.578125 2406.743652 1141.687988 2303.473145 1146.398438
124.000000 637.223450 630.178223 537.097961 646.053528 373.434753 375.100952 213.377731 377.025604
251.000000 1583.821533 245.136902 1486.188110 271.565552 1773.624268 103.407944 1666.316772 112.567245
32.000000 579.999573 1640.004883 479.938293 1630.660645 496.638611 1584.090576 90.035919 1569.030151
256.000000 1999.898682 575.188354 2100.113525 568.323975 2123.300537 494.237671 2230.189209 498.104553
141.000000 1293.395752 290.254089 1389.964722 266.523071 1419.879761 101.347054 1566.613892 92.462334
96.000000 623.512085 591.047607 526.817261 607.549072 379.998169 323.273529 186.642014 329.194885
82.000000 703.440063 1124.123535 800.143433 1111.062134 463.267395 968.924683 683.461548 955.424866
285.000000 2146.879395 748.289307 2050.126953 760.968079 2276.688477 677.292297 2173.364014 680.882080
180.000000 1070.280151 838.875366 1167.080566 826.595764 1096.683105 673.800659 1230.085815 669.107056
145.000000 2686.677246 1673.148804 2783.408936 1678.679443 2700.002441 1543.206543 2846.677246 1546.130493
240.000000 989.635620 696.660034 987.867920 793.355286 943.950989 606.545898 948.845276 496.467133
279.000000 1553.543701 437.924500 1460.580322 453.470184 1710.085083 298.408997 1606.672729 303.458740
136.000000 1133.427002 669.964783 1165.665894 755.790466 1210.913940 642.666687 1187.535889 493.720093
129.000000 543.112549 611.860168 633.089600 598.373962 206.688461 336.195770 363.320679 335.002960
261.000000 2673.336182 823.359009 2583.341064 833.402344 2803.335205 786.742676 2696.651123 789.370422
149.000000 633.432373 1037.436401 723.232849 1025.885498 356.715729 861.121582 503.247742 854.710388
235.000000 1186.689697 876.326904 1276.502075 882.424866 1239.888794 710.956299 1349.950928 723.755310
211.000000 1289.992188 1335.517944 1199.992432 1335.675903 1400.066528 1228.290649 1280.043457 1226.708008
246.000000 895.590027 1145.745239 961.071899 1084.479004 792.232300 1003.280884 883.207825 941.381348
257.000000 1557.282593 409.751373 1469.458496 427.288025 1723.358032 270.539795 1616.610107 275.432434
297.000000 1966.407104 402.026459 2052.968994 384.832611 2096.604248 318.972107 2196.639648 312.888916
296.000000 1472.328613 438.392181 1558.808350 420.806763 1613.196411 287.084961 1713.444946 282.376709
216.000000 1906.656250 1309.598999 1819.961548 1311.861694 2126.667480 1212.870605 2010.000977 1212.690186
159.000000 836.687927 1297.332764 749.988281 1297.793579 766.968140 1176.911377 626.735413 1173.681152
38.000000 1726.666626 1236.666626 1813.333374 1236.666626 1653.333374 1136.666626 1993.333374 1136.666626
232.000000 1069.263062 819.998962 1069.382935 733.332458 1043.333374 666.666687 1043.333374 553.333313
293.000000 1472.905884 461.231018 1556.836060 444.166199 1606.435181 313.634979 1706.867676 305.966522
169.000000 2203.638916 208.247910 2287.077148 192.124893 2350.013672 163.603607 2486.667725 156.686859
