Keypoint Matches and Line Matches for pairs 2, 5 
2 corresponds to the image ./resources/Data/FountainP11/images/0002.png 
5 corresponds to the image ./resources/Data/FountainP11/images/0005.png 

476.000000 773.360352 1274.547485 640.002319 1159.779541
342.000000 2013.339844 1246.960571 2226.667969 1150.727905
593.000000 2003.313965 1239.172363 2196.656738 1141.771606
53.000000 780.025024 1267.738647 643.335022 1145.050537
1570.000000 566.883850 1533.136108 238.000000 1513.000000
2.000000 650.060486 1474.059082 860.051147 1392.481079
787.000000 575.865601 1763.069458 1002.000000 1775.000000
176.000000 1126.139160 1838.528564 1887.821289 1782.444946
17.000000 1106.374756 1849.073730 1866.665771 1796.437012
26.000000 1460.480591 258.618317 1750.018311 85.667244
27.000000 996.552551 372.869995 1096.654419 82.907150
29.000000 1106.640015 1438.804810 1259.999023 1349.869751
30.000000 1457.586548 287.153503 1743.337769 115.176880
31.000000 1006.453552 395.781647 1109.990112 113.274017
32.000000 1009.205933 383.428162 1109.996216 99.558334
33.000000 1457.525146 273.500946 1740.003906 100.378311
54.000000 1523.310669 1306.273804 1746.671387 1201.778809
73.000000 2650.048828 103.212578 2743.329590 190.990768
1265.000000 2233.073242 195.499985 2387.000000 191.000000
34.000000 1449.514038 414.327301 1690.011597 247.774414
35.000000 1063.575928 494.501221 1156.675415 244.989197
42.000000 1073.417236 503.742065 1169.974243 256.993408
43.000000 1443.548828 427.716003 1679.995850 260.582916
41.000000 1076.473999 515.707642 1166.684204 273.296570
48.000000 1449.731567 458.641327 1673.341797 295.323975
49.000000 1082.895264 531.115845 1173.340698 292.173737
46.000000 1076.657837 523.289062 1173.324829 281.110046
47.000000 1440.171265 450.859558 1673.346436 284.968231
50.000000 1086.760376 537.147949 1179.997070 300.696716
51.000000 1449.951538 466.418121 1670.002319 302.789703
147.000000 1110.065674 1850.903442 1868.521851 1799.694824
148.000000 1476.731689 1824.227051 2100.588867 1732.018921
129.000000 1693.331177 1442.684937 2006.652832 1338.169556
188.000000 2763.344727 1358.786133 2799.998779 1252.447510
94.000000 1386.672607 1276.933350 1579.977295 1168.255859
107.000000 2213.273193 1247.096924 2343.307129 1152.846191
108.000000 2546.671875 1243.882690 2633.313232 1155.518555
109.000000 2019.917480 1452.092773 2306.658691 1344.138428
266.000000 886.622803 1426.156128 925.240967 1336.964722
114.000000 1387.447998 853.313843 1557.901123 716.661377
120.000000 2319.562988 1819.688965 2456.464355 1661.430908
36.000000 746.666443 1316.651245 583.324951 1208.628174
37.000000 1043.321777 1312.506592 1103.325928 1205.458984
145.000000 1983.431152 1759.905029 2309.954346 1630.498169
146.000000 1696.893799 1740.116089 2066.738037 1634.420288
165.000000 1699.909424 1724.713745 2066.652588 1619.137085
166.000000 1986.653198 1743.538452 2296.645752 1615.381592
69.000000 883.268005 1253.773438 773.342041 1131.581299
153.000000 1696.625977 1750.526001 2069.982178 1645.108887
154.000000 1976.755859 1772.179321 2306.656006 1642.397095
1128.000000 2338.496338 67.090698 2480.000000 94.000000
167.000000 1001.554138 373.039337 1099.601074 84.552650
191.000000 1963.444214 1735.127441 2276.651611 1608.872559
192.000000 1696.481323 1715.907104 2063.355957 1611.705444
227.000000 2703.380371 340.291687 2773.327881 400.438293
228.000000 2445.372070 381.989594 2573.358154 397.982086
171.000000 1709.979980 1706.955200 2066.651123 1601.144409
189.000000 2296.020996 170.426193 2446.679688 180.217804
190.000000 2550.144775 113.985336 2660.009277 181.117310
38.000000 1706.681152 1312.275146 2003.339966 1209.625244
81.000000 1386.666504 1289.994507 1596.667480 1183.410034
82.000000 1133.326660 1296.402832 1253.339355 1187.214355
75.000000 1140.019043 1314.249878 1253.327637 1205.822388
1331.000000 1393.381470 1308.985474 1604.000000 1205.000000
95.000000 1790.099854 1281.337280 2053.332031 1179.760864
96.000000 1543.332275 1286.616089 1746.656250 1181.466309
576.000000 2529.996826 1706.707520 2613.325684 1550.461792
378.000000 2643.279785 1444.122925 2703.262451 1324.898193
143.000000 1555.121826 774.213623 1763.319824 642.830383
1122.000000 1315.459717 797.667114 1467.000000 638.000000
273.000000 2646.598389 1045.610718 2706.628906 990.311401
274.000000 2406.740723 1061.142578 2523.324219 992.596985
225.000000 1450.070923 1434.481445 1683.338989 1338.358276
1026.000000 2769.655518 70.029564 2797.000000 191.000000
327.000000 2420.275635 1663.485229 2536.460938 1517.891479
328.000000 2634.312744 1682.026123 2693.709961 1524.991943
193.000000 1779.985229 964.406311 2021.860474 864.816040
194.000000 1746.624634 756.673401 1984.189819 658.022339
258.000000 1051.475952 348.569275 1176.968384 70.756874
331.000000 2523.967285 709.841858 2626.564209 694.827026
332.000000 2729.978271 689.776733 2783.301758 698.152771
206.000000 1346.269775 811.206665 1523.363525 665.181396
158.000000 2373.408936 410.639984 2506.760742 411.865936
211.000000 2553.350342 600.122192 2653.333984 603.214905
117.000000 1347.041626 495.250610 1566.648438 312.589661
118.000000 1157.133423 532.386963 1296.638306 310.689667
316.000000 1799.201904 1285.173340 2069.559082 1182.720459
71.000000 559.729370 1240.521973 96.617416 1102.177002
72.000000 749.892395 1222.215576 453.346832 1086.983398
111.000000 1080.045166 1437.551758 1223.331787 1349.763428
112.000000 889.986877 1434.045410 936.655579 1351.652710
159.000000 2562.951660 1060.788208 2650.187012 995.902039
1110.000000 1059.647217 847.296204 1117.000000 664.000000
91.000000 1146.666870 1433.181641 1299.990479 1342.364868
1509.000000 1390.307739 1241.530640 1561.000000 1128.000000
62.000000 2763.420898 1135.433594 2793.332031 1070.193970
89.000000 1043.340088 1299.647095 1103.297485 1189.119629
90.000000 863.278503 1296.192627 789.885010 1184.546753
275.000000 1389.190430 263.165466 1662.186523 72.668289
252.000000 2463.069092 1654.842041 2556.851807 1510.129395
447.000000 2526.646729 266.575806 2643.255859 310.083954
448.000000 2699.687256 228.576263 2770.009521 307.064270
169.000000 1133.802002 1786.677979 1865.301025 1726.685913
1357.000000 1133.105469 1610.000854 1562.000000 1537.000000
595.000000 2500.154541 1533.466553 2583.379395 1403.623413
503.000000 2559.990234 1239.452393 2643.336914 1151.749634
247.000000 583.541809 941.154175 136.755966 699.375244
444.000000 750.189575 911.049561 463.276031 685.566772
435.000000 2693.213867 222.764267 2769.760010 296.473938
436.000000 2527.549805 257.540344 2640.035400 301.011566
463.000000 2756.724365 1128.065186 2796.583252 1063.697876
464.000000 2590.066406 1134.943359 2673.162354 1060.916504
381.000000 2370.015137 828.790405 2493.468018 785.345703
382.000000 2536.781494 830.890564 2634.045654 799.679810
349.000000 2276.675049 963.737366 2406.578857 898.280334
350.000000 2443.338867 960.263489 2553.535889 906.276062
303.000000 1911.440918 1156.716064 2153.431396 1066.677734
304.000000 1907.175049 993.407104 2153.150635 900.005920
527.000000 2713.210449 465.841370 2776.672607 508.102997
528.000000 2553.283691 489.667236 2659.996582 507.734406
525.000000 2553.283447 496.339722 2656.666016 513.414978
526.000000 2713.124512 471.964264 2773.349854 514.190063
87.000000 603.346313 866.737305 160.006180 603.539185
88.000000 760.219849 837.860901 483.248291 593.834290
359.000000 759.903198 1730.988525 1293.332397 1709.945557
960.000000 917.021790 1746.373291 1151.000000 1695.000000
195.000000 1719.974121 1259.181885 1946.657837 1155.932739
196.000000 1563.359131 1264.147095 1736.648071 1158.452637
126.000000 2349.481934 181.343048 2486.663330 197.703079
497.000000 2536.492188 608.636292 2643.302246 608.281067
498.000000 2689.875000 589.022217 2763.322021 610.586670
455.000000 2243.323730 1447.212158 2379.999023 1333.834106
456.000000 2396.727051 1449.939819 2506.666504 1333.851685
139.000000 916.763977 1585.155518 1546.667847 1522.082275
1365.000000 766.528442 1575.479614 1036.000000 1523.000000
279.000000 1756.624268 1491.875488 2103.308105 1386.859863
238.000000 1829.974854 1225.839111 2036.665771 1125.992188
367.000000 1793.426880 1270.083496 2059.988037 1168.854248
368.000000 1940.074829 1266.067383 2203.340576 1167.350342
461.000000 2323.069336 636.450928 2456.806396 607.647827
462.000000 2466.600342 625.774170 2580.100830 614.966431
425.000000 1049.445190 351.208466 1173.315552 73.960976
1488.000000 1182.417480 316.492004 1338.000000 71.000000
285.000000 1643.329346 1269.561279 1843.322876 1165.866821
286.000000 1779.984619 1268.314087 2020.000244 1166.593262
104.000000 636.690186 1430.464966 533.331909 1352.921631
483.000000 2212.782959 253.960571 2363.362305 240.250885
484.000000 2343.478516 227.380768 2486.653564 241.405518
121.000000 569.730713 800.987976 113.300995 507.977570
122.000000 700.305542 785.994385 379.887695 514.553406
537.000000 2440.341553 1227.494995 2553.270264 1138.953613
538.000000 2310.124512 1238.183960 2439.946777 1145.781982
549.000000 2396.641846 1440.852173 2503.346191 1325.514526
550.000000 2266.655273 1437.057983 2389.952881 1324.259888
380.000000 1578.762085 246.367554 1864.868042 104.463531
263.000000 2103.307861 763.193665 2250.005615 695.221436
1091.000000 2227.375000 740.546875 2367.000000 690.000000
459.000000 2316.790039 514.049988 2466.802734 494.298584
460.000000 2193.102539 535.324951 2343.276611 498.209076
63.000000 1108.484985 1243.390503 1158.120483 1126.667358
826.000000 1103.833618 1120.106934 1132.000000 978.000000
397.000000 1752.619751 1008.232605 1945.646729 905.318359
398.000000 1847.723755 1086.791016 2053.632324 993.707092
541.000000 1783.244141 1519.463989 2103.280518 1414.130371
542.000000 1903.334595 1523.295410 2216.772705 1411.770996
163.000000 1413.328125 1275.810913 1589.996216 1169.402954
395.000000 1749.213867 754.828796 1989.150513 658.007385
396.000000 1643.810913 699.417603 1873.274536 580.163696
133.000000 529.569641 597.484192 20.174091 217.542282
134.000000 646.797485 577.431396 269.948364 225.051071
975.000000 2253.171631 851.898987 2390.000000 798.000000
128.000000 2370.600098 838.654175 2486.654053 794.338806
1317.000000 1575.177490 279.991150 1850.000000 131.000000
253.000000 1320.030762 1424.470459 1533.483643 1329.392212
254.000000 1206.656982 1425.250488 1343.352539 1334.109009
371.000000 1359.501587 802.680908 1556.661743 652.826660
372.000000 1470.270508 788.829834 1699.994629 653.075317
548.000000 2506.596436 1230.754761 2599.901123 1143.770142
523.000000 1936.658691 1256.385986 2203.340820 1157.527344
524.000000 1826.652222 1259.488892 2086.654053 1158.528320
221.000000 729.986633 1284.941772 576.679993 1168.919189
222.000000 840.006714 1285.855103 779.982361 1171.428589
249.000000 616.311096 724.917969 203.358444 414.997528
465.000000 1403.312744 1309.022827 1613.298950 1204.602417
466.000000 1510.002441 1306.781006 1736.709106 1202.548706
97.000000 1383.350830 1269.539795 1576.665405 1159.775146
559.000000 934.850830 843.082764 897.857483 632.876282
243.000000 637.223450 630.178223 253.230042 295.829987
244.000000 537.097961 646.053528 59.814045 287.828156
909.000000 1999.898682 575.188354 2147.000000 504.000000
39.000000 1303.341919 1317.010620 1483.335083 1210.786255
307.000000 1293.395752 290.254089 1496.664673 73.599518
308.000000 1389.964722 266.523071 1660.013916 74.847038
138.000000 526.817261 607.549072 19.965557 231.364426
925.000000 1478.365112 300.907379 1740.000000 131.000000
105.000000 703.440063 1124.123535 369.879059 957.895691
822.000000 1070.280151 838.875366 1143.000000 649.000000
370.000000 1167.080566 826.595764 1293.342529 652.305359
432.000000 2783.408936 1678.679443 2813.328125 1512.812988
451.000000 1403.293579 1239.085327 1566.647827 1128.957153
452.000000 1500.067139 1234.876099 1693.333374 1126.667236
489.000000 987.867920 793.355286 981.079712 585.871704
1352.000000 1902.390991 1017.223267 2151.000000 920.000000
1211.000000 2676.602295 816.128113 2763.000000 800.000000
251.000000 2693.488525 1664.851318 2746.843262 1499.966064
936.000000 2040.094727 1282.907471 2234.000000 1185.000000
1029.000000 2778.534912 1233.591919 2804.000000 1148.000000
804.000000 2794.546875 1324.296021 2808.000000 1228.000000
277.000000 543.112549 611.860168 66.588264 241.873260
278.000000 633.089600 598.373962 246.691315 249.411270
295.000000 633.432373 1037.436401 236.732910 836.066650
296.000000 723.232849 1025.885498 406.713867 831.946899
102.000000 1720.000000 1240.000000 2016.666626 1136.607544
487.000000 895.590027 1145.745239 779.220398 997.537231
488.000000 961.071899 1084.479004 882.802795 934.613892
1364.000000 1557.282593 409.751373 1796.000000 264.000000
1512.000000 823.313782 676.205811 590.000000 401.000000
479.000000 1906.656250 1309.598999 2216.673340 1209.828125
480.000000 1819.961548 1311.861694 2093.333496 1210.089233
294.000000 749.988281 1297.793579 610.026367 1183.352295
1542.000000 1069.263062 819.998962 1157.000000 636.000000
437.000000 1069.382935 733.332458 1066.853027 523.636047
1114.000000 2203.638916 208.247910 2370.000000 197.000000
780.000000 1350.000000 326.000000 1600.000000 129.000000
698.000000 2821.000000 1807.000000 2864.000000 1614.000000
632.000000 1045.000000 976.000000 1022.000000 808.000000
609.000000 2662.000000 1852.000000 2740.000000 1662.000000
1473.000000 1121.000000 1008.000000 1183.000000 855.000000
1113.000000 814.000000 1671.000000 1009.000000 1601.000000
599.000000 2679.000000 1804.000000 2756.000000 1621.000000
1123.000000 1093.000000 386.000000 1234.000000 127.000000
1338.000000 1823.000000 1344.000000 2140.000000 1232.000000
1210.000000 1410.000000 985.000000 1584.000000 856.000000
646.000000 2288.000000 1259.000000 2417.000000 1165.000000
770.000000 1657.000000 934.000000 1841.000000 823.000000
1081.000000 845.000000 1714.000000 1435.000000 1678.000000
1154.000000 1391.000000 1170.000000 1572.000000 1059.000000
640.000000 2652.000000 1426.000000 2714.000000 1309.000000
1320.000000 2261.000000 773.000000 2402.000000 724.000000
654.000000 2068.000000 198.000000 2229.000000 157.000000
900.000000 867.000000 677.000000 670.000000 412.000000
1529.000000 1043.000000 569.000000 1070.000000 326.000000
1085.000000 1129.000000 913.000000 1203.000000 747.000000
612.000000 1035.000000 990.000000 1005.000000 824.000000
700.000000 2838.000000 1873.000000 2874.000000 1666.000000
981.000000 1162.000000 1004.000000 1244.000000 854.000000
1293.000000 2677.000000 329.000000 2760.000000 388.000000
1341.000000 996.000000 427.000000 1047.000000 146.000000
694.000000 1920.000000 1323.000000 2231.000000 1221.000000
723.000000 2646.000000 62.000000 2745.000000 155.000000
1297.000000 1629.000000 953.000000 1807.000000 839.000000
759.000000 1056.000000 1002.000000 1037.000000 841.000000
652.000000 1144.000000 1387.000000 1286.000000 1291.000000
878.000000 2270.000000 1495.000000 2391.000000 1376.000000
773.000000 1493.000000 1349.000000 1751.000000 1247.000000
647.000000 2230.000000 147.000000 2386.000000 145.000000
985.000000 2661.000000 1795.000000 2742.000000 1614.000000
1112.000000 1429.000000 944.000000 1609.000000 814.000000
1126.000000 1268.000000 281.000000 1461.000000 56.000000
767.000000 2327.000000 1116.000000 2454.000000 1037.000000
1049.000000 1155.000000 913.000000 1240.000000 748.000000
844.000000 1932.000000 1334.000000 2243.000000 1232.000000
1472.000000 1464.000000 1072.000000 1649.000000 953.000000
763.000000 1113.000000 1015.000000 1170.000000 861.000000
1268.000000 635.000000 1288.000000 254.000000 1169.000000
841.000000 1069.000000 590.000000 1156.000000 349.000000
1117.000000 989.000000 1387.000000 1053.000000 1293.000000
554.000000 721.000000 1661.000000 1089.994507 1627.764038
1189.000000 728.000000 1592.000000 741.000000 1535.000000
577.000000 705.000000 1416.000000 576.649963 1333.333130
1506.000000 1135.000000 1007.000000 1200.000000 854.000000
736.000000 2671.000000 1775.000000 2751.000000 1598.000000
928.000000 1642.000000 919.000000 1823.000000 807.000000
731.000000 2225.000000 544.000000 2371.000000 509.000000
860.000000 2423.000000 1119.000000 2535.000000 1044.000000
897.000000 1687.000000 1028.000000 1873.000000 922.000000
205.000000 1561.000000 789.000000 1730.001221 666.476746
734.000000 1857.000000 1638.000000 2166.000000 1524.000000
450.000000 2641.000000 1766.000000 2729.964600 1594.551270
834.000000 2184.000000 1266.000000 2320.000000 1169.000000
986.000000 1980.000000 108.000000 2146.000000 50.000000
906.000000 1319.000000 1725.000000 1979.000000 1644.000000
712.000000 630.000000 1251.000000 239.000000 1120.000000
1336.000000 906.000000 771.000000 736.000000 535.000000
643.000000 1529.000000 1390.000000 1796.000000 1290.000000
987.000000 1194.000000 1328.000000 1361.000000 1224.000000
1318.000000 1009.000000 425.000000 1067.000000 147.000000
1453.000000 1478.000000 1390.000000 1734.000000 1290.000000
807.000000 1065.000000 1134.000000 1051.000000 996.000000
812.000000 1361.000000 1388.000000 1585.000000 1289.000000
1212.000000 1356.000000 1138.000000 1515.000000 1004.000000
629.000000 1810.000000 288.000000 1962.000000 188.000000
666.000000 1088.000000 1825.000000 1839.000000 1772.000000
1177.000000 704.000000 1364.000000 576.000000 1260.000000
713.000000 1133.000000 1092.000000 1198.000000 952.000000
1555.000000 1394.000000 528.000000 1627.000000 360.000000
708.000000 1348.000000 1646.000000 1995.000000 1557.000000
874.000000 1347.000000 1389.000000 1567.000000 1291.000000
1012.000000 1403.000000 1401.000000 1640.000000 1303.000000
1102.000000 1054.000000 382.000000 1183.000000 111.000000
1283.000000 1228.000000 1402.000000 1407.000000 1306.000000
1533.000000 1591.000000 723.000000 1812.000000 594.000000
1041.000000 901.000000 749.000000 728.000000 509.000000
782.000000 1271.000000 1107.000000 1459.000000 979.000000
1190.000000 1085.000000 753.000000 1087.000000 551.000000
1511.000000 723.000000 730.000000 421.000000 449.000000
748.000000 1018.000000 1387.000000 1099.000000 1293.000000
1005.000000 2295.000000 534.000000 2437.000000 511.000000
1342.000000 1489.000000 1215.000000 1676.000000 1106.000000
732.000000 1903.000000 1392.000000 2211.000000 1286.000000
693.000000 1195.000000 313.000000 1356.000000 72.000000
1421.000000 1113.000000 934.000000 1173.000000 768.000000
911.000000 1137.000000 970.000000 1209.000000 813.000000
1461.000000 731.000000 1352.000000 627.000000 1252.000000
956.000000 2699.000000 224.000000 2775.000000 304.000000
1079.000000 1814.000000 1583.000000 2122.000000 1474.000000
929.000000 2103.000000 1726.000000 2272.000000 1595.000000
949.000000 1205.000000 720.000000 1312.000000 535.000000
623.000000 2477.000000 1371.000000 2575.000000 1264.000000
973.000000 1910.000000 131.000000 2074.000000 55.000000
1262.000000 2351.000000 1259.000000 2468.000000 1166.000000
1471.000000 529.000000 1699.000000 252.000000 1717.000000
1135.000000 1176.000000 1388.000000 1333.000000 1292.000000
1224.000000 824.000000 1716.000000 1401.000000 1683.000000
838.000000 1730.000000 1391.000000 2028.000000 1288.000000
1023.000000 2750.000000 1884.000000 2814.000000 1681.000000
819.000000 2302.000000 363.000000 2449.000000 357.000000
1242.000000 2324.000000 1093.000000 2450.000000 1018.000000
1408.000000 842.000000 700.000000 628.000000 436.000000
1039.000000 1011.000000 1605.000000 1280.000000 1536.000000
442.000000 1134.000000 1313.000000 1243.402710 1207.451782
1121.000000 1082.000000 1092.000000 1077.000000 947.000000
997.000000 1297.000000 339.000000 1527.000000 129.000000
686.000000 943.000000 1399.000000 742.000000 1309.000000
636.000000 1688.000000 1391.000000 1980.000000 1288.000000
1428.000000 746.000000 1332.000000 651.000000 1227.000000
765.000000 1143.000000 1351.000000 1286.000000 1250.000000
1480.000000 2343.000000 233.000000 2484.000000 247.000000
751.000000 845.000000 1602.000000 887.000000 1542.000000
40.000000 1443.000000 443.000000 1680.020996 275.971680
1486.000000 2398.000000 424.000000 2528.000000 427.000000
1048.000000 1264.000000 550.000000 1399.000000 354.000000
814.000000 1991.000000 884.000000 2042.000000 791.000000
627.000000 715.000000 1340.000000 595.000000 1238.000000
1024.000000 1488.000000 1153.000000 1676.000000 1040.000000
851.000000 2717.000000 780.000000 2779.000000 771.000000
1339.000000 2360.000000 1081.000000 2470.000000 1016.000000
653.000000 1035.000000 961.000000 1008.000000 789.000000
753.000000 1312.000000 1389.000000 1520.000000 1291.000000
1501.000000 946.000000 1884.000000 1632.000000 1860.000000
1369.000000 1434.000000 1193.000000 1641.000000 1080.000000
1554.000000 940.000000 816.000000 830.000000 599.000000
1404.000000 1448.000000 995.000000 1630.000000 870.000000
1403.000000 1116.000000 1228.000000 1173.000000 1109.000000
972.000000 916.000000 1400.000000 938.000000 1309.000000
1439.000000 962.000000 411.000000 998.000000 130.000000
984.000000 1086.000000 603.000000 1177.000000 380.000000
1158.000000 1040.000000 397.000000 1155.000000 125.000000
777.000000 1795.000000 1662.000000 2101.000000 1552.000000
1380.000000 2362.000000 1117.000000 2482.000000 1039.000000
916.000000 1055.000000 989.000000 1037.000000 824.000000
741.000000 723.000000 1331.000000 608.000000 1227.000000
1170.000000 1294.000000 1232.000000 1394.000000 1115.000000
137.000000 647.000000 587.000000 266.643311 237.591583
1160.000000 1834.000000 1407.000000 2139.000000 1302.000000
1482.000000 706.000000 1725.000000 1204.000000 1711.000000
954.000000 2204.000000 1644.000000 2326.000000 1513.000000
1328.000000 1363.000000 1326.000000 1590.000000 1222.000000
1253.000000 2101.000000 136.000000 2262.000000 107.000000
1425.000000 1290.000000 1327.000000 1489.000000 1223.000000
642.000000 1405.000000 1159.000000 1571.000000 1042.000000
1099.000000 944.000000 1339.000000 971.000000 1246.000000
791.000000 1424.000000 1045.000000 1598.000000 922.000000
1289.000000 1008.000000 411.000000 1072.000000 131.000000
1188.000000 1542.000000 1347.000000 1812.000000 1245.000000
1508.000000 1036.000000 1329.000000 1127.000000 1224.000000
720.000000 1494.000000 1390.000000 1752.000000 1289.000000
833.000000 1655.000000 901.000000 1851.000000 777.000000
1213.000000 1368.000000 306.000000 1626.000000 113.000000
1440.000000 1379.000000 549.000000 1589.000000 382.000000
1096.000000 1164.000000 937.000000 1248.000000 778.000000
618.000000 1629.000000 936.000000 1808.000000 824.000000
1470.000000 1545.000000 1562.000000 1704.000000 1523.000000
999.000000 2117.000000 844.000000 2263.000000 775.000000
785.000000 1928.000000 1817.000000 2256.000000 1688.000000
968.000000 1386.000000 215.000000 1645.000000 19.000000
1185.000000 1187.000000 1350.000000 1350.000000 1249.000000
1097.000000 1555.000000 1089.000000 1715.000000 975.000000
677.000000 962.000000 922.000000 902.000000 734.000000
747.000000 1368.000000 322.000000 1621.000000 129.000000
1157.000000 2553.000000 49.000000 2670.000000 125.000000
992.000000 1671.000000 1100.000000 1852.000000 993.000000
1258.000000 1278.000000 827.000000 1397.000000 666.000000
1491.000000 1401.000000 906.000000 1583.000000 778.000000
665.000000 2309.000000 317.000000 2455.000000 316.000000
1498.000000 1377.000000 520.000000 1598.000000 348.000000
1388.000000 1153.000000 1018.000000 1229.000000 868.000000
1333.000000 2011.000000 1087.000000 2169.000000 996.000000
1215.000000 801.000000 1339.000000 735.000000 1246.000000
1450.000000 882.000000 1350.000000 882.000000 1250.000000
1530.000000 829.000000 1331.000000 1030.000000 1225.000000
644.000000 2579.000000 829.000000 2671.000000 802.000000
1227.000000 1419.000000 882.000000 1603.000000 747.000000
1237.000000 776.000000 1339.000000 703.000000 1237.000000
1519.000000 1191.000000 712.000000 1292.000000 524.000000
1174.000000 2198.000000 1432.000000 2329.000000 1321.000000
1261.000000 1315.000000 335.000000 1548.000000 130.000000
1058.000000 2246.000000 598.000000 2391.000000 563.000000
1161.000000 1718.000000 1079.000000 1917.000000 963.000000
1015.000000 2276.000000 1471.000000 2399.000000 1354.000000
1362.000000 1404.000000 1053.000000 1583.000000 924.000000
1115.000000 1197.000000 1177.000000 1293.000000 1054.000000
1067.000000 977.000000 1388.000000 1034.000000 1295.000000
1178.000000 1730.000000 1644.000000 2177.000000 1524.000000
1059.000000 1328.000000 1413.000000 1542.000000 1316.000000
836.000000 1363.000000 1712.000000 2004.000000 1627.000000
1001.000000 1425.000000 1075.000000 1599.000000 952.000000
817.000000 1798.000000 1405.000000 2101.000000 1301.000000
501.000000 642.000000 467.000000 263.336792 74.902901
705.000000 1434.000000 1107.000000 1611.000000 988.000000
699.000000 1401.000000 992.000000 1571.000000 862.000000
792.000000 1644.000000 952.000000 1823.000000 840.000000
991.000000 1522.000000 305.000000 1780.000000 148.000000
625.000000 2548.000000 1332.000000 2632.000000 1230.000000
1312.000000 2696.000000 753.000000 2764.000000 747.000000
1084.000000 1638.000000 1193.000000 1811.000000 1087.000000
1355.000000 2092.000000 1028.000000 2237.000000 946.000000
1391.000000 2466.000000 1075.000000 2572.000000 1008.000000
663.000000 2667.000000 66.000000 2759.000000 163.000000
1062.000000 886.000000 1388.000000 884.000000 1295.000000
1368.000000 1457.000000 900.000000 1644.000000 769.000000
1127.000000 1348.000000 734.000000 1506.000000 575.000000
1075.000000 1646.000000 1002.000000 1828.000000 893.000000
1564.000000 1663.000000 1383.000000 1953.000000 1280.000000
1392.000000 1310.000000 1742.000000 1974.000000 1662.000000
952.000000 1108.000000 383.000000 1254.000000 127.000000
934.000000 1160.000000 282.000000 1321.000000 25.000000
1510.000000 2296.000000 1055.000000 2425.000000 982.000000
1156.000000 954.000000 568.000000 1006.000000 300.000000
1218.000000 1077.000000 1116.000000 1068.000000 976.000000
1281.000000 1319.000000 1162.000000 1499.000000 1043.000000
771.000000 700.000000 1622.000000 1192.000000 1584.000000
1153.000000 2436.000000 1668.000000 2531.000000 1522.000000
1535.000000 1623.000000 1010.000000 1801.000000 897.000000
1109.000000 1189.000000 612.000000 1291.000000 408.000000
1070.000000 1104.000000 1186.000000 1096.000000 1061.000000
1235.000000 1358.000000 498.000000 1578.000000 318.000000
1225.000000 995.000000 1017.000000 958.000000 840.000000
1390.000000 1312.000000 1350.000000 1518.000000 1250.000000
1514.000000 581.000000 1857.000000 1021.000000 1891.000000
264.000000 2298.000000 730.000000 2436.682373 695.950684
948.000000 2781.000000 1546.000000 2811.000000 1404.000000
1398.000000 1882.000000 1623.000000 2149.000000 1501.000000
774.000000 1841.000000 1807.000000 2167.000000 1688.000000
740.000000 1833.000000 1666.000000 2139.000000 1553.000000
1279.000000 1706.000000 1306.000000 2003.000000 1203.000000
1004.000000 825.000000 1728.000000 1403.000000 1696.000000
930.000000 859.000000 1331.000000 843.000000 1227.000000
989.000000 1275.000000 1616.000000 1403.000000 1551.000000
1347.000000 959.000000 977.000000 899.000000 800.000000
918.000000 2238.000000 1144.000000 2368.000000 1060.000000
768.000000 1180.000000 1161.000000 1276.000000 1042.000000
1131.000000 1313.000000 1096.000000 1482.000000 971.000000
641.000000 1405.000000 1068.000000 1584.000000 952.000000
863.000000 2286.000000 322.000000 2434.000000 317.000000
1419.000000 1063.000000 1024.000000 996.000000 867.000000
622.000000 1494.000000 1645.000000 1902.000000 1595.000000
1523.000000 1427.000000 508.000000 1659.000000 343.000000
689.000000 1670.000000 1393.000000 1878.000000 1294.000000
756.000000 1913.000000 1382.000000 2223.000000 1277.000000
788.000000 972.000000 976.000000 911.000000 801.000000
950.000000 1624.000000 1404.000000 1899.000000 1292.000000
1306.000000 1102.000000 767.000000 1050.000000 563.000000
678.000000 1151.000000 1221.000000 1197.000000 1102.000000
1179.000000 1299.000000 1389.000000 1494.000000 1281.000000
1162.000000 727.000000 1624.000000 1238.000000 1585.000000
813.000000 1164.000000 1162.000000 1261.000000 1034.000000
1334.000000 2397.000000 1381.000000 2507.000000 1273.000000
1231.000000 849.000000 1684.000000 1035.000000 1645.000000
1095.000000 2715.000000 760.000000 2779.000000 755.000000
1111.000000 1803.000000 1345.000000 2108.000000 1242.000000
823.000000 1035.000000 1005.000000 1006.000000 841.000000
1534.000000 1904.000000 1658.000000 2214.000000 1540.000000
793.000000 1299.000000 1040.000000 1431.000000 907.000000
1021.000000 2692.000000 362.000000 2771.000000 418.000000
1546.000000 1750.000000 1324.000000 2052.000000 1222.000000
786.000000 1200.000000 620.000000 1306.000000 420.000000
898.000000 1687.000000 1349.000000 1978.000000 1246.000000
141.000000 1021.000000 1605.000000 1299.990845 1531.516357
449.000000 2811.000000 1781.000000 2856.675537 1595.538208
215.000000 2067.000000 1483.000000 2303.348877 1372.202637
298.000000 728.000000 1015.000000 426.944641 816.373230
1286.000000 772.000000 1263.000000 638.000000 1140.000000
843.000000 1366.000000 504.000000 1588.000000 328.000000
1495.000000 813.000000 1237.000000 686.000000 1109.000000
1263.000000 1543.000000 1389.000000 1813.000000 1289.000000
250.000000 713.000000 705.000000 396.597534 412.082672
1485.000000 1314.000000 320.000000 1554.000000 113.000000
861.000000 1096.000000 1338.000000 1204.000000 1245.000000
913.000000 2317.000000 1678.000000 2432.000000 1537.000000
951.000000 1372.000000 695.000000 1540.000000 536.000000
749.000000 2401.000000 970.000000 2502.000000 913.000000
754.000000 2028.000000 1341.000000 2187.000000 1256.000000
1223.000000 2289.000000 1043.000000 2418.000000 971.000000
1045.000000 832.000000 1386.000000 865.000000 1294.000000
761.000000 1299.000000 1349.000000 1503.000000 1248.000000
1572.000000 1592.000000 1552.000000 1803.000000 1522.000000
615.000000 1414.000000 1149.000000 1602.000000 1033.000000
1468.000000 1304.000000 408.000000 1323.000000 205.000000
1557.000000 1656.000000 950.000000 1838.000000 840.000000
781.000000 1347.000000 536.000000 1451.000000 353.000000
668.000000 744.000000 1385.000000 656.000000 1284.000000
1232.000000 1449.000000 543.000000 1673.000000 383.000000
1133.000000 794.000000 1676.000000 1355.000000 1640.000000
1513.000000 1021.000000 1592.000000 1293.000000 1523.000000
1107.000000 2741.000000 1175.000000 2789.000000 1101.000000
1436.000000 523.000000 1085.000000 28.000000 890.000000
818.000000 844.000000 1386.000000 818.000000 1294.000000
610.000000 1056.000000 976.000000 1007.000000 808.000000
1053.000000 1860.000000 405.000000 2016.000000 317.000000
1050.000000 2548.000000 493.000000 2652.000000 510.000000
1504.000000 1036.000000 1177.000000 995.000000 1032.000000
1305.000000 2169.000000 1733.000000 2323.000000 1595.000000
1540.000000 1547.000000 1325.000000 1819.000000 1222.000000
585.000000 959.000000 1679.000000 1613.334595 1625.298462
540.000000 2603.000000 931.000000 2676.876953 890.238586
1411.000000 1328.000000 795.000000 1513.000000 639.000000
1526.000000 1923.000000 410.000000 2079.000000 333.000000
1171.000000 1411.000000 223.000000 1673.000000 32.000000
1014.000000 1686.000000 1080.000000 1871.000000 975.000000
1442.000000 2473.000000 808.000000 2583.000000 775.000000
260.000000 992.000000 363.000000 1094.593750 69.896835
1239.000000 1611.000000 693.000000 1799.000000 570.000000
902.000000 683.000000 1921.000000 1378.000000 1909.000000
608.000000 1484.000000 1064.000000 1663.000000 952.000000
1136.000000 546.000000 562.000000 73.000000 175.000000
1563.000000 891.000000 1249.000000 772.000000 1127.000000
1139.000000 1462.000000 1147.000000 1662.000000 1032.000000
1565.000000 2327.000000 809.000000 2454.000000 763.000000
1137.000000 1671.000000 1347.000000 1955.000000 1257.000000
1208.000000 1770.000000 1632.000000 2074.000000 1524.000000
931.000000 1138.000000 1164.000000 1200.000000 1035.000000
1553.000000 1628.000000 904.000000 1807.000000 789.000000
1507.000000 2091.000000 1311.000000 2325.000000 1200.000000
1205.000000 994.000000 1122.000000 940.000000 977.000000
1248.000000 977.000000 1681.000000 1499.000000 1626.000000
583.000000 1242.000000 1700.000000 1753.335083 1625.185791
1291.000000 1214.000000 559.000000 1327.000000 352.000000
1141.000000 1563.000000 1001.000000 1727.000000 884.000000
955.000000 1081.000000 543.000000 1172.000000 305.000000
1256.000000 2531.000000 926.000000 2628.000000 882.000000
794.000000 1426.000000 984.000000 1600.000000 855.000000
1556.000000 1274.000000 1730.000000 1804.000000 1678.000000
762.000000 1421.000000 913.000000 1598.000000 779.000000
716.000000 1746.000000 1391.000000 2044.000000 1287.000000

5.000000 773.360352 1274.547485 2013.339844 1246.960571 1126.661621 1154.329224 2056.657715 1148.717896
6.000000 2003.313965 1239.172363 780.025024 1267.738647 2063.324219 1141.647583 1140.000122 1146.687256
10.000000 566.883850 1533.136108 1663.711426 1518.673462 953.335449 1460.598267 1833.333374 1460.124756
1.000000 650.060486 1474.059082 1596.827515 1466.309082 860.051147 1392.481079 1980.053345 1386.220337
2.000000 1475.510620 1807.005859 575.865601 1763.069458 789.718201 1753.478882 1896.577881 1765.110962
3.000000 582.571045 1748.468628 1398.203491 1801.148682 2077.737793 1731.284912 976.827209 1762.354248
11.000000 1126.139160 1838.528564 550.250549 1771.208618 1836.641724 1784.033203 986.642639 1787.585938
8.000000 556.777466 1782.419922 1106.374756 1849.073730 960.000427 1800.110596 1866.665771 1796.437012
87.000000 1117.766968 1581.557983 1648.038452 1531.075684 1840.483521 1496.530151 2060.985352 1463.182007
12.000000 589.698547 1542.046021 1109.932861 1571.197754 980.000305 1493.247437 1826.666992 1493.169434
13.000000 1460.480591 258.618317 996.552551 372.869995 1750.018311 85.667244 1096.654419 82.907150
14.000000 1583.315674 1444.745972 1106.640015 1438.804810 1909.986694 1344.918457 1259.999023 1349.869751
15.000000 1457.586548 287.153503 1006.453552 395.781647 1743.337769 115.176880 1109.990112 113.274017
16.000000 1009.205933 383.428162 1457.525146 273.500946 1109.996216 99.558334 1740.003906 100.378311
27.000000 1523.310669 1306.273804 1976.688110 1303.513184 1746.671387 1201.778809 2236.666748 1203.281006
37.000000 2650.048828 103.212578 2233.073242 195.499985 2743.329590 190.990768 2393.334717 189.657059
17.000000 1449.514038 414.327301 1063.575928 494.501221 1690.011597 247.774414 1156.675415 244.989197
21.000000 1073.417236 503.742065 1443.548828 427.716003 1169.974243 256.993408 1679.995850 260.582916
20.000000 1446.924438 441.283295 1076.473999 515.707642 1680.020996 275.971680 1166.684204 273.296570
24.000000 1449.731567 458.641327 1082.895264 531.115845 1673.341797 295.323975 1173.340698 292.173737
23.000000 1076.657837 523.289062 1440.171265 450.859558 1173.324829 281.110046 1673.346436 284.968231
25.000000 1086.760376 537.147949 1449.951538 466.418121 1179.997070 300.696716 1670.002319 302.789703
74.000000 1110.065674 1850.903442 1476.731689 1824.227051 1868.521851 1799.694824 2100.588867 1732.018921
88.000000 1481.172852 1812.760010 1126.139160 1838.528564 2101.636963 1720.784058 1887.821289 1782.444946
55.000000 1693.331177 1442.684937 2043.370728 1441.553101 2306.658691 1344.138428 2016.671997 1345.043335
30.000000 2773.590332 349.983276 2750.979492 2.618649 2961.801270 426.699036 2952.856934 3.272984
94.000000 2416.646240 1355.497803 2763.344727 1358.786133 2586.665771 1252.757690 2799.998779 1252.447510
47.000000 1050.023682 1284.403320 1386.672607 1276.933350 1273.319214 1172.243164 1579.977295 1168.255859
54.000000 2213.273193 1247.096924 2546.671875 1243.882690 2343.307129 1152.846191 2633.313232 1155.518555
133.000000 569.717773 1453.381470 886.622803 1426.156128 746.014343 1377.085938 925.240967 1336.964722
57.000000 1395.269897 1166.701538 1387.447998 853.313843 1559.128296 1003.337036 1557.901123 716.661377
60.000000 2620.027100 1863.145996 2319.562988 1819.688965 2723.357422 1672.766602 2456.464355 1661.430908
18.000000 746.666443 1316.651245 1043.321777 1312.506592 583.324951 1208.628174 1103.325928 1205.458984
121.000000 1493.755859 262.197754 1213.478271 189.441833 1752.359253 75.668785 1571.324707 0.157449
73.000000 1983.431152 1759.905029 1696.893799 1740.116089 2309.954346 1630.498169 2066.738037 1634.420288
83.000000 1699.909424 1724.713745 1986.653198 1743.538452 2066.652588 1619.137085 2296.645752 1615.381592
130.000000 1211.777832 192.294373 986.694519 366.702637 1269.364258 1.704073 1094.593750 69.896835
35.000000 883.268005 1253.773438 1166.682617 1247.372070 773.342041 1131.581299 1133.331177 1129.601807
77.000000 1696.625977 1750.526001 1976.755859 1772.179321 2069.982178 1645.108887 2306.656006 1642.397095
76.000000 2338.496338 67.090698 2609.626953 1.784904 2513.348877 94.652863 2753.334473 96.513695
84.000000 1001.554138 373.039337 1219.071533 206.432480 1099.601074 84.552650 1313.885010 4.816013
96.000000 1963.444214 1735.127441 1696.481323 1715.907104 2276.651611 1608.872559 2063.355957 1611.705444
114.000000 2703.380371 340.291687 2445.372070 381.989594 2773.327881 400.438293 2573.358154 397.982086
86.000000 1709.979980 1706.955200 1970.112305 1725.053101 2066.651123 1601.144409 2289.996826 1599.555786
95.000000 2296.020996 170.426193 2550.144775 113.985336 2446.679688 180.217804 2660.009277 181.117310
19.000000 1706.681152 1312.275146 1446.670532 1313.935913 2003.339966 1209.625244 1483.335083 1210.786255
41.000000 1386.666504 1289.994507 1133.326660 1296.402832 1596.667480 1183.410034 1253.339355 1187.214355
38.000000 1140.019043 1314.249878 1393.381470 1308.985474 1253.327637 1205.822388 1600.023560 1203.473999
48.000000 1790.099854 1281.337280 1543.332275 1286.616089 2053.332031 1179.760864 1746.656250 1181.466309
288.000000 2286.546143 1688.256470 2529.996826 1706.707520 2503.300537 1548.620239 2613.325684 1550.461792
189.000000 2400.053955 1449.235962 2643.279785 1444.122925 2560.159424 1330.640381 2703.262451 1324.898193
72.000000 1555.121826 774.213623 1315.459717 797.667114 1763.319824 642.830383 1520.007935 641.670044
137.000000 2646.598389 1045.610718 2406.740723 1061.142578 2706.628906 990.311401 2523.324219 992.596985
113.000000 1450.070923 1434.481445 1686.596680 1442.155640 1683.338989 1338.358276 1883.336792 1337.691650
91.000000 1219.071533 206.432480 1438.784302 261.523010 1533.666138 2.536967 1735.695923 86.965874
164.000000 2420.275635 1663.485229 2634.312744 1682.026123 2536.460938 1517.891479 2693.709961 1524.991943
97.000000 1779.985229 964.406311 1746.624634 756.673401 2021.860474 864.816040 1984.189819 658.022339
129.000000 1216.483643 219.580475 1051.475952 348.569275 1352.339966 0.841499 1176.968384 70.756874
31.000000 2369.949707 1148.789917 2576.813477 1140.199341 2373.305908 1067.279297 2793.332031 1070.193970
166.000000 2523.967285 709.841858 2729.978271 689.776733 2626.564209 694.827026 2783.301758 698.152771
103.000000 1552.966797 801.878479 1346.269775 811.206665 1730.001221 666.476746 1523.363525 665.181396
90.000000 1262.671265 813.413330 1062.893677 826.745850 1333.323853 641.088623 1113.330200 641.460205
79.000000 2180.017090 433.478058 2373.408936 410.639984 2273.319580 396.880707 2506.760742 411.865936
106.000000 2553.350342 600.122192 2360.481445 626.813049 2653.333984 603.214905 2449.945801 601.935913
59.000000 1347.041626 495.250610 1157.133423 532.386963 1566.648438 312.589661 1296.638306 310.689667
158.000000 1990.133057 1271.916016 1799.201904 1285.173340 2229.836426 1176.063232 2069.559082 1182.720459
36.000000 559.729370 1240.521973 749.892395 1222.215576 96.617416 1102.177002 453.346832 1086.983398
56.000000 1080.045166 1437.551758 889.986877 1434.045410 1223.331787 1349.763428 936.655579 1351.652710
80.000000 2562.951660 1060.788208 2749.958496 1046.171875 2650.187012 995.902039 2883.490967 1006.542603
109.000000 1246.455078 836.379028 1059.647217 847.296204 1326.670532 665.134766 1123.338501 664.617126
46.000000 1146.666870 1433.181641 1333.333252 1433.407715 1299.990479 1342.364868 1613.326172 1339.273438
29.000000 1210.185303 1252.928101 1390.307739 1241.530640 1270.002441 1135.824341 1696.665527 1137.051392
45.000000 1043.340088 1299.647095 863.278503 1296.192627 1103.297485 1189.119629 789.885010 1184.546753
138.000000 1389.190430 263.165466 1216.483643 219.580475 1662.186523 72.668289 1494.508179 0.599874
126.000000 2640.197021 1660.564941 2463.069092 1654.842041 2746.843262 1499.966064 2556.851807 1510.129395
224.000000 2526.646729 266.575806 2699.687256 228.576263 2643.255859 310.083954 2770.009521 307.064270
298.000000 2500.154541 1533.466553 2673.405518 1541.837769 2583.379395 1403.623413 2693.354248 1405.286743
252.000000 2559.990234 1239.452393 2733.387207 1236.327637 2643.336914 1151.749634 2763.336426 1151.510132
222.000000 583.541809 941.154175 750.189575 911.049561 336.605804 692.164612 463.276031 685.566772
218.000000 2693.213867 222.764267 2527.549805 257.540344 2769.760010 296.473938 2640.035400 301.011566
232.000000 2756.724365 1128.065186 2590.066406 1134.943359 2796.583252 1063.697876 2673.162354 1060.916504
191.000000 2370.015137 828.790405 2536.781494 830.890564 2493.468018 785.345703 2634.045654 799.679810
175.000000 2276.675049 963.737366 2443.338867 960.263489 2406.578857 898.280334 2553.535889 906.276062
152.000000 1911.440918 1156.716064 1907.175049 993.407104 2153.431396 1066.677734 2153.150635 900.005920
264.000000 2713.210449 465.841370 2553.283691 489.667236 2776.672607 508.102997 2659.996582 507.734406
263.000000 2553.283447 496.339722 2713.124512 471.964264 2656.666016 513.414978 2773.349854 514.190063
270.000000 2533.171143 946.528748 2693.444336 939.045349 2790.140381 897.931458 2676.876953 890.238586
44.000000 603.346313 866.737305 760.219849 837.860901 160.006180 603.539185 483.248291 593.834290
98.000000 1719.974121 1259.181885 1563.359131 1264.147095 1946.657837 1155.932739 1736.648071 1158.452637
249.000000 2536.492188 608.636292 2689.875000 589.022217 2643.302246 608.281067 2763.322021 610.586670
228.000000 2243.323730 1447.212158 2396.727051 1449.939819 2379.999023 1333.834106 2506.666504 1333.851685
70.000000 916.763977 1585.155518 766.528442 1575.479614 1546.667847 1522.082275 1299.999390 1522.222778
71.000000 766.657104 1583.501465 916.740967 1592.025269 1299.990845 1531.516357 1543.334717 1530.283203
140.000000 1756.624268 1491.875488 1906.773560 1495.272217 2103.308105 1386.859863 2283.350098 1385.413452
119.000000 1680.012085 1230.396973 1829.974854 1225.839111 1839.999512 1126.240356 2036.665771 1125.992188
184.000000 1793.426880 1270.083496 1940.074829 1266.067383 2059.988037 1168.854248 2203.340576 1167.350342
231.000000 2323.069336 636.450928 2466.600342 625.774170 2456.806396 607.647827 2580.100830 614.966431
213.000000 1049.445190 351.208466 1182.417480 316.492004 1173.315552 73.960976 1303.331909 73.108582
143.000000 1643.329346 1269.561279 1779.984619 1268.314087 1843.322876 1165.866821 2020.000244 1166.593262
52.000000 773.320312 1431.586304 636.690186 1430.464966 826.667786 1352.807739 533.331909 1352.921631
242.000000 2212.782959 253.960571 2343.478516 227.380768 2363.362305 240.250885 2486.653564 241.405518
61.000000 569.730713 800.987976 700.305542 785.994385 113.300995 507.977570 379.887695 514.553406
269.000000 2440.341553 1227.494995 2310.124512 1238.183960 2553.270264 1138.953613 2439.946777 1145.781982
275.000000 2396.641846 1440.852173 2266.655273 1437.057983 2503.346191 1325.514526 2389.952881 1324.259888
190.000000 1689.768188 310.401886 1578.762085 246.367554 1809.096436 234.376450 1864.868042 104.463531
132.000000 2103.307861 763.193665 2227.375000 740.546875 2250.005615 695.221436 2436.682373 695.950684
230.000000 2316.790039 514.049988 2193.102539 535.324951 2466.802734 494.298584 2343.276611 498.209076
32.000000 1108.484985 1243.390503 1103.833618 1120.106934 1158.120483 1126.667358 1158.299683 716.665894
199.000000 1752.619751 1008.232605 1847.723755 1086.791016 1945.646729 905.318359 2053.632324 993.707092
271.000000 1783.244141 1519.463989 1903.334595 1523.295410 2103.280518 1414.130371 2216.772705 1411.770996
82.000000 1413.328125 1275.810913 1533.343994 1275.072021 1589.996216 1169.402954 1820.029175 1167.953125
198.000000 1749.213867 754.828796 1643.810913 699.417603 1989.150513 658.007385 1873.274536 580.163696
67.000000 529.569641 597.484192 646.797485 577.431396 20.174091 217.542282 269.948364 225.051071
64.000000 2253.171631 851.898987 2370.600098 838.654175 2233.276855 791.129944 2486.654053 794.338806
210.000000 1463.126953 738.832642 1421.916626 628.439880 1666.688843 630.000610 1670.296387 500.008209
127.000000 1320.030762 1424.470459 1206.656982 1425.250488 1533.483643 1329.392212 1343.352539 1334.109009
186.000000 1359.501587 802.680908 1470.270508 788.829834 1556.661743 652.826660 1699.994629 653.075317
153.000000 1277.694092 1047.985107 1222.695435 951.792175 1383.909058 937.693176 1326.199097 782.655579
274.000000 2616.649658 1231.796143 2506.596436 1230.754761 2713.331299 1146.747681 2599.901123 1143.770142
262.000000 1936.658691 1256.385986 1826.652222 1259.488892 2203.340820 1157.527344 2086.654053 1158.528320
111.000000 729.986633 1284.941772 840.006714 1285.855103 576.679993 1168.919189 779.982361 1171.428589
125.000000 616.311096 724.917969 723.299133 703.165039 203.358444 414.997528 396.597534 412.082672
233.000000 1403.312744 1309.022827 1510.002441 1306.781006 1613.298950 1204.602417 1736.709106 1202.548706
49.000000 1383.350830 1269.539795 1280.000977 1270.169312 1576.665405 1159.775146 1269.989746 1161.425781
280.000000 934.850830 843.082764 895.331421 936.619141 897.857483 632.876282 834.743958 724.054443
122.000000 637.223450 630.178223 537.097961 646.053528 253.230042 295.829987 59.814045 287.828156
154.000000 1293.395752 290.254089 1389.964722 266.523071 1496.664673 73.599518 1660.013916 74.847038
69.000000 623.512085 591.047607 526.817261 607.549072 266.643311 237.591583 19.965557 231.364426
53.000000 703.440063 1124.123535 800.143433 1111.062134 369.879059 957.895691 660.451904 941.196533
185.000000 1070.280151 838.875366 1167.080566 826.595764 1149.998169 652.878052 1293.342529 652.305359
216.000000 2686.677246 1673.148804 2783.408936 1678.679443 2683.341309 1514.119263 2813.328125 1512.812988
226.000000 1403.293579 1239.085327 1500.067139 1234.876099 1566.647827 1128.957153 1693.333374 1126.667236
139.000000 543.112549 611.860168 633.089600 598.373962 66.588264 241.873260 246.691315 249.411270
148.000000 633.432373 1037.436401 723.232849 1025.885498 236.732910 836.066650 406.713867 831.946899
268.000000 1186.689697 876.326904 1276.502075 882.424866 1290.062744 696.270508 1403.197266 714.191895
51.000000 1630.000000 1240.000000 1720.000000 1240.000000 1720.000000 1136.585327 2016.666626 1136.607544
244.000000 895.590027 1145.745239 961.071899 1084.479004 779.220398 997.537231 882.802795 934.613892
281.000000 1015.581482 661.070679 1053.417236 581.627502 985.316711 441.620148 1072.377197 373.016754
217.000000 1672.233032 1543.251221 1675.425537 1630.045654 2058.959473 1466.695068 2062.498779 1596.598633
240.000000 1906.656250 1309.598999 1819.961548 1311.861694 2216.673340 1209.828125 2093.333496 1210.089233
147.000000 836.687927 1297.332764 749.988281 1297.793579 780.095215 1184.706543 610.026367 1183.352295
