Keypoint Matches and Line Matches for pairs 3, 4 
3 corresponds to the image ./resources/Data/FountainP11/images/0003.png 
4 corresponds to the image ./resources/Data/FountainP11/images/0004.png 

522.000000 683.325623 1251.350586 650.009155 1152.832642
1.000000 2053.319092 1259.158936 2130.002441 1152.405029
3.000000 259.153900 1353.285645 94.716652 1263.259033
11.000000 1742.989746 1547.572632 1866.565186 1443.289795
4.000000 1646.484253 1493.690308 1876.460571 1396.439331
9.000000 1645.516602 1829.863525 1869.486206 1736.910034
12.000000 1625.533691 1821.540527 1856.302246 1726.281616
13.000000 602.804016 1774.953857 756.509766 1712.747070
16.000000 1893.334595 1249.341797 2000.000000 1143.223633
17.000000 1056.664551 1247.760742 1093.333374 1142.982544
21.000000 1283.365479 1866.324463 1566.689697 1782.842896
25.000000 1303.422119 1812.302368 1573.337280 1726.576782
19.000000 580.149231 1788.407715 733.691467 1732.213501
26.000000 613.250061 1538.164551 753.317017 1460.557617
27.000000 1283.957031 1575.446045 1543.322388 1483.708008
28.000000 1666.620483 1448.396973 1796.647095 1345.046875
29.000000 1106.574829 1433.439819 1166.653320 1337.834106
32.000000 1543.346069 236.762146 1653.541626 96.440842
1534.000000 997.047363 309.524841 1033.000000 139.000000
34.000000 1013.109924 321.657288 1046.618896 152.634262
35.000000 1540.185547 251.391632 1646.779785 111.657318
36.000000 1540.230103 265.100067 1646.847168 126.067139
37.000000 1012.955200 333.762756 1049.922363 165.490509
73.000000 2789.993896 1174.921631 2833.327637 1070.763794
46.000000 1566.679443 1305.889038 1663.359985 1200.986572
47.000000 2053.323486 1313.923096 2156.667480 1206.588257
127.000000 1744.666626 1514.695801 1876.827271 1412.265381
42.000000 1516.703003 393.666595 1606.652466 259.735535
43.000000 1069.898682 442.404663 1099.832642 286.874786
1103.000000 1016.686462 1299.129761 1054.000000 1200.000000
50.000000 1073.685059 453.283173 1110.077148 298.158630
51.000000 1507.044922 406.865112 1596.821045 272.984253
1148.000000 1510.119385 421.146729 1598.000000 289.000000
49.000000 1079.923462 465.931946 1113.297729 312.628510
52.000000 1509.911743 439.139496 1596.679199 306.916382
53.000000 1086.587646 482.563385 1123.204834 330.785217
54.000000 1080.044434 473.763733 1120.026855 320.536499
55.000000 1503.336670 430.032349 1593.341064 296.820496
41.000000 2796.681885 1382.667603 2839.959717 1268.168091
66.000000 2720.000000 196.667633 2776.713867 130.776657
67.000000 2306.640137 246.446915 2379.895020 154.942795
56.000000 1089.933228 489.341156 1126.570068 338.041931
57.000000 1500.109985 447.751770 1589.927246 315.191742
372.000000 1033.330811 1270.757812 1066.661621 1168.505737
103.000000 1416.671021 1272.056030 1500.000977 1168.105713
60.000000 1050.003662 1246.073975 1083.338379 1142.301636
61.000000 686.663757 1243.800293 656.665649 1140.207886
98.000000 1286.853149 1868.648926 1570.247314 1784.853882
99.000000 1640.194824 1835.404297 1873.687134 1735.509277
70.000000 1783.338379 1316.256104 1906.661133 1210.784424
71.000000 1436.683105 1311.998047 1533.322876 1208.142700
106.000000 1647.312622 1823.858887 1883.261841 1722.886719
18.000000 1310.369873 1854.118652 1589.301758 1770.379883
86.000000 2256.709229 1264.234619 2323.384521 1156.454834
87.000000 2589.998779 1270.068237 2646.650635 1161.118286
1496.000000 984.825562 304.970001 1009.000000 131.000000
82.000000 1417.472534 1160.001465 1490.529907 1053.331299
83.000000 1418.065674 840.002563 1489.242065 726.669678
44.000000 2103.027588 888.064636 2169.979980 785.623657
419.000000 246.906433 1589.450928 86.674149 1527.438354
90.000000 2080.306152 1764.942017 2216.730713 1647.433594
91.000000 1770.030640 1746.160645 1903.426636 1639.602661
92.000000 2076.803223 1461.843384 2213.354980 1351.788574
93.000000 1766.579956 1453.065063 1899.989990 1347.373291
94.000000 2079.935547 1491.817139 2209.920410 1381.015869
95.000000 1768.907593 1481.445190 1899.963257 1375.340088
134.000000 2365.803955 1820.258057 2436.171631 1688.778687
100.000000 1769.981323 1756.952148 1903.330322 1650.102295
101.000000 2073.326904 1776.766724 2210.023926 1659.192627
104.000000 1773.291138 1730.716187 1899.984131 1623.967896
105.000000 2073.428467 1748.382568 2200.046875 1631.452637
119.000000 2066.639893 1517.447510 2186.677734 1405.893311
120.000000 1769.978394 1507.297485 1896.641479 1401.769287
68.000000 1081.234985 1226.682861 1113.722168 1123.347412
78.000000 1133.310303 1302.400391 1186.664795 1202.572021
79.000000 1426.680542 1305.222290 1516.666992 1202.813110
96.000000 1866.630127 1287.818115 1976.651489 1181.635986
97.000000 1573.289185 1285.431030 1666.654419 1180.689575
80.000000 1423.335938 1286.037720 1509.997681 1182.052856
81.000000 1129.993774 1284.816406 1183.332031 1182.648193
384.000000 2560.068115 1708.960693 2619.905029 1578.869751
146.000000 836.557373 1415.463013 868.757629 1320.864868
115.000000 2056.638184 1740.444702 2186.641113 1624.194580
116.000000 1773.182739 1722.359375 1893.269653 1615.478271
129.000000 1779.834717 1712.552979 1903.263184 1605.567871
130.000000 2056.635986 1730.475220 2183.405518 1614.369263
122.000000 1530.232422 239.845093 1636.866089 98.755913
64.000000 533.214722 1651.585327 496.638611 1584.090576
109.000000 1143.314697 1427.415894 1209.988770 1331.286743
110.000000 1406.651123 1433.959473 1506.661743 1333.890137
118.000000 2756.955322 88.977188 2809.900146 28.364826
62.000000 1160.018677 1238.144653 1200.022705 1137.752197
1053.000000 1416.659302 1240.729004 1490.000000 1128.000000
111.000000 810.006042 1232.711548 783.352478 1128.217041
112.000000 1063.330688 1232.144409 1080.001465 1127.055542
172.000000 2763.455566 424.926788 2816.697998 354.605377
292.000000 2619.847412 198.707687 2686.706787 127.838814
185.000000 1556.592773 1785.934326 1800.336548 1688.765503
166.000000 2689.978516 1085.780029 2743.310547 985.345154
167.000000 2450.200928 1091.604126 2523.318115 989.120178
113.000000 376.503845 1206.957520 236.673477 1100.148315
114.000000 613.206116 1194.289185 530.000916 1086.686890
77.000000 1883.332275 1243.549805 1993.333374 1136.666626
253.000000 2496.580566 1661.058228 2556.579834 1532.118530
141.000000 1265.965698 172.138885 1341.779175 8.194321
1566.000000 1065.247925 289.929260 1105.000000 121.000000
206.000000 2613.297119 659.445312 2670.031982 574.138794
139.000000 1076.707520 1431.898804 1143.334106 1336.597290
140.000000 849.939880 1425.445801 883.292114 1333.692017
143.000000 1400.352905 466.768219 1483.493286 329.799316
144.000000 1176.302246 489.785706 1229.800293 342.755463
160.000000 1307.553955 1800.006104 1577.890381 1716.667236
161.000000 1309.030884 1586.659912 1577.826294 1493.333008
126.000000 999.593872 300.524933 1030.459106 127.738464
258.000000 1207.693237 270.432465 1263.930054 109.737534
149.000000 1466.323608 234.411118 1565.717407 89.275536
131.000000 1016.717041 1284.901855 1053.211792 1184.320068
136.000000 643.222595 782.283203 556.695435 637.092102
150.000000 843.267212 1744.174316 1039.982300 1673.803833
151.000000 1043.601440 1759.922485 1276.814941 1682.734741
193.000000 1390.001587 793.030701 1453.305908 674.952759
85.000000 1590.000000 1263.333374 1669.988159 1157.986206
1492.000000 1056.665771 812.017212 1090.000000 683.000000
152.000000 1043.412598 1588.651733 1276.655640 1503.712036
153.000000 849.964355 1577.272217 1046.656006 1497.035767
168.000000 1563.224365 764.755005 1656.565674 646.755005
169.000000 1369.759766 775.785828 1439.901367 653.499756
214.000000 2580.180908 761.804382 2640.020752 672.798950
215.000000 2773.392090 755.004944 2820.010742 671.466492
158.000000 853.223938 1585.292847 1046.714966 1504.948242
159.000000 1043.375732 1595.907959 1273.296509 1511.310791
234.000000 2599.999756 1266.708984 2656.666992 1157.615601
921.000000 2789.997559 1267.376953 2837.000000 1154.000000
188.000000 1703.333374 1233.288330 1783.333374 1126.609985
189.000000 1890.000000 1233.290771 1979.999878 1126.796631
230.000000 2253.541748 471.173035 2336.705322 377.257721
231.000000 2440.076660 466.212372 2506.671631 379.653198
218.000000 2479.422363 1669.271240 2532.947266 1541.841675
219.000000 2664.249023 1687.254517 2710.614502 1555.098999
217.000000 1743.671143 1710.002808 1866.324585 1603.353149
262.000000 2786.670654 1090.091064 2830.012695 990.372375
194.000000 1679.971069 1271.574829 1773.313232 1166.615601
195.000000 1856.639404 1274.818115 1963.306030 1167.780762
403.000000 2293.227539 1542.813843 2353.344482 1423.089966
343.000000 403.184723 730.319519 256.666138 570.430176
527.000000 506.764160 951.452576 396.666351 816.760559
197.000000 1488.616455 576.906555 1577.734741 453.536255
240.000000 2326.614746 991.961731 2393.276123 891.497375
241.000000 2496.760254 996.473694 2556.752930 897.739624
228.000000 2043.112061 1285.837158 2156.549561 1179.260620
229.000000 1873.063477 1290.856445 1986.402710 1184.150879
154.000000 736.616882 1421.751709 769.958984 1332.461792
155.000000 566.659424 1416.921631 539.967285 1328.628052
439.000000 2336.894775 1814.232544 2413.419922 1684.804077
440.000000 2170.130371 1798.608398 2300.021729 1679.532959
271.000000 2596.353027 447.159851 2659.851807 367.551056
272.000000 2759.901123 429.105316 2809.907471 358.471466
1240.000000 2756.306885 310.489594 2815.000000 248.000000
243.000000 2593.886963 331.042389 2657.010742 254.686096
250.000000 2596.359863 340.911560 2656.750000 264.434784
251.000000 2756.742676 320.599762 2813.277100 252.591003
186.000000 349.723511 506.692780 186.488556 317.295166
187.000000 509.720001 493.317383 386.609406 311.392242
236.000000 1984.444580 1166.700562 2087.347168 1066.642334
237.000000 1983.468628 1006.686157 2088.024414 899.978455
210.000000 1346.669189 1421.990479 1440.061646 1323.027588
211.000000 1186.663452 1421.688110 1260.013916 1324.771606
162.000000 559.735779 1086.026123 463.267395 968.924683
317.000000 2246.613037 1910.612549 2416.716553 1782.290771
318.000000 2089.977783 1896.921997 2276.717529 1775.603516
303.000000 2613.189209 561.477478 2673.335693 480.060608
304.000000 2769.945312 549.295227 2816.704590 474.273987
1153.000000 2770.017090 543.569336 2823.000000 470.000000
324.000000 2613.210205 554.974915 2676.660889 473.146210
463.000000 2110.154053 1678.204590 2186.106934 1559.938110
244.000000 1843.291992 1497.986084 1973.269531 1391.144897
245.000000 2000.118042 1502.902588 2136.617188 1393.473511
40.000000 2216.661133 1366.420654 2283.336426 1253.215942
196.000000 1514.007446 749.166565 1594.402100 639.605652
190.000000 503.367096 503.716583 379.998169 323.273529
191.000000 350.048553 517.218018 186.642014 329.194885
289.000000 2790.001953 1166.905518 2836.664551 1063.498047
290.000000 2636.651855 1168.098022 2689.979492 1061.518921
157.000000 1050.000000 1263.333374 1086.668335 1160.130249
653.000000 2867.636963 952.982117 2876.000000 865.000000
473.000000 2536.740234 1545.191284 2603.210693 1422.517700
474.000000 2683.375000 1552.499268 2713.274170 1427.882080
301.000000 2300.312012 452.396210 2373.578613 359.573669
302.000000 2155.954346 471.196503 2229.582520 371.717499
368.000000 2533.330078 1460.162354 2593.343018 1342.174561
369.000000 2676.739258 1463.017090 2723.361572 1343.252563
347.000000 2383.301514 679.283203 2453.395508 587.089233
348.000000 2526.678467 678.152710 2589.999756 590.010925
273.000000 1876.622192 1276.680786 1986.618652 1170.439453
525.000000 2129.964355 375.031891 2203.328613 275.651581
329.000000 2911.321289 1883.218140 2933.884277 1729.344849
254.000000 463.396606 650.582031 330.091919 484.766815
425.000000 2043.341553 1251.164062 2126.669922 1144.528320
426.000000 1903.330933 1250.632324 2009.995117 1144.837646
221.000000 2820.016846 1726.434937 2856.637207 1587.221924
339.000000 826.252136 1931.577515 1080.196533 1868.480957
340.000000 963.075684 1938.457642 1216.774170 1874.013916
381.000000 3031.273682 1399.916260 3025.679932 1280.017334
382.000000 3040.100342 1534.203125 3027.911133 1406.703491
370.000000 2476.651123 1097.935547 2536.669189 996.220276
371.000000 2610.046387 1099.581543 2666.683350 996.931458
355.000000 2283.096924 301.006348 2353.265137 208.607895
356.000000 2413.445312 287.769043 2486.605469 202.082169
238.000000 406.605347 882.667786 266.738739 741.191589
239.000000 536.729370 870.680664 430.079285 731.310425
331.000000 1396.728638 784.408630 1479.885742 662.801453
332.000000 1526.872803 776.911560 1616.728394 658.757263
401.000000 2683.268799 1262.005371 2723.383789 1151.332397
402.000000 2553.081787 1257.816284 2603.208008 1148.302979
377.000000 2486.742188 1251.501099 2556.646484 1142.983643
378.000000 2356.736328 1258.048706 2429.824463 1150.280396
938.000000 2912.295410 1873.513306 2938.000000 1720.000000
362.000000 1805.336182 1015.844238 1892.996094 911.465149
363.000000 1905.432251 1095.723755 1996.790894 990.861877
433.000000 2753.172119 82.190872 2807.035645 21.073883
434.000000 2626.672119 100.037994 2693.382568 30.589376
387.000000 2156.900635 788.648132 2229.821045 688.026123
388.000000 2283.765869 773.660889 2353.647949 676.803650
341.000000 1866.573242 1525.697998 1986.650146 1419.210083
342.000000 1993.568481 1530.716797 2123.332764 1420.100830
391.000000 2436.613525 1454.716187 2500.037109 1338.742798
392.000000 2309.877930 1449.839233 2376.614502 1335.104492
297.000000 1443.306885 1270.893799 1510.029541 1167.477295
298.000000 1569.960938 1274.650024 1656.676147 1169.193237
612.000000 219.983475 1651.767822 64.000000 1595.000000
399.000000 2380.069336 560.704529 2450.014648 470.263031
400.000000 2256.295166 572.896057 2329.831055 476.977570
469.000000 2843.206787 1781.335205 2886.647705 1636.980103
470.000000 2720.031250 1769.668823 2776.644775 1630.364990
529.000000 410.030029 954.130859 266.667755 823.751404
263.000000 336.665833 1050.932129 183.286179 926.693420
264.000000 459.999084 1051.041748 336.636078 928.845398
540.000000 180.257629 1733.531738 106.392738 1687.159912
1556.000000 1646.459839 1479.117065 1840.000000 1379.000000
393.000000 1705.070068 697.556396 1795.990356 583.347107
394.000000 1700.825928 576.644165 1793.480103 459.929230
373.000000 1436.673584 1305.586426 1523.332642 1202.047974
374.000000 1556.668701 1306.349731 1653.334351 1201.978027
349.000000 676.688232 1264.729248 643.379028 1162.850586
350.000000 796.673340 1266.065308 779.986206 1164.486450
256.000000 370.168457 522.668701 206.688461 336.195770
257.000000 489.901794 515.110779 363.320679 335.002960
310.000000 2510.126709 865.164795 2573.351074 770.592346
467.000000 2452.503418 236.733368 2522.956787 153.796402
468.000000 2570.242676 221.929367 2633.359375 147.097229
1182.000000 693.667114 1033.107666 654.000000 910.000000
305.000000 2292.986816 1458.529785 2359.794678 1344.351929
357.000000 1060.048096 804.096680 1096.683105 673.800659
358.000000 1176.880737 796.726135 1230.085815 669.107056
513.000000 2283.400391 1645.563599 2349.943848 1525.171753
514.000000 2400.041260 1652.655273 2456.714600 1528.428467
295.000000 476.663666 989.956604 356.715729 861.121582
296.000000 593.233276 981.888123 503.247742 854.710388
315.000000 773.299011 1277.462769 766.968140 1176.911377
316.000000 656.668091 1276.492798 626.735413 1173.681152
551.000000 2689.841309 1462.875732 2736.549072 1342.391357
552.000000 2803.197754 1469.127197 2839.959961 1347.479614
471.000000 2066.890381 1106.457275 2140.052490 1000.926025
472.000000 2180.120605 1098.350098 2250.076660 994.683044
575.000000 2570.018066 1452.207642 2623.334229 1334.463745
576.000000 2456.660400 1450.395386 2519.998291 1334.541748
270.000000 1133.358765 634.280029 1187.535889 493.720093
353.000000 1053.226562 1238.244019 1083.213135 1133.286255
354.000000 1163.225464 1231.558716 1216.733276 1128.539551
578.000000 3021.879395 1406.739136 3014.554443 1290.011108
308.000000 1900.000000 1266.666626 2006.693604 1158.905640
483.000000 2623.214355 428.304016 2683.367920 351.116333
484.000000 2730.056885 420.809998 2793.365723 347.711639
1031.000000 2676.634521 1767.129761 2737.000000 1628.000000
569.000000 2340.111816 1249.829468 2406.743652 1141.687988
570.000000 2233.460693 1253.600220 2303.473145 1146.398438
63.000000 1530.033081 1232.154053 1616.716309 1129.037964
571.000000 2626.643799 987.974976 2683.322021 891.797607
572.000000 2733.334473 986.765503 2786.674316 891.037231
507.000000 2053.330078 597.412903 2123.300537 494.237671
508.000000 2160.023438 597.872803 2230.189209 498.104553
1551.000000 2966.186279 1805.047119 2950.000000 1656.000000
364.000000 333.493225 1555.417236 193.592453 1483.818726
365.000000 436.840271 1568.643555 323.427521 1495.631348
1432.000000 1660.148804 267.863190 1765.000000 134.000000
509.000000 1630.105591 397.641174 1723.358032 270.539795
664.000000 1526.543213 408.859955 1613.000000 273.000000
465.000000 1190.179321 834.731445 1239.888794 710.956299
466.000000 1293.551636 844.311096 1349.950928 723.755310
275.000000 833.491394 702.156860 783.407288 555.976501
276.000000 936.758728 694.590149 933.196838 551.787048
366.000000 439.982819 1550.350464 326.692841 1475.761108
367.000000 336.734192 1545.289185 196.705017 1472.005859
481.000000 258.979950 1359.965088 94.719360 1269.956299
482.000000 258.152283 1463.318481 95.737564 1380.008545
337.000000 1413.333374 1263.333374 1496.686890 1159.076172
338.000000 1310.000000 1263.333374 1360.012817 1156.080566
487.000000 817.314209 1117.515015 792.232300 1003.280884
488.000000 898.409546 1055.616699 883.207825 941.381348
502.000000 2970.153076 367.854736 2849.968018 302.989258
584.000000 766.556580 1228.766846 753.360474 1123.641357
460.000000 1038.206421 693.281250 1043.333374 553.333313
1340.000000 611.285217 1613.314575 744.000000 1544.000000
553.000000 1620.218750 425.654572 1710.085083 298.408997
554.000000 1520.787720 435.024902 1606.672729 303.458740
497.000000 1663.250122 236.111420 1773.624268 103.407944
498.000000 1566.264038 250.647079 1666.316772 112.567245
359.000000 2973.081543 428.025787 2866.590820 358.916901
312.000000 2973.883301 417.732605 2856.464355 350.479523
555.000000 2973.940674 381.571655 2860.499023 316.001465
299.000000 566.436646 1256.430542 473.129059 1151.973633
300.000000 663.557800 1263.644409 617.332642 1166.899292
541.000000 543.250732 869.248352 436.674408 730.088318
542.000000 639.850037 858.634827 540.090393 721.032410
280.000000 1466.424194 237.924759 1566.613892 92.462334
288.000000 2810.000000 1683.331909 2846.677246 1546.130493
379.000000 453.385132 1041.088501 333.367157 917.794617
380.000000 356.620331 1045.692749 206.714401 921.592102
587.000000 1529.604370 419.301483 1613.196411 287.084961
588.000000 1625.996826 409.841736 1713.444946 282.376709
477.000000 1636.794922 859.996948 1712.652344 756.827393
478.000000 1634.504028 763.305603 1708.244019 646.737000
427.000000 2000.000000 1319.985962 2126.667480 1212.870605
428.000000 1903.335205 1319.566895 2010.000977 1212.690186
533.000000 951.463562 753.831055 955.256714 617.643982
534.000000 871.196106 806.758789 864.020203 672.244507
321.000000 1544.425049 469.411133 1625.543091 343.284058
385.000000 1556.919189 563.299744 1637.331665 439.412292
597.000000 2716.000000 158.000000 2777.000000 93.000000
595.000000 862.000000 264.000000 812.000000 80.000000
631.000000 2844.000000 1717.000000 2866.000000 1577.000000
838.000000 2372.000000 414.000000 2444.000000 325.000000
601.000000 989.000000 960.000000 991.000000 838.000000
599.000000 509.000000 1272.000000 405.000000 1172.000000
598.000000 2699.000000 1793.000000 2754.000000 1652.000000
842.000000 907.000000 496.000000 869.000000 336.000000
767.000000 468.000000 1221.000000 353.000000 1116.000000
624.000000 1686.000000 919.000000 1765.000000 808.000000
915.000000 1001.000000 364.000000 1024.000000 199.000000
804.000000 907.000000 885.000000 897.000000 756.000000
885.000000 2170.000000 868.000000 2241.000000 767.000000
892.000000 1660.000000 689.000000 1739.000000 573.000000
1171.000000 1294.000000 310.000000 1371.000000 158.000000
600.000000 1258.000000 687.000000 1309.000000 557.000000
1137.000000 663.000000 1312.000000 645.000000 1214.000000
704.000000 1042.000000 1069.000000 1054.000000 954.000000
1505.000000 1092.000000 1213.000000 1150.000000 1100.000000
1219.000000 781.000000 1373.000000 788.000000 1278.000000
728.000000 2975.000000 624.000000 2884.000000 549.000000
1211.000000 1671.000000 936.000000 1749.000000 825.000000
806.000000 1181.000000 1382.000000 1252.000000 1283.000000
803.000000 768.000000 1627.000000 950.000000 1552.000000
701.000000 2698.000000 1846.000000 2752.000000 1703.000000
794.000000 2627.000000 137.000000 2692.000000 66.000000
765.000000 2887.000000 662.000000 2872.000000 586.000000
1454.000000 474.000000 1261.000000 363.000000 1160.000000
1244.000000 2412.000000 1633.000000 2475.000000 1510.000000
766.000000 2706.000000 164.000000 2766.000000 98.000000
867.000000 1021.000000 1112.000000 1030.000000 1001.000000
1186.000000 856.000000 921.000000 845.000000 794.000000
672.000000 2359.000000 1370.000000 2423.000000 1258.000000
878.000000 1482.000000 176.000000 1559.000000 29.000000
1044.000000 1296.000000 1093.000000 1376.000000 982.000000
1389.000000 1195.000000 1214.000000 1246.000000 1109.000000
914.000000 1374.000000 300.000000 1461.000000 153.000000
980.000000 516.000000 1681.000000 433.000000 1615.000000
1364.000000 1448.000000 171.000000 1521.000000 21.000000
644.000000 1104.000000 983.000000 1138.000000 865.000000
882.000000 623.000000 1321.000000 598.000000 1224.000000
1208.000000 1209.000000 585.000000 1253.000000 446.000000
662.000000 382.000000 1523.000000 254.000000 1447.000000
752.000000 2829.000000 425.000000 2844.000000 358.000000
1094.000000 2302.000000 231.000000 2376.000000 140.000000
715.000000 1056.000000 715.000000 1066.000000 579.000000
627.000000 1430.000000 981.000000 1502.000000 867.000000
647.000000 2851.000000 1803.000000 2893.000000 1656.000000
659.000000 1014.000000 960.000000 1019.000000 839.000000
904.000000 1173.000000 325.000000 1233.000000 167.000000
1442.000000 900.000000 672.000000 865.000000 526.000000
628.000000 1436.000000 292.000000 1530.000000 148.000000
1092.000000 943.000000 1378.000000 979.000000 1282.000000
1363.000000 2412.000000 132.000000 2483.000000 48.000000
618.000000 1114.000000 332.000000 1165.000000 171.000000
691.000000 2397.000000 1280.000000 2461.000000 1171.000000
1267.000000 986.000000 366.000000 1006.000000 200.000000
761.000000 958.000000 1377.000000 997.000000 1280.000000
705.000000 2588.000000 1354.000000 2642.000000 1240.000000
1299.000000 2293.000000 1298.000000 2363.000000 1190.000000
654.000000 236.000000 1642.000000 82.000000 1583.000000
1263.000000 238.000000 1613.000000 81.000000 1549.000000
1074.000000 951.000000 1726.000000 1169.000000 1650.000000
1023.000000 345.000000 1141.000000 197.000000 1027.000000
770.000000 1974.000000 152.000000 2045.000000 39.000000
646.000000 1269.000000 805.000000 1323.000000 680.000000
685.000000 2405.000000 1883.000000 2528.000000 1749.000000
871.000000 1414.000000 1162.000000 1486.000000 1055.000000
661.000000 1143.000000 1381.000000 1208.000000 1282.000000
723.000000 1314.000000 241.000000 1385.000000 86.000000
861.000000 1156.000000 1043.000000 1198.000000 929.000000
975.000000 1380.000000 1387.000000 1473.000000 1286.000000
1529.000000 2860.000000 1639.000000 2890.000000 1501.000000
742.000000 1227.000000 268.000000 1286.000000 109.000000
1166.000000 1020.000000 505.000000 1035.000000 351.000000
1444.000000 1314.000000 1321.000000 1400.000000 1219.000000
905.000000 1396.000000 1386.000000 1490.000000 1285.000000
1077.000000 823.000000 720.000000 773.000000 575.000000
213.000000 2842.000000 467.000000 2841.871094 403.316803
989.000000 1429.000000 1151.000000 1502.000000 1043.000000
1151.000000 1892.000000 1649.000000 2020.000000 1539.000000
651.000000 2776.000000 676.000000 2826.000000 598.000000
778.000000 2521.000000 977.000000 2583.000000 880.000000
639.000000 1671.000000 951.000000 1748.000000 841.000000
1355.000000 2256.000000 1440.000000 2324.000000 1328.000000
994.000000 2891.000000 509.000000 2868.000000 441.000000
645.000000 1498.000000 181.000000 1576.000000 35.000000
667.000000 893.000000 934.000000 882.000000 809.000000
1020.000000 1812.000000 942.000000 1901.000000 835.000000
636.000000 2785.000000 1876.000000 2833.000000 1727.000000
836.000000 2716.000000 1802.000000 2769.000000 1659.000000
782.000000 2015.000000 1332.000000 2143.000000 1225.000000
937.000000 1586.000000 1392.000000 1696.000000 1288.000000
805.000000 1085.000000 1905.000000 1340.000000 1831.000000
1073.000000 1213.000000 270.000000 1271.000000 110.000000
615.000000 1263.000000 1841.000000 1540.000000 1758.000000
621.000000 2633.000000 85.000000 2698.000000 16.000000
620.000000 2866.000000 1865.000000 2906.000000 1713.000000
694.000000 567.000000 1543.000000 480.000000 1464.000000
819.000000 1524.000000 1638.000000 1764.000000 1540.000000
789.000000 202.000000 1961.000000 407.000000 1941.000000
1213.000000 1340.000000 1386.000000 1428.000000 1285.000000
828.000000 1825.000000 1396.000000 1948.000000 1290.000000
680.000000 1130.000000 330.000000 1184.000000 169.000000
907.000000 461.000000 1212.000000 344.000000 1106.000000
1390.000000 1784.000000 1311.000000 1906.000000 1205.000000
670.000000 2709.000000 1775.000000 2763.000000 1635.000000
1516.000000 1013.000000 472.000000 1024.000000 315.000000
633.000000 947.000000 346.000000 960.000000 174.000000
1131.000000 1762.000000 1395.000000 1882.000000 1290.000000
671.000000 632.000000 1311.000000 609.000000 1214.000000
1266.000000 1979.000000 430.000000 2050.000000 321.000000
833.000000 1546.000000 1349.000000 1653.000000 1245.000000
623.000000 736.000000 218.000000 659.000000 20.000000
1169.000000 452.000000 1784.000000 479.000000 1730.000000
1441.000000 1743.000000 1398.000000 1863.000000 1292.000000
1002.000000 2143.000000 1730.000000 2222.000000 1610.000000
772.000000 2288.000000 583.000000 2360.000000 489.000000
792.000000 2423.000000 1883.000000 2543.000000 1748.000000
737.000000 305.000000 1649.000000 170.000000 1587.000000
1129.000000 1687.000000 952.000000 1765.000000 841.000000
1183.000000 1119.000000 885.000000 1155.000000 762.000000
626.000000 803.000000 1630.000000 991.000000 1553.000000
856.000000 1001.000000 974.000000 1005.000000 853.000000
1336.000000 837.000000 1314.000000 854.000000 1215.000000
880.000000 1994.000000 1400.000000 2121.000000 1292.000000
1319.000000 1098.000000 906.000000 1129.000000 783.000000
750.000000 1463.000000 933.000000 1539.000000 819.000000
963.000000 1740.000000 1056.000000 1821.000000 949.000000
640.000000 1416.000000 294.000000 1509.000000 149.000000
1345.000000 1253.000000 828.000000 1303.000000 704.000000
795.000000 1197.000000 575.000000 1239.000000 435.000000
777.000000 994.000000 1378.000000 1038.000000 1282.000000
725.000000 2018.000000 1427.000000 2145.000000 1318.000000
1482.000000 1910.000000 1350.000000 2036.000000 1244.000000
1447.000000 1404.000000 619.000000 1471.000000 490.000000
722.000000 1205.000000 1353.000000 1279.000000 1253.000000
713.000000 2172.000000 177.000000 2245.000000 77.000000
1195.000000 1495.000000 890.000000 1574.000000 775.000000
1459.000000 1171.000000 487.000000 1223.000000 340.000000
1274.000000 1324.000000 683.000000 1384.000000 555.000000
1440.000000 2340.000000 1069.000000 2407.000000 966.000000
893.000000 2316.000000 1482.000000 2383.000000 1367.000000
837.000000 1927.000000 1813.000000 2063.000000 1699.000000
1229.000000 1511.000000 897.000000 1590.000000 783.000000
663.000000 1441.000000 974.000000 1515.000000 860.000000
657.000000 989.000000 1691.000000 1213.000000 1612.000000
872.000000 2335.000000 1278.000000 2403.000000 1169.000000
1065.000000 1014.000000 975.000000 1019.000000 854.000000
848.000000 914.000000 954.000000 906.000000 831.000000
610.000000 1153.000000 982.000000 1194.000000 864.000000
931.000000 1313.000000 776.000000 1375.000000 651.000000
698.000000 1205.000000 1320.000000 1278.000000 1218.000000
985.000000 1495.000000 972.000000 1573.000000 860.000000
869.000000 2237.000000 1314.000000 2305.000000 1204.000000
1506.000000 727.000000 412.000000 652.000000 233.000000
1419.000000 255.000000 1405.000000 92.000000 1319.000000
950.000000 1712.000000 1101.000000 1792.000000 994.000000
1012.000000 1116.000000 1072.000000 1151.000000 958.000000
849.000000 711.000000 1188.000000 682.000000 1080.000000
1342.000000 1663.000000 1008.000000 1741.000000 899.000000
616.000000 2849.000000 1652.000000 2875.000000 1514.000000
444.000000 1124.000000 1302.000000 1176.741089 1201.230103
889.000000 2415.000000 293.000000 2484.000000 208.000000
1036.000000 1374.000000 797.000000 1448.000000 675.000000
745.000000 609.000000 1780.000000 771.000000 1722.000000
1443.000000 1761.000000 1353.000000 1881.000000 1248.000000
1415.000000 646.000000 1368.000000 626.000000 1276.000000
780.000000 1514.000000 1653.000000 1757.000000 1556.000000
1127.000000 1149.000000 886.000000 1190.000000 762.000000
840.000000 348.000000 1447.000000 210.000000 1365.000000
930.000000 1257.000000 816.000000 1307.000000 693.000000
835.000000 1478.000000 188.000000 1554.000000 41.000000
1255.000000 1920.000000 1414.000000 2046.000000 1306.000000
918.000000 2476.000000 1011.000000 2541.000000 912.000000
853.000000 1454.000000 901.000000 1528.000000 784.000000
906.000000 1126.000000 945.000000 1162.000000 825.000000
888.000000 1308.000000 1055.000000 1376.000000 938.000000
1167.000000 1547.000000 1390.000000 1654.000000 1287.000000
990.000000 1068.000000 339.000000 1112.000000 174.000000
1014.000000 305.000000 1860.000000 403.000000 1820.000000
608.000000 2274.000000 1169.000000 2342.000000 1064.000000
1352.000000 892.000000 1123.000000 886.000000 1010.000000
787.000000 1454.000000 1066.000000 1529.000000 956.000000
822.000000 2771.000000 1072.000000 2816.000000 973.000000
1414.000000 2646.000000 1393.000000 2697.000000 1277.000000
808.000000 1446.000000 1623.000000 1696.000000 1528.000000
1082.000000 2027.000000 1344.000000 2155.000000 1236.000000
726.000000 378.000000 1707.000000 308.000000 1649.000000
1487.000000 984.000000 1192.000000 988.000000 1085.000000
717.000000 2903.000000 1246.000000 2895.000000 1137.000000
1533.000000 494.000000 553.000000 369.000000 378.000000
1271.000000 2303.000000 200.000000 2377.000000 109.000000
859.000000 1914.000000 1672.000000 2042.000000 1561.000000
1385.000000 1134.000000 1207.000000 1173.000000 1100.000000
1158.000000 1790.000000 923.000000 1876.000000 815.000000
735.000000 621.000000 1382.000000 596.000000 1290.000000
1396.000000 953.000000 209.000000 920.000000 26.000000
1291.000000 919.000000 888.000000 909.000000 759.000000
809.000000 2416.000000 282.000000 2487.000000 197.000000
1063.000000 2020.000000 1821.000000 2157.000000 1704.000000
1278.000000 1405.000000 675.000000 1473.000000 549.000000
1311.000000 2732.000000 145.000000 2791.000000 81.000000
1308.000000 1542.000000 465.000000 1624.000000 336.000000
883.000000 497.000000 1273.000000 392.000000 1172.000000
1438.000000 1732.000000 1029.000000 1813.000000 922.000000
997.000000 348.000000 1710.000000 277.000000 1653.000000
825.000000 1713.000000 888.000000 1792.000000 778.000000
959.000000 1617.000000 460.000000 1705.000000 334.000000
1514.000000 2817.000000 1420.000000 2848.000000 1301.000000
1517.000000 1212.000000 688.000000 1258.000000 556.000000
1097.000000 1489.000000 868.000000 1569.000000 752.000000
352.000000 3013.000000 698.000000 2859.912598 621.939087
1276.000000 1488.000000 1100.000000 1566.000000 990.000000
180.000000 2974.000000 591.000000 2856.641846 516.006897
796.000000 1231.000000 713.000000 1279.000000 583.000000
1108.000000 2544.000000 851.000000 2606.000000 758.000000
602.000000 902.000000 944.000000 893.000000 818.000000
1359.000000 2832.000000 1804.000000 2877.000000 1659.000000
1429.000000 1498.000000 1206.000000 1578.000000 1101.000000
630.000000 2994.000000 612.000000 3007.000000 532.000000
1530.000000 1142.000000 518.000000 1190.000000 371.000000
1545.000000 1781.000000 1364.000000 1902.000000 1259.000000
609.000000 2908.000000 683.000000 2892.000000 607.000000
1426.000000 1730.000000 1083.000000 1811.000000 975.000000
429.000000 573.000000 1672.000000 649.921570 1599.886230
1004.000000 1400.000000 1322.000000 1496.000000 1219.000000
1049.000000 1051.000000 1392.000000 1104.000000 1295.000000
960.000000 1450.000000 506.000000 1555.000000 371.000000
1522.000000 1455.000000 869.000000 1532.000000 752.000000
818.000000 2073.000000 1374.000000 2174.000000 1258.000000
1457.000000 2271.000000 584.000000 2343.000000 489.000000
1040.000000 1155.000000 1071.000000 1197.000000 957.000000
970.000000 1056.000000 1602.000000 1289.000000 1518.000000
1297.000000 1663.000000 1205.000000 1741.000000 1098.000000
1207.000000 1746.000000 948.000000 1827.000000 839.000000
991.000000 1324.000000 1386.000000 1411.000000 1286.000000
1353.000000 1833.000000 1329.000000 1956.000000 1224.000000
1532.000000 1035.000000 442.000000 1017.000000 285.000000
987.000000 2366.000000 307.000000 2438.000000 219.000000
1283.000000 1941.000000 1645.000000 2070.000000 1533.000000
1179.000000 1676.000000 469.000000 1773.000000 349.000000
862.000000 1337.000000 774.000000 1401.000000 649.000000
656.000000 1002.000000 947.000000 1006.000000 824.000000
682.000000 1671.000000 919.000000 1749.000000 807.000000
823.000000 2309.000000 1505.000000 2375.000000 1389.000000
1466.000000 1103.000000 502.000000 1147.000000 352.000000
755.000000 2735.000000 165.000000 2795.000000 100.000000
1218.000000 1256.000000 867.000000 1307.000000 746.000000
1164.000000 1603.000000 461.000000 1688.000000 335.000000
459.000000 1031.000000 796.000000 1043.333374 666.666687
1312.000000 1399.000000 1700.000000 1519.000000 1665.000000
1160.000000 2268.000000 374.000000 2341.000000 280.000000
784.000000 989.000000 976.000000 991.000000 855.000000
976.000000 1485.000000 1735.000000 1732.000000 1640.000000
896.000000 817.000000 697.000000 766.000000 551.000000
625.000000 2136.000000 233.000000 2209.000000 132.000000
1013.000000 760.000000 1574.000000 940.000000 1496.000000
1163.000000 1411.000000 513.000000 1493.000000 380.000000
1006.000000 1317.000000 1089.000000 1394.000000 979.000000
192.000000 1556.000000 787.000000 1646.643066 671.858826
1046.000000 836.000000 1590.000000 1030.000000 1509.000000
676.000000 901.000000 954.000000 892.000000 829.000000
1261.000000 2356.000000 374.000000 2428.000000 284.000000
1133.000000 1527.000000 1722.000000 1767.000000 1625.000000
1064.000000 1522.000000 1120.000000 1604.000000 1012.000000
762.000000 1994.000000 1357.000000 2121.000000 1250.000000
677.000000 1335.000000 1085.000000 1408.000000 974.000000
881.000000 2917.000000 973.000000 2889.000000 883.000000
939.000000 586.000000 1399.000000 503.000000 1309.000000
873.000000 1517.000000 1699.000000 1759.000000 1602.000000
1136.000000 778.000000 619.000000 717.000000 464.000000
1361.000000 685.000000 1126.000000 616.000000 1013.000000
866.000000 1051.000000 339.000000 1093.000000 173.000000
729.000000 1223.000000 1115.000000 1282.000000 1004.000000
816.000000 949.000000 1741.000000 1168.000000 1667.000000
1287.000000 2229.000000 1282.000000 2298.000000 1173.000000
779.000000 1153.000000 495.000000 1204.000000 347.000000
944.000000 557.000000 294.000000 441.000000 92.000000
1161.000000 982.000000 719.000000 986.000000 579.000000
1301.000000 2286.000000 1166.000000 2353.000000 1060.000000
1280.000000 1020.000000 1279.000000 1055.000000 1176.000000
1231.000000 1092.000000 1154.000000 1126.000000 1044.000000
1228.000000 1003.000000 351.000000 1027.000000 184.000000
1285.000000 2883.000000 1682.000000 2873.000000 1543.000000
1154.000000 1143.000000 1343.000000 1208.000000 1244.000000
829.000000 2767.000000 449.000000 2821.000000 373.000000
1125.000000 1881.000000 1411.000000 2006.000000 1305.000000
1019.000000 974.000000 742.000000 979.000000 605.000000
702.000000 653.000000 1672.000000 812.000000 1603.000000
815.000000 382.000000 469.000000 226.000000 277.000000
764.000000 1829.000000 709.000000 1894.000000 599.000000
920.000000 2814.000000 1663.000000 2849.000000 1527.000000
1190.000000 498.000000 1210.000000 390.000000 1103.000000
1295.000000 1375.000000 714.000000 1442.000000 588.000000
648.000000 1421.000000 479.000000 1505.000000 344.000000
967.000000 1095.000000 991.000000 1126.000000 872.000000
973.000000 417.000000 650.000000 276.000000 483.000000
1455.000000 924.000000 1727.000000 1138.000000 1653.000000
1370.000000 1265.000000 557.000000 1317.000000 418.000000
1320.000000 236.000000 1629.000000 82.000000 1567.000000
1401.000000 2211.000000 1736.000000 2341.000000 1616.000000
793.000000 2807.000000 1464.000000 2846.000000 1342.000000
740.000000 802.000000 1315.000000 811.000000 1216.000000
1365.000000 1168.000000 1146.000000 1210.000000 1036.000000
846.000000 2878.000000 510.000000 2857.000000 441.000000
979.000000 1703.000000 934.000000 1782.000000 823.000000
942.000000 2308.000000 637.000000 2379.000000 543.000000
1346.000000 1142.000000 995.000000 1168.000000 880.000000
1017.000000 1875.000000 1668.000000 2002.000000 1559.000000
1254.000000 1023.000000 239.000000 1003.000000 65.000000
1001.000000 829.000000 1336.000000 845.000000 1238.000000
834.000000 1412.000000 471.000000 1496.000000 335.000000
281.000000 2939.000000 207.000000 2941.334473 150.057434
313.000000 3011.000000 622.000000 2863.416504 551.489319
1462.000000 1431.000000 893.000000 1503.000000 777.000000
756.000000 652.000000 1702.000000 811.000000 1635.000000
511.000000 1002.000000 1660.000000 1230.045166 1578.602173
1341.000000 1735.000000 1386.000000 1854.000000 1281.000000
993.000000 959.000000 1340.000000 996.000000 1242.000000
956.000000 2030.000000 1416.000000 2157.000000 1306.000000
652.000000 909.000000 873.000000 900.000000 743.000000
1501.000000 455.000000 1232.000000 337.000000 1128.000000
1185.000000 872.000000 1325.000000 894.000000 1226.000000
1476.000000 730.000000 1571.000000 902.000000 1493.000000
1356.000000 2469.000000 1075.000000 2533.000000 974.000000
982.000000 1532.000000 788.000000 1621.000000 670.000000
607.000000 2912.000000 1555.000000 2927.000000 1421.000000
977.000000 547.000000 1217.000000 451.000000 1111.000000
1439.000000 1026.000000 224.000000 1004.000000 48.000000
812.000000 2430.000000 776.000000 2496.000000 683.000000
1279.000000 1820.000000 1847.000000 1967.000000 1737.000000
1497.000000 1671.000000 901.000000 1749.000000 790.000000
1032.000000 2108.000000 1354.000000 2176.000000 1245.000000
1193.000000 1232.000000 893.000000 1283.000000 772.000000
1472.000000 1439.000000 1207.000000 1514.000000 1101.000000
1564.000000 1896.000000 1589.000000 2025.000000 1481.000000
716.000000 1013.000000 489.000000 1028.000000 333.000000
1246.000000 520.000000 842.000000 409.000000 699.000000
751.000000 651.000000 521.000000 564.000000 351.000000
679.000000 1323.000000 1126.000000 1401.000000 1015.000000
887.000000 991.000000 929.000000 993.000000 806.000000
1549.000000 2380.000000 370.000000 2451.000000 282.000000
673.000000 1498.000000 1037.000000 1578.000000 926.000000
1502.000000 731.000000 1322.000000 727.000000 1225.000000
1525.000000 1151.000000 1146.000000 1194.000000 1036.000000
1270.000000 1601.000000 1390.000000 1713.000000 1287.000000
603.000000 2519.000000 1389.000000 2578.000000 1275.000000
969.000000 1520.000000 561.000000 1599.000000 436.000000
1558.000000 950.000000 358.000000 923.000000 178.000000
1554.000000 208.000000 1627.000000 46.000000 1566.000000
1322.000000 291.000000 1459.000000 138.000000 1379.000000
1479.000000 921.000000 361.000000 886.000000 190.000000
844.000000 2141.000000 1047.000000 2212.000000 943.000000
695.000000 2877.000000 484.000000 2857.000000 417.000000
1005.000000 608.000000 1396.000000 579.000000 1309.000000
1189.000000 666.000000 1392.000000 651.000000 1300.000000
1241.000000 1474.000000 1205.000000 1552.000000 1099.000000
747.000000 2169.000000 462.000000 2242.000000 363.000000
798.000000 1212.000000 1673.000000 1469.000000 1586.000000
1076.000000 1325.000000 1345.000000 1412.000000 1243.000000
992.000000 1834.000000 1576.000000 1959.000000 1470.000000
1351.000000 1016.000000 1317.000000 1063.000000 1217.000000
1402.000000 1070.000000 324.000000 1116.000000 159.000000
1403.000000 716.000000 1069.000000 684.000000 947.000000
957.000000 618.000000 1883.000000 786.000000 1831.000000
1289.000000 736.000000 1197.000000 709.000000 1090.000000
1307.000000 608.000000 1592.000000 742.000000 1518.000000
1537.000000 722.000000 615.000000 650.000000 457.000000
864.000000 1196.000000 1382.000000 1268.000000 1283.000000
1140.000000 739.000000 1584.000000 914.000000 1507.000000
1562.000000 648.000000 504.000000 558.000000 331.000000
1376.000000 1320.000000 1221.000000 1329.000000 1114.000000
813.000000 15.000000 1842.000000 44.000000 1817.000000
643.000000 1469.000000 524.000000 1556.000000 394.000000
582.000000 1619.000000 444.000000 1706.867676 305.966522
912.000000 2317.000000 982.000000 2384.000000 881.000000
821.000000 1529.000000 1390.000000 1636.000000 1288.000000
928.000000 798.000000 1686.000000 990.000000 1612.000000
658.000000 1354.000000 303.000000 1439.000000 154.000000
1146.000000 1358.000000 1410.000000 1449.000000 1310.000000
945.000000 2075.000000 1395.000000 2175.000000 1275.000000
839.000000 2843.000000 1295.000000 2854.000000 1187.000000
952.000000 665.000000 1361.000000 649.000000 1267.000000
1406.000000 1985.000000 621.000000 2056.000000 514.000000
851.000000 658.000000 1333.000000 640.000000 1237.000000
1523.000000 1745.000000 1352.000000 1864.000000 1246.000000
899.000000 1800.000000 910.000000 1887.000000 802.000000
724.000000 1396.000000 465.000000 1478.000000 328.000000
1124.000000 934.000000 332.000000 949.000000 161.000000
731.000000 1001.000000 463.000000 1015.000000 305.000000
1066.000000 658.000000 1370.000000 640.000000 1277.000000
279.000000 1341.000000 253.000000 1419.879761 101.347054
283.000000 507.000000 374.000000 380.019684 176.995789
1344.000000 609.000000 1341.000000 581.000000 1247.000000
1110.000000 767.000000 1373.000000 773.000000 1279.000000
1543.000000 1602.000000 1348.000000 1713.000000 1244.000000
703.000000 1173.000000 1611.000000 1423.000000 1523.000000
879.000000 735.000000 881.000000 737.000000 758.000000
1170.000000 975.000000 1368.000000 1015.000000 1271.000000
746.000000 2359.000000 579.000000 2430.000000 487.000000
974.000000 291.000000 1601.000000 145.000000 1535.000000
557.000000 1001.000000 1691.000000 1233.363647 1609.325195
1147.000000 464.000000 1137.000000 345.000000 1024.000000
733.000000 773.000000 1739.000000 960.000000 1671.000000
877.000000 27.000000 1841.000000 60.000000 1816.000000
1433.000000 245.000000 1466.000000 81.000000 1388.000000
544.000000 1117.000000 1690.000000 1363.226318 1605.871094
922.000000 1177.000000 1049.000000 1222.000000 935.000000
1243.000000 1393.000000 742.000000 1461.000000 617.000000
911.000000 2766.000000 838.000000 2814.000000 751.000000
852.000000 2891.000000 475.000000 2870.000000 411.000000
1098.000000 1413.000000 1662.000000 1669.000000 1568.000000
1105.000000 1510.000000 1372.000000 1614.000000 1270.000000
1022.000000 1297.000000 525.000000 1353.000000 387.000000
932.000000 808.000000 1228.000000 783.000000 1122.000000
1445.000000 786.000000 907.000000 735.000000 774.000000
797.000000 2752.000000 444.000000 2806.000000 372.000000
1540.000000 2006.000000 1401.000000 2133.000000 1292.000000
753.000000 1501.000000 339.000000 1588.000000 203.000000
1448.000000 1488.000000 487.000000 1577.000000 356.000000
1168.000000 1509.000000 971.000000 1589.000000 858.000000
1286.000000 2435.000000 1006.000000 2500.000000 906.000000
949.000000 1954.000000 1644.000000 2082.000000 1534.000000
1142.000000 650.000000 1730.000000 809.000000 1666.000000
900.000000 600.000000 666.000000 505.000000 507.000000
171.000000 884.000000 550.000000 876.645691 395.979462
894.000000 1510.000000 1141.000000 1590.000000 1033.000000
1135.000000 978.000000 921.000000 978.000000 796.000000
1313.000000 2818.000000 1696.000000 2850.000000 1557.000000
1138.000000 1456.000000 1143.000000 1531.000000 1034.000000
811.000000 1009.000000 1378.000000 1054.000000 1281.000000
1391.000000 1585.000000 1086.000000 1656.000000 977.000000
1528.000000 1135.000000 1043.000000 1173.000000 929.000000
1069.000000 2466.000000 1384.000000 2528.000000 1271.000000
1054.000000 1881.000000 840.000000 1949.000000 733.000000
1078.000000 452.000000 1916.000000 634.000000 1875.000000
1039.000000 1370.000000 1679.000000 1630.000000 1588.000000
1010.000000 699.000000 1322.000000 690.000000 1224.000000
1382.000000 788.000000 1585.000000 972.000000 1506.000000
1372.000000 869.000000 1388.000000 893.000000 1293.000000
1430.000000 290.000000 733.000000 117.000000 570.000000
1423.000000 1149.000000 944.000000 1188.000000 824.000000
1003.000000 1119.000000 1318.000000 1179.000000 1217.000000
748.000000 540.000000 231.000000 419.000000 20.000000
255.000000 587.000000 636.000000 486.542877 474.735809
981.000000 2116.000000 1836.000000 2230.000000 1716.000000
785.000000 1654.000000 1406.000000 1769.000000 1302.000000
1428.000000 697.000000 357.000000 615.000000 172.000000
1038.000000 1404.000000 1378.000000 1499.000000 1276.000000
1561.000000 2239.000000 1444.000000 2307.000000 1330.000000
1292.000000 1490.000000 1187.000000 1569.000000 1080.000000
1507.000000 1700.000000 571.000000 1794.000000 453.000000
1409.000000 2201.000000 470.000000 2273.000000 373.000000
1009.000000 1182.000000 1184.000000 1232.000000 1077.000000
1332.000000 961.000000 1045.000000 960.000000 928.000000
1233.000000 1310.000000 1026.000000 1369.000000 913.000000
827.000000 746.000000 641.000000 680.000000 486.000000
1114.000000 1463.000000 1100.000000 1540.000000 990.000000
1118.000000 2779.000000 768.000000 2823.000000 685.000000
1337.000000 2031.000000 386.000000 2102.000000 280.000000
857.000000 1808.000000 1837.000000 1947.000000 1729.000000
1141.000000 2969.000000 894.000000 2929.000000 812.000000
1075.000000 1176.000000 1063.000000 1210.000000 957.000000
1491.000000 2688.000000 1445.000000 2736.000000 1326.000000
1493.000000 1464.000000 1714.000000 1712.000000 1619.000000
936.000000 978.000000 1027.000000 980.000000 908.000000
1518.000000 1266.000000 1613.000000 1530.000000 1523.000000
1106.000000 1126.000000 499.000000 1172.000000 351.000000
1259.000000 1804.000000 933.000000 1890.000000 825.000000
1093.000000 831.000000 1375.000000 847.000000 1280.000000
1293.000000 1033.000000 974.000000 1042.000000 854.000000
1217.000000 2582.000000 1653.000000 2635.000000 1524.000000

0.000000 683.325623 1251.350586 2053.319092 1259.158936 629.995300 1148.429199 2130.002441 1152.405029
1.000000 335.182770 2.874452 259.153900 1353.285645 142.700439 2.928514 94.716652 1263.259033
5.000000 1742.989746 1547.572632 596.505432 1536.068604 713.254456 1436.247559 1866.565186 1443.289795
2.000000 1646.484253 1493.690308 576.513306 1465.906372 1876.460571 1396.439331 623.070251 1376.733643
4.000000 589.389587 1784.080688 1645.516602 1829.863525 706.374207 1719.111206 1869.486206 1736.910034
6.000000 1625.533691 1821.540527 602.804016 1774.953857 1856.302246 1726.281616 756.509766 1712.747070
7.000000 656.457397 1461.625610 1673.018311 1475.848633 739.854004 1370.034912 1779.911987 1381.394287
8.000000 1893.334595 1249.341797 1056.664551 1247.760742 2000.000000 1143.223633 1093.333374 1142.982544
11.000000 1303.299072 1527.385376 576.538269 1492.689453 1583.317261 1433.995728 736.664490 1413.422119
10.000000 576.683533 1799.820801 1283.365479 1866.324463 716.373291 1742.914185 1566.689697 1782.842896
12.000000 606.183777 1752.275635 1303.422119 1812.302368 742.873169 1690.630737 1573.337280 1726.576782
9.000000 1263.727295 1852.462524 580.149231 1788.407715 1589.301758 1770.379883 733.691467 1732.213501
3.000000 593.218201 1508.939819 1270.173950 1543.233398 1859.819458 1458.790894 653.072021 1447.195923
13.000000 613.250061 1538.164551 1283.957031 1575.446045 753.317017 1460.557617 1543.322388 1483.708008
14.000000 1666.620483 1448.396973 1106.574829 1433.439819 1796.647095 1345.046875 1166.653320 1337.834106
16.000000 1543.346069 236.762146 997.047363 309.524841 1653.541626 96.440842 1040.059204 137.550781
17.000000 1013.109924 321.657288 1540.185547 251.391632 1046.618896 152.634262 1646.779785 111.657318
18.000000 1540.230103 265.100067 1012.955200 333.762756 1646.847168 126.067139 1049.922363 165.490509
36.000000 2289.988525 1172.968506 2789.993896 1174.921631 2480.014160 1068.118408 2833.327637 1070.763794
23.000000 1566.679443 1305.889038 2053.323486 1313.923096 1663.359985 1200.986572 2156.667480 1206.588257
21.000000 1516.703003 393.666595 1069.898682 442.404663 1606.652466 259.735535 1099.832642 286.874786
19.000000 2893.016846 1549.721802 2873.741943 1109.690063 2863.974121 1433.318970 2850.960938 853.311768
29.000000 576.649109 1297.056641 1016.686462 1299.129761 590.006226 1197.557617 1050.011719 1198.728638
62.000000 1290.799927 1585.184814 1728.613892 1544.067261 1556.709229 1487.178589 1843.885010 1463.302490
25.000000 1073.685059 453.283173 1507.044922 406.865112 1110.077148 298.158630 1596.821045 272.984253
24.000000 1510.119385 421.146729 1079.923462 465.931946 1603.224976 287.857117 1113.297729 312.628510
37.000000 2841.697510 433.143402 2825.461426 3.127128 2837.628174 346.801575 2829.503906 3.266235
26.000000 1509.911743 439.139496 1086.587646 482.563385 1596.679199 306.916382 1123.204834 330.785217
27.000000 1080.044434 473.763733 1503.336670 430.032349 1120.026855 320.536499 1593.341064 296.820496
20.000000 2376.596436 1373.071777 2796.681885 1382.667603 2283.336426 1253.215942 2839.959717 1268.168091
33.000000 2720.000000 196.667633 2306.640137 246.446915 2776.713867 130.776657 2379.895020 154.942795
28.000000 1089.933228 489.341156 1500.109985 447.751770 1126.570068 338.041931 1589.927246 315.191742
51.000000 1033.330811 1270.757812 1416.671021 1272.056030 1196.668457 1168.189209 1500.000977 1168.105713
30.000000 1050.003662 1246.073975 686.663757 1243.800293 1083.338379 1142.301636 656.665649 1140.207886
49.000000 1286.853149 1868.648926 1640.194824 1835.404297 1570.247314 1784.853882 1873.687134 1735.509277
35.000000 1783.338379 1316.256104 1436.683105 1311.998047 1906.661133 1210.784424 1533.322876 1208.142700
53.000000 1647.312622 1823.858887 1310.369873 1854.118652 1883.261841 1722.886719 1589.301758 1770.379883
43.000000 2256.709229 1264.234619 2589.998779 1270.068237 2323.384521 1156.454834 2646.650635 1161.118286
63.000000 1264.685181 142.326126 984.825562 304.970001 1288.897583 1.083789 1030.459106 127.738464
69.000000 1572.343262 239.229980 1266.750366 139.742981 1656.207153 87.960777 1407.924438 -0.208666
41.000000 1417.472534 1160.001465 1418.065674 840.002563 1490.529907 1053.331299 1489.242065 726.669678
22.000000 2103.027588 888.064636 2420.123047 876.796875 2169.979980 785.623657 2666.656006 776.105347
107.000000 2861.869873 833.511230 2850.133057 517.032593 2843.461914 583.332214 2841.871094 403.316803
54.000000 246.906433 1589.450928 560.074646 1608.791504 209.772858 1524.293335 506.666595 1540.001099
45.000000 2080.306152 1764.942017 1770.030640 1746.160645 2216.730713 1647.433594 1903.426636 1639.602661
46.000000 2076.803223 1461.843384 1766.579956 1453.065063 2213.354980 1351.788574 1899.989990 1347.373291
47.000000 2079.935547 1491.817139 1768.907593 1481.445190 2209.920410 1381.015869 1899.963257 1375.340088
67.000000 2669.408936 1858.077759 2365.803955 1820.258057 2709.969727 1713.666504 2436.171631 1688.778687
50.000000 1769.981323 1756.952148 2073.326904 1776.766724 1903.330322 1650.102295 2210.023926 1659.192627
52.000000 1773.291138 1730.716187 2073.428467 1748.382568 1899.984131 1623.967896 2200.046875 1631.452637
60.000000 2066.639893 1517.447510 1769.978394 1507.297485 2186.677734 1405.893311 1896.641479 1401.769287
34.000000 1081.234985 1226.682861 1085.092651 933.312622 1113.722168 1123.347412 1115.188110 736.661072
39.000000 1133.310303 1302.400391 1426.680542 1305.222290 1186.664795 1202.572021 1516.666992 1202.813110
48.000000 1866.630127 1287.818115 1573.289185 1285.431030 1976.651489 1181.635986 1666.654419 1180.689575
40.000000 1423.335938 1286.037720 1129.993774 1284.816406 1509.997681 1182.052856 1183.332031 1182.648193
64.000000 1600.075806 1515.306885 1309.991943 1526.456543 1876.827271 1412.265381 1589.948120 1432.601318
194.000000 2273.538330 1690.203613 2560.068115 1708.960693 2493.330078 1573.409180 2619.905029 1578.869751
73.000000 553.439819 1441.172485 836.557373 1415.463013 620.181946 1354.671265 868.757629 1320.864868
58.000000 2056.638184 1740.444702 1773.182739 1722.359375 2186.641113 1624.194580 1893.269653 1615.478271
65.000000 1779.834717 1712.552979 2056.635986 1730.475220 1903.263184 1605.567871 2183.405518 1614.369263
61.000000 1268.752441 157.201248 1530.232422 239.845093 1364.120239 1.134628 1636.866089 98.755913
32.000000 533.214722 1651.585327 270.107422 1631.897705 496.638611 1584.090576 90.035919 1569.030151
55.000000 1143.314697 1427.415894 1406.651123 1433.959473 1209.988770 1331.286743 1506.661743 1333.890137
59.000000 2500.132324 121.058762 2756.955322 88.977188 2519.963867 46.073456 2809.900146 28.364826
31.000000 1160.018677 1238.144653 1416.659302 1240.729004 1200.022705 1137.752197 1616.716309 1129.037964
56.000000 810.006042 1232.711548 1063.330688 1232.144409 783.352478 1128.217041 1080.001465 1127.055542
44.000000 1051.663696 286.129608 1268.752441 157.201248 1038.514648 140.832184 1326.537231 3.062831
87.000000 2763.455566 424.926788 2513.138428 444.125824 2816.697998 354.605377 2599.998047 359.923096
147.000000 2373.078125 227.838593 2619.847412 198.707687 2540.097412 132.851303 2686.706787 127.838814
93.000000 1313.046753 1810.491699 1556.592773 1785.934326 1600.138672 1720.865234 1800.336548 1688.765503
92.000000 1276.435181 787.896423 1035.943115 792.937500 1273.204956 658.298279 1066.672607 663.565796
84.000000 2689.978516 1085.780029 2450.200928 1091.604126 2743.310547 985.345154 2523.318115 989.120178
57.000000 376.503845 1206.957520 613.206116 1194.289185 236.673477 1100.148315 530.000916 1086.686890
38.000000 1646.671387 1242.377808 1883.332275 1243.549805 1653.333374 1136.666626 1993.333374 1136.666626
127.000000 2729.922119 1663.655273 2496.580566 1661.058228 2713.418945 1534.613037 2556.579834 1532.118530
71.000000 1265.965698 172.138885 1065.247925 289.929260 1341.779175 8.194321 1110.216309 122.734520
104.000000 2613.297119 659.445312 2383.835693 674.382324 2670.031982 574.138794 2490.051514 581.294861
70.000000 1076.707520 1431.898804 849.939880 1425.445801 1143.334106 1336.597290 883.292114 1333.692017
72.000000 1400.352905 466.768219 1176.302246 489.785706 1483.493286 329.799316 1229.800293 342.755463
81.000000 1307.553955 1800.006104 1309.030884 1586.659912 1577.890381 1716.667236 1577.826294 1493.333008
130.000000 999.593872 300.524933 1207.693237 270.432465 1110.216309 122.734520 1263.930054 109.737534
15.000000 1553.418823 1438.000000 1763.320312 1446.971802 1583.301147 1337.090210 2209.950195 1342.468018
75.000000 1466.323608 234.411118 1269.444214 171.746323 1565.717407 89.275536 1341.779175 8.194321
66.000000 1016.717041 1284.901855 813.264038 1279.094482 1053.211792 1184.320068 776.482849 1176.531616
68.000000 443.336365 803.362061 643.222595 782.283203 293.439423 654.901672 556.695435 637.092102
76.000000 843.267212 1744.174316 1043.601440 1759.922485 1039.982300 1673.803833 1276.814941 1682.734741
97.000000 1590.004639 793.120544 1390.001587 793.030701 1646.643066 671.858826 1453.305908 674.952759
42.000000 1790.000000 1263.333374 1590.000000 1263.333374 1993.329834 1156.081055 1669.988159 1157.986206
101.000000 1253.333008 811.976929 1056.665771 812.017212 1266.649048 682.169373 1083.307251 684.951050
77.000000 1043.412598 1588.651733 849.964355 1577.272217 1276.655640 1503.712036 1046.656006 1497.035767
85.000000 1563.224365 764.755005 1369.759766 775.785828 1656.565674 646.755005 1439.901367 653.499756
108.000000 2580.180908 761.804382 2773.392090 755.004944 2640.020752 672.798950 2820.010742 671.466492
80.000000 853.223938 1585.292847 1043.375732 1595.907959 1046.714966 1504.948242 1273.296509 1511.310791
118.000000 2599.999756 1266.708984 2789.997559 1267.376953 2656.666992 1157.615601 2823.333740 1157.561279
95.000000 1703.333374 1233.288330 1890.000000 1233.290771 1783.333374 1126.609985 1979.999878 1126.796631
116.000000 2253.541748 471.173035 2440.076660 466.212372 2336.705322 377.257721 2506.671631 379.653198
110.000000 2479.422363 1669.271240 2664.249023 1687.254517 2532.947266 1541.841675 2710.614502 1555.098999
109.000000 1745.187622 1526.654419 1743.671143 1710.002808 1865.351685 1423.376465 1866.324585 1603.353149
132.000000 2606.714355 1097.783447 2786.670654 1090.091064 2676.630859 995.623047 2830.012695 990.372375
98.000000 1679.971069 1271.574829 1856.639404 1274.818115 1773.313232 1166.615601 1963.306030 1167.780762
204.000000 2293.227539 1542.813843 2469.899414 1545.851685 2353.344482 1423.089966 2473.395996 1428.643555
173.000000 403.184723 730.319519 576.917480 721.752686 256.666138 570.430176 393.332611 570.595642
266.000000 506.764160 951.452576 679.988281 939.825439 396.666351 816.760559 503.342773 817.108765
99.000000 1488.616455 576.906555 1518.007568 746.434204 1594.402100 639.605652 1577.734741 453.536255
121.000000 2326.614746 991.961731 2496.760254 996.473694 2393.276123 891.497375 2556.752930 897.739624
115.000000 2043.112061 1285.837158 1873.063477 1290.856445 2156.549561 1179.260620 1986.402710 1184.150879
78.000000 736.616882 1421.751709 566.659424 1416.921631 769.958984 1332.461792 539.967285 1328.628052
222.000000 2336.894775 1814.232544 2170.130371 1798.608398 2413.419922 1684.804077 2300.021729 1679.532959
137.000000 2596.353027 447.159851 2759.901123 429.105316 2659.851807 367.551056 2809.907471 358.471466
122.000000 2756.306885 310.489594 2593.886963 331.042389 2819.955078 242.721329 2657.010742 254.686096
126.000000 2596.359863 340.911560 2756.742676 320.599762 2656.750000 264.434784 2813.277100 252.591003
94.000000 349.723511 506.692780 509.720001 493.317383 186.488556 317.295166 386.609406 311.392242
83.000000 2799.066406 896.797302 2794.166748 736.743164 2851.270752 816.621399 2843.439209 596.662903
119.000000 1984.444580 1166.700562 1983.468628 1006.686157 2087.347168 1066.642334 2088.024414 899.978455
106.000000 1346.669189 1421.990479 1186.663452 1421.688110 1440.061646 1323.027588 1260.013916 1324.771606
82.000000 559.735779 1086.026123 716.816223 1075.582275 463.267395 968.924683 683.461548 955.424866
160.000000 2246.613037 1910.612549 2089.977783 1896.921997 2416.716553 1782.290771 2276.717529 1775.603516
153.000000 2613.189209 561.477478 2769.945312 549.295227 2673.335693 480.060608 2816.704590 474.273987
163.000000 2770.017090 543.569336 2613.210205 554.974915 2816.629883 468.813934 2676.660889 473.146210
234.000000 2110.154053 1678.204590 2266.528564 1691.611816 2186.106934 1559.938110 2296.724854 1569.312988
123.000000 1843.291992 1497.986084 2000.118042 1502.902588 1973.269531 1391.144897 2136.617188 1393.473511
96.000000 503.367096 503.716583 350.048553 517.218018 379.998169 323.273529 186.642014 329.194885
146.000000 2790.001953 1166.905518 2636.651855 1168.098022 2836.664551 1063.498047 2689.979492 1061.518921
79.000000 1203.333374 1263.333374 1050.000000 1263.333374 1313.340576 1157.227539 1086.668335 1160.130249
298.000000 623.364624 853.625549 476.596680 869.346619 473.369843 720.618774 373.324646 726.519165
239.000000 2536.740234 1545.191284 2683.375000 1552.499268 2603.210693 1422.517700 2713.274170 1427.882080
152.000000 2300.312012 452.396210 2155.954346 471.196503 2373.578613 359.573669 2229.582520 371.717499
186.000000 2533.330078 1460.162354 2676.739258 1463.017090 2593.343018 1342.174561 2723.361572 1343.252563
175.000000 2383.301514 679.283203 2526.678467 678.152710 2453.395508 587.089233 2589.999756 590.010925
138.000000 1876.622192 1276.680786 2019.974487 1274.761841 1986.618652 1170.439453 2136.632812 1167.951904
265.000000 2129.964355 375.031891 2273.229248 371.902039 2203.328613 275.651581 2310.008545 275.147675
166.000000 2911.321289 1883.218140 3049.956055 1910.225708 2933.884277 1729.344849 3070.251221 1748.182129
128.000000 463.396606 650.582031 603.194092 635.385620 330.091919 484.766815 486.542877 474.735809
215.000000 2043.341553 1251.164062 1903.330933 1250.632324 2126.669922 1144.528320 2009.995117 1144.837646
111.000000 2683.349609 1716.445190 2820.016846 1726.434937 2679.761475 1577.823242 2856.637207 1587.221924
171.000000 826.252136 1931.577515 963.075684 1938.457642 1080.196533 1868.480957 1216.774170 1874.013916
193.000000 3031.273682 1399.916260 3040.100342 1534.203125 3025.679932 1280.017334 3027.911133 1406.703491
187.000000 2476.651123 1097.935547 2610.046387 1099.581543 2536.669189 996.220276 2666.683350 996.931458
179.000000 2283.096924 301.006348 2413.445312 287.769043 2353.265137 208.607895 2486.605469 202.082169
120.000000 406.605347 882.667786 536.729370 870.680664 266.738739 741.191589 430.079285 731.310425
167.000000 1396.728638 784.408630 1526.872803 776.911560 1479.885742 662.801453 1616.728394 658.757263
203.000000 2683.268799 1262.005371 2553.081787 1257.816284 2723.383789 1151.332397 2603.208008 1148.302979
191.000000 2486.742188 1251.501099 2356.736328 1258.048706 2556.646484 1142.983643 2429.824463 1150.280396
183.000000 1805.336182 1015.844238 1905.432251 1095.723755 1892.996094 911.465149 1996.790894 990.861877
219.000000 2753.172119 82.190872 2626.672119 100.037994 2807.035645 21.073883 2693.382568 30.589376
196.000000 2156.900635 788.648132 2283.765869 773.660889 2229.821045 688.026123 2353.647949 676.803650
172.000000 1866.573242 1525.697998 1993.568481 1530.716797 1986.650146 1419.210083 2123.332764 1420.100830
198.000000 2436.613525 1454.716187 2309.877930 1449.839233 2500.037109 1338.742798 2376.614502 1335.104492
150.000000 1443.306885 1270.893799 1569.960938 1274.650024 1510.029541 1167.477295 1656.676147 1169.193237
202.000000 2380.069336 560.704529 2256.295166 572.896057 2450.014648 470.263031 2329.831055 476.977570
237.000000 2843.206787 1781.335205 2720.031250 1769.668823 2886.647705 1636.980103 2776.644775 1630.364990
225.000000 2363.171387 870.694763 2239.769531 865.732666 2393.397461 772.572083 2280.306152 763.036133
133.000000 336.665833 1050.932129 459.999084 1051.041748 183.286179 926.693420 336.636078 928.845398
272.000000 59.925312 1742.309448 180.257629 1733.531738 3.056185 1697.126465 106.392738 1687.159912
199.000000 1705.070068 697.556396 1700.825928 576.644165 1795.990356 583.347107 1793.480103 459.929230
189.000000 1436.673584 1305.586426 1556.668701 1306.349731 1523.332642 1202.047974 1653.334351 1201.978027
176.000000 676.688232 1264.729248 796.673340 1266.065308 643.379028 1162.850586 779.986206 1164.486450
129.000000 370.168457 522.668701 489.901794 515.110779 206.688461 336.195770 363.320679 335.002960
156.000000 2629.784180 856.881470 2510.126709 865.164795 2716.655518 766.291931 2573.351074 770.592346
236.000000 2452.503418 236.733368 2570.242676 221.929367 2522.956787 153.796402 2633.359375 147.097229
154.000000 2292.986816 1458.529785 2410.002197 1463.282104 2359.794678 1344.351929 2503.203613 1348.185181
180.000000 1060.048096 804.096680 1176.880737 796.726135 1096.683105 673.800659 1230.085815 669.107056
259.000000 2283.400391 1645.563599 2400.041260 1652.655273 2349.943848 1525.171753 2456.714600 1528.428467
149.000000 476.663666 989.956604 593.233276 981.888123 356.715729 861.121582 503.247742 854.710388
159.000000 773.299011 1277.462769 656.668091 1276.492798 766.968140 1176.911377 626.735413 1173.681152
278.000000 2689.841309 1462.875732 2803.197754 1469.127197 2736.549072 1342.391357 2839.959961 1347.479614
238.000000 2066.890381 1106.457275 2180.120605 1098.350098 2140.052490 1000.926025 2250.076660 994.683044
290.000000 2570.018066 1452.207642 2456.660400 1450.395386 2623.334229 1334.463745 2519.998291 1334.541748
200.000000 1139.313599 613.497986 1165.710938 723.562561 1193.060303 450.307404 1203.286987 570.288086
136.000000 1164.475342 743.006531 1133.358765 634.280029 1210.913940 642.666687 1187.535889 493.720093
88.000000 1841.340088 858.246338 1801.728027 752.684875 1952.221191 866.870300 1913.401611 654.823486
178.000000 1053.226562 1238.244019 1163.225464 1231.558716 1083.213135 1133.286255 1216.733276 1128.539551
291.000000 3027.360596 1516.632080 3021.879395 1406.739136 3015.099609 1393.341553 3014.554443 1290.011108
155.000000 2010.000000 1266.666626 1900.000000 1266.666626 2150.104248 1162.440796 2006.693604 1158.905640
244.000000 2623.214355 428.304016 2730.056885 420.809998 2683.367920 351.116333 2793.365723 347.711639
287.000000 2340.111816 1249.829468 2233.460693 1253.600220 2406.743652 1141.687988 2303.473145 1146.398438
288.000000 2626.643799 987.974976 2733.334473 986.765503 2683.322021 891.797607 2786.674316 891.037231
256.000000 2053.330078 597.412903 2160.023438 597.872803 2123.300537 494.237671 2230.189209 498.104553
165.000000 1798.537720 749.973328 1705.070068 697.556396 1917.625000 656.573669 1801.292114 582.714600
184.000000 333.493225 1555.417236 436.840271 1568.643555 193.592453 1483.818726 323.427521 1495.631348
257.000000 1630.105591 397.641174 1526.543213 408.859955 1723.358032 270.539795 1616.610107 275.432434
235.000000 1190.179321 834.731445 1293.551636 844.311096 1239.888794 710.956299 1349.950928 723.755310
139.000000 833.491394 702.156860 936.758728 694.590149 783.407288 555.976501 933.196838 551.787048
185.000000 439.982819 1550.350464 336.734192 1545.289185 326.692841 1475.761108 196.705017 1472.005859
243.000000 258.979950 1359.965088 258.152283 1463.318481 94.719360 1269.956299 95.737564 1380.008545
170.000000 1413.333374 1263.333374 1310.000000 1263.333374 1496.686890 1159.076172 1360.012817 1156.080566
246.000000 817.314209 1117.515015 898.409546 1055.616699 792.232300 1003.280884 883.207825 941.381348
294.000000 666.756714 1237.675659 766.556580 1228.766846 653.256165 1132.457153 753.360474 1123.641357
232.000000 1035.943115 792.937500 1038.206421 693.281250 1043.333374 666.666687 1043.333374 553.333313
144.000000 610.370850 1713.306274 611.285217 1613.314575 761.243408 1676.679810 762.788208 1529.959106
279.000000 1620.218750 425.654572 1520.787720 435.024902 1710.085083 298.408997 1606.672729 303.458740
251.000000 1663.250122 236.111420 1566.264038 250.647079 1773.624268 103.407944 1666.316772 112.567245
151.000000 566.436646 1256.430542 663.557800 1263.644409 473.129059 1151.973633 617.332642 1166.899292
273.000000 543.250732 869.248352 639.850037 858.634827 436.674408 730.088318 540.090393 721.032410
141.000000 1369.906860 249.202789 1466.424194 237.924759 1419.879761 101.347054 1566.613892 92.462334
145.000000 2713.086670 1677.293091 2810.000000 1683.331909 2700.002441 1543.206543 2846.677246 1546.130493
192.000000 453.385132 1041.088501 356.620331 1045.692749 333.367157 917.794617 206.714401 921.592102
296.000000 1529.604370 419.301483 1625.996826 409.841736 1613.196411 287.084961 1713.444946 282.376709
241.000000 1636.794922 859.996948 1634.504028 763.305603 1712.652344 756.827393 1708.244019 646.737000
216.000000 2000.000000 1319.985962 1903.335205 1319.566895 2126.667480 1212.870605 2010.000977 1212.690186
269.000000 951.463562 753.831055 871.196106 806.758789 955.256714 617.643982 864.020203 672.244507
162.000000 1544.425049 469.411133 1556.919189 563.299744 1625.543091 343.284058 1628.665283 483.288757
