Keypoint Matches and Line Matches for pairs 4, 10 
4 corresponds to the image ./resources/Data/FountainP11/images/0004.png 
10 corresponds to the image ./resources/Data/FountainP11/images/0010.png 

272.000000 1869.486206 1736.910034 2319.899170 1899.216675
327.000000 1779.911987 1381.394287 2314.491943 1479.121826
174.000000 1093.333374 1142.982544 1549.959717 1212.842896
226.000000 1589.301758 1770.379883 2300.766846 1849.205078
146.000000 1166.653320 1337.834106 1646.375000 1438.809448
96.000000 1653.541626 96.440842 1808.840210 191.476028
75.000000 1646.779785 111.657318 1799.296143 200.922943
70.000000 1646.847168 126.067139 1798.758301 214.978622
71.000000 1049.922363 165.490509 1515.142822 0.935700
99.000000 1099.832642 286.874786 1486.683472 159.973755
107.000000 1113.297729 312.628510 1493.453613 199.806641
126.000000 1110.077148 298.158630 1495.059448 182.530212
127.000000 1596.821045 272.984253 1730.708618 332.217743
137.000000 1123.204834 330.785217 1494.255737 225.134888
128.000000 1120.026855 320.536499 1492.850952 210.783752
129.000000 1593.341064 296.820496 1726.063965 354.312714
136.000000 1589.927246 315.191742 1723.448608 363.141907
353.000000 1083.338379 1142.301636 1376.615234 1218.924072
151.000000 656.665649 1140.207886 1109.797119 1247.535522
369.000000 1200.022705 1137.752197 1649.792847 1194.473389
370.000000 1616.716309 1129.037964 1809.313965 1179.404053
48.000000 1113.722168 1123.347412 1435.958252 1200.012329
49.000000 1115.188110 736.661072 1427.406982 709.987061
285.000000 1906.661133 1210.784424 1886.516113 1252.020264
267.000000 1186.664795 1202.572021 1559.423584 1281.958130
268.000000 1516.666992 1202.813110 1760.088867 1257.392090
283.000000 1509.997681 1182.052856 1756.538940 1238.784546
284.000000 1183.332031 1182.648193 1563.237915 1259.092041
232.000000 1489.242065 726.669678 1633.205566 760.002075
51.000000 1899.989990 1347.373291 1900.789062 1375.190918
303.000000 1196.668457 1168.189209 1556.690552 1240.264282
304.000000 1500.000977 1168.105713 1740.036377 1223.737305
158.000000 1506.661743 1333.890137 1759.228271 1400.130981
125.000000 1080.001465 1127.055542 1380.100586 1204.383545
497.000000 236.673477 1100.148315 106.686119 1190.232178
331.000000 530.000916 1086.686890 590.167114 1156.805542
250.000000 1636.866089 98.755913 1798.907471 182.434921
447.000000 1876.827271 1412.265381 2438.911133 1447.102295
503.000000 1053.211792 1184.320068 1380.315918 1270.396240
504.000000 776.482849 1176.531616 1253.710815 1281.122192
60.000000 293.439423 654.901672 195.510101 210.524277
263.000000 1656.207153 87.960777 1812.774048 180.303436
264.000000 1407.924438 -0.208666 1715.980835 1.896955
436.000000 1143.334106 1336.597290 1630.444214 1441.870605
205.000000 883.292114 1333.692017 1423.380005 1493.535156
451.000000 1483.493286 329.799316 1683.936157 358.978516
379.000000 1565.717407 89.275536 1764.988770 140.913773
413.000000 463.267395 968.924683 509.856934 927.078552
1329.000000 876.645691 395.979462 1102.000000 169.000000
238.000000 1800.336548 1688.765503 2441.294922 1681.256958
1003.000000 1440.061646 1323.027588 1733.000000 1397.000000
511.000000 2087.347168 1066.642334 1858.466919 1123.423218
52.000000 266.738739 741.191589 136.517548 384.019135
501.000000 430.079285 731.310425 446.094269 456.489105
135.000000 336.636078 928.845398 270.615021 818.806396
42.000000 1336.665771 1206.962769 1679.934692 1276.117798
564.000000 1566.613892 92.462334 1764.136963 145.669373
383.000000 356.715729 861.121582 357.267090 694.335876
1350.000000 473.129059 1151.973633 566.000000 1273.000000
465.000000 766.968140 1176.911377 1253.305908 1286.295410
568.000000 626.735413 1173.681152 1119.985840 1286.499512
329.000000 1496.686890 1159.076172 1723.403198 1207.555664
244.000000 393.332611 570.595642 382.490814 108.756256
676.000000 1230.085815 669.107056 1556.000000 658.000000
1123.000000 1653.334351 1201.978027 1763.000000 1249.000000
412.000000 373.333588 1314.084839 829.663330 1521.155884
252.000000 503.334686 1314.041138 589.777893 1578.981689
1281.000000 333.367157 917.794617 282.000000 807.000000
549.000000 1795.990356 583.347107 1754.764404 673.341614
550.000000 1793.480103 459.929230 1755.460815 553.326355
1201.000000 546.647888 466.252716 642.000000 41.000000
1345.000000 2009.995117 1144.837646 1857.000000 1196.000000
957.000000 647.466736 1654.882202 1383.000000 2018.000000
416.000000 346.653351 925.590393 298.289703 812.571655
417.000000 460.051819 924.187378 443.834656 844.372253
349.000000 526.628967 812.678284 644.242676 656.058716
236.000000 943.950989 606.545898 1301.478760 496.999329
415.000000 948.845276 496.467133 1302.474365 346.660736
102.000000 684.138428 1123.345093 1091.212036 1210.012207
759.000000 433.167267 559.778931 370.000000 81.000000
531.000000 1064.734009 669.890564 1310.936035 612.417847
478.000000 503.342773 817.108765 564.878906 651.019958
371.000000 266.667755 823.751404 129.908356 563.669006
362.000000 955.256714 617.643982 1314.970703 513.336792
1213.000000 589.877319 801.451477 688.000000 647.000000
228.000000 393.347931 1258.751099 403.533112 1504.754150
307.000000 473.369843 720.618774 520.103394 456.211182
308.000000 373.324646 726.519165 342.740906 415.942719
709.000000 991.000000 838.000000 1256.000000 815.000000
1549.000000 1194.000000 864.000000 1490.000000 881.000000
1231.000000 906.000000 819.000000 932.000000 713.000000
622.000000 1765.000000 808.000000 1700.000000 890.000000
1180.000000 991.000000 1553.000000 1683.000000 1784.000000
1127.000000 1530.000000 148.000000 1748.000000 197.000000
1077.000000 1509.000000 149.000000 1739.000000 191.000000
691.000000 1138.000000 865.000000 1443.000000 874.000000
1467.000000 1505.000000 344.000000 1709.000000 385.000000
1209.000000 1006.000000 824.000000 1267.000000 797.000000
693.000000 1019.000000 839.000000 1279.000000 817.000000
1306.000000 992.000000 823.000000 1303.000000 812.000000
1564.000000 1401.000000 1015.000000 1629.000000 1064.000000
1032.000000 1029.000000 1242.000000 1520.000000 1341.000000
269.000000 480.000000 1464.000000 1379.846558 1859.662964
1109.000000 980.000000 1035.000000 1254.000000 1078.000000
1380.000000 2245.000000 77.000000 1753.000000 367.000000
450.000000 1478.000000 328.000000 1689.360840 351.074524
1452.000000 2145.000000 1318.000000 1925.000000 1328.000000
569.000000 1375.000000 841.000000 1535.792603 877.204529
1314.000000 997.000000 1280.000000 1497.000000 1394.000000
1298.000000 506.000000 535.000000 569.000000 151.000000
1396.000000 380.000000 623.000000 276.000000 150.000000
1208.000000 808.000000 1250.000000 1362.000000 1378.000000
721.000000 2143.000000 1225.000000 1968.000000 1240.000000
953.000000 1769.000000 1302.000000 1852.000000 1342.000000
131.000000 1529.000000 956.000000 1507.191406 999.994141
1170.000000 158.000000 1369.000000 442.000000 1746.000000
777.000000 1239.000000 435.000000 1552.000000 349.000000
805.000000 1279.000000 583.000000 1539.000000 558.000000
1017.000000 830.000000 1279.000000 1383.000000 1418.000000
1120.000000 950.000000 1552.000000 1634.000000 1782.000000
922.000000 2496.000000 683.000000 1837.000000 853.000000
1265.000000 1582.000000 1300.000000 1691.000000 1375.000000
1207.000000 680.000000 486.000000 797.000000 157.000000
1354.000000 1653.000000 1245.000000 1817.000000 1303.000000
739.000000 869.000000 336.000000 1295.000000 131.000000
732.000000 923.000000 1235.000000 1453.000000 1332.000000
1371.000000 906.000000 831.000000 1189.000000 780.000000
1366.000000 1140.000000 1665.000000 2087.000000 1810.000000
491.000000 1005.000000 853.000000 1284.456055 846.124756
492.000000 1198.000000 929.000000 1340.249146 961.719849
1191.000000 1138.000000 1037.000000 1447.000000 1086.000000
1361.000000 737.000000 758.000000 879.000000 626.000000
428.000000 598.000000 1224.000000 1188.315918 1369.997192
599.000000 1041.000000 382.000000 1351.000000 228.000000
1132.000000 993.000000 806.000000 1258.000000 769.000000
661.000000 1376.000000 938.000000 1553.000000 983.000000
1479.000000 1162.000000 825.000000 1458.000000 828.000000
928.000000 1461.000000 153.000000 1719.000000 175.000000
1009.000000 1024.000000 199.000000 1430.000000 14.000000
1411.000000 1222.000000 935.000000 1343.000000 949.000000
1143.000000 1751.000000 570.000000 1527.000000 579.000000
124.000000 783.000000 1122.000000 1099.942139 1210.813232
1508.000000 1347.000000 924.000000 1544.000000 967.000000
1187.000000 2157.000000 1306.000000 1962.000000 1329.000000
512.000000 1821.000000 949.000000 1856.128052 996.738159
1136.000000 1496.000000 1219.000000 1831.000000 1271.000000
1536.000000 1119.000000 344.000000 1368.000000 198.000000
1348.000000 1232.000000 1077.000000 1526.000000 1134.000000
1328.000000 690.000000 1224.000000 1136.000000 1355.000000
1401.000000 1630.000000 1588.000000 2295.000000 1683.000000
1253.000000 1030.000000 1509.000000 1716.000000 1750.000000
1532.000000 1104.000000 1295.000000 1561.000000 1400.000000
882.000000 510.000000 487.000000 579.000000 45.000000
122.000000 982.000000 880.000000 1201.797119 843.737793
1517.000000 1604.000000 1012.000000 1755.000000 1060.000000
848.000000 1019.000000 854.000000 1279.000000 838.000000
1530.000000 1210.000000 957.000000 1496.000000 983.000000
1115.000000 773.000000 575.000000 919.000000 347.000000
1438.000000 1669.000000 1568.000000 2048.000000 1703.000000
254.000000 1054.000000 1200.000000 1463.189087 1291.066650
680.000000 1584.000000 1231.000000 1784.000000 1287.000000
1486.000000 1865.000000 1099.000000 1767.000000 1152.000000
817.000000 1882.000000 1290.000000 1978.000000 1323.000000
696.000000 978.000000 796.000000 1247.000000 752.000000
1155.000000 717.000000 464.000000 840.000000 144.000000
1321.000000 1103.000000 982.000000 1345.000000 1014.000000
1116.000000 914.000000 1507.000000 1646.000000 1800.000000
825.000000 1449.000000 1310.000000 1731.000000 1378.000000
557.000000 345.000000 1024.000000 290.008820 1022.173889
106.000000 1598.000000 289.000000 1747.888428 358.035431
563.000000 1305.000000 108.000000 1672.110474 71.517708
1439.000000 1035.000000 351.000000 1487.000000 224.000000
1024.000000 1155.000000 762.000000 1476.000000 742.000000
570.000000 1283.000000 772.000000 1527.462158 760.418823
941.000000 1562.000000 944.000000 1458.000000 933.000000
1045.000000 1827.000000 839.000000 1712.000000 909.000000
1098.000000 1253.000000 446.000000 1558.000000 366.000000
522.000000 1212.000000 511.000000 1558.871948 487.425415
1086.000000 788.000000 1278.000000 1352.000000 1422.000000
1527.000000 1461.000000 617.000000 1616.000000 645.000000
1304.000000 1552.000000 1241.000000 1767.000000 1289.000000
1020.000000 2046.000000 1306.000000 1936.000000 1326.000000
1353.000000 1890.000000 825.000000 1584.000000 925.000000
896.000000 2428.000000 284.000000 1797.000000 506.000000
515.000000 391.000000 1187.000000 306.186462 1370.019409
1188.000000 1713.000000 1287.000000 1837.000000 1343.000000
995.000000 1384.000000 555.000000 1574.000000 558.000000
1273.000000 680.000000 508.000000 880.000000 155.000000
1082.000000 1569.000000 1080.000000 1675.000000 1138.000000
841.000000 1042.000000 854.000000 1297.000000 840.000000
1434.000000 1442.000000 588.000000 1590.000000 577.000000
1061.000000 1129.000000 783.000000 1437.000000 772.000000
1381.000000 1093.000000 900.000000 1342.000000 920.000000
1357.000000 1547.000000 1051.000000 1611.000000 1094.000000
1033.000000 744.000000 1544.000000 1350.000000 1772.000000
1558.000000 1168.000000 880.000000 1490.000000 866.000000
1160.000000 1956.000000 1224.000000 1908.000000 1261.000000
472.000000 810.000000 1198.000000 1263.057129 1316.668335
1566.000000 1847.000000 975.000000 1784.000000 1051.000000
1512.000000 1268.000000 657.000000 1751.000000 707.000000
1062.000000 1538.000000 1081.000000 1660.000000 1137.000000
1483.000000 1173.000000 1100.000000 1472.000000 1160.000000
1343.000000 1906.000000 1205.000000 1873.000000 1246.000000
641.000000 1627.000000 1220.000000 1878.000000 1265.000000
1441.000000 1116.000000 159.000000 1538.000000 18.000000
1537.000000 1242.000000 512.000000 1623.000000 457.000000
951.000000 1091.000000 671.000000 1476.000000 632.000000
1038.000000 1188.000000 824.000000 1551.000000 811.000000
965.000000 2823.000000 666.000000 1958.000000 861.000000
1339.000000 636.000000 773.000000 747.000000 610.000000
1327.000000 1400.000000 1219.000000 1708.000000 1286.000000
1138.000000 1159.000000 388.000000 1491.000000 305.000000
1233.000000 1142.000000 1527.000000 2093.000000 1639.000000
452.000000 1223.000000 340.000000 1565.308105 288.968719
1227.000000 1190.000000 407.000000 1539.000000 343.000000
1384.000000 1147.000000 352.000000 1482.000000 254.000000
833.000000 1020.000000 806.000000 1279.000000 774.000000
1277.000000 2036.000000 1244.000000 1935.000000 1266.000000
1489.000000 1090.000000 683.000000 1444.000000 643.000000
843.000000 1712.000000 1619.000000 2327.000000 1606.000000
516.000000 337.000000 1128.000000 301.080383 1243.829102
1159.000000 727.000000 1225.000000 1300.000000 1354.000000
1509.000000 1150.000000 1100.000000 1458.000000 1165.000000
1433.000000 1277.000000 1309.000000 1834.000000 1356.000000
1255.000000 1451.000000 1275.000000 1732.000000 1342.000000
1073.000000 1024.000000 315.000000 1370.000000 150.000000
645.000000 1194.000000 1036.000000 1493.000000 1087.000000
1539.000000 2671.000000 476.000000 1890.000000 691.000000
1274.000000 1190.000000 371.000000 1549.000000 304.000000
580.000000 650.000000 457.000000 755.884338 81.172020
587.000000 700.000000 936.000000 1104.156128 919.991821
1474.000000 654.000000 1015.000000 730.000000 1004.000000
1067.000000 2984.000000 153.000000 1946.000000 483.000000
1316.000000 647.000000 1079.000000 621.000000 1115.000000
876.000000 1217.000000 416.000000 1559.000000 332.000000

87.000000 2000.000000 1143.223633 1093.333374 1142.982544 1793.292725 1192.839111 1549.959717 1212.842896
108.000000 1583.317261 1433.995728 736.664490 1413.422119 1420.349976 1534.725342 1203.166260 1589.335449
73.000000 1796.647095 1345.046875 1166.653320 1337.834106 1900.789062 1375.190918 1646.375000 1438.809448
25.000000 1583.301147 1337.090210 2209.950195 1342.468018 2360.191650 1391.636230 1900.789062 1375.190918
48.000000 1653.541626 96.440842 1040.059204 137.550781 1808.840210 191.476028 1567.706299 2.010143
37.000000 1046.618896 152.634262 1646.779785 111.657318 1535.866089 0.012402 1799.296143 200.922943
35.000000 1646.847168 126.067139 1049.922363 165.490509 1798.758301 214.978622 1515.142822 0.935700
49.000000 1606.652466 259.735535 1099.832642 286.874786 1743.033325 323.802826 1486.683472 159.973755
157.000000 1663.359985 1200.986572 2156.667480 1206.588257 1759.915527 1251.919067 1940.267456 1241.144043
53.000000 1603.224976 287.857117 1113.297729 312.628510 1747.888428 358.035431 1493.453613 199.806641
63.000000 1110.077148 298.158630 1596.821045 272.984253 1495.059448 182.530212 1730.708618 332.217743
68.000000 1596.679199 306.916382 1123.204834 330.785217 1723.448608 363.141907 1494.255737 225.134888
64.000000 1120.026855 320.536499 1593.341064 296.820496 1492.850952 210.783752 1726.063965 354.312714
178.000000 1083.338379 1142.301636 656.665649 1140.207886 1376.615234 1218.924072 1209.851318 1226.887695
186.000000 1200.022705 1137.752197 1616.716309 1129.037964 1649.792847 1194.473389 1809.313965 1179.404053
24.000000 1113.722168 1123.347412 1115.188110 736.661072 1435.958252 1200.012329 1427.406982 709.987061
143.000000 1906.661133 1210.784424 1533.322876 1208.142700 1886.516113 1252.020264 1693.427124 1274.151978
134.000000 1186.664795 1202.572021 1516.666992 1202.813110 1559.423584 1281.958130 1760.088867 1257.392090
142.000000 1509.997681 1182.052856 1183.332031 1182.648193 1756.538940 1238.784546 1563.237915 1259.092041
116.000000 1490.529907 1053.331299 1489.242065 726.669678 1636.769531 976.664978 1633.205566 760.002075
136.000000 1570.247314 1784.853882 1873.687134 1735.509277 2120.200439 1924.892700 2319.899170 1899.216675
152.000000 1196.668457 1168.189209 1500.000977 1168.105713 1556.690552 1240.264282 1740.036377 1223.737305
113.000000 1883.261841 1722.886719 1589.301758 1770.379883 2453.065186 1686.415649 2300.766846 1849.205078
79.000000 1209.988770 1331.286743 1506.661743 1333.890137 1510.044556 1460.184937 1759.228271 1400.130981
62.000000 783.352478 1128.217041 1080.001465 1127.055542 1099.942139 1210.813232 1380.100586 1204.383545
251.000000 236.673477 1100.148315 530.000916 1086.686890 106.686119 1190.232178 233.579208 1179.601562
125.000000 1364.120239 1.134628 1636.866089 98.755913 1700.286011 3.175992 1798.907471 182.434921
155.000000 1556.709229 1487.178589 1843.885010 1463.302490 2274.842285 1576.913940 2430.810059 1484.703491
226.000000 1876.827271 1412.265381 1589.948120 1432.601318 2438.911133 1447.102295 2319.084961 1518.463379
254.000000 1053.211792 1184.320068 776.482849 1176.531616 1380.315918 1270.396240 1253.710815 1281.122192
30.000000 293.439423 654.901672 556.695435 637.092102 195.510101 210.524277 583.296753 326.788757
132.000000 1656.207153 87.960777 1407.924438 -0.208666 1812.774048 180.303436 1715.980835 1.896955
220.000000 1143.334106 1336.597290 883.292114 1333.692017 1630.444214 1441.870605 1493.579224 1474.368774
228.000000 1483.493286 329.799316 1229.800293 342.755463 1683.936157 358.978516 1565.308105 288.968719
191.000000 1565.717407 89.275536 1341.779175 8.194321 1764.988770 140.913773 1689.287476 1.906107
75.000000 1577.890381 1716.667236 1577.826294 1493.333008 1932.715698 1873.480103 1923.051758 1613.343750
208.000000 463.267395 968.924683 683.461548 955.424866 509.856934 927.078552 659.930359 930.111816
54.000000 1952.221191 866.870300 1913.401611 654.823486 1823.107544 981.020691 1779.725342 688.066223
119.000000 1600.138672 1720.865234 1800.336548 1688.765503 2291.841553 1835.218628 2441.294922 1681.256958
258.000000 2087.347168 1066.642334 2088.024414 899.978455 1858.466919 1123.423218 1856.128052 996.738159
26.000000 266.738739 741.191589 430.079285 731.310425 136.517548 384.019135 579.907349 480.425995
67.000000 183.286179 926.693420 336.636078 928.845398 3.000677 782.448547 270.615021 818.806396
284.000000 1419.879761 101.347054 1566.613892 92.462334 1672.110474 71.517708 1764.136963 145.669373
1.000000 2941.334473 150.057434 2937.115479 3.224658 1931.776123 836.721497 1902.424927 3.130583
193.000000 356.715729 861.121582 503.247742 854.710388 357.267090 694.335876 513.590576 710.906494
235.000000 766.968140 1176.911377 626.735413 1173.681152 1253.305908 1286.295410 1119.960693 1296.133301
165.000000 1496.686890 1159.076172 1360.012817 1156.080566 1549.831299 1221.184814 1723.403198 1207.555664
122.000000 256.666138 570.430176 393.332611 570.595642 186.735931 29.828217 382.490814 108.756256
238.000000 643.379028 1162.850586 779.986206 1164.486450 1130.084961 1327.691650 1263.057129 1316.668335
207.000000 373.333588 1314.084839 503.334686 1314.041138 980.067383 1532.434814 829.663330 1521.155884
60.000000 333.367157 917.794617 206.714401 921.592102 284.060028 799.334106 3.184870 771.498047
200.000000 1637.331665 439.412292 1726.215698 527.166382 1627.031616 436.113770 1649.964355 589.507019
277.000000 1795.990356 583.347107 1793.480103 459.929230 1754.764404 673.341614 1755.460815 553.326355
92.000000 649.921570 1599.886230 533.405273 1597.047241 1421.259644 1879.203979 1204.114502 1988.251221
127.000000 1063.313721 1197.219727 1176.741089 1201.230103 1259.830688 1304.005615 1463.189087 1291.066650
210.000000 346.653351 925.590393 460.051819 924.187378 298.289703 812.571655 443.834656 844.372253
176.000000 526.628967 812.678284 639.983704 811.607605 644.242676 656.058716 807.353210 693.691101
55.000000 1043.333374 666.666687 1043.333374 553.333313 1427.804077 613.314514 1423.008545 323.283600
97.000000 553.430969 1319.648315 666.684814 1322.648315 936.698975 1519.499146 1170.135986 1534.557617
209.000000 943.950989 606.545898 948.845276 496.467133 1301.478760 496.999329 1302.474365 346.660736
51.000000 684.138428 1123.345093 685.741882 1013.319885 1091.212036 1210.012207 1089.464233 906.669739
91.000000 433.167267 559.778931 323.251434 564.913879 385.889099 101.705338 164.505524 0.762545
268.000000 1064.734009 669.890564 1058.669556 776.968872 1310.936035 612.417847 1336.855713 733.292786
241.000000 396.666351 816.760559 503.342773 817.108765 437.703705 616.211121 564.878906 651.019958
187.000000 266.667755 823.751404 373.342346 823.475098 129.908356 563.669006 284.463348 605.860535
245.000000 737.822998 914.037231 819.332764 846.553589 1075.959351 701.268921 1057.094604 829.572815
114.000000 290.028687 1257.543945 393.347931 1258.751099 186.471146 1535.276123 403.533112 1504.754150
156.000000 1388.986572 659.876099 1376.790894 759.607544 1573.147705 717.585449 1618.918701 892.893188
154.000000 473.369843 720.618774 373.324646 726.519165 520.103394 456.211182 342.740906 415.942719
