Keypoint Matches and Line Matches for pairs 6, 10 
6 corresponds to the image ./resources/Data/FountainP11/images/0006.png 
10 corresponds to the image ./resources/Data/FountainP11/images/0010.png 

226.000000 2184.075928 1720.553223 2300.766846 1849.205078
146.000000 1413.340942 1324.226685 1646.375000 1438.809448
174.000000 1406.663208 1119.106567 1549.959717 1212.842896
96.000000 1896.568359 54.663059 1808.840210 191.476028
71.000000 1246.760254 38.676090 1515.142822 0.935700
74.000000 1249.916870 24.521147 1535.866089 0.012402
75.000000 1886.731445 69.074654 1799.296143 200.922943
254.000000 1226.652954 1181.592285 1463.189087 1291.066650
98.000000 1826.792847 214.709381 1743.033325 323.802826
99.000000 1286.888428 179.894821 1486.683472 159.973755
151.000000 726.666748 1126.567749 1109.797119 1247.535522
107.000000 1293.563721 209.710297 1493.453613 199.806641
126.000000 1299.763794 193.611603 1495.059448 182.530212
127.000000 1813.298340 227.201660 1730.708618 332.217743
285.000000 2116.664551 1182.986816 1886.516113 1252.020264
286.000000 1603.330933 1186.287354 1693.427124 1274.151978
128.000000 1303.183716 219.010315 1492.850952 210.783752
136.000000 1803.447266 261.476135 1723.448608 363.141907
137.000000 1300.166870 230.612823 1494.255737 225.134888
153.000000 3036.003418 1163.355103 2020.186890 1183.463379
314.000000 2320.000488 1176.422119 1940.267456 1241.144043
48.000000 1272.707764 1100.002808 1435.958252 1200.012329
49.000000 1273.154541 673.333130 1427.406982 709.987061
497.000000 59.949097 1068.579468 106.686119 1190.232178
331.000000 473.348816 1053.765503 590.167114 1156.805542
52.000000 93.334991 620.242249 136.517548 384.019135
165.000000 2979.537354 756.674927 2000.050537 939.998474
166.000000 2986.680420 1156.666382 2007.542480 1189.973755
353.000000 1250.014038 1119.233887 1376.615234 1218.924072
354.000000 863.329102 1117.905151 1209.851318 1226.887695
125.000000 1230.006836 1101.583252 1380.100586 1204.383545
1203.000000 3003.030273 1110.181152 2018.000000 1157.000000
154.000000 2993.410645 739.997986 2009.580444 926.821777
60.000000 133.306122 513.605774 195.510101 210.524277
155.000000 3025.846191 370.147949 2010.499268 706.751709
283.000000 1736.651733 1158.501465 1756.538940 1238.784546
284.000000 1386.653320 1162.002197 1563.237915 1259.092041
268.000000 1733.344482 1177.585327 1760.088867 1257.392090
183.000000 966.818237 1646.585449 1421.259644 1879.203979
184.000000 636.448303 1661.981323 1204.114502 1988.251221
205.000000 970.027405 1339.214355 1423.380005 1493.535156
206.000000 639.958008 1342.764771 1197.777344 1545.048462
215.000000 966.679443 1371.065918 1420.349976 1534.725342
216.000000 636.686829 1375.018311 1203.166260 1589.335449
413.000000 380.070374 911.702271 509.856934 927.078552
203.000000 646.642944 1642.611206 1199.719604 1956.056274
204.000000 963.405640 1632.201050 1409.792236 1859.547852
303.000000 1399.994873 1145.549805 1556.690552 1240.264282
304.000000 1713.321411 1144.098267 1740.036377 1223.737305
539.000000 953.340820 1397.204834 1393.482666 1570.542480
436.000000 1376.672852 1330.348145 1630.444214 1441.870605
437.000000 1079.981445 1335.619629 1493.579224 1474.368774
194.000000 679.979492 1333.121582 1170.135986 1534.557617
232.000000 1678.026245 683.330444 1633.205566 760.002075
451.000000 1706.454224 273.548492 1683.936157 358.978516
452.000000 1429.781250 256.987701 1565.308105 288.968719
269.000000 943.476746 1624.147949 1379.846558 1859.662964
43.000000 683.930176 1203.953613 1176.585693 1335.986084
530.000000 909.952576 1662.128174 1389.689331 1909.387817
390.000000 2974.928955 373.303467 1995.652222 703.342041
1044.000000 2863.316650 896.666931 1982.000000 1023.000000
156.000000 2854.237549 119.985550 2002.796997 450.116150
464.000000 393.351288 508.847900 516.525757 290.005035
149.000000 1302.760498 1740.002441 1932.715698 1873.480103
141.000000 2168.568359 1476.637695 2278.691406 1576.707153
108.000000 2126.869141 858.546082 1823.107544 981.020691
102.000000 754.541870 1096.674683 1091.212036 1210.012207
103.000000 755.991333 876.640259 1089.464233 906.669739
350.000000 660.062866 731.161438 807.353210 693.691101
1489.000000 1240.075073 617.546875 1444.000000 643.000000
244.000000 279.833252 418.931549 382.490814 108.756256
559.000000 640.313721 776.599976 794.183960 756.817017
1281.000000 203.341324 844.128723 282.000000 807.000000
287.000000 200.034195 1531.017700 286.251831 1991.880005
514.000000 2766.441895 117.585266 1934.247681 523.038452
135.000000 197.007507 857.191528 270.615021 818.806396
1512.000000 1863.393677 615.337708 1751.000000 707.000000
1527.000000 1676.809082 606.863770 1616.000000 645.000000
384.000000 409.995880 774.837952 513.590576 710.906494
504.000000 883.392456 1160.083740 1253.710815 1281.122192
568.000000 700.044006 1158.436890 1119.985840 1286.499512
319.000000 170.019196 1427.171997 240.786575 1816.356812
320.000000 343.355621 1420.586670 413.691071 1771.375122
251.000000 273.274597 1331.328735 390.532776 1622.442505
252.000000 443.323975 1326.347046 589.777893 1578.981689
167.000000 670.118042 1616.675293 1187.697266 1906.593994
571.000000 409.830109 1186.654785 579.762634 1365.847168
511.000000 2242.677002 1043.312866 1858.466919 1123.423218
512.000000 2243.496094 883.317078 1856.128052 996.738159
371.000000 106.532738 724.490845 129.908356 563.669006
1138.000000 1274.841553 266.616180 1491.000000 305.000000
227.000000 133.322159 1263.589478 186.471146 1535.276123
228.000000 290.010956 1263.020508 403.533112 1504.754150
329.000000 1713.319336 1134.556396 1723.403198 1207.555664
178.000000 3036.424316 689.936523 2024.833862 910.036743
676.000000 1423.445679 609.877319 1556.000000 658.000000
2.000000 2770.306885 603.327698 1931.776123 836.721497
564.000000 1806.801880 38.463959 1764.136963 145.669373
307.000000 392.837097 616.304810 520.103394 456.211182
202.000000 2203.750488 1751.470215 2327.918457 1878.668945
1228.000000 2756.528809 418.392120 1923.000000 621.000000
369.000000 1686.653564 1102.381104 1649.792847 1194.473389
370.000000 1826.672852 1100.452026 1809.313965 1179.404053
68.000000 1146.657104 1736.729126 1883.367554 1889.680908
299.000000 675.997314 1330.049072 1173.487305 1526.666016
300.000000 678.517212 1193.367432 1172.752197 1339.989136
478.000000 436.536438 729.202393 564.878906 651.019958
1219.000000 150.091446 611.505249 208.000000 390.000000
1345.000000 2186.657471 1124.647461 1857.000000 1196.000000
587.000000 780.201355 891.473022 1104.156128 919.991821
416.000000 210.389725 849.690186 298.289703 812.571655
417.000000 339.976562 863.552429 443.834656 844.372253
381.000000 59.990646 1332.526367 93.126427 1671.922607
382.000000 190.050446 1331.019043 249.365509 1649.007324
328.000000 1390.005737 1137.152954 1549.831299 1221.184814
236.000000 1070.673950 516.688110 1301.478760 496.999329
415.000000 1074.707397 389.831726 1302.474365 346.660736
549.000000 1977.006470 560.034729 1754.764404 673.341614
550.000000 1978.204956 433.316345 1755.460815 553.326355
198.000000 2300.837402 1668.151611 2462.795654 1692.534790
362.000000 1087.897217 529.222107 1314.970703 513.336792
225.000000 2293.565186 1660.428833 2453.065186 1686.415649
1555.000000 2882.837158 756.595703 1944.000000 930.000000
1536.000000 1300.677612 240.485947 1368.000000 198.000000
250.000000 1876.677002 50.831165 1798.907471 182.434921
267.000000 1376.703369 1182.680054 1559.423584 1281.958130
1123.000000 1860.009155 1177.614136 1763.000000 1249.000000
238.000000 2282.532471 1648.522461 2441.294922 1681.256958
439.000000 2192.817383 1445.001099 2303.531494 1550.321655
445.000000 2876.703857 119.999130 1938.126221 530.477600
703.000000 869.866516 219.800278 989.000000 57.000000
42.000000 1566.664062 1187.118042 1679.934692 1276.117798
1380.000000 2280.272461 193.479599 1753.000000 367.000000
398.000000 1727.336792 496.774017 1649.964355 589.507019
1062.000000 1573.323730 1050.440430 1660.000000 1137.000000
748.000000 2400.166504 244.147079 1797.000000 431.000000
531.000000 1185.602051 603.448425 1310.936035 612.417847
895.000000 2769.968018 978.829102 1935.000000 1070.000000
124.000000 740.051636 1104.752686 1099.942139 1210.813232
37.000000 2963.336914 1299.239624 2020.507812 1281.353760
1506.000000 1149.743896 618.027649 1270.000000 650.000000
1209.000000 1117.000000 765.000000 1267.000000 797.000000
693.000000 1133.000000 782.000000 1279.000000 817.000000
1045.000000 1905.000000 814.000000 1712.000000 909.000000
1483.000000 1367.000000 1074.000000 1472.000000 1160.000000
959.000000 1487.000000 634.000000 1520.000000 682.000000
110.000000 1230.000000 592.000000 1427.804077 613.314514
1127.000000 1765.000000 91.000000 1748.000000 197.000000
928.000000 1694.000000 86.000000 1719.000000 175.000000
930.000000 323.000000 1236.000000 451.000000 1455.000000
428.000000 696.000000 1218.000000 1188.315918 1369.997192
1488.000000 911.000000 1242.000000 1334.000000 1382.000000
891.000000 1906.000000 887.000000 1258.000000 927.000000
1180.000000 860.000000 1563.000000 1683.000000 1784.000000
70.000000 1872.000000 99.000000 1798.758301 214.978622
1479.000000 1326.000000 774.000000 1458.000000 828.000000
1187.000000 2334.000000 1282.000000 1962.000000 1329.000000
1059.000000 1481.000000 149.000000 1532.000000 153.000000
1522.000000 1778.000000 307.000000 1732.000000 398.000000
1086.000000 939.000000 1276.000000 1352.000000 1422.000000
1416.000000 1016.000000 895.000000 1152.000000 953.000000
502.000000 338.000000 699.000000 454.262115 583.487976
1354.000000 1886.000000 1221.000000 1817.000000 1303.000000
881.000000 217.000000 1208.000000 408.000000 1421.000000
1016.000000 144.000000 422.000000 201.000000 71.000000
1155.000000 715.000000 329.000000 840.000000 144.000000
1051.000000 1284.000000 175.000000 1468.000000 146.000000
622.000000 1920.000000 782.000000 1700.000000 890.000000
231.000000 1766.000000 895.000000 1636.769531 976.664978
1095.000000 504.000000 853.000000 646.000000 856.000000
1560.000000 729.000000 334.000000 852.000000 153.000000
1444.000000 2922.000000 1125.000000 2002.000000 1174.000000
1191.000000 1302.000000 1004.000000 1447.000000 1086.000000
1468.000000 2118.000000 1681.000000 2394.000000 1697.000000
1132.000000 1102.000000 744.000000 1258.000000 769.000000
1116.000000 828.000000 1578.000000 1646.000000 1800.000000
709.000000 1099.000000 781.000000 1256.000000 815.000000
1537.000000 1665.000000 384.000000 1623.000000 457.000000
762.000000 3034.000000 686.000000 2027.000000 896.000000
935.000000 2449.000000 282.000000 1816.000000 474.000000
1077.000000 1744.000000 89.000000 1739.000000 191.000000
1024.000000 1350.000000 695.000000 1476.000000 742.000000
1032.000000 1238.000000 1230.000000 1520.000000 1341.000000
1366.000000 816.000000 1577.000000 2087.000000 1810.000000
1520.000000 720.000000 1243.000000 1204.000000 1403.000000
1396.000000 200.000000 463.000000 276.000000 150.000000
522.000000 1533.000000 436.000000 1558.871948 487.425415
1530.000000 1381.000000 918.000000 1496.000000 983.000000
1328.000000 816.000000 1217.000000 1136.000000 1355.000000
1433.000000 1779.000000 1278.000000 1834.000000 1356.000000
1509.000000 1314.000000 1074.000000 1458.000000 1165.000000
1073.000000 1172.000000 201.000000 1370.000000 150.000000
1327.000000 1632.000000 1198.000000 1708.000000 1286.000000
1361.000000 745.000000 674.000000 879.000000 626.000000
645.000000 1380.000000 1004.000000 1493.000000 1087.000000
1549.000000 1379.000000 817.000000 1490.000000 881.000000
1532.000000 1313.000000 1286.000000 1561.000000 1400.000000
848.000000 1133.000000 799.000000 1279.000000 838.000000
799.000000 3044.000000 667.000000 2043.000000 886.000000
1314.000000 1189.000000 1272.000000 1497.000000 1394.000000
1511.000000 3027.000000 617.000000 2024.000000 857.000000
449.000000 1406.000000 260.000000 1569.965942 280.057190
1033.000000 910.000000 1551.000000 1350.000000 1772.000000
1357.000000 1673.000000 1021.000000 1611.000000 1094.000000
871.000000 348.000000 859.000000 462.000000 843.000000
17.000000 2429.000000 1276.000000 1983.500732 1332.833008
1418.000000 2744.000000 1817.000000 2517.000000 1696.000000
1067.000000 3050.000000 43.000000 1946.000000 483.000000
86.000000 2781.000000 1157.000000 1944.395508 1193.424316
1160.000000 2170.000000 1195.000000 1908.000000 1261.000000
1093.000000 3004.000000 646.000000 2019.000000 870.000000
131.000000 1508.000000 922.000000 1507.191406 999.994141
621.000000 3038.000000 590.000000 2027.000000 844.000000
1321.000000 1232.000000 944.000000 1345.000000 1014.000000
1146.000000 2777.000000 856.000000 1933.000000 998.000000
1207.000000 667.000000 352.000000 797.000000 157.000000
1098.000000 1534.000000 319.000000 1558.000000 366.000000
1305.000000 2026.000000 1215.000000 1863.000000 1275.000000
1057.000000 1240.000000 603.000000 1444.000000 628.000000
1188.000000 1945.000000 1262.000000 1837.000000 1343.000000
852.000000 1726.000000 767.000000 1457.000000 808.000000
1255.000000 1576.000000 1260.000000 1732.000000 1342.000000
782.000000 2915.000000 1135.000000 1986.000000 1174.000000
510.000000 643.000000 908.000000 796.673462 932.992859
1253.000000 892.000000 1531.000000 1716.000000 1750.000000
953.000000 1998.000000 1276.000000 1852.000000 1342.000000
450.000000 1696.000000 270.000000 1689.360840 351.074524
1303.000000 1147.000000 591.000000 1296.000000 591.000000
833.000000 1134.000000 745.000000 1279.000000 774.000000
1339.000000 601.000000 681.000000 747.000000 610.000000
1519.000000 193.000000 828.000000 278.000000 772.000000
876.000000 1411.000000 308.000000 1559.000000 332.000000
1566.000000 1998.000000 951.000000 1784.000000 1051.000000
1208.000000 964.000000 1244.000000 1362.000000 1378.000000
1233.000000 1730.000000 1537.000000 2093.000000 1639.000000
825.000000 1684.000000 1292.000000 1731.000000 1378.000000
524.000000 307.000000 1244.000000 443.177155 1472.047485
1020.000000 2035.000000 1275.000000 1936.000000 1326.000000
777.000000 1520.000000 306.000000 1552.000000 349.000000
965.000000 2815.000000 635.000000 1958.000000 861.000000
1109.000000 950.000000 1040.000000 1254.000000 1078.000000
1441.000000 1287.000000 40.000000 1538.000000 18.000000
1275.000000 1817.000000 1279.000000 1804.000000 1362.000000
588.000000 884.000000 974.000000 1104.380005 1033.331299
1545.000000 969.000000 1488.000000 1481.000000 1677.000000
1082.000000 1728.000000 1053.000000 1675.000000 1138.000000
1404.000000 819.000000 1461.000000 1289.000000 1676.000000
1313.000000 830.000000 1589.000000 1301.000000 1840.000000
1320.000000 1017.000000 884.000000 1210.000000 961.000000
1136.000000 1951.000000 1196.000000 1831.000000 1271.000000
1266.000000 624.000000 700.000000 769.000000 640.000000
817.000000 2361.000000 1287.000000 1978.000000 1323.000000
1284.000000 1482.000000 116.000000 1392.000000 132.000000
494.000000 985.000000 302.000000 1239.916870 229.636398
1308.000000 360.000000 1511.000000 501.000000 1895.000000
87.000000 2771.000000 676.000000 1931.834595 879.926514
1017.000000 991.000000 1276.000000 1383.000000 1418.000000
1048.000000 2443.000000 242.000000 1814.000000 438.000000
1438.000000 1684.000000 1580.000000 2048.000000 1703.000000
1539.000000 2655.000000 516.000000 1890.000000 691.000000
1478.000000 1927.000000 1625.000000 2326.000000 1698.000000
1486.000000 1908.000000 1061.000000 1767.000000 1152.000000
1436.000000 1075.000000 145.000000 1128.000000 23.000000
1541.000000 1301.000000 284.000000 1457.000000 285.000000
1258.000000 2915.000000 604.000000 1978.000000 837.000000
667.000000 2919.000000 237.000000 1974.000000 615.000000
739.000000 1268.000000 173.000000 1295.000000 131.000000
1234.000000 1548.000000 927.000000 1651.000000 1009.000000
686.000000 1528.000000 498.000000 1556.000000 552.000000
1120.000000 817.000000 1564.000000 1634.000000 1782.000000
1358.000000 1455.000000 150.000000 1561.000000 175.000000
475.000000 1204.000000 260.000000 1385.151489 231.349258
1429.000000 2230.000000 1526.000000 2369.000000 1596.000000
177.000000 3035.000000 1111.000000 2029.710449 1153.339111
1000.000000 1795.000000 349.000000 1725.000000 451.000000
1391.000000 2860.000000 400.000000 1969.000000 714.000000
691.000000 1300.000000 817.000000 1443.000000 874.000000
947.000000 734.000000 982.000000 875.000000 1051.000000
720.000000 2820.000000 952.000000 1983.000000 1059.000000
721.000000 2333.000000 1194.000000 1968.000000 1240.000000
843.000000 2227.000000 1592.000000 2327.000000 1606.000000
1244.000000 2924.000000 811.000000 1980.000000 971.000000
768.000000 1445.000000 565.000000 1517.000000 610.000000
1009.000000 1318.000000 58.000000 1430.000000 14.000000
1210.000000 2647.000000 489.000000 1887.000000 668.000000
1317.000000 2290.000000 1193.000000 1947.000000 1255.000000
605.000000 2658.000000 1660.000000 2458.000000 1586.000000
1198.000000 1031.000000 809.000000 1210.000000 840.000000
1368.000000 2381.000000 677.000000 1828.000000 816.000000
696.000000 1085.000000 731.000000 1247.000000 752.000000
1452.000000 2214.000000 1273.000000 1925.000000 1328.000000
1558.000000 1394.000000 798.000000 1490.000000 866.000000
984.000000 1841.000000 1016.000000 1752.000000 1095.000000
1247.000000 2821.000000 1014.000000 1985.000000 1098.000000
557.000000 215.000000 975.000000 290.008820 1022.173889
1551.000000 2187.000000 1553.000000 2288.000000 1659.000000
715.000000 1533.000000 892.000000 1558.000000 967.000000
967.000000 1907.000000 1254.000000 1848.000000 1278.000000
1129.000000 2881.000000 753.000000 1979.000000 933.000000
665.000000 2917.000000 176.000000 1974.000000 578.000000
1265.000000 1589.000000 1282.000000 1691.000000 1375.000000
1467.000000 1780.000000 286.000000 1709.000000 385.000000
1143.000000 1465.000000 532.000000 1527.000000 579.000000
1227.000000 1356.000000 323.000000 1539.000000 343.000000
1381.000000 1220.000000 852.000000 1342.000000 920.000000
1031.000000 1752.000000 706.000000 1671.000000 791.000000
1277.000000 2249.000000 1205.000000 1935.000000 1266.000000
1115.000000 800.000000 462.000000 919.000000 347.000000
882.000000 434.000000 334.000000 579.000000 45.000000
1159.000000 861.000000 1216.000000 1300.000000 1354.000000
818.000000 2124.000000 1061.000000 1860.000000 1159.000000
1516.000000 331.000000 343.000000 443.000000 15.000000

0.000000 2183.448242 1452.286865 1046.882935 1466.863403 2313.464111 1495.659424 1423.442749 1503.096313
58.000000 2193.398682 1416.505249 1293.300049 1435.051147 2283.390381 1557.368896 1996.450562 1580.672729
165.000000 1246.653076 1128.126953 2146.662354 1122.751221 1549.831299 1221.184814 1723.403198 1207.555664
136.000000 1296.624146 1809.084595 2183.388916 1767.862915 2120.200439 1924.892700 2319.899170 1899.216675
163.000000 2184.075928 1720.553223 1301.825195 1760.413818 2300.766846 1849.205078 2126.515137 1872.139282
2.000000 2156.506836 1756.522827 1296.331421 1796.034668 1476.723999 1884.525146 2303.370605 1882.592529
25.000000 2200.051758 1326.667480 1413.340942 1324.226685 2360.191650 1391.636230 1900.789062 1375.190918
87.000000 2149.998535 1116.278809 1406.663208 1119.106567 1793.292725 1192.839111 1549.959717 1212.842896
48.000000 1896.568359 54.663059 1236.724854 5.880353 1808.840210 191.476028 1567.706299 2.010143
35.000000 1883.542725 83.704918 1246.760254 38.676090 1798.758301 214.978622 1515.142822 0.935700
37.000000 1249.916870 24.521147 1886.731445 69.074654 1535.866089 0.012402 1799.296143 200.922943
127.000000 683.327026 1185.869019 1226.652954 1181.592285 1259.830688 1304.005615 1463.189087 1291.066650
49.000000 1826.792847 214.709381 1286.888428 179.894821 1743.033325 323.802826 1486.683472 159.973755
76.000000 726.666748 1126.567749 1246.653076 1128.126953 1109.797119 1247.535522 1366.643799 1226.388428
53.000000 1810.050049 242.545578 1293.563721 209.710297 1747.888428 358.035431 1493.453613 199.806641
63.000000 1299.763794 193.611603 1813.298340 227.201660 1495.059448 182.530212 1730.708618 332.217743
143.000000 2116.664551 1182.986816 1603.330933 1186.287354 1886.516113 1252.020264 1693.427124 1274.151978
64.000000 1303.183716 219.010315 1809.913208 251.359680 1492.850952 210.783752 1726.063965 354.312714
68.000000 1803.447266 261.476135 1300.166870 230.612823 1723.448608 363.141907 1494.255737 225.134888
137.000000 1824.718750 1296.962524 2317.344971 1338.650269 1809.898315 1386.179443 2006.356445 1345.180176
157.000000 1873.329102 1175.579346 2320.000488 1176.422119 1759.915527 1251.919067 1940.267456 1241.144043
24.000000 1272.707764 1100.002808 1273.154541 673.333130 1435.958252 1200.012329 1427.406982 709.987061
166.000000 59.949097 1068.579468 473.348816 1053.765503 416.594086 1165.158569 590.167114 1156.805542
26.000000 93.334991 620.242249 503.338562 617.431519 136.517548 384.019135 579.907349 480.425995
83.000000 2979.537354 756.674927 2986.680420 1156.666382 2000.050537 939.998474 2007.542480 1189.973755
178.000000 1250.014038 1119.233887 863.329102 1117.905151 1376.615234 1218.924072 1209.851318 1226.887695
77.000000 3003.030273 1110.181152 2993.410645 739.997986 2020.186890 1183.463379 2009.580444 926.821777
30.000000 133.306122 513.605774 503.360504 516.398621 195.510101 210.524277 583.296753 326.788757
78.000000 3025.846191 370.147949 3012.777832 3.234391 2010.499268 706.751709 2002.796997 450.116150
142.000000 1736.651733 1158.501465 1386.653320 1162.002197 1756.538940 1238.784546 1563.237915 1259.092041
134.000000 1389.980713 1181.745728 1733.344482 1177.585327 1559.423584 1281.958130 1760.088867 1257.392090
92.000000 966.818237 1646.585449 636.448303 1661.981323 1421.259644 1879.203979 1204.114502 1988.251221
103.000000 970.027405 1339.214355 639.958008 1342.764771 1423.380005 1493.535156 1197.777344 1545.048462
108.000000 966.679443 1371.065918 636.686829 1375.018311 1420.349976 1534.725342 1203.166260 1589.335449
208.000000 380.070374 911.702271 706.867554 898.193054 509.856934 927.078552 659.930359 930.111816
254.000000 1230.023926 1162.489380 903.324646 1163.342407 1380.315918 1270.396240 1253.710815 1281.122192
102.000000 646.642944 1642.611206 963.405640 1632.201050 1199.719604 1956.056274 1409.792236 1859.547852
152.000000 1399.994873 1145.549805 1713.321411 1144.098267 1556.690552 1240.264282 1740.036377 1223.737305
79.000000 1446.707886 1321.868164 1753.298706 1315.098877 1510.044556 1460.184937 1759.228271 1400.130981
272.000000 953.340820 1397.204834 653.352600 1401.382202 1393.482666 1570.542480 1276.502075 1602.735229
220.000000 1376.672852 1330.348145 1079.981445 1335.619629 1630.444214 1441.870605 1493.579224 1474.368774
65.000000 1415.872803 736.657776 1412.696899 1020.067566 1504.125000 726.657776 1507.191406 999.994141
116.000000 1678.630737 966.669617 1678.026245 683.330444 1636.769531 976.664978 1633.205566 760.002075
228.000000 1706.454224 273.548492 1429.781250 256.987701 1683.936157 358.978516 1565.308105 288.968719
135.000000 943.476746 1624.147949 666.679932 1633.717163 1379.846558 1859.662964 1196.551147 1943.079468
21.000000 959.912537 1188.443848 683.930176 1203.953613 1679.934692 1276.117798 1176.585693 1335.986084
267.000000 636.648743 1672.878296 909.952576 1662.128174 1279.343994 1965.373657 1389.689331 1909.387817
196.000000 2970.062988 113.332153 2974.928955 373.303467 1994.304199 546.658325 1995.652222 703.342041
145.000000 393.351288 508.847900 153.357666 505.106293 384.018372 254.445953 198.775787 197.301849
75.000000 1302.760498 1740.002441 1301.761475 1503.325928 1932.715698 1873.480103 1923.051758 1613.343750
70.000000 2172.078857 1706.685791 2168.568359 1476.637695 2286.942139 1843.427979 2278.691406 1576.707153
54.000000 2126.869141 858.546082 2085.032471 640.449707 1823.107544 981.020691 1779.725342 688.066223
51.000000 754.541870 1096.674683 755.991333 876.640259 1091.212036 1210.012207 1089.464233 906.669739
176.000000 446.715424 724.983398 660.062866 731.161438 644.242676 656.058716 807.353210 693.691101
122.000000 76.619720 403.971039 279.833252 418.931549 186.735931 29.828217 382.490814 108.756256
282.000000 640.313721 776.599976 440.477203 758.161438 794.183960 756.817017 679.259277 726.105042
60.000000 203.341324 844.128723 3.332812 843.498901 284.060028 799.334106 3.184870 771.498047
144.000000 200.034195 1531.017700 3.141819 1537.634521 286.251831 1991.880005 99.571640 2045.166016
67.000000 3.205512 850.219971 197.007507 857.191528 3.000677 782.448547 270.615021 818.806396
193.000000 223.321472 774.326050 409.995880 774.837952 357.267090 694.335876 513.590576 710.906494
175.000000 476.661865 1596.433594 660.054626 1592.643799 993.243530 1973.958252 1159.823486 1997.895386
235.000000 883.392456 1160.083740 700.044006 1158.436890 1253.305908 1286.295410 1119.960693 1296.133301
160.000000 170.019196 1427.171997 343.355621 1420.586670 240.786575 1816.356812 413.691071 1771.375122
126.000000 273.274597 1331.328735 443.323975 1326.347046 390.532776 1622.442505 589.777893 1578.981689
84.000000 670.118042 1616.675293 670.545227 1446.659668 1187.697266 1906.593994 1183.537354 1656.663330
288.000000 409.830109 1186.654785 570.092834 1194.851929 579.762634 1365.847168 696.619141 1359.168335
258.000000 2242.677002 1043.312866 2243.496094 883.317078 1858.466919 1123.423218 1856.128052 996.738159
238.000000 716.693542 1144.865112 876.689148 1145.702515 1130.084961 1327.691650 1263.057129 1316.668335
187.000000 106.532738 724.490845 263.358154 729.167847 129.908356 563.669006 284.463348 605.860535
55.000000 1270.509399 423.255249 1274.841553 266.616180 1427.804077 613.314514 1423.008545 323.283600
114.000000 133.322159 1263.589478 290.010956 1263.020508 186.471146 1535.276123 403.533112 1504.754150
89.000000 3039.507568 840.010132 3036.424316 689.936523 2029.710449 1153.339111 2024.833862 910.036743
263.000000 1382.026245 586.560608 1393.914673 440.047180 1496.262207 595.919373 1558.871948 487.425415
1.000000 2770.306885 603.327698 2767.625244 456.649139 1931.776123 836.721497 1902.424927 3.130583
80.000000 2011.208008 723.178833 2029.728760 867.980408 1740.300171 769.964111 1770.391357 1021.547974
284.000000 1662.532593 25.762400 1806.801880 38.463959 1672.110474 71.517708 1764.136963 145.669373
154.000000 392.837097 616.304810 252.303101 592.835754 520.103394 456.211182 342.740906 415.942719
101.000000 2327.420898 1682.070801 2203.750488 1751.470215 2479.626953 1702.549927 2327.918457 1878.668945
186.000000 1686.653564 1102.381104 1826.672852 1100.452026 1649.792847 1194.473389 1809.313965 1179.404053
34.000000 1146.657104 1736.729126 1010.107849 1715.957886 1883.367554 1889.680908 1516.623047 1850.407715
150.000000 675.997314 1330.049072 678.517212 1193.367432 1173.487305 1526.666016 1172.752197 1339.989136
241.000000 300.058533 722.193359 436.536438 729.202393 437.703705 616.211121 564.878906 651.019958
210.000000 210.389725 849.690186 339.976562 863.552429 298.289703 812.571655 443.834656 844.372253
192.000000 59.990646 1332.526367 190.050446 1331.019043 93.126427 1671.922607 249.365509 1649.007324
209.000000 1070.673950 516.688110 1074.707397 389.831726 1301.478760 496.999329 1302.474365 346.660736
277.000000 1977.006470 560.034729 1978.204956 433.316345 1754.764404 673.341614 1755.460815 553.326355
149.000000 856.666687 1118.432739 730.000061 1118.428833 1096.708740 1235.417847 909.983643 1239.191895
99.000000 2192.806396 1729.065430 2300.837402 1668.151611 2305.854004 1865.618896 2462.795654 1692.534790
113.000000 2293.565186 1660.428833 2184.075928 1720.553223 2453.065186 1686.415649 2300.766846 1849.205078
61.000000 920.846497 773.373230 926.357727 656.494934 1201.797119 843.737793 1215.229980 562.627563
125.000000 1769.918579 3.516945 1876.677002 50.831165 1700.286011 3.175992 1798.907471 182.434921
119.000000 2180.316650 1703.917480 2282.532471 1648.522461 2291.841553 1835.218628 2441.294922 1681.256958
221.000000 2303.550781 1410.702026 2192.817383 1445.001099 2423.264404 1476.554932 2303.531494 1550.321655
226.000000 2316.610107 1383.126221 2205.767090 1413.369263 2438.911133 1447.102295 2319.084961 1518.463379
200.000000 1727.336792 496.774017 1730.286987 386.763763 1627.031616 436.113770 1649.964355 589.507019
268.000000 1185.602051 603.448425 1180.179321 710.347290 1310.936035 612.417847 1336.855713 733.292786
62.000000 740.051636 1104.752686 846.698364 1100.871826 1099.942139 1210.813232 1380.100586 1204.383545
