Keypoint Matches and Line Matches for pairs 1, 2 
1 corresponds to the image ./resources/Data/EntryP10/images/0001.png 
2 corresponds to the image ./resources/Data/EntryP10/images/0002.png 

12.000000 2113.741943 1760.009766 2287.124268 1767.745850
8.000000 2210.855713 1809.926392 2400.805176 1828.211182
5.000000 2177.208496 1799.526001 2357.091553 1823.173950
2.000000 2423.766602 1689.693848 2703.751953 1694.718384
3.000000 1270.787598 1768.228882 1277.301270 1768.874390
10.000000 1030.955078 1814.691650 1057.301270 1817.952637
11.000000 2137.127197 1771.903198 2306.959961 1789.582031
17.000000 1060.036011 1730.732056 1089.989136 1716.341064
14.000000 1070.650513 1782.042236 1100.424438 1780.228760
15.000000 2066.924072 1747.402588 2236.902344 1759.754395
31.000000 614.279236 953.376282 598.291016 873.418213
1072.000000 2587.799805 1206.557983 2921.000000 1133.000000
23.000000 2501.148926 303.223114 2812.931396 87.063057
25.000000 2013.602051 1721.240601 2173.470215 1727.088867
40.000000 108.073875 903.449829 55.960682 826.602295
20.000000 2483.592285 297.913605 2792.402832 84.129959
21.000000 2569.345459 1197.046997 2901.084473 1120.585327
34.000000 679.185730 946.773010 669.412720 860.134766
28.000000 838.816162 963.296509 845.373108 879.951782
26.000000 1963.609741 1676.771606 2110.151123 1674.250610
27.000000 1153.668823 1698.928955 1193.567627 1686.932251
466.000000 824.602173 156.706772 834.924316 3.402822
59.000000 799.321045 956.645203 801.406921 873.386292
32.000000 625.062500 946.742737 610.111877 863.339050
48.000000 1233.721802 160.001923 1293.497925 3.305305
49.000000 1230.088257 896.683533 1286.539307 789.998901
38.000000 2018.038574 326.779114 2216.267578 133.357224
39.000000 2059.677246 1053.160767 2265.924316 963.178284
44.000000 2202.895996 1073.586426 2441.506592 983.463440
45.000000 2155.221191 363.206635 2383.795166 173.300430
42.000000 2113.062988 340.017273 2332.480713 146.724365
43.000000 2158.425293 1050.100586 2387.524170 960.167542
46.000000 2403.759766 379.390411 2692.938477 192.438049
47.000000 2463.965576 1079.945679 2766.965820 986.638794
50.000000 2528.154297 1083.501343 2848.657959 993.467102
51.000000 2467.733398 419.902863 2771.884033 223.145569
57.000000 2601.550537 1089.851440 2941.619141 996.495789
54.000000 2661.220215 1090.208374 3018.469482 1000.167480
55.000000 2597.428711 443.258179 2936.037354 246.735519
53.000000 1960.106567 1692.271851 2103.424805 1693.017456
60.000000 766.776917 1839.024902 756.761963 1830.335571
64.000000 1903.391357 1029.146484 2046.787231 927.776611
65.000000 1366.484375 992.683472 1396.710449 892.526123
74.000000 2059.717529 516.684021 2266.984131 353.312927
75.000000 2092.326416 1046.728638 2305.555664 953.404724
68.000000 1376.519043 1005.604248 1403.346924 906.407349
69.000000 1903.343506 1039.844116 2043.509277 939.978760
62.000000 1376.624268 1017.326721 1406.708862 919.237915
66.000000 1903.472046 1051.173950 2046.826172 946.920898
70.000000 1893.270386 1057.684326 2029.979492 960.411011
71.000000 1370.083374 1025.318848 1400.053833 928.923828
152.000000 2084.488770 1049.929321 2296.880615 960.197021
348.000000 2052.706299 530.038330 2260.111572 363.327515
76.000000 1823.508057 1712.070435 1920.113037 1713.904907
77.000000 1306.627197 1728.778687 1319.999023 1723.272583
78.000000 1876.870361 911.042847 2006.733398 792.374878
79.000000 1376.971069 866.577515 1413.490234 751.079773
84.000000 694.723999 356.585388 690.546204 226.693665
85.000000 673.938538 853.358643 664.179321 760.041809
739.000000 1880.010498 1009.858276 2013.000000 909.000000
81.000000 1386.897217 973.536621 1420.126831 871.170410
97.000000 203.284271 1610.209961 148.714478 1576.833618
1301.000000 1840.381226 895.782349 2001.000000 780.000000
73.000000 1373.311768 853.571289 1410.034668 736.192139
88.000000 466.643097 1649.295776 430.047424 1618.944336
89.000000 930.014832 1633.777100 943.366394 1608.252808
163.000000 1378.921265 1136.650513 1416.387329 1053.333252
117.000000 453.350739 1650.573853 420.059113 1620.028687
92.000000 921.839111 1166.727295 936.946289 1096.792603
93.000000 916.838440 1593.374390 928.482605 1563.426758
139.000000 549.927795 1088.349365 526.620300 1014.430420
94.000000 1192.043091 539.624939 1234.503052 410.029205
95.000000 1172.545166 953.296204 1223.183472 863.329590
110.000000 1240.306641 556.667236 1299.596436 423.348969
111.000000 1241.040405 160.001923 1301.838379 3.325354
100.000000 516.576416 1579.519165 486.635040 1544.307861
101.000000 903.263123 1570.367432 913.314392 1538.587280
104.000000 916.768372 1134.500610 930.024353 1062.714478
105.000000 533.185181 1116.488770 506.429230 1046.027222
106.000000 519.984802 1511.951660 489.993103 1471.598145
107.000000 903.345093 1507.735107 913.346252 1469.916748
232.000000 2507.166016 271.066833 2816.937500 51.795418
112.000000 526.649475 1379.696899 496.670380 1329.424561
113.000000 906.675049 1381.853760 916.652832 1332.137695
108.000000 523.325012 1446.096924 493.331299 1400.501587
109.000000 903.337463 1445.288574 916.671204 1402.207520
114.000000 536.660156 1106.798828 513.241577 1035.552368
115.000000 913.396973 1125.376465 930.022583 1052.787231
118.000000 529.986023 1314.150024 503.299377 1258.696289
119.000000 906.656677 1320.585449 920.016724 1265.665283
122.000000 906.843506 1116.401245 920.148193 1043.059448
123.000000 540.079834 1098.375732 516.674255 1026.481689
128.000000 540.012573 1249.515625 516.610657 1189.041992
129.000000 903.447388 1258.928589 913.292603 1198.394287
120.000000 1628.200684 1643.383057 1746.963867 1630.505737
121.000000 1624.679810 1280.019287 1741.049927 1223.368164
98.000000 1816.783081 1078.194458 1936.825317 983.371277
99.000000 1456.776123 1054.970337 1503.373535 962.498291
124.000000 543.389160 1185.016602 519.911377 1119.744263
125.000000 903.315552 1197.192383 916.728943 1131.170532
136.000000 2029.178955 1566.879028 2228.291260 1546.943726
142.000000 1123.558228 1240.001587 1167.350708 1176.676270
143.000000 1121.049194 1590.007568 1161.983154 1559.981079
91.000000 2369.814453 1672.779053 2656.570312 1673.457642
140.000000 1755.273560 623.525635 1899.465698 480.151001
141.000000 1741.295166 279.947296 1884.491211 96.621460
134.000000 2258.797363 1223.161377 2510.242188 1153.018433
135.000000 2285.957275 1559.788330 2544.603027 1543.221558
684.000000 1140.981201 913.328491 1181.000000 817.000000
393.000000 1139.309448 576.653564 1179.645264 446.807098
148.000000 1514.489746 1636.636719 1615.208496 1616.782227
149.000000 1505.930298 1306.685791 1606.366455 1250.007202
164.000000 231.963257 883.482849 187.176559 800.043152
165.000000 256.582001 560.247437 216.173264 457.188782
146.000000 2438.002441 1556.821533 2735.194580 1536.792236
147.000000 2413.176270 1236.678833 2703.912598 1169.950562
168.000000 506.764099 1613.143677 476.744995 1580.381226
169.000000 189.988449 1622.960815 139.946915 1587.482178
358.000000 1404.487915 376.647949 1487.536011 229.994003
144.000000 2223.750977 696.639648 2468.873291 553.406799
437.000000 2244.029785 1010.170532 2496.671631 903.264893
150.000000 2009.987671 1563.523682 2204.660156 1543.635864
151.000000 1992.143555 1249.878052 2184.244873 1183.281738
154.000000 1998.503906 980.071411 2192.061768 880.063354
155.000000 1983.546997 666.815613 2174.139404 520.291931
172.000000 191.361877 1613.429932 136.910675 1580.019775
173.000000 213.369293 1303.335938 163.989883 1246.719971
170.000000 503.386749 1641.591431 473.358398 1611.179688
171.000000 193.288574 1651.999634 136.631317 1618.336792
211.000000 1799.553345 466.681671 1952.858032 303.349152
345.000000 519.823242 491.722900 499.779144 375.392731
182.000000 500.022308 1606.505493 468.920898 1573.273560
183.000000 514.946228 1299.916260 487.197601 1243.178223
297.000000 1597.951538 416.719452 1717.586304 256.627930
158.000000 1982.461670 1266.550049 2173.442383 1199.994629
159.000000 1996.685669 1566.665771 2190.556152 1546.639160
190.000000 268.861969 556.576965 228.073349 456.501801
191.000000 245.442703 853.762268 201.212753 770.389038
180.000000 2188.609131 232.925568 2428.701172 30.091139
181.000000 2211.580566 530.135437 2451.855957 360.103638
174.000000 2394.798340 1010.147583 2682.350586 906.765137
175.000000 2371.383545 713.750671 2649.218018 576.077087
234.000000 1806.363281 453.344910 1960.608643 289.976990
299.000000 296.824158 1072.708252 256.724640 1001.335022
184.000000 916.436707 933.326660 931.996643 843.398499
185.000000 924.973511 639.950745 942.549988 520.083252
178.000000 1982.905518 976.696899 2173.225342 876.674622
179.000000 1962.413940 686.731628 2149.279297 545.071106
194.000000 536.760559 872.164551 513.526855 783.556030
195.000000 250.069519 849.134521 203.276077 764.253662
381.000000 694.941589 350.075409 690.841187 216.710815
307.000000 1580.262939 413.323517 1692.361328 253.355515
166.000000 249.974701 566.664673 208.955872 463.243835
196.000000 209.869629 1639.086304 153.228531 1604.735229
197.000000 493.549591 1630.378418 463.437378 1598.559937
204.000000 906.480286 1596.662476 916.392151 1566.658691
205.000000 912.798828 1313.321411 925.318909 1259.960815
374.000000 2407.917236 1556.568359 2698.263672 1536.810913
160.000000 2016.613647 1601.587646 2209.994385 1586.332642
161.000000 2296.658936 1593.075439 2556.674805 1580.489014
418.000000 933.444275 343.336182 953.467590 203.337799
208.000000 253.248001 861.099365 206.674377 776.540283
209.000000 530.057983 882.586182 510.099121 795.041016
214.000000 513.277283 1171.843018 486.563660 1106.821045
215.000000 236.562515 1163.422852 189.860458 1098.057495
403.000000 927.928772 346.696564 948.083435 206.612076
186.000000 2630.595459 329.936859 2978.293213 113.140610
187.000000 2659.592041 603.376587 3015.848389 430.096954
198.000000 2216.963867 523.312988 2458.582764 350.103882
199.000000 2198.218262 249.893616 2436.100586 43.374832
218.000000 569.924927 250.446701 553.825562 116.140488
219.000000 299.716553 205.019226 263.029175 79.051361
220.000000 537.510071 866.707642 514.772156 776.553101
221.000000 550.791565 593.209900 532.166016 486.396881
192.000000 2377.300049 1006.902710 2658.522217 903.779968
193.000000 2353.645508 736.347961 2629.425537 590.362793
222.000000 934.720459 636.598755 953.241699 523.198425
223.000000 925.288574 906.851257 941.803650 813.535706
639.000000 552.097717 472.676605 530.000000 346.000000
277.000000 286.115448 437.501404 249.704834 326.078522
246.000000 240.619781 1613.157593 195.218658 1576.560547
247.000000 257.867889 1346.744385 215.951996 1293.525146
399.000000 1967.625732 979.955017 2156.247559 880.021545
310.000000 1566.358887 413.339783 1679.161743 253.348541
256.000000 299.836212 214.299301 266.283203 89.658966
257.000000 560.262268 258.453186 546.382263 125.552704
264.000000 563.262573 267.084534 546.938110 134.552307
265.000000 303.375397 223.084961 270.126648 99.013535
262.000000 246.650970 1170.428833 199.928772 1105.579102
263.000000 506.790588 1179.946655 480.069855 1114.464600
254.000000 1167.410400 926.673889 1214.403320 833.347778
255.000000 1169.936035 666.666016 1218.220947 549.976013
216.000000 2343.057617 540.318787 2615.405518 367.101257
217.000000 2320.356934 283.301819 2587.639404 73.556633
268.000000 475.223236 1349.921143 447.460754 1296.510376
269.000000 461.201752 1606.732300 430.415192 1573.358887
228.000000 1163.232666 1595.524414 1206.603394 1568.837646
229.000000 906.620789 1601.293335 916.613892 1572.915161
252.000000 1163.382080 1621.698608 1203.357666 1598.129517
253.000000 909.970398 1628.968018 919.991882 1602.843872
245.000000 1786.247559 629.643860 1937.369385 489.488159
258.000000 1928.229614 223.414520 2109.987061 26.667267
259.000000 1939.691162 473.347504 2122.963135 306.683807
278.000000 290.270569 444.724854 253.267380 333.946014
279.000000 536.795471 479.075470 520.426270 362.706818
315.000000 1397.288818 403.327454 1480.424561 246.662994
248.000000 2354.728760 510.134735 2630.576416 336.623199
249.000000 2337.811035 266.818878 2609.240479 53.641930
127.000000 1747.251709 619.977356 1890.761353 479.970795
36.000000 789.911804 946.664429 790.408203 860.016968
288.000000 1811.743286 650.047302 1968.971313 509.954529
244.000000 1818.885254 890.132324 1973.714355 772.972778
282.000000 1163.705322 922.375122 1210.185791 827.252258
283.000000 926.795837 901.842712 943.386780 809.209351
446.000000 240.069687 1105.226929 193.341705 1036.483276
326.000000 1391.258545 396.681641 1473.377197 243.333313
224.000000 2253.334961 1196.632812 2503.457275 1123.385132
225.000000 2020.029419 1186.020020 2213.367676 1112.424805
189.000000 909.885559 936.662903 925.488342 846.626770
238.000000 2039.965332 1548.444580 2243.323486 1525.820068
239.000000 2273.331299 1543.244141 2529.989746 1522.461670
242.000000 2036.656860 1495.926270 2239.997070 1465.533813
243.000000 2269.993652 1492.850708 2526.661621 1464.781616
230.000000 2033.324829 1444.346436 2233.333740 1406.559692
231.000000 2266.667236 1443.491211 2523.341553 1407.540283
286.000000 929.656616 917.745911 946.315979 825.857544
287.000000 1160.334839 935.697144 1210.299561 841.662842
280.000000 2311.613037 303.205078 2578.096436 96.827995
281.000000 2329.912842 533.340271 2600.702148 363.556335
250.000000 2019.920532 1178.390015 2216.652588 1103.691895
251.000000 2250.046143 1189.001709 2500.073730 1114.784912
289.000000 920.025879 1617.658936 930.037476 1590.057617
290.000000 1150.130127 1611.660156 1193.412354 1587.144897
295.000000 1170.182861 352.296631 1217.440308 200.771545
296.000000 943.511719 312.321777 963.235718 167.410706
236.000000 2029.971680 1341.628174 2226.666504 1290.006104
237.000000 2260.018066 1345.622437 2513.366211 1294.620361
240.000000 2033.319336 1392.679565 2230.008545 1348.343994
241.000000 2263.347900 1393.876343 2516.684814 1349.837646
311.000000 1158.359375 1543.323364 1201.319092 1510.016602
312.000000 1159.760742 1313.331909 1204.458618 1259.972290
301.000000 1156.396606 1196.183594 1199.790039 1128.809448
302.000000 929.870911 1186.288696 946.573303 1119.103027
343.000000 1278.489136 653.334045 1343.036133 529.998901
344.000000 1278.595459 880.000671 1342.156250 763.341492
305.000000 945.575256 327.491852 966.000183 182.802231
306.000000 1167.184937 359.775848 1217.021240 210.068695
335.000000 507.140472 636.533203 488.293549 533.235718
336.000000 496.703064 860.157288 474.946075 766.568237
212.000000 1700.134399 1649.084229 1816.813477 1637.671021
213.000000 1476.750366 1661.504517 1520.035522 1647.716553
321.000000 486.712097 1191.949829 459.967255 1127.837646
322.000000 263.291260 1184.615112 219.968552 1121.124268
270.000000 2250.060791 1182.338257 2500.106689 1107.386475
271.000000 2026.950806 1168.688965 2226.548828 1096.220459
339.000000 290.050964 833.336304 253.775269 746.696533
340.000000 302.985535 613.312866 269.537384 513.527405
201.000000 1936.762207 206.660568 2118.249268 3.224518
527.000000 223.362625 1092.735352 176.674500 1023.136902
323.000000 1600.117920 199.997101 1717.612549 19.976139
324.000000 1605.528564 420.027985 1723.666992 259.991577
477.000000 947.497620 1353.349731 973.298889 1299.377808
319.000000 933.307739 1193.876709 949.979858 1127.158447
320.000000 1150.121460 1204.086914 1190.123413 1136.982178
274.000000 2029.991333 1240.263794 2226.734375 1174.300049
275.000000 2246.751709 1247.425049 2500.034668 1182.124878
272.000000 2033.302856 1291.358032 2230.018066 1232.479614
273.000000 2250.009766 1296.228271 2503.370361 1238.244995
346.000000 306.138092 460.439240 269.567108 350.703094
331.000000 873.583618 1013.762756 883.683228 932.045654
332.000000 660.112122 995.365662 649.923401 914.344788
355.000000 469.916382 884.466003 439.935150 797.831604
356.000000 256.760254 868.732300 213.228729 785.212585
566.000000 213.518417 1082.885864 166.818207 1013.154419
284.000000 2024.166626 1336.615601 2222.284424 1283.399048
317.000000 1994.852905 769.918884 2187.586670 639.949890
318.000000 2006.070435 980.031860 2200.664307 879.963806
226.000000 1479.856567 1669.677856 1523.263794 1657.734985
227.000000 1689.925537 1661.435303 1813.194946 1648.828491
365.000000 270.150238 1198.222412 226.761215 1136.934082
366.000000 480.262634 1204.398804 450.045807 1140.232910
376.000000 1288.319824 880.000305 1352.714111 763.349670
377.000000 1288.357422 669.999695 1354.017944 546.670776
329.000000 1156.630493 556.922607 1203.358887 426.431122
330.000000 949.858765 527.664795 969.884827 401.059692
363.000000 1129.109619 706.660400 1175.818848 593.320557
364.000000 1127.655640 913.340271 1172.445557 816.653259
351.000000 949.892822 534.086060 973.181396 408.057678
352.000000 1153.371338 563.066589 1200.054199 432.836761
291.000000 2396.593750 1591.292603 2679.988525 1579.467407
292.000000 2600.024658 1584.021851 2940.011719 1573.874756
371.000000 469.975098 1344.994629 443.267426 1292.918457
372.000000 266.637482 1341.946777 223.304337 1287.950195
386.000000 314.629822 477.229279 280.359131 369.665649
387.000000 514.970215 504.751526 490.304535 390.223297
353.000000 1965.726196 276.717316 2153.303467 83.335007
354.000000 1976.493042 476.676025 2165.958008 310.039551
382.000000 1083.411011 1631.155518 1116.695190 1607.184937
383.000000 1283.179932 1617.718750 1329.933716 1595.461060
378.000000 502.992859 632.985535 486.359894 530.023499
379.000000 306.224365 610.545044 272.980865 510.523407
333.000000 2385.664307 813.416992 2668.697021 676.786072
334.000000 2402.078857 1010.104675 2690.063721 909.994141
396.000000 482.895020 327.989227 459.072632 203.503159
397.000000 289.454376 335.048492 252.258255 218.073151
564.000000 1370.670776 1033.510498 1405.008545 939.863403
534.000000 1300.011230 1726.431396 1313.408813 1719.062500
535.000000 1109.649292 1717.363647 1142.637085 1705.316650
473.000000 1136.083862 339.993500 1185.196655 189.988678
313.000000 2016.939087 1693.894409 2170.124023 1695.853027
314.000000 1829.789185 1706.987427 1926.560547 1707.843262
538.000000 1044.244385 320.017914 1081.791260 173.371979
531.000000 1062.010254 323.319519 1101.040283 176.623978
414.000000 850.079468 979.071716 856.838318 894.271362
415.000000 666.663391 963.371399 656.671814 879.928406
400.000000 1129.980957 1213.761841 1173.266479 1148.346191
401.000000 949.891602 1205.778564 966.529175 1140.122559
491.000000 1357.844727 676.652222 1431.173584 549.990173
586.000000 972.711182 306.659058 999.351624 163.393219
406.000000 1451.072266 1299.993774 1527.766602 1243.330078
407.000000 1452.118652 1480.007080 1528.370605 1446.661621
412.000000 1139.622070 572.755432 1186.186523 444.603394
413.000000 963.075928 548.543701 986.275208 423.753235
1423.000000 545.655518 179.952759 532.000000 44.000000
506.000000 1127.922607 333.342743 1175.390625 183.309402
507.000000 1129.246704 156.661026 1178.766357 3.310197
442.000000 1328.363892 360.006866 1401.356201 203.334793
443.000000 1327.622070 183.329315 1401.213257 9.999103
494.000000 1240.504517 893.334167 1297.982178 783.337219
495.000000 1240.792236 716.667969 1298.522705 599.995667
460.000000 680.386780 975.545105 673.369019 892.831726
461.000000 853.859497 990.605896 860.511230 906.148621
394.000000 1973.663330 484.557037 2163.178955 317.982117
395.000000 1803.143188 457.882324 1956.619995 293.731140
424.000000 1123.337158 423.650909 1166.690063 280.357544
425.000000 953.158875 425.731934 968.907288 293.295013
341.000000 2623.209473 1734.101929 2970.005859 1750.209717
342.000000 2453.284180 1742.315430 2736.668213 1756.723877
349.000000 2616.554932 1674.609009 2963.225098 1680.252319
350.000000 2446.693359 1683.823730 2733.274658 1688.329712
385.000000 960.907776 690.017883 985.310486 579.968201
510.000000 204.738724 1290.087646 154.876953 1233.440918
511.000000 215.133713 1123.445679 167.194092 1056.703369
361.000000 2349.177734 353.393158 2622.890869 150.307861
426.000000 1806.683228 466.555359 1960.015015 303.197540
427.000000 1969.870972 490.866180 2156.853027 324.982513
480.000000 2299.902344 833.096497 2564.391602 709.648071
481.000000 2311.883057 996.772827 2579.116943 893.404114
484.000000 1874.774536 296.594910 2045.655518 113.213272
485.000000 1882.910034 460.021057 2055.144531 296.745361
528.000000 1713.399414 716.664368 1849.958496 590.001465
529.000000 1719.017944 880.033752 1856.089844 763.353760
450.000000 949.935608 1584.028564 966.625854 1553.552979
451.000000 1113.334351 1580.041138 1156.680542 1551.060791
488.000000 1869.712036 459.855011 2038.879639 293.381958
489.000000 1861.945679 296.732727 2030.926147 110.104462
434.000000 1976.386108 668.848999 2166.387939 526.291443
435.000000 1816.457764 648.291382 1973.199707 508.085052
514.000000 653.318054 1003.572998 640.002930 923.275208
515.000000 813.516663 1013.792725 816.893066 932.157166
438.000000 2351.500977 840.110291 2628.447998 713.435608
439.000000 2361.131104 1000.132507 2641.191406 906.807800
367.000000 2446.534180 1667.614502 2729.842041 1669.020630
368.000000 2606.595947 1658.726685 2950.034912 1660.952515
454.000000 956.606812 1218.286011 970.143494 1154.606689
455.000000 1116.757690 1224.204102 1160.097656 1159.661255
500.000000 1123.057129 702.490784 1169.611572 587.914185
501.000000 966.102844 685.083801 989.493347 572.642029
420.000000 2443.365723 1584.441772 2743.315186 1572.296265
421.000000 2286.637695 1589.008301 2543.318359 1575.817871
410.000000 2443.380859 1562.157715 2743.320312 1545.884399
411.000000 2286.643555 1565.616455 2540.042969 1549.253296
542.000000 1655.705811 713.360168 1779.591187 583.344116
543.000000 1660.082031 869.997681 1784.083740 753.313477
985.000000 1376.572021 673.334229 1463.000000 535.000000
544.000000 1486.529541 376.669373 1586.691772 213.332855
545.000000 1483.427246 220.064163 1583.480591 43.393539
641.000000 295.000000 417.000000 259.000000 305.000000
601.000000 563.000000 406.000000 547.000000 284.000000
1000.000000 941.000000 458.000000 962.000000 326.000000
668.000000 551.000000 280.000000 535.000000 149.000000
648.000000 513.000000 301.000000 493.000000 173.000000
998.000000 1261.000000 661.000000 1322.000000 538.000000
610.000000 489.000000 397.000000 467.000000 277.000000
660.000000 371.000000 345.000000 339.000000 225.000000
614.000000 503.000000 460.000000 481.000000 343.000000
1168.000000 2368.000000 1454.000000 2649.000000 1420.000000
1179.000000 2287.000000 1410.000000 2547.000000 1370.000000
1105.000000 358.000000 336.000000 327.000000 216.000000
605.000000 916.000000 1620.000000 927.000000 1593.000000
696.000000 1065.000000 1416.000000 1102.000000 1371.000000
611.000000 1945.000000 1528.000000 2129.000000 1502.000000
662.000000 2313.000000 1499.000000 2581.000000 1472.000000
676.000000 968.000000 380.000000 992.000000 240.000000
1356.000000 1955.000000 1456.000000 2141.000000 1419.000000
728.000000 470.000000 434.000000 446.000000 317.000000
775.000000 1823.000000 612.000000 1982.000000 467.000000
647.000000 1169.000000 491.000000 1219.000000 353.000000
598.000000 1343.000000 402.000000 1415.000000 248.000000
890.000000 1058.000000 1437.000000 1092.000000 1393.000000
655.000000 262.000000 910.000000 219.000000 829.000000
750.000000 1952.000000 535.000000 2136.000000 376.000000
633.000000 283.000000 405.000000 246.000000 292.000000
701.000000 969.000000 470.000000 994.000000 338.000000
970.000000 1974.000000 627.000000 2164.000000 479.000000
1163.000000 2233.000000 578.000000 2480.000000 415.000000
628.000000 2235.000000 667.000000 2482.000000 516.000000
1123.000000 938.000000 476.000000 959.000000 346.000000
672.000000 1834.000000 929.000000 1959.000000 815.000000
621.000000 398.000000 1535.000000 365.000000 1496.000000
1392.000000 502.000000 938.000000 476.000000 854.000000
632.000000 1522.000000 455.000000 1625.000000 301.000000
699.000000 518.000000 927.000000 494.000000 843.000000
852.000000 957.000000 482.000000 980.000000 352.000000
738.000000 331.000000 419.000000 296.000000 306.000000
918.000000 555.000000 588.000000 537.000000 479.000000
786.000000 345.000000 284.000000 313.000000 162.000000
694.000000 2395.000000 346.000000 2682.000000 143.000000
708.000000 1123.000000 545.000000 1165.000000 414.000000
765.000000 223.000000 1054.000000 176.000000 982.000000
1102.000000 1838.000000 1091.000000 1963.000000 999.000000
772.000000 1861.000000 830.000000 2028.000000 712.000000
980.000000 505.000000 819.000000 480.000000 727.000000
764.000000 492.000000 915.000000 465.000000 831.000000
731.000000 1019.000000 953.000000 1047.000000 863.000000
712.000000 913.000000 1089.000000 927.000000 1013.000000
1444.000000 2005.000000 1228.000000 2199.000000 1161.000000
1291.000000 2656.000000 1724.000000 2999.000000 1741.000000
900.000000 373.000000 954.000000 336.000000 874.000000
969.000000 1436.000000 447.000000 1523.000000 295.000000
623.000000 396.000000 382.000000 367.000000 264.000000
1152.000000 519.000000 1128.000000 493.000000 1059.000000
1429.000000 1901.000000 384.000000 2078.000000 209.000000
674.000000 308.000000 390.000000 272.000000 276.000000
1232.000000 1550.000000 708.000000 1659.000000 584.000000
724.000000 1824.000000 991.000000 1946.000000 886.000000
615.000000 248.000000 868.000000 205.000000 785.000000
627.000000 482.000000 389.000000 460.000000 268.000000
916.000000 2294.000000 1499.000000 2555.000000 1472.000000
730.000000 1352.000000 466.000000 1426.000000 319.000000
742.000000 2294.000000 454.000000 2556.000000 272.000000
640.000000 995.000000 469.000000 1023.000000 336.000000
1388.000000 658.000000 972.000000 645.000000 889.000000
650.000000 990.000000 483.000000 1016.000000 351.000000
768.000000 1536.000000 402.000000 1639.000000 242.000000
1140.000000 1848.000000 931.000000 1976.000000 817.000000
956.000000 1646.000000 586.000000 1770.000000 443.000000
609.000000 942.000000 496.000000 963.000000 367.000000
643.000000 550.000000 304.000000 533.000000 174.000000
754.000000 1692.000000 458.000000 1825.000000 298.000000
977.000000 1464.000000 962.000000 1515.000000 858.000000
919.000000 301.000000 1119.000000 259.000000 1051.000000
763.000000 2306.000000 1410.000000 2572.000000 1370.000000
814.000000 1328.000000 435.000000 1398.000000 286.000000
1035.000000 335.000000 1143.000000 295.000000 1076.000000
1436.000000 401.000000 406.000000 372.000000 289.000000
947.000000 2433.000000 1731.000000 2714.000000 1745.000000
1518.000000 1840.000000 413.000000 2004.000000 244.000000
944.000000 1656.000000 208.000000 1784.000000 21.000000
867.000000 2162.000000 353.000000 2392.000000 161.000000
86.000000 1446.000000 861.000000 1490.469482 747.225891
1037.000000 2310.000000 1455.000000 2576.000000 1421.000000
961.000000 2371.000000 1497.000000 2654.000000 1471.000000
1016.000000 1926.000000 1036.000000 2076.000000 937.000000
680.000000 951.000000 508.000000 972.000000 380.000000
766.000000 1752.000000 205.000000 1898.000000 13.000000
709.000000 2366.000000 579.000000 2645.000000 412.000000
1207.000000 353.000000 1360.000000 317.000000 1319.000000
753.000000 524.000000 417.000000 504.000000 297.000000
1088.000000 245.000000 538.000000 204.000000 434.000000
1118.000000 938.000000 545.000000 958.000000 420.000000
661.000000 1174.000000 388.000000 1225.000000 240.000000
608.000000 1972.000000 641.000000 2161.000000 495.000000
1235.000000 2224.000000 480.000000 2469.000000 304.000000
1127.000000 1546.000000 963.000000 1610.000000 858.000000
1106.000000 2639.000000 340.000000 2989.000000 125.000000
1296.000000 2003.000000 1047.000000 2197.000000 955.000000
1081.000000 528.000000 1147.000000 502.000000 1079.000000
631.000000 2072.000000 230.000000 2282.000000 27.000000
1333.000000 2248.000000 1061.000000 2498.000000 968.000000
557.000000 1500.000000 375.000000 1603.655518 213.379715
1188.000000 2670.000000 721.000000 3025.000000 553.000000
989.000000 1664.000000 924.000000 1748.000000 810.000000
864.000000 346.000000 391.000000 313.000000 275.000000
1541.000000 1869.000000 1200.000000 2002.000000 1133.000000
804.000000 1848.000000 705.000000 2015.000000 573.000000
1242.000000 1807.000000 487.000000 1963.000000 327.000000
747.000000 1340.000000 424.000000 1414.000000 273.000000
597.000000 1249.000000 646.000000 1309.000000 521.000000
913.000000 531.000000 1108.000000 506.000000 1037.000000
946.000000 388.000000 443.000000 357.000000 330.000000
860.000000 544.000000 1086.000000 520.000000 1013.000000
899.000000 2020.000000 1527.000000 2218.000000 1503.000000
809.000000 2298.000000 1309.000000 2562.000000 1253.000000
904.000000 1162.000000 957.000000 1208.000000 865.000000
1321.000000 2344.000000 597.000000 2617.000000 433.000000
1111.000000 2228.000000 517.000000 2474.000000 348.000000
1103.000000 1524.000000 865.000000 1591.000000 746.000000
835.000000 1825.000000 514.000000 1983.000000 356.000000
637.000000 2206.000000 552.000000 2447.000000 386.000000
921.000000 222.000000 1135.000000 174.000000 1068.000000
831.000000 923.000000 1112.000000 938.000000 1039.000000
934.000000 1034.000000 1873.000000 978.000000 1882.000000
622.000000 1452.000000 715.000000 1547.000000 593.000000
1221.000000 1831.000000 237.000000 1994.000000 47.000000
966.000000 1822.000000 925.000000 1944.000000 810.000000
1053.000000 2300.000000 530.000000 2564.000000 359.000000
1180.000000 1137.000000 983.000000 1180.000000 894.000000
1087.000000 519.000000 902.000000 496.000000 815.000000
1311.000000 963.000000 562.000000 988.000000 439.000000
1413.000000 1868.000000 707.000000 2041.000000 574.000000
1520.000000 2623.000000 1672.000000 2969.000000 1677.000000
797.000000 377.000000 1535.000000 342.000000 1496.000000
518.000000 2407.000000 1242.000000 2696.634033 1174.645752
1150.000000 1953.000000 1408.000000 2138.000000 1366.000000
1238.000000 2292.000000 575.000000 2553.000000 410.000000
1367.000000 1334.000000 523.000000 1408.000000 383.000000
1116.000000 1340.000000 389.000000 1411.000000 234.000000
1227.000000 1679.000000 438.000000 1809.000000 276.000000
1279.000000 847.000000 649.000000 857.000000 537.000000
1237.000000 322.000000 1144.000000 280.000000 1077.000000
1192.000000 1083.000000 608.000000 1127.000000 487.000000
955.000000 1226.000000 575.000000 1283.000000 444.000000
1264.000000 1926.000000 837.000000 2107.000000 719.000000
1028.000000 1930.000000 924.000000 2112.000000 817.000000
638.000000 957.000000 368.000000 980.000000 227.000000
1277.000000 878.000000 1247.000000 887.000000 1186.000000
723.000000 1099.000000 1262.000000 1100.000000 1204.000000
636.000000 1646.000000 681.000000 1769.000000 549.000000
67.000000 1372.000000 1008.000000 1400.168457 913.414551
1493.000000 2294.000000 1266.000000 2558.000000 1204.000000
909.000000 526.000000 293.000000 508.000000 164.000000
519.000000 2266.000000 1238.000000 2519.910889 1170.242920
1374.000000 2329.000000 1097.000000 2599.000000 1009.000000
1305.000000 1476.000000 479.000000 1570.000000 328.000000
911.000000 2504.000000 316.000000 2817.000000 104.000000
999.000000 2356.000000 1309.000000 2634.000000 1254.000000
711.000000 567.000000 597.000000 550.000000 488.000000
868.000000 1925.000000 714.000000 2111.000000 582.000000
1316.000000 233.000000 1080.000000 187.000000 1010.000000
691.000000 1023.000000 531.000000 1054.000000 402.000000
1259.000000 1670.000000 240.000000 1801.000000 57.000000
1386.000000 2245.000000 521.000000 2495.000000 350.000000
1338.000000 2313.000000 743.000000 2581.000000 602.000000
1410.000000 1420.000000 892.000000 1461.000000 779.000000
710.000000 560.000000 289.000000 544.000000 158.000000
975.000000 1154.000000 399.000000 1201.000000 254.000000
991.000000 2317.000000 782.000000 2585.000000 648.000000
675.000000 974.000000 348.000000 999.000000 205.000000
993.000000 2602.000000 433.000000 2942.000000 235.000000
1446.000000 1967.000000 516.000000 2155.000000 354.000000
1054.000000 276.000000 457.000000 237.000000 347.000000
630.000000 1820.000000 449.000000 1979.000000 286.000000
707.000000 492.000000 417.000000 470.000000 298.000000
735.000000 2276.000000 1266.000000 2534.000000 1204.000000
1059.000000 523.000000 1093.000000 497.000000 1021.000000
1201.000000 1526.000000 965.000000 1632.000000 861.000000
1220.000000 974.000000 1136.000000 996.000000 1064.000000
607.000000 1029.000000 371.000000 1061.000000 228.000000
893.000000 1525.000000 896.000000 1586.000000 776.000000
1250.000000 1801.000000 990.000000 1918.000000 885.000000
885.000000 574.000000 291.000000 559.000000 160.000000
984.000000 1137.000000 491.000000 1182.000000 355.000000
800.000000 1401.000000 890.000000 1440.000000 778.000000
744.000000 296.000000 1105.000000 254.000000 1036.000000
896.000000 959.000000 933.000000 980.000000 842.000000
1039.000000 2271.000000 911.000000 2529.000000 796.000000
1223.000000 1686.000000 449.000000 1817.000000 288.000000
678.000000 1163.000000 947.000000 1210.000000 855.000000
1320.000000 463.000000 369.000000 439.000000 247.000000
716.000000 906.000000 1147.000000 919.000000 1076.000000
960.000000 1316.000000 384.000000 1385.000000 230.000000
645.000000 1465.000000 1628.000000 1507.000000 1612.000000
721.000000 2240.000000 716.000000 2488.000000 573.000000
1523.000000 558.000000 316.000000 542.000000 187.000000
826.000000 2603.000000 1406.000000 2945.000000 1366.000000
1403.000000 334.000000 258.000000 301.000000 135.000000
870.000000 2274.000000 952.000000 2532.000000 843.000000
906.000000 1138.000000 407.000000 1184.000000 262.000000
1471.000000 2593.000000 1036.000000 2932.000000 936.000000
1426.000000 1957.000000 1504.000000 2144.000000 1474.000000
1052.000000 1254.000000 971.000000 1298.000000 877.000000
1267.000000 926.000000 938.000000 944.000000 848.000000
812.000000 2414.000000 1170.000000 2706.000000 1092.000000
830.000000 1847.000000 690.000000 2014.000000 555.000000
928.000000 1947.000000 1300.000000 2132.000000 1243.000000
600.000000 2010.000000 1167.000000 2206.000000 1091.000000
783.000000 385.000000 1559.000000 351.000000 1521.000000
1225.000000 2567.000000 1158.000000 2898.000000 1077.000000
777.000000 1603.000000 888.000000 1677.000000 771.000000
613.000000 1864.000000 899.000000 2016.000000 781.000000
907.000000 1293.000000 577.000000 1355.000000 443.000000
1013.000000 979.000000 1147.000000 1000.000000 1077.000000
1495.000000 2128.000000 265.000000 2351.000000 62.000000
1314.000000 325.000000 376.000000 290.000000 260.000000
1382.000000 2350.000000 1172.000000 2625.000000 1095.000000
802.000000 1691.000000 472.000000 1825.000000 314.000000
1457.000000 939.000000 445.000000 960.000000 311.000000
1211.000000 1387.000000 643.000000 1467.000000 514.000000
706.000000 261.000000 880.000000 219.000000 798.000000
1033.000000 349.000000 1122.000000 310.000000 1053.000000
720.000000 494.000000 927.000000 468.000000 843.000000
816.000000 393.000000 1583.000000 359.000000 1546.000000
997.000000 1528.000000 358.000000 1635.000000 195.000000
789.000000 959.000000 948.000000 980.000000 858.000000
1344.000000 2409.000000 1186.000000 2692.000000 1126.000000
1437.000000 2278.000000 1056.000000 2524.000000 950.000000
1377.000000 276.000000 922.000000 234.000000 841.000000
795.000000 481.000000 927.000000 454.000000 844.000000
167.000000 227.000000 887.000000 179.808868 803.316956
652.000000 530.000000 311.000000 512.000000 183.000000
1178.000000 2218.000000 404.000000 2462.000000 217.000000
1231.000000 1459.000000 630.000000 1551.000000 498.000000
1161.000000 2241.000000 482.000000 2492.000000 307.000000
1173.000000 1511.000000 407.000000 1610.000000 246.000000
560.000000 2208.000000 257.000000 2440.258545 38.280254
603.000000 2271.000000 652.000000 2527.000000 498.000000
536.000000 2365.000000 720.000000 2646.151855 574.371521
1427.000000 1387.000000 1648.000000 1413.000000 1632.000000
931.000000 1397.000000 585.000000 1473.000000 447.000000
914.000000 2243.000000 684.000000 2492.000000 536.000000
995.000000 1024.000000 926.000000 1053.000000 834.000000
815.000000 1658.000000 514.000000 1785.000000 362.000000
705.000000 1378.000000 511.000000 1457.000000 369.000000
990.000000 1610.000000 906.000000 1763.000000 798.000000
878.000000 1545.000000 905.000000 1654.000000 793.000000
845.000000 971.000000 961.000000 993.000000 873.000000
1107.000000 335.000000 245.000000 302.000000 121.000000
888.000000 1150.000000 972.000000 1195.000000 882.000000
1171.000000 1331.000000 647.000000 1402.000000 520.000000
1085.000000 1448.000000 532.000000 1539.000000 378.000000
922.000000 1883.000000 1183.000000 2052.000000 1110.000000
933.000000 343.000000 263.000000 311.000000 140.000000
1282.000000 2283.000000 329.000000 2543.000000 129.000000
1166.000000 2688.000000 777.000000 3052.000000 632.000000
987.000000 2241.000000 734.000000 2491.000000 594.000000
1280.000000 2691.000000 1753.000000 3042.000000 1776.000000
690.000000 470.000000 304.000000 447.000000 178.000000
1341.000000 1162.000000 386.000000 1211.000000 239.000000
1375.000000 1518.000000 491.000000 1620.000000 342.000000
828.000000 1758.000000 627.000000 1899.000000 485.000000
657.000000 1985.000000 1046.000000 2175.000000 954.000000
808.000000 1249.000000 924.000000 1313.000000 814.000000
1202.000000 248.000000 888.000000 204.000000 806.000000
677.000000 1758.000000 648.000000 1904.000000 509.000000
1191.000000 1132.000000 530.000000 1177.000000 398.000000
1411.000000 2290.000000 872.000000 2553.000000 751.000000
1099.000000 2276.000000 1252.000000 2533.000000 1188.000000
1022.000000 2255.000000 1033.000000 2506.000000 936.000000
1353.000000 2291.000000 416.000000 2552.000000 229.000000
949.000000 984.000000 1554.000000 1008.000000 1520.000000
1096.000000 2665.000000 443.000000 3024.000000 244.000000
740.000000 1833.000000 631.000000 1993.000000 488.000000
862.000000 1084.000000 635.000000 1127.000000 516.000000
1069.000000 716.000000 575.000000 712.000000 459.000000
1136.000000 1911.000000 698.000000 2090.000000 563.000000
791.000000 133.000000 1434.000000 78.000000 1386.000000
945.000000 1933.000000 1516.000000 2114.000000 1488.000000
1031.000000 2401.000000 1074.000000 2688.000000 981.000000
669.000000 389.000000 355.000000 359.000000 235.000000
1177.000000 524.000000 407.000000 505.000000 286.000000
803.000000 440.000000 280.000000 414.000000 153.000000
1068.000000 2015.000000 1147.000000 2213.000000 1070.000000
849.000000 1332.000000 894.000000 1373.000000 786.000000
910.000000 984.000000 384.000000 1010.000000 244.000000
1086.000000 2582.000000 1158.000000 2915.000000 1076.000000
749.000000 630.000000 828.000000 616.000000 734.000000
1500.000000 1064.000000 452.000000 1099.000000 315.000000
1257.000000 1106.000000 483.000000 1148.000000 346.000000
887.000000 2656.000000 625.000000 3012.000000 456.000000
1381.000000 1621.000000 496.000000 1740.000000 343.000000
942.000000 1474.000000 679.000000 1572.000000 553.000000
659.000000 1802.000000 586.000000 1956.000000 439.000000
499.000000 2395.000000 1030.000000 2680.858643 928.944824
1058.000000 1394.000000 401.000000 1476.000000 247.000000
602.000000 986.000000 520.000000 1013.000000 392.000000
1101.000000 2269.000000 870.000000 2525.000000 749.000000
1313.000000 212.000000 1117.000000 164.000000 1049.000000
1073.000000 515.000000 312.000000 496.000000 184.000000
1203.000000 2419.000000 1554.000000 2713.000000 1536.000000
692.000000 1921.000000 1023.000000 2097.000000 930.000000
1245.000000 1063.000000 378.000000 1099.000000 234.000000
1354.000000 1038.000000 1014.000000 1069.000000 930.000000
1208.000000 2184.000000 227.000000 2419.000000 17.000000
635.000000 2333.000000 269.000000 2603.000000 57.000000
1060.000000 347.000000 406.000000 314.000000 291.000000
1252.000000 2212.000000 315.000000 2454.000000 117.000000
670.000000 2260.000000 608.000000 2515.000000 460.000000
981.000000 1357.000000 1061.000000 1394.000000 973.000000
1297.000000 512.000000 423.000000 492.000000 303.000000
1407.000000 1914.000000 523.000000 2090.000000 363.000000
688.000000 402.000000 1573.000000 369.000000 1536.000000
1092.000000 1143.000000 512.000000 1190.000000 378.000000
1075.000000 1873.000000 694.000000 2045.000000 559.000000
1483.000000 1166.000000 1173.000000 1212.000000 1103.000000
1348.000000 1598.000000 749.000000 1714.000000 627.000000
818.000000 483.000000 447.000000 459.000000 330.000000
1504.000000 384.000000 343.000000 354.000000 223.000000
935.000000 1962.000000 444.000000 2149.000000 273.000000
994.000000 2261.000000 775.000000 2516.000000 641.000000
937.000000 2680.000000 595.000000 3043.000000 421.000000
1275.000000 2300.000000 1192.000000 2562.000000 1119.000000
743.000000 2293.000000 912.000000 2587.000000 812.000000
1434.000000 1218.000000 1645.000000 1255.000000 1625.000000
1029.000000 374.000000 1583.000000 338.000000 1547.000000
685.000000 287.000000 883.000000 246.000000 800.000000
1064.000000 326.000000 279.000000 293.000000 157.000000
939.000000 356.000000 949.000000 319.000000 868.000000
1243.000000 1905.000000 465.000000 2082.000000 300.000000
1445.000000 2219.000000 655.000000 2462.000000 503.000000
1343.000000 1673.000000 894.000000 1760.000000 776.000000
1498.000000 1197.000000 1093.000000 1244.000000 1015.000000
1212.000000 249.000000 936.000000 204.000000 857.000000
979.000000 288.000000 349.000000 252.000000 232.000000
702.000000 1138.000000 547.000000 1182.000000 416.000000
752.000000 2442.000000 1733.000000 2726.000000 1747.000000
663.000000 967.000000 973.000000 989.000000 886.000000
1389.000000 2310.000000 585.000000 2574.000000 420.000000
599.000000 1353.000000 544.000000 1428.000000 406.000000
1042.000000 2297.000000 493.000000 2560.000000 316.000000
303.000000 1378.000000 1051.000000 1416.660522 957.015991
863.000000 297.000000 223.000000 262.000000 99.000000
1055.000000 2360.000000 599.000000 2637.000000 434.000000
1284.000000 1473.000000 662.000000 1570.000000 534.000000
624.000000 546.000000 429.000000 528.000000 308.000000
780.000000 2570.000000 1188.000000 2902.000000 1112.000000
1337.000000 1676.000000 521.000000 1806.000000 370.000000
1329.000000 2257.000000 951.000000 2510.000000 842.000000
1332.000000 1710.000000 662.000000 1848.000000 525.000000
1255.000000 1116.000000 1100.000000 1156.000000 1023.000000
1401.000000 1067.000000 468.000000 1103.000000 331.000000
634.000000 287.000000 899.000000 245.000000 816.000000
726.000000 1947.000000 506.000000 2131.000000 343.000000
667.000000 1288.000000 540.000000 1353.000000 403.000000
1544.000000 2299.000000 1543.000000 2561.000000 1523.000000
785.000000 1862.000000 521.000000 2029.000000 364.000000
1334.000000 2316.000000 1543.000000 2585.000000 1523.000000
1056.000000 1810.000000 973.000000 1931.000000 865.000000
1276.000000 1969.000000 538.000000 2158.000000 379.000000
1083.000000 539.000000 1131.000000 514.000000 1062.000000
1453.000000 2576.000000 419.000000 2909.000000 219.000000
1194.000000 1286.000000 605.000000 1352.000000 475.000000
1505.000000 1454.000000 302.000000 1549.000000 136.000000
618.000000 565.000000 279.000000 550.000000 148.000000
1522.000000 884.000000 1701.000000 891.000000 1681.000000
1005.000000 2586.000000 1220.000000 2923.000000 1150.000000
1466.000000 292.000000 1058.000000 250.000000 986.000000
276.000000 540.000000 473.000000 520.162109 355.159119
1319.000000 2132.000000 337.000000 2355.000000 145.000000
1335.000000 1974.000000 1182.000000 2162.000000 1109.000000
1051.000000 1126.000000 583.000000 1173.000000 457.000000
1339.000000 346.000000 431.000000 312.000000 319.000000
649.000000 2256.000000 1052.000000 2508.000000 959.000000
1476.000000 2380.000000 1665.000000 2662.000000 1665.000000
1151.000000 1021.000000 381.000000 1052.000000 239.000000
978.000000 1742.000000 983.000000 1881.000000 881.000000
1047.000000 2250.000000 1160.000000 2500.000000 1082.000000
1440.000000 410.000000 374.000000 382.000000 256.000000
929.000000 1118.000000 972.000000 1159.000000 883.000000
1456.000000 1852.000000 731.000000 2018.000000 602.000000
686.000000 572.000000 454.000000 556.000000 335.000000
1268.000000 1708.000000 933.000000 1762.000000 823.000000
1288.000000 348.000000 274.000000 316.000000 151.000000
1458.000000 461.000000 1113.000000 431.000000 1042.000000
959.000000 1488.000000 945.000000 1495.000000 838.000000
1108.000000 946.000000 377.000000 968.000000 237.000000
897.000000 1213.000000 1103.000000 1256.000000 1025.000000
840.000000 939.000000 958.000000 957.000000 869.000000
1470.000000 1247.000000 657.000000 1307.000000 533.000000
1415.000000 914.000000 619.000000 931.000000 502.000000
673.000000 1889.000000 1568.000000 2036.000000 1547.000000
825.000000 1155.000000 528.000000 1202.000000 394.000000
1327.000000 1540.000000 919.000000 1643.000000 815.000000
1044.000000 1621.000000 968.000000 1699.000000 861.000000
1193.000000 2626.000000 323.000000 2973.000000 106.000000
1113.000000 371.000000 1069.000000 335.000000 997.000000
792.000000 2395.000000 1255.000000 2681.000000 1191.000000
1414.000000 1036.000000 955.000000 1036.000000 876.000000
683.000000 914.000000 1162.000000 929.000000 1093.000000
1472.000000 2258.000000 736.000000 2512.000000 595.000000
695.000000 2685.000000 732.000000 3048.000000 579.000000
1430.000000 489.000000 1557.000000 458.000000 1520.000000
1254.000000 2291.000000 1455.000000 2552.000000 1421.000000
606.000000 291.000000 363.000000 254.000000 248.000000
1306.000000 451.000000 735.000000 319.000000 572.000000
1349.000000 683.000000 839.000000 675.000000 744.000000
992.000000 1214.000000 1085.000000 1257.000000 1004.000000
1303.000000 1476.000000 961.000000 1622.000000 858.000000
1061.000000 303.000000 246.000000 268.000000 123.000000
761.000000 1070.000000 1447.000000 1106.000000 1405.000000
861.000000 229.000000 1185.000000 182.000000 1121.000000
1154.000000 859.000000 1790.000000 860.000000 1777.000000
787.000000 1979.000000 517.000000 2169.000000 355.000000
732.000000 349.000000 418.000000 315.000000 304.000000
1515.000000 2440.000000 1657.000000 2722.000000 1657.000000
1419.000000 1190.000000 1644.000000 1235.000000 1624.000000
1449.000000 1511.000000 704.000000 1616.000000 580.000000
1248.000000 758.000000 657.000000 757.000000 546.000000
619.000000 413.000000 346.000000 385.000000 224.000000
722.000000 2339.000000 581.000000 2612.000000 415.000000
1176.000000 1168.000000 1138.000000 1214.000000 1064.000000
901.000000 143.000000 1296.000000 90.000000 1240.000000
876.000000 470.000000 356.000000 459.000000 228.000000
1027.000000 1434.000000 892.000000 1478.000000 779.000000
790.000000 1650.000000 434.000000 1775.000000 273.000000
853.000000 2244.000000 774.000000 2494.000000 639.000000
892.000000 2384.000000 1072.000000 2668.000000 980.000000
847.000000 1523.000000 681.000000 1622.000000 567.000000
1351.000000 1274.000000 966.000000 1316.000000 869.000000
1357.000000 378.000000 438.000000 349.000000 324.000000
1540.000000 1870.000000 505.000000 2037.000000 345.000000
1181.000000 1563.000000 948.000000 1629.000000 842.000000
1234.000000 453.000000 1089.000000 422.000000 1017.000000
1077.000000 1794.000000 484.000000 1946.000000 324.000000
1417.000000 2555.000000 414.000000 2883.000000 215.000000
746.000000 2356.000000 579.000000 2633.000000 411.000000
1240.000000 1622.000000 608.000000 1738.000000 467.000000
1299.000000 1739.000000 903.000000 1841.000000 786.000000
810.000000 1750.000000 270.000000 1895.000000 86.000000
1516.000000 1354.000000 1646.000000 1387.000000 1629.000000
1361.000000 2664.000000 1671.000000 3010.000000 1677.000000
1093.000000 581.000000 1239.000000 560.000000 1177.000000
745.000000 2265.000000 1063.000000 2519.000000 970.000000
700.000000 1434.000000 552.000000 1521.000000 413.000000
1134.000000 1065.000000 1152.000000 1098.000000 1081.000000
1481.000000 2576.000000 852.000000 2910.000000 721.000000
1286.000000 1367.000000 634.000000 1440.000000 503.000000
871.000000 1835.000000 987.000000 1960.000000 883.000000
859.000000 1573.000000 742.000000 1688.000000 620.000000
1246.000000 1868.000000 1134.000000 2003.000000 1051.000000
857.000000 2282.000000 1352.000000 2541.000000 1303.000000
1406.000000 1524.000000 710.000000 1629.000000 586.000000
776.000000 1761.000000 715.000000 1907.000000 585.000000
1230.000000 2152.000000 341.000000 2379.000000 149.000000
697.000000 1336.000000 368.000000 1421.000000 213.000000
983.000000 1122.000000 984.000000 1163.000000 896.000000
1491.000000 2548.000000 805.000000 2874.000000 668.000000
884.000000 1541.000000 884.000000 1649.000000 770.000000
1302.000000 2220.000000 576.000000 2462.000000 413.000000
176.000000 2678.000000 762.000000 3039.335205 616.396057
986.000000 972.000000 1226.000000 1002.000000 1162.000000
858.000000 2296.000000 954.000000 2591.000000 858.000000
877.000000 1928.000000 880.000000 2109.000000 768.000000
773.000000 199.000000 1641.000000 146.000000 1607.000000
1057.000000 1081.000000 981.000000 1117.000000 893.000000
1063.000000 1224.000000 607.000000 1281.000000 480.000000
1160.000000 997.000000 596.000000 1031.000000 476.000000
1138.000000 2667.000000 627.000000 3025.000000 457.000000
903.000000 1823.000000 945.000000 1945.000000 834.000000
1214.000000 1800.000000 934.000000 1942.000000 821.000000
965.000000 1075.000000 1423.000000 1112.000000 1378.000000
1143.000000 1063.000000 1738.000000 1090.000000 1725.000000
666.000000 1474.000000 574.000000 1568.000000 434.000000
1146.000000 483.000000 940.000000 456.000000 857.000000
1007.000000 1456.000000 388.000000 1551.000000 231.000000
839.000000 1206.000000 1045.000000 1243.000000 960.000000
1464.000000 948.000000 349.000000 969.000000 208.000000
408.000000 2037.000000 1599.000000 2236.650146 1582.011230
1461.000000 1802.000000 1610.000000 1952.000000 1599.000000
1460.000000 2564.000000 343.000000 2894.000000 133.000000
898.000000 318.000000 1113.000000 276.000000 1044.000000
1514.000000 2013.000000 287.000000 2211.000000 92.000000
1318.000000 1953.000000 615.000000 2138.000000 466.000000
779.000000 2011.000000 274.000000 2208.000000 78.000000
824.000000 1690.000000 1919.000000 1630.000000 1971.000000
1048.000000 372.000000 334.000000 342.000000 213.000000
806.000000 1177.000000 1116.000000 1225.000000 1040.000000

6.000000 2113.741943 1760.009766 3.113940 1792.347046 2287.124268 1767.745850 1047.310181 1790.990723
3.000000 2424.202881 1762.632202 981.844910 1827.615479 2343.836914 1800.090576 1007.501404 1828.823608
0.000000 871.141907 1884.527954 2253.806152 1820.157349 814.417969 1897.082520 2493.566406 1847.967285
4.000000 2210.855713 1809.926392 938.141724 1856.755249 2400.805176 1828.211182 1110.738159 1876.418945
2.000000 1007.739929 1848.803955 2177.208496 1799.526001 1007.642578 1857.911499 2357.091553 1823.173950
1.000000 2423.766602 1689.693848 1270.787598 1768.228882 2703.751953 1694.718384 1277.301270 1768.874390
5.000000 1030.955078 1814.691650 2137.127197 1771.903198 1057.301270 1817.952637 2306.959961 1789.582031
8.000000 2.976578 1782.750366 1060.036011 1730.732056 3.084715 1752.533691 1089.989136 1716.341064
7.000000 1070.650513 1782.042236 2066.924072 1747.402588 1100.424438 1780.228760 2236.902344 1759.754395
15.000000 655.446716 46.611279 614.279236 953.376282 643.780396 3.182461 598.291016 873.418213
11.000000 2587.799805 1206.557983 2501.148926 303.223114 2922.864746 1123.029297 2812.931396 87.063057
12.000000 1107.189575 1752.049683 2013.602051 1721.240601 1150.325928 1746.862183 2173.470215 1727.088867
20.000000 108.073875 903.449829 182.603607 2.997037 55.960682 826.602295 131.021988 3.122652
10.000000 2483.592285 297.913605 2569.345459 1197.046997 2792.402832 84.129959 2901.084473 1120.585327
17.000000 679.185730 946.773010 716.904968 53.343395 669.412720 860.134766 711.462280 3.241518
14.000000 838.816162 963.296509 865.649048 99.968376 845.373108 879.951782 878.071777 3.261415
13.000000 1963.609741 1676.771606 1153.668823 1698.928955 2110.151123 1674.250610 1193.567627 1686.932251
29.000000 824.602173 156.706772 799.321045 956.645203 826.744385 200.002930 801.406921 873.386292
16.000000 625.062500 946.742737 658.359070 190.074478 610.111877 863.339050 654.050415 3.199687
24.000000 1233.721802 160.001923 1230.088257 896.683533 1293.497925 3.305305 1286.539307 789.998901
19.000000 2018.038574 326.779114 2059.677246 1053.160767 2216.267578 133.357224 2265.924316 963.178284
22.000000 2202.895996 1073.586426 2155.221191 363.206635 2441.506592 983.463440 2383.795166 173.300430
21.000000 2113.062988 340.017273 2158.425293 1050.100586 2332.480713 146.724365 2387.524170 960.167542
23.000000 2403.759766 379.390411 2463.965576 1079.945679 2692.938477 192.438049 2766.965820 986.638794
25.000000 2528.154297 1083.501343 2467.733398 419.902863 2848.657959 993.467102 2771.884033 223.145569
28.000000 2538.289307 429.844482 2601.550537 1089.851440 2870.537109 322.924866 2941.619141 996.495789
27.000000 2661.220215 1090.208374 2597.428711 443.258179 3018.469482 1000.167480 2936.037354 246.735519
26.000000 1326.915405 1721.969482 1960.106567 1692.271851 1340.186279 1716.148071 2103.424805 1693.017456
30.000000 766.776917 1839.024902 153.226257 1867.709595 756.761963 1830.335571 89.939186 1847.659058
32.000000 1903.391357 1029.146484 1366.484375 992.683472 2046.787231 927.776611 1396.710449 892.526123
37.000000 2059.717529 516.684021 2092.326416 1046.728638 2266.984131 353.312927 2305.555664 953.404724
34.000000 1376.519043 1005.604248 1903.343506 1039.844116 1403.346924 906.407349 2043.509277 939.978760
31.000000 1376.624268 1017.326721 1903.472046 1051.173950 1406.708862 919.237915 2063.946045 955.588440
35.000000 1893.270386 1057.684326 1370.083374 1025.318848 2029.979492 960.411011 1400.053833 928.923828
76.000000 2084.488770 1049.929321 2052.706299 530.038330 2296.880615 960.197021 2274.141357 600.159485
38.000000 1823.508057 1712.070435 1306.627197 1728.778687 1920.113037 1713.904907 1319.999023 1723.272583
39.000000 1876.870361 911.042847 1376.971069 866.577515 2006.733398 792.374878 1413.490234 751.079773
42.000000 694.723999 356.585388 673.938538 853.358643 690.546204 226.693665 664.179321 760.041809
40.000000 1880.010498 1009.858276 1386.897217 973.536621 2010.247803 905.774963 1420.126831 871.170410
48.000000 233.508209 1137.317017 203.284271 1610.209961 185.384735 1127.105713 148.714478 1576.833618
41.000000 1432.450806 1133.286987 1441.329590 1603.308228 1477.288086 1006.701538 1484.698975 1583.358643
36.000000 1840.381226 895.782349 1373.311768 853.571289 2010.485107 780.021423 1410.034668 736.192139
44.000000 466.643097 1649.295776 930.014832 1633.777100 430.047424 1618.944336 943.366394 1608.252808
81.000000 1382.234253 1600.031738 1378.921265 1136.650513 1416.267700 1399.999878 1416.387329 1053.333252
58.000000 3.259063 1664.216309 453.350739 1650.573853 3.286848 1627.355835 420.059113 1620.028687
46.000000 921.839111 1166.727295 916.838440 1593.374390 936.946289 1096.792603 928.482605 1563.426758
69.000000 970.012817 1106.368042 549.927795 1088.349365 916.627808 1030.918945 526.620300 1014.430420
47.000000 1192.043091 539.624939 1172.545166 953.296204 1234.503052 410.029205 1223.183472 863.329590
55.000000 1240.306641 556.667236 1241.040405 160.001923 1299.596436 423.348969 1301.838379 3.325354
50.000000 516.576416 1579.519165 903.263123 1570.367432 486.635040 1544.307861 913.314392 1538.587280
52.000000 916.768372 1134.500610 533.185181 1116.488770 930.024353 1062.714478 506.429230 1046.027222
53.000000 519.984802 1511.951660 903.345093 1507.735107 489.993103 1471.598145 913.346252 1469.916748
116.000000 2507.166016 271.066833 2133.602295 188.779083 2816.937500 51.795418 2533.589355 1.880554
56.000000 526.649475 1379.696899 906.675049 1381.853760 496.670380 1329.424561 916.652832 1332.137695
54.000000 523.325012 1446.096924 903.337463 1445.288574 493.331299 1400.501587 916.671204 1402.207520
57.000000 536.660156 1106.798828 913.396973 1125.376465 513.241577 1035.552368 930.022583 1052.787231
59.000000 529.986023 1314.150024 906.656677 1320.585449 503.299377 1258.696289 920.016724 1265.665283
61.000000 906.843506 1116.401245 540.079834 1098.375732 920.148193 1043.059448 516.674255 1026.481689
64.000000 540.012573 1249.515625 903.447388 1258.928589 516.610657 1189.041992 913.292603 1198.394287
60.000000 1628.200684 1643.383057 1624.679810 1280.019287 1746.963867 1630.505737 1741.049927 1223.368164
49.000000 1816.783081 1078.194458 1456.776123 1054.970337 1936.825317 983.371277 1503.373535 962.498291
62.000000 543.389160 1185.016602 903.315552 1197.192383 519.911377 1119.744263 916.728943 1131.170532
68.000000 2029.178955 1566.879028 2011.119629 1213.616943 2228.291260 1546.943726 2206.865723 1157.022095
103.000000 1265.531006 1146.613647 1274.064941 1499.982300 1314.788330 1093.436035 1320.831787 1399.983643
71.000000 1123.558228 1240.001587 1121.049194 1590.007568 1167.350708 1176.676270 1161.983154 1559.981079
45.000000 2023.459961 1689.317627 2369.814453 1672.779053 2163.482178 1688.280640 2656.570312 1673.457642
70.000000 1755.273560 623.525635 1741.295166 279.947296 1899.465698 480.151001 1884.491211 96.621460
67.000000 2258.797363 1223.161377 2285.957275 1559.788330 2510.242188 1153.018433 2544.603027 1543.221558
197.000000 1140.981201 913.328491 1139.309448 576.653564 1187.634277 656.629822 1179.645264 446.807098
74.000000 1514.489746 1636.636719 1505.930298 1306.685791 1615.208496 1616.782227 1606.366455 1250.007202
82.000000 231.963257 883.482849 256.582001 560.247437 187.176559 800.043152 216.173264 457.188782
73.000000 2438.002441 1556.821533 2413.176270 1236.678833 2735.194580 1536.792236 2703.912598 1169.950562
84.000000 506.764099 1613.143677 189.988449 1622.960815 476.744995 1580.381226 139.946915 1587.482178
179.000000 1399.351196 59.902405 1404.487915 376.647949 1485.971069 3.315123 1487.536011 229.994003
43.000000 1477.162354 867.827148 1790.358032 896.023071 1490.469482 747.225891 2006.902710 786.929688
72.000000 2223.750977 696.639648 2244.029785 1010.170532 2468.873291 553.406799 2493.421387 929.994263
75.000000 2009.987671 1563.523682 1992.143555 1249.878052 2204.660156 1543.635864 2184.244873 1183.281738
77.000000 1998.503906 980.071411 1983.546997 666.815613 2192.061768 880.063354 2174.139404 520.291931
86.000000 191.361877 1613.429932 213.369293 1303.335938 136.910675 1580.019775 163.989883 1246.719971
85.000000 503.386749 1641.591431 193.288574 1651.999634 473.358398 1611.179688 136.631317 1618.336792
105.000000 1789.141357 156.695511 1799.553345 466.681671 1942.866211 3.348891 1952.858032 303.349152
91.000000 500.022308 1606.505493 514.946228 1299.916260 468.920898 1573.273560 487.197601 1243.178223
149.000000 1597.951538 416.719452 1590.046997 109.998787 1717.586304 256.627930 1706.915405 3.182516
79.000000 1982.461670 1266.550049 1996.685669 1566.665771 2173.442383 1199.994629 2190.556152 1546.639160
95.000000 268.861969 556.576965 245.442703 853.762268 228.073349 456.501801 201.212753 770.389038
90.000000 2188.609131 232.925568 2211.580566 530.135437 2428.701172 30.091139 2451.855957 360.103638
88.000000 2685.473145 762.540222 2712.191162 1059.202271 3039.335205 616.396057 3072.802734 946.382446
87.000000 2394.798340 1010.147583 2371.383545 713.750671 2682.350586 906.765137 2649.218018 576.077087
117.000000 1806.363281 453.344910 1795.036133 156.601669 1960.608643 289.976990 1949.774536 3.341857
150.000000 296.824158 1072.708252 3.292374 1061.029419 256.724640 1001.335022 3.314474 993.983398
92.000000 916.436707 933.326660 924.973511 639.950745 931.996643 843.398499 942.549988 520.083252
89.000000 1982.905518 976.696899 1962.413940 686.731628 2173.225342 876.674622 2149.279297 545.071106
97.000000 536.760559 872.164551 250.069519 849.134521 513.526855 783.556030 203.276077 764.253662
191.000000 708.389526 63.257824 694.941589 350.075409 702.042603 3.265596 690.841187 216.710815
154.000000 1580.262939 413.323517 1569.550903 126.558929 1692.361328 253.355515 1686.656372 3.333569
83.000000 249.974701 566.664673 227.420364 850.059998 208.955872 463.243835 179.808868 803.316956
98.000000 209.869629 1639.086304 493.549591 1630.378418 153.228531 1604.735229 463.437378 1598.559937
102.000000 906.480286 1596.662476 912.798828 1313.321411 916.392151 1566.658691 925.318909 1259.960815
187.000000 2385.927979 1276.724731 2407.917236 1556.568359 2680.253662 1319.978882 2698.263672 1536.810913
80.000000 2016.613647 1601.587646 2296.658936 1593.075439 2209.994385 1586.332642 2556.674805 1580.489014
210.000000 933.444275 343.336182 940.605591 63.348824 953.467590 203.337799 960.128906 3.337627
104.000000 253.248001 861.099365 530.057983 882.586182 206.674377 776.540283 510.099121 795.041016
107.000000 513.277283 1171.843018 236.562515 1163.422852 486.563660 1106.821045 189.860458 1098.057495
202.000000 934.484802 70.027283 927.928772 346.696564 953.872620 3.348693 948.083435 206.612076
93.000000 2630.595459 329.936859 2659.592041 603.376587 2978.293213 113.140610 3015.848389 430.096954
99.000000 2216.963867 523.312988 2198.218262 249.893616 2458.582764 350.103882 2436.100586 43.374832
109.000000 569.924927 250.446701 299.716553 205.019226 553.825562 116.140488 263.029175 79.051361
110.000000 537.510071 866.707642 550.791565 593.209900 514.772156 776.553101 532.166016 486.396881
96.000000 2377.300049 1006.902710 2353.645508 736.347961 2658.522217 903.779968 2629.425537 590.362793
111.000000 934.720459 636.598755 925.288574 906.851257 953.241699 523.198425 941.803650 813.535706
138.000000 552.097717 472.676605 286.115448 437.501404 520.162109 355.159119 249.704834 326.078522
123.000000 240.619781 1613.157593 257.867889 1346.744385 195.218658 1576.560547 215.951996 1293.525146
200.000000 1955.124756 713.405640 1967.625732 979.955017 2145.621094 673.387085 2156.247559 880.021545
101.000000 1967.961670 453.430969 1955.194214 186.896881 2158.157715 310.103973 2140.832764 3.098227
155.000000 1560.766113 146.650604 1566.358887 413.339783 1674.624146 3.309908 1679.161743 253.348541
128.000000 299.836212 214.299301 560.262268 258.453186 266.283203 89.658966 546.382263 125.552704
132.000000 563.262573 267.084534 303.375397 223.084961 546.938110 134.552307 270.126648 99.013535
131.000000 246.650970 1170.428833 506.790588 1179.946655 199.928772 1105.579102 480.069855 1114.464600
127.000000 1167.410400 926.673889 1169.936035 666.666016 1214.403320 833.347778 1218.220947 549.976013
108.000000 2343.057617 540.318787 2320.356934 283.301819 2615.405518 367.101257 2587.639404 73.556633
134.000000 475.223236 1349.921143 461.201752 1606.732300 447.460754 1296.510376 430.415192 1573.358887
114.000000 1163.232666 1595.524414 906.620789 1601.293335 1206.603394 1568.837646 916.613892 1572.915161
126.000000 1163.382080 1621.698608 909.970398 1628.968018 1203.357666 1598.129517 919.991882 1602.843872
122.000000 1816.743774 879.175842 1786.247559 629.643860 1973.714355 772.972778 1937.369385 489.488159
129.000000 1928.229614 223.414520 1939.691162 473.347504 2109.987061 26.667267 2122.963135 306.683807
139.000000 290.270569 444.724854 536.795471 479.075470 253.267380 333.946014 520.426270 362.706818
158.000000 1397.288818 403.327454 1394.953979 156.651321 1480.424561 246.662994 1478.322388 3.319030
124.000000 2354.728760 510.134735 2337.811035 266.818878 2630.576416 336.623199 2609.240479 53.641930
63.000000 1737.833618 376.621490 1747.251709 619.977356 1875.545410 83.376350 1890.761353 479.970795
144.000000 1811.743286 650.047302 1818.885254 890.132324 1968.971313 509.954529 1973.714355 772.972778
141.000000 1163.705322 922.375122 926.795837 901.842712 1210.185791 827.252258 943.386780 809.209351
224.000000 240.069687 1105.226929 3.312368 1093.766479 193.341705 1036.483276 3.281107 1027.811279
163.000000 1389.550659 160.003250 1391.258545 396.681641 1473.227051 3.333400 1473.377197 243.333313
112.000000 2253.334961 1196.632812 2020.029419 1186.020020 2503.457275 1123.385132 2213.367676 1112.424805
94.000000 917.522278 703.361328 909.885559 936.662903 936.215698 529.984741 925.488342 846.626770
119.000000 2039.965332 1548.444580 2273.331299 1543.244141 2243.323486 1525.820068 2529.989746 1522.461670
121.000000 2036.656860 1495.926270 2269.993652 1492.850708 2239.997070 1465.533813 2526.661621 1464.781616
115.000000 2033.324829 1444.346436 2266.667236 1443.491211 2233.333740 1406.559692 2523.341553 1407.540283
143.000000 929.656616 917.745911 1160.334839 935.697144 946.315979 825.857544 1210.299561 841.662842
140.000000 2311.613037 303.205078 2329.912842 533.340271 2578.096436 96.827995 2600.702148 363.556335
125.000000 2019.920532 1178.390015 2250.046143 1189.001709 2216.652588 1103.691895 2500.073730 1114.784912
145.000000 920.025879 1617.658936 1150.130127 1611.660156 930.037476 1590.057617 1193.412354 1587.144897
148.000000 1170.182861 352.296631 943.511719 312.321777 1217.440308 200.771545 963.235718 167.410706
118.000000 2029.971680 1341.628174 2260.018066 1345.622437 2226.666504 1290.006104 2513.366211 1294.620361
120.000000 2033.319336 1392.679565 2263.347900 1393.876343 2230.008545 1348.343994 2516.684814 1349.837646
156.000000 1158.359375 1543.323364 1159.760742 1313.331909 1201.319092 1510.016602 1204.458618 1259.972290
151.000000 1156.396606 1196.183594 929.870911 1186.288696 1199.790039 1128.809448 946.573303 1119.103027
172.000000 1278.489136 653.334045 1278.595459 880.000671 1343.036133 529.998901 1342.156250 763.341492
153.000000 945.575256 327.491852 1167.184937 359.775848 966.000183 182.802231 1217.021240 210.068695
168.000000 507.140472 636.533203 496.703064 860.157288 488.293549 533.235718 474.946075 766.568237
106.000000 1700.134399 1649.084229 1476.750366 1661.504517 1816.813477 1637.671021 1520.035522 1647.716553
161.000000 486.712097 1191.949829 263.291260 1184.615112 459.967255 1127.837646 219.968552 1121.124268
135.000000 2250.060791 1182.338257 2026.950806 1168.688965 2500.106689 1107.386475 2226.548828 1096.220459
170.000000 290.050964 833.336304 302.985535 613.312866 253.775269 746.696533 269.537384 513.527405
100.000000 1950.804810 426.615295 1936.762207 206.660568 2139.345947 310.044983 2118.249268 3.224518
264.000000 3.237724 1081.951660 223.362625 1092.735352 3.218167 1016.222351 176.674500 1023.136902
162.000000 1600.117920 199.997101 1605.528564 420.027985 1717.612549 19.976139 1723.666992 259.991577
66.000000 943.153625 1573.329834 947.497620 1353.349731 960.210144 1563.338013 968.982422 1169.977295
160.000000 933.307739 1193.876709 1150.121460 1204.086914 949.979858 1127.158447 1190.123413 1136.982178
137.000000 2029.991333 1240.263794 2246.751709 1247.425049 2226.734375 1174.300049 2500.034668 1182.124878
136.000000 2033.302856 1291.358032 2250.009766 1296.228271 2230.018066 1232.479614 2503.370361 1238.244995
173.000000 519.823242 491.722900 306.138092 460.439240 499.779144 375.392731 269.567108 350.703094
166.000000 873.583618 1013.762756 660.112122 995.365662 883.683228 932.045654 649.923401 914.344788
178.000000 469.916382 884.466003 256.760254 868.732300 439.935150 797.831604 213.228729 785.212585
284.000000 213.518417 1082.885864 3.206532 1072.590210 166.818207 1013.154419 3.214158 1006.095398
142.000000 2024.166626 1336.615601 2037.043579 1546.643555 2222.284424 1283.399048 2238.977295 1550.063965
159.000000 1994.852905 769.918884 2006.070435 980.031860 2187.586670 639.949890 2200.664307 879.963806
113.000000 1479.856567 1669.677856 1689.925537 1661.435303 1523.263794 1657.734985 1813.194946 1648.828491
183.000000 270.150238 1198.222412 480.262634 1204.398804 226.761215 1136.934082 450.045807 1140.232910
189.000000 1288.319824 880.000305 1288.357422 669.999695 1352.714111 763.349670 1354.017944 546.670776
165.000000 1156.630493 556.922607 949.858765 527.664795 1203.358887 426.431122 969.884827 401.059692
255.000000 1170.675537 320.009369 1173.537720 113.336166 1220.855591 183.346954 1223.719727 3.339482
182.000000 1129.109619 706.660400 1127.655640 913.340271 1175.818848 593.320557 1172.445557 816.653259
176.000000 949.892822 534.086060 1153.371338 563.066589 973.181396 408.057678 1200.054199 432.836761
146.000000 2396.593750 1591.292603 2600.024658 1584.021851 2679.988525 1579.467407 2940.011719 1573.874756
186.000000 469.975098 1344.994629 266.637482 1341.946777 443.267426 1292.918457 223.304337 1287.950195
194.000000 314.629822 477.229279 514.970215 504.751526 280.359131 369.665649 490.304535 390.223297
177.000000 1965.726196 276.717316 1976.493042 476.676025 2153.303467 83.335007 2165.958008 310.039551
192.000000 1083.411011 1631.155518 1283.179932 1617.718750 1116.695190 1607.184937 1329.933716 1595.461060
190.000000 502.992859 632.985535 306.224365 610.545044 486.359894 530.023499 272.980865 510.523407
167.000000 2385.664307 813.416992 2402.078857 1010.104675 2668.697021 676.786072 2690.063721 909.994141
199.000000 482.895020 327.989227 289.454376 335.048492 459.072632 203.503159 252.258255 218.073151
283.000000 1370.670776 1033.510498 1182.591187 1069.449219 1405.008545 939.863403 1245.981201 980.661499
268.000000 1300.011230 1726.431396 1109.649292 1717.363647 1313.408813 1719.062500 1142.637085 1705.316650
237.000000 1138.201904 149.979950 1136.083862 339.993500 1186.635376 3.307403 1185.196655 189.988678
157.000000 2016.939087 1693.894409 1829.789185 1706.987427 2170.124023 1695.853027 1926.560547 1707.843262
270.000000 1044.244385 320.017914 1047.918335 133.226822 1081.791260 173.371979 1085.462158 3.235424
266.000000 1063.959595 136.673203 1062.010254 323.319519 1104.266846 3.288661 1101.040283 176.623978
208.000000 850.079468 979.071716 666.663391 963.371399 856.838318 894.271362 656.671814 879.928406
201.000000 1129.980957 1213.761841 949.891602 1205.778564 1173.266479 1148.346191 966.529175 1140.122559
246.000000 1360.051025 856.666016 1357.844727 676.652222 1432.713135 733.338562 1431.173584 549.990173
294.000000 972.711182 306.659058 974.912231 126.645218 999.351624 163.393219 1002.921875 3.324156
204.000000 1451.072266 1299.993774 1452.118652 1480.007080 1527.766602 1243.330078 1528.370605 1446.661621
207.000000 1139.622070 572.755432 963.075928 548.543701 1186.186523 444.603394 986.275208 423.753235
254.000000 1127.922607 333.342743 1129.246704 156.661026 1175.390625 183.309402 1178.766357 3.310197
222.000000 1328.363892 360.006866 1327.622070 183.329315 1401.356201 203.334793 1401.213257 9.999103
248.000000 1240.504517 893.334167 1240.792236 716.667969 1297.982178 783.337219 1298.522705 599.995667
231.000000 680.386780 975.545105 853.859497 990.605896 673.369019 892.831726 860.511230 906.148621
198.000000 1973.663330 484.557037 1803.143188 457.882324 2163.178955 317.982117 1956.619995 293.731140
213.000000 1123.337158 423.650909 953.158875 425.731934 1166.690063 280.357544 968.907288 293.295013
171.000000 2623.209473 1734.101929 2453.284180 1742.315430 2970.005859 1750.209717 2736.668213 1756.723877
175.000000 2616.554932 1674.609009 2446.693359 1683.823730 2963.225098 1680.252319 2733.274658 1688.329712
193.000000 957.554810 860.017517 960.907776 690.017883 980.308167 793.340576 985.310486 579.968201
256.000000 204.738724 1290.087646 215.133713 1123.445679 154.876953 1233.440918 167.194092 1056.703369
181.000000 2349.177734 353.393158 2361.290283 519.906128 2622.890869 150.307861 2641.068604 373.246185
214.000000 1806.683228 466.555359 1969.870972 490.866180 1960.015015 303.197540 2156.853027 324.982513
241.000000 2299.902344 833.096497 2311.883057 996.772827 2564.391602 709.648071 2579.116943 893.404114
243.000000 1874.774536 296.594910 1882.910034 460.021057 2045.655518 113.213272 2055.144531 296.745361
265.000000 1713.399414 716.664368 1719.017944 880.033752 1849.958496 590.001465 1856.089844 763.353760
226.000000 949.935608 1584.028564 1113.334351 1580.041138 966.625854 1553.552979 1156.680542 1551.060791
169.000000 1476.693359 1052.264404 1640.008301 1056.334961 1676.835083 960.787842 1910.029907 976.214722
203.000000 1320.000000 870.000000 1320.000000 706.666687 1386.666626 753.333313 1386.666626 550.000000
245.000000 1869.712036 459.855011 1861.945679 296.732727 2038.879639 293.381958 2030.926147 110.104462
218.000000 1976.386108 668.848999 1816.457764 648.291382 2166.387939 526.291443 1973.199707 508.085052
258.000000 653.318054 1003.572998 813.516663 1013.792725 640.002930 923.275208 816.893066 932.157166
220.000000 2351.500977 840.110291 2361.131104 1000.132507 2628.447998 713.435608 2641.191406 906.807800
184.000000 2446.534180 1667.614502 2606.595947 1658.726685 2729.842041 1669.020630 2950.034912 1660.952515
228.000000 956.606812 1218.286011 1116.757690 1224.204102 970.143494 1154.606689 1160.097656 1159.661255
251.000000 1123.057129 702.490784 966.102844 685.083801 1169.611572 587.914185 989.493347 572.642029
211.000000 2443.365723 1584.441772 2286.637695 1589.008301 2743.315186 1572.296265 2543.318359 1575.817871
206.000000 2443.380859 1562.157715 2286.643555 1565.616455 2743.320312 1545.884399 2540.042969 1549.253296
272.000000 1655.705811 713.360168 1660.082031 869.997681 1779.591187 583.344116 1784.083740 753.313477
273.000000 1486.529541 376.669373 1483.427246 220.064163 1586.691772 213.332855 1583.480591 43.393539
