Keypoint Matches and Line Matches for pairs 1, 4 
1 corresponds to the image ./resources/Data/EntryP10/images/0001.png 
4 corresponds to the image ./resources/Data/EntryP10/images/0004.png 

11.000000 614.279236 953.376282 543.141174 1043.724609
45.000000 182.603607 2.997037 143.930435 2.786983
20.000000 679.185730 946.773010 629.724854 1023.686157
18.000000 838.816162 963.296509 846.946167 1029.730713
356.000000 824.602173 156.706772 887.408508 3.410527
37.000000 799.321045 956.645203 792.502930 1010.234802
14.000000 625.062500 946.742737 558.098816 1030.175415
17.000000 2059.677246 1053.160767 3017.034180 1019.361023
3.000000 1366.484375 992.683472 1426.581665 942.388306
38.000000 2059.717529 516.684021 2929.304932 132.851044
4.000000 1376.519043 1005.604248 1436.596924 963.608765
5.000000 1903.343506 1039.844116 2503.354736 951.965271
12.000000 1376.624268 1017.326721 1446.553833 982.963379
8.000000 1893.270386 1057.684326 2499.979492 984.762756
9.000000 1370.083374 1025.318848 1439.923218 996.231079
580.000000 2084.488770 1049.929321 3072.869873 1002.846130
30.000000 1876.870361 911.042847 2436.575439 730.585144
31.000000 1376.971069 866.577515 1466.543701 745.128479
27.000000 1373.311768 853.571289 1463.218872 724.508301
367.000000 466.643097 1649.295776 269.952057 2039.482910
35.000000 1378.921265 1136.650513 1485.161743 1183.310669
51.000000 916.838440 1593.374390 906.715698 1963.610840
101.000000 549.927795 1088.349365 440.000000 1223.349365
56.000000 1192.043091 539.624939 1378.300415 385.882599
57.000000 1172.545166 953.296204 1348.343262 960.261292
350.000000 1819.817505 1193.340820 2541.294922 1306.519043
130.000000 1240.306641 556.667236 1457.135010 406.731995
64.000000 516.576416 1579.519165 333.360107 1925.268799
65.000000 903.263123 1570.367432 883.361328 1928.380493
80.000000 916.768372 1134.500610 949.998779 1264.986328
81.000000 533.185181 1116.488770 416.665741 1265.366455
70.000000 519.984802 1511.951660 346.695404 1825.527100
71.000000 903.345093 1507.735107 890.027710 1829.018311
78.000000 526.649475 1379.696899 373.333252 1633.454346
79.000000 906.675049 1381.853760 906.666443 1633.763428
76.000000 523.325012 1446.096924 360.025726 1729.053101
77.000000 903.337463 1445.288574 896.693054 1732.278809
86.000000 536.660156 1106.798828 423.332977 1251.931274
87.000000 913.396973 1125.376465 943.333801 1251.804810
82.000000 529.986023 1314.150024 386.672699 1539.867432
83.000000 906.656677 1320.585449 916.659485 1540.790039
92.000000 906.843506 1116.401245 929.997498 1238.576904
93.000000 540.079834 1098.375732 429.993164 1239.458862
96.000000 540.012573 1249.515625 409.996033 1448.748047
97.000000 903.447388 1258.928589 906.670959 1448.319458
42.000000 1816.783081 1078.194458 2336.632812 1032.780273
43.000000 1456.776123 1054.970337 1603.297119 1039.171631
90.000000 543.389160 1185.016602 419.982727 1358.818481
91.000000 903.315552 1197.192383 920.013672 1356.906860
46.000000 2029.178955 1566.879028 3045.507568 1990.765625
62.000000 1123.558228 1240.001587 1270.392212 1406.681519
63.000000 1121.049194 1590.007568 1248.983521 1969.961426
66.000000 1514.489746 1636.636719 1952.663086 2046.702515
67.000000 1505.930298 1306.685791 1923.607666 1503.496948
132.000000 231.963257 883.482849 83.048653 986.614014
133.000000 256.582001 560.247437 155.677582 593.766724
212.000000 506.764099 1613.143677 319.874634 1976.810303
499.000000 1992.143555 1249.878052 2894.263428 1376.517090
162.000000 1998.503906 980.071411 2876.600586 903.897644
222.000000 503.386749 1641.591431 313.347473 2018.578491
904.000000 1799.553345 466.681671 2419.000000 142.000000
290.000000 519.823242 491.722900 476.704865 463.268219
106.000000 500.022308 1606.505493 311.405334 1966.406372
107.000000 514.946228 1299.916260 371.702789 1519.779907
54.000000 1982.461670 1266.550049 2888.689209 1403.037598
55.000000 1996.685669 1566.665771 2973.464600 1982.826782
164.000000 268.861969 556.576965 168.180725 589.659302
165.000000 245.442703 853.762268 101.168602 947.509705
1282.000000 296.824158 1072.708252 136.000000 1219.000000
138.000000 916.436707 933.326660 958.254944 980.119812
139.000000 924.973511 639.950745 987.950562 586.512024
121.000000 1962.413940 686.731628 2753.341553 423.927582
180.000000 536.760559 872.164551 450.000427 940.037537
181.000000 250.069519 849.134521 103.302498 943.895203
134.000000 249.974701 566.664673 147.336136 600.123962
227.000000 493.549591 1630.378418 306.638306 1999.382568
1072.000000 906.480286 1596.662476 900.000000 1970.000000
95.000000 912.798828 1313.321411 924.727112 1529.850708
392.000000 933.444275 343.336182 1018.980164 196.843140
184.000000 253.248001 861.099365 106.630013 956.805359
185.000000 530.057983 882.586182 446.699982 952.903870
186.000000 513.277283 1171.843018 386.686157 1343.910034
187.000000 236.562515 1163.422852 46.694595 1345.604248
371.000000 927.928772 346.696564 1012.693115 203.287292
210.000000 569.924927 250.446701 556.719177 169.298218
168.000000 537.510071 866.707642 452.158997 933.161316
169.000000 550.791565 593.209900 503.465454 582.864441
176.000000 934.720459 636.598755 1001.333740 580.104919
177.000000 925.288574 906.851257 974.050537 926.985229
1125.000000 552.097717 472.676605 512.000000 428.000000
247.000000 286.115448 437.501404 206.660538 442.904785
148.000000 240.619781 1613.157593 3.444816 1960.018677
149.000000 257.867889 1346.744385 66.088058 1586.569580
241.000000 1967.625732 979.955017 2811.697754 906.907288
230.000000 299.836212 214.299301 246.575897 186.146652
231.000000 560.262268 258.453186 546.723450 179.076767
232.000000 563.262573 267.084534 549.994629 189.739334
233.000000 303.375397 223.084961 249.984589 195.918655
202.000000 246.650970 1170.428833 53.327843 1353.106812
203.000000 506.790588 1179.946655 376.670685 1352.608154
1396.000000 1150.091553 293.331757 1334.000000 69.000000
166.000000 1167.410400 926.673889 1335.244141 926.721008
167.000000 1169.936035 666.666016 1345.485474 566.633057
126.000000 1163.232666 1595.524414 1300.061035 1982.882568
127.000000 906.620789 1601.293335 893.330383 1980.505615
122.000000 1163.382080 1621.698608 1303.331421 2026.914062
123.000000 909.970398 1628.968018 889.997437 2023.657104
1200.000000 1786.247559 629.643860 2415.000000 374.000000
1318.000000 1939.691162 473.347504 2685.000000 104.000000
248.000000 290.270569 444.724854 206.635605 450.595947
249.000000 536.795471 479.075470 500.006805 447.267456
584.000000 1397.288818 403.327454 1703.810059 156.660019
154.000000 1737.833618 376.621490 2287.379395 3.263765
155.000000 1747.251709 619.977356 2323.503418 373.316742
22.000000 789.911804 946.664429 778.922607 1023.229553
325.000000 277.666351 243.159576 220.722839 222.857941
548.000000 571.494019 243.413025 561.345398 163.521744
220.000000 1811.743286 650.047302 2466.636719 412.243683
170.000000 1163.705322 922.375122 1330.008057 930.982849
171.000000 926.795837 901.842712 976.643799 933.861633
1492.000000 240.069687 1105.226929 65.000000 1274.000000
334.000000 284.415283 236.748245 228.223175 216.954330
948.000000 909.885559 936.662903 953.000000 983.000000
182.000000 929.656616 917.745911 979.984985 947.223083
183.000000 1160.334839 935.697144 1326.677612 945.348267
966.000000 2019.920532 1178.390015 2940.000000 1247.000000
144.000000 920.025879 1617.658936 909.913879 1999.503906
145.000000 1150.130127 1611.660156 1290.170654 2011.044678
200.000000 1170.182861 352.296631 1350.106934 148.668594
201.000000 943.511719 312.321777 1026.769775 155.146057
156.000000 1158.359375 1543.323364 1298.826050 1893.401489
157.000000 1159.760742 1313.331909 1310.514893 1523.244385
174.000000 1156.396606 1196.183594 1309.950073 1342.130371
175.000000 929.870911 1186.288696 959.980286 1340.143433
386.000000 1278.489136 653.334045 1515.673462 529.996643
218.000000 945.575256 327.491852 1033.265381 167.076874
219.000000 1167.184937 359.775848 1343.407837 159.871323
268.000000 486.712097 1191.949829 353.338684 1371.447144
269.000000 263.291260 1184.615112 79.996765 1372.460205
1273.000000 2026.950806 1168.688965 2953.000000 1231.000000
255.000000 302.985535 613.312866 218.026169 650.216431
1151.000000 1950.804810 426.615295 2706.000000 37.000000
1395.000000 223.362625 1092.735352 42.000000 1256.000000
192.000000 933.307739 1193.876709 963.351074 1348.581787
193.000000 1150.121460 1204.086914 1296.673950 1352.754639
291.000000 306.138092 460.439240 226.700058 466.190399
242.000000 873.583618 1013.762756 890.135254 1096.465942
243.000000 660.112122 995.365662 596.784424 1090.687988
197.000000 256.760254 868.732300 110.002388 966.849609
1335.000000 213.518417 1082.885864 31.000000 1239.000000
88.000000 2024.166626 1336.615601 2987.767334 1536.485718
118.000000 1994.852905 769.918884 2832.502197 552.940247
287.000000 270.150238 1198.222412 93.333923 1383.378296
307.000000 480.262634 1204.398804 346.679810 1388.906372
435.000000 1288.357422 669.999695 1531.258179 543.350647
238.000000 1156.630493 556.922607 1326.704468 422.381866
239.000000 949.858765 527.664795 1030.006714 427.092651
266.000000 1129.109619 706.660400 1296.593872 636.550537
267.000000 1127.655640 913.340271 1287.267944 910.020508
236.000000 949.892822 534.086060 1029.971313 434.926300
237.000000 1153.371338 563.066589 1326.667358 430.043457
211.000000 294.995880 207.109558 240.112183 175.619095
288.000000 469.975098 1344.994629 326.657837 1583.921631
289.000000 266.637482 1341.946777 73.381493 1580.122681
1056.000000 314.629822 477.229279 243.000000 486.000000
743.000000 514.970215 504.751526 470.000000 482.000000
544.000000 424.680176 213.424301 409.100037 163.730377
244.000000 1083.411011 1631.155518 1166.769409 2036.847290
320.000000 502.992859 632.985535 449.991547 641.572205
321.000000 306.224365 610.545044 223.330093 642.658875
536.000000 335.180237 200.120438 307.544342 164.035080
314.000000 482.895020 327.989227 444.141907 280.607361
315.000000 289.454376 335.048492 216.514984 325.767151
479.000000 666.663391 963.371399 613.260925 1048.077515
355.000000 1909.337524 970.031433 2688.376953 895.966614
252.000000 1129.980957 1213.761841 1276.649658 1369.453125
253.000000 949.891602 1205.778564 989.973389 1367.708252
415.000000 1357.844727 676.652222 1631.639160 539.988403
278.000000 1139.622070 572.755432 1306.700562 444.890839
279.000000 963.075928 548.543701 1050.010254 450.470490
1529.000000 545.655518 179.952759 537.000000 93.000000
543.000000 1240.792236 716.667969 1455.205322 623.369934
296.000000 680.386780 975.545105 626.564819 1059.422607
297.000000 853.859497 990.605896 870.276001 1063.498413
188.000000 1973.663330 484.557037 2750.148438 111.190361
189.000000 1803.143188 457.882324 2413.406494 122.233818
1150.000000 957.554810 860.017517 1019.000000 867.000000
257.000000 960.907776 690.017883 1050.901001 640.055420
553.000000 215.133713 1123.445679 27.443216 1293.459961
358.000000 1750.756226 640.659729 2313.763672 405.463531
206.000000 1806.683228 466.555359 2423.293701 132.225510
204.000000 1969.870972 490.866180 2743.324463 129.744568
476.000000 1713.399414 716.664368 2267.557617 536.586365
270.000000 949.935608 1584.028564 969.999817 1952.806030
271.000000 1113.334351 1580.041138 1243.334229 1952.721802
198.000000 1976.386108 668.848999 2783.464111 394.798004
199.000000 1816.457764 648.291382 2460.098633 403.619171
332.000000 653.318054 1003.572998 586.672363 1101.526978
333.000000 813.516663 1013.792725 806.669312 1100.705444
280.000000 956.606812 1218.286011 1006.658752 1384.244995
281.000000 1116.757690 1224.204102 1263.392822 1386.469604
304.000000 1123.057129 702.490784 1293.312378 625.365540
305.000000 966.102844 685.083801 1056.653442 629.174927
447.000000 1655.705811 713.360168 2160.007568 526.666138
823.000000 295.000000 417.000000 219.000000 419.000000
1145.000000 563.000000 406.000000 538.000000 356.000000
700.000000 941.000000 458.000000 1025.000000 340.000000
1005.000000 551.000000 280.000000 535.000000 208.000000
640.000000 513.000000 301.000000 486.000000 240.000000
875.000000 489.000000 397.000000 448.000000 359.000000
684.000000 371.000000 345.000000 314.000000 321.000000
810.000000 503.000000 460.000000 457.000000 431.000000
719.000000 358.000000 336.000000 302.000000 313.000000
769.000000 916.000000 1620.000000 906.000000 2010.000000
651.000000 1065.000000 1416.000000 1175.000000 1690.000000
985.000000 1945.000000 1528.000000 2852.000000 1906.000000
1152.000000 968.000000 380.000000 1065.000000 234.000000
727.000000 470.000000 434.000000 422.000000 406.000000
1074.000000 1823.000000 612.000000 2469.000000 347.000000
747.000000 1169.000000 491.000000 1350.000000 331.000000
708.000000 1343.000000 402.000000 1608.000000 164.000000
1174.000000 1058.000000 1437.000000 1161.000000 1721.000000
682.000000 262.000000 910.000000 114.000000 1018.000000
1195.000000 1952.000000 535.000000 2702.000000 185.000000
645.000000 283.000000 405.000000 207.000000 407.000000
770.000000 969.000000 470.000000 1063.000000 348.000000
1044.000000 1974.000000 627.000000 2773.000000 331.000000
1292.000000 938.000000 476.000000 1019.000000 364.000000
624.000000 398.000000 1535.000000 213.000000 1858.000000
996.000000 1522.000000 455.000000 1913.000000 196.000000
705.000000 518.000000 927.000000 423.000000 1014.000000
620.000000 957.000000 482.000000 1045.000000 367.000000
618.000000 331.000000 419.000000 259.000000 415.000000
1305.000000 945.000000 528.000000 1026.000000 428.000000
730.000000 555.000000 588.000000 509.000000 578.000000
1146.000000 345.000000 284.000000 291.000000 256.000000
1040.000000 1123.000000 545.000000 1278.000000 414.000000
1046.000000 223.000000 1054.000000 47.000000 1205.000000
1227.000000 1861.000000 830.000000 2575.000000 684.000000
748.000000 492.000000 915.000000 392.000000 1001.000000
1267.000000 1019.000000 953.000000 1108.000000 994.000000
158.000000 2005.000000 1228.000000 2929.991943 1339.022827
1064.000000 373.000000 954.000000 239.000000 1064.000000
711.000000 396.000000 382.000000 339.000000 359.000000
1343.000000 519.000000 1128.000000 399.000000 1283.000000
1378.000000 296.000000 927.000000 151.000000 1036.000000
611.000000 308.000000 390.000000 236.000000 385.000000
977.000000 1824.000000 991.000000 2343.000000 887.000000
655.000000 248.000000 868.000000 104.000000 967.000000
819.000000 482.000000 389.000000 441.000000 351.000000
648.000000 995.000000 469.000000 1099.000000 342.000000
1382.000000 658.000000 972.000000 599.000000 1060.000000
796.000000 990.000000 483.000000 1090.000000 360.000000
625.000000 942.000000 496.000000 1023.000000 388.000000
880.000000 550.000000 304.000000 531.000000 236.000000
891.000000 1692.000000 458.000000 2210.000000 153.000000
1507.000000 1476.000000 902.000000 1665.000000 793.000000
757.000000 301.000000 1119.000000 131.000000 1284.000000
1554.000000 1328.000000 435.000000 1586.000000 213.000000
1434.000000 335.000000 1143.000000 167.000000 1314.000000
1258.000000 401.000000 406.000000 343.000000 386.000000
876.000000 366.000000 1574.000000 168.000000 1913.000000
899.000000 951.000000 508.000000 1034.000000 402.000000
607.000000 524.000000 417.000000 488.000000 376.000000
751.000000 1927.000000 1066.000000 2728.000000 1051.000000
578.000000 245.000000 538.000000 150.695404 570.120361
1446.000000 938.000000 545.000000 1023.000000 453.000000
929.000000 1174.000000 388.000000 1350.000000 184.000000
1288.000000 1972.000000 641.000000 2772.000000 354.000000
958.000000 1546.000000 963.000000 1771.000000 865.000000
1410.000000 1461.000000 892.000000 1462.000000 839.000000
771.000000 528.000000 1147.000000 408.000000 1307.000000
1566.000000 1664.000000 924.000000 1688.000000 810.000000
828.000000 346.000000 391.000000 280.000000 379.000000
1087.000000 1589.000000 381.000000 2025.000000 75.000000
791.000000 1807.000000 487.000000 2427.000000 165.000000
701.000000 1249.000000 646.000000 1470.000000 524.000000
85.000000 531.000000 1108.000000 416.666656 1256.666626
659.000000 388.000000 443.000000 323.000000 432.000000
874.000000 544.000000 1086.000000 436.000000 1223.000000
1147.000000 1462.000000 881.000000 1620.000000 761.000000
1032.000000 1162.000000 957.000000 1328.000000 965.000000
1355.000000 1128.000000 507.000000 1301.000000 352.000000
1503.000000 1825.000000 514.000000 2463.000000 199.000000
914.000000 222.000000 1135.000000 33.000000 1308.000000
839.000000 923.000000 1112.000000 955.000000 1232.000000
1019.000000 1822.000000 925.000000 2333.000000 773.000000
1113.000000 1137.000000 983.000000 1277.000000 1008.000000
1491.000000 519.000000 902.000000 428.000000 980.000000
300.000000 963.000000 562.000000 1059.826294 471.723328
1465.000000 1868.000000 707.000000 2594.000000 499.000000
707.000000 377.000000 1535.000000 186.000000 1857.000000
808.000000 1340.000000 389.000000 1604.000000 149.000000
864.000000 1679.000000 438.000000 2181.000000 127.000000
709.000000 847.000000 649.000000 882.000000 605.000000
1002.000000 322.000000 1144.000000 152.000000 1315.000000
932.000000 1226.000000 575.000000 1436.000000 432.000000
716.000000 957.000000 368.000000 1050.000000 221.000000
1405.000000 878.000000 1247.000000 672.000000 1432.000000
657.000000 1646.000000 681.000000 2133.000000 488.000000
800.000000 526.000000 293.000000 504.000000 228.000000
1207.000000 567.000000 597.000000 522.000000 587.000000
1575.000000 1925.000000 714.000000 2713.000000 497.000000
1468.000000 233.000000 1080.000000 54.000000 1237.000000
806.000000 1023.000000 531.000000 1135.000000 416.000000
729.000000 1429.000000 565.000000 1756.000000 374.000000
980.000000 560.000000 289.000000 545.000000 217.000000
825.000000 1154.000000 399.000000 1330.000000 215.000000
694.000000 974.000000 348.000000 1075.000000 192.000000
1105.000000 1967.000000 516.000000 2743.000000 162.000000
965.000000 276.000000 457.000000 198.000000 468.000000
739.000000 492.000000 417.000000 450.000000 382.000000
1104.000000 1485.000000 977.000000 1623.000000 913.000000
1287.000000 523.000000 1093.000000 408.000000 1235.000000
811.000000 974.000000 1136.000000 1030.000000 1263.000000
672.000000 1029.000000 371.000000 1151.000000 209.000000
1198.000000 1525.000000 896.000000 1602.000000 780.000000
855.000000 574.000000 291.000000 561.000000 216.000000
1051.000000 1137.000000 491.000000 1302.000000 339.000000
1073.000000 296.000000 1105.000000 126.000000 1266.000000
1099.000000 959.000000 933.000000 1022.000000 973.000000
391.000000 1163.000000 947.000000 1326.656982 960.215576
883.000000 906.000000 1147.000000 928.000000 1283.000000
824.000000 1316.000000 384.000000 1569.000000 150.000000
1244.000000 1138.000000 407.000000 1307.000000 227.000000
1314.000000 926.000000 938.000000 974.000000 983.000000
1115.000000 2010.000000 1167.000000 2930.000000 1228.000000
570.000000 1023.000000 1332.000000 1114.953247 1556.566895
1256.000000 385.000000 1559.000000 194.000000 1891.000000
805.000000 1603.000000 888.000000 1872.000000 741.000000
1323.000000 1641.000000 540.000000 2115.000000 280.000000
475.000000 1293.000000 577.000000 1523.239258 412.334869
602.000000 979.000000 1147.000000 1037.000000 1280.000000
782.000000 325.000000 376.000000 257.000000 366.000000
873.000000 1691.000000 472.000000 2213.000000 176.000000
793.000000 939.000000 445.000000 1022.000000 323.000000
1514.000000 1387.000000 643.000000 1689.000000 491.000000
762.000000 261.000000 880.000000 117.000000 981.000000
1505.000000 349.000000 1122.000000 187.000000 1285.000000
963.000000 494.000000 927.000000 393.000000 1016.000000
1077.000000 393.000000 1583.000000 200.000000 1925.000000
908.000000 959.000000 948.000000 1020.000000 993.000000
135.000000 227.000000 887.000000 74.602646 992.951172
1182.000000 530.000000 311.000000 507.000000 249.000000
474.000000 1397.000000 585.000000 1699.908936 395.699310
870.000000 1449.000000 882.000000 1600.000000 764.000000
390.000000 1024.000000 926.000000 1129.991821 959.679871
1363.000000 1658.000000 514.000000 2153.000000 242.000000
1095.000000 1560.000000 905.000000 1793.000000 783.000000
673.000000 1545.000000 905.000000 1439.000000 873.000000
897.000000 451.000000 390.000000 403.000000 358.000000
1416.000000 971.000000 961.000000 1021.000000 1012.000000
643.000000 1331.000000 647.000000 1593.000000 507.000000
600.000000 1448.000000 532.000000 1772.000000 314.000000
1209.000000 1883.000000 1183.000000 2655.000000 1270.000000
724.000000 343.000000 263.000000 292.000000 233.000000
1235.000000 975.000000 524.000000 1069.000000 417.000000
1170.000000 470.000000 304.000000 435.000000 254.000000
1018.000000 1162.000000 386.000000 1343.000000 195.000000
857.000000 1518.000000 491.000000 1883.000000 247.000000
338.000000 1758.000000 627.000000 2319.939697 377.666565
1543.000000 1249.000000 924.000000 1407.000000 878.000000
956.000000 248.000000 888.000000 101.000000 992.000000
1050.000000 1758.000000 648.000000 2348.000000 418.000000
1547.000000 1132.000000 530.000000 1310.000000 395.000000
1563.000000 1833.000000 631.000000 2490.000000 374.000000
1445.000000 716.000000 575.000000 714.000000 533.000000
1391.000000 1933.000000 1516.000000 2822.000000 1881.000000
1139.000000 1665.000000 970.000000 1690.000000 889.000000
695.000000 389.000000 355.000000 334.000000 329.000000
745.000000 524.000000 407.000000 490.000000 363.000000
779.000000 440.000000 280.000000 402.000000 232.000000
1109.000000 2015.000000 1147.000000 2934.000000 1209.000000
1069.000000 1332.000000 894.000000 1461.000000 823.000000
749.000000 984.000000 384.000000 1086.000000 236.000000
1096.000000 630.000000 828.000000 576.000000 871.000000
1340.000000 1621.000000 496.000000 2084.000000 226.000000
759.000000 1474.000000 679.000000 1853.000000 533.000000
1281.000000 1802.000000 586.000000 2426.000000 315.000000
613.000000 986.000000 520.000000 1084.000000 409.000000
1422.000000 1473.000000 1248.000000 1890.000000 1415.000000
1435.000000 515.000000 312.000000 488.000000 253.000000
1222.000000 1274.000000 614.000000 1511.000000 476.000000
689.000000 1921.000000 1023.000000 2712.000000 989.000000
1457.000000 1063.000000 378.000000 1302.000000 207.000000
851.000000 1780.000000 970.000000 2185.000000 848.000000
1135.000000 714.000000 609.000000 710.000000 576.000000
1463.000000 1914.000000 523.000000 2611.000000 185.000000
623.000000 402.000000 1573.000000 213.000000 1912.000000
1540.000000 1143.000000 512.000000 1313.000000 364.000000
1453.000000 1166.000000 1173.000000 1326.000000 1306.000000
726.000000 1044.000000 1449.000000 1139.000000 1742.000000
565.000000 1043.000000 1332.000000 1144.221558 1557.013306
631.000000 483.000000 447.000000 435.000000 419.000000
617.000000 384.000000 343.000000 329.000000 316.000000
661.000000 374.000000 1583.000000 175.000000 1924.000000
668.000000 287.000000 883.000000 148.000000 982.000000
1100.000000 326.000000 279.000000 270.000000 254.000000
677.000000 356.000000 949.000000 220.000000 1058.000000
736.000000 249.000000 936.000000 95.000000 1052.000000
1107.000000 1138.000000 547.000000 1301.000000 413.000000
939.000000 967.000000 973.000000 1030.000000 1029.000000
1316.000000 1353.000000 544.000000 1625.000000 343.000000
833.000000 297.000000 223.000000 245.000000 197.000000
742.000000 546.000000 429.000000 514.000000 386.000000
1489.000000 1676.000000 521.000000 2182.000000 248.000000
927.000000 1710.000000 662.000000 2231.000000 429.000000
767.000000 1582.000000 906.000000 1689.000000 774.000000
960.000000 287.000000 899.000000 145.000000 1001.000000
998.000000 1947.000000 506.000000 2701.000000 153.000000
1192.000000 1391.000000 723.000000 1727.000000 610.000000
968.000000 1288.000000 540.000000 1531.000000 370.000000
1349.000000 1862.000000 521.000000 2538.000000 201.000000
1447.000000 539.000000 1131.000000 423.000000 1285.000000
740.000000 1498.000000 900.000000 1768.000000 786.000000
936.000000 565.000000 279.000000 552.000000 205.000000
246.000000 540.000000 473.000000 500.029205 438.708679
1555.000000 1974.000000 1182.000000 2849.000000 1258.000000
301.000000 1126.000000 583.000000 1296.668457 466.753845
1141.000000 346.000000 431.000000 275.000000 427.000000
1550.000000 1021.000000 381.000000 1139.000000 223.000000
865.000000 316.000000 267.000000 260.000000 242.000000
1303.000000 487.000000 436.000000 442.000000 406.000000
967.000000 410.000000 374.000000 356.000000 347.000000
910.000000 572.000000 454.000000 543.000000 412.000000
1528.000000 1708.000000 933.000000 1759.000000 804.000000
1118.000000 348.000000 274.000000 296.000000 245.000000
644.000000 461.000000 1113.000000 328.000000 1265.000000
1252.000000 1213.000000 1103.000000 1405.000000 1177.000000
943.000000 939.000000 958.000000 990.000000 1010.000000
1062.000000 1247.000000 657.000000 1454.000000 541.000000
1377.000000 914.000000 619.000000 965.000000 551.000000
265.000000 1889.000000 1568.000000 2683.325439 1980.776733
1129.000000 1155.000000 528.000000 1328.000000 382.000000
385.000000 1033.000000 344.000000 1146.666260 173.315002
635.000000 371.000000 1069.000000 222.000000 1213.000000
1140.000000 1036.000000 955.000000 1093.000000 1011.000000
380.000000 914.000000 1162.000000 941.089294 1309.842285
1251.000000 489.000000 1557.000000 317.000000 1891.000000
669.000000 291.000000 363.000000 220.000000 358.000000
1373.000000 451.000000 735.000000 392.000000 714.000000
1184.000000 683.000000 839.000000 646.000000 877.000000
1296.000000 1476.000000 961.000000 1654.000000 889.000000
798.000000 303.000000 246.000000 248.000000 222.000000
1185.000000 1070.000000 1447.000000 1181.000000 1741.000000
797.000000 229.000000 1185.000000 35.000000 1375.000000
916.000000 1150.000000 950.000000 1312.000000 970.000000
546.000000 1979.000000 517.000000 2772.009033 163.537827
1138.000000 349.000000 418.000000 280.000000 410.000000
1082.000000 758.000000 657.000000 762.000000 631.000000
666.000000 413.000000 346.000000 363.000000 313.000000
850.000000 674.000000 969.000000 620.000000 1054.000000
1058.000000 470.000000 356.000000 430.000000 314.000000
1490.000000 1434.000000 892.000000 1572.000000 783.000000
1264.000000 1650.000000 434.000000 2130.000000 130.000000
615.000000 1342.000000 482.000000 1605.000000 272.000000
1456.000000 378.000000 438.000000 301.000000 428.000000
1268.000000 453.000000 1089.000000 320.000000 1234.000000
619.000000 1794.000000 484.000000 2411.000000 154.000000
1071.000000 1760.000000 701.000000 2344.000000 487.000000
940.000000 1739.000000 903.000000 2074.000000 740.000000
830.000000 235.000000 535.000000 136.000000 566.000000
491.000000 581.000000 1239.000000 470.015778 1434.087280
1370.000000 401.000000 271.000000 358.000000 230.000000
1247.000000 1434.000000 552.000000 1764.000000 354.000000
1368.000000 1835.000000 987.000000 2364.000000 881.000000
1215.000000 1633.000000 922.000000 1926.000000 792.000000
1068.000000 1524.000000 710.000000 1938.000000 569.000000
871.000000 1761.000000 715.000000 2359.000000 520.000000
1412.000000 1673.000000 532.000000 2172.000000 258.000000
1411.000000 1122.000000 984.000000 1264.000000 1026.000000
1067.000000 1541.000000 884.000000 1689.000000 755.000000
1308.000000 1081.000000 981.000000 1224.000000 1026.000000
983.000000 1126.000000 945.000000 1257.000000 968.000000
1295.000000 1224.000000 607.000000 1433.000000 477.000000
1042.000000 483.000000 940.000000 379.000000 1033.000000
1153.000000 1456.000000 388.000000 1813.000000 126.000000
1527.000000 1358.000000 891.000000 1447.000000 831.000000
1055.000000 948.000000 349.000000 1038.000000 201.000000
1092.000000 318.000000 1113.000000 151.000000 1276.000000
1338.000000 1953.000000 615.000000 2726.000000 318.000000
900.000000 372.000000 334.000000 318.000000 308.000000
1455.000000 1177.000000 1116.000000 1345.000000 1218.000000

5.000000 655.446716 46.611279 614.279236 953.376282 672.796692 2.851271 543.141174 1043.724609
22.000000 108.073875 903.449829 182.603607 2.997037 1.462662 716.293152 143.930435 2.786983
10.000000 679.185730 946.773010 716.904968 53.343395 629.724854 1023.686157 747.479370 3.042521
9.000000 838.816162 963.296509 865.649048 99.968376 846.946167 1029.730713 937.474243 3.110610
18.000000 824.602173 156.706772 799.321045 956.645203 866.942444 216.692535 792.502930 1010.234802
7.000000 625.062500 946.742737 658.359070 190.074478 558.098816 1030.175415 683.863098 3.398224
20.000000 1233.721802 160.001923 1230.088257 896.683533 1452.986328 3.261964 1437.664795 793.352661
8.000000 2018.038574 326.779114 2059.677246 1053.160767 2841.553711 3.065058 3017.034180 1019.361023
11.000000 797.016235 703.291199 818.842163 83.294266 778.922607 1023.229553 877.148193 3.379709
1.000000 1903.391357 1029.146484 1366.484375 992.683472 2519.964844 930.184387 1426.581665 942.388306
19.000000 2059.717529 516.684021 2092.326416 1046.728638 2929.304932 132.851044 3072.505127 916.208679
2.000000 1376.519043 1005.604248 1903.343506 1039.844116 1436.596924 963.608765 2503.354736 951.965271
6.000000 1376.624268 1017.326721 1903.472046 1051.173950 1446.553833 982.963379 2493.314209 971.567627
4.000000 1893.270386 1057.684326 1370.083374 1025.318848 2499.979492 984.762756 1439.923218 996.231079
80.000000 2084.488770 1049.929321 2052.706299 530.038330 3045.749268 843.499390 2980.543701 483.234924
15.000000 1876.870361 911.042847 1376.971069 866.577515 2436.575439 730.585144 1466.543701 745.128479
52.000000 694.723999 356.585388 673.938538 853.358643 670.624268 573.005737 614.933960 1033.526855
14.000000 1880.010498 1009.858276 1386.897217 973.536621 2453.258545 905.322021 1473.250610 914.482178
171.000000 233.508209 1137.317017 203.284271 1610.209961 39.239510 1383.791260 1.516616 1595.750122
13.000000 1840.381226 895.782349 1373.311768 853.571289 2446.646240 711.751892 1463.218872 724.508301
183.000000 466.643097 1649.295776 930.014832 1633.777100 473.283173 2042.945190 269.952057 2039.482910
25.000000 921.839111 1166.727295 916.838440 1593.374390 957.612122 1343.137451 906.715698 1963.610840
50.000000 970.012817 1106.368042 549.927795 1088.349365 926.666687 1223.294556 440.000000 1223.349365
28.000000 1192.043091 539.624939 1172.545166 953.296204 1378.300415 385.882599 1348.343262 960.261292
65.000000 1240.306641 556.667236 1241.040405 160.001923 1457.135010 406.731995 1464.067627 3.288673
32.000000 516.576416 1579.519165 903.263123 1570.367432 333.360107 1925.268799 883.361328 1928.380493
40.000000 916.768372 1134.500610 533.185181 1116.488770 949.998779 1264.986328 416.665741 1265.366455
35.000000 519.984802 1511.951660 903.345093 1507.735107 346.695404 1825.527100 890.027710 1829.018311
39.000000 526.649475 1379.696899 906.675049 1381.853760 373.333252 1633.454346 906.666443 1633.763428
38.000000 523.325012 1446.096924 903.337463 1445.288574 360.025726 1729.053101 896.693054 1732.278809
43.000000 536.660156 1106.798828 913.396973 1125.376465 423.332977 1251.931274 943.333801 1251.804810
41.000000 529.986023 1314.150024 906.656677 1320.585449 386.672699 1539.867432 916.659485 1540.790039
46.000000 906.843506 1116.401245 540.079834 1098.375732 929.997498 1238.576904 429.993164 1239.458862
48.000000 540.012573 1249.515625 903.447388 1258.928589 409.996033 1448.748047 906.670959 1448.319458
36.000000 1628.200684 1643.383057 1624.679810 1280.019287 2164.846191 2046.958618 2134.252930 1506.803345
21.000000 1816.783081 1078.194458 1456.776123 1054.970337 2336.632812 1032.780273 1603.297119 1039.171631
45.000000 543.389160 1185.016602 903.315552 1197.192383 419.982727 1358.818481 920.013672 1356.906860
23.000000 2029.178955 1566.879028 2011.119629 1213.616943 3045.507568 1990.765625 2935.026367 1342.476807
138.000000 1265.531006 1146.613647 1274.064941 1499.982300 1576.712280 1183.333130 1577.831543 1446.661743
31.000000 1123.558228 1240.001587 1121.049194 1590.007568 1270.392212 1406.681519 1248.983521 1969.961426
70.000000 1755.273560 623.525635 1741.295166 279.947296 2337.933350 393.532166 2300.360596 2.977970
33.000000 1514.489746 1636.636719 1505.930298 1306.685791 1952.663086 2046.702515 1923.607666 1503.496948
66.000000 231.963257 883.482849 256.582001 560.247437 83.048653 986.614014 155.677582 593.766724
106.000000 506.764099 1613.143677 189.988449 1622.960815 319.874634 1976.810303 3.297522 1972.897339
16.000000 1477.162354 867.827148 1790.358032 896.023071 1583.262085 728.151733 2439.988037 724.128601
34.000000 2009.987671 1563.523682 1992.143555 1249.878052 2988.734131 1910.192993 2906.808350 1372.803589
81.000000 1998.503906 980.071411 1983.546997 666.815613 2876.600586 903.897644 2816.744141 543.320435
111.000000 503.386749 1641.591431 193.288574 1651.999634 313.347473 2018.578491 3.311832 2015.495850
53.000000 500.022308 1606.505493 514.946228 1299.916260 311.405334 1966.406372 371.702789 1519.779907
27.000000 1982.461670 1266.550049 1996.685669 1566.665771 2888.689209 1403.037598 2973.464600 1982.826782
82.000000 268.861969 556.576965 245.442703 853.762268 168.180725 589.659302 101.168602 947.509705
69.000000 916.436707 933.326660 924.973511 639.950745 958.254944 980.119812 987.950562 586.512024
60.000000 1982.905518 976.696899 1962.413940 686.731628 2826.985840 836.013916 2753.341553 423.927582
90.000000 536.760559 872.164551 250.069519 849.134521 450.000427 940.037537 103.302498 943.895203
30.000000 708.389526 63.257824 694.941589 350.075409 735.859436 2.859750 671.355774 566.821716
67.000000 249.974701 566.664673 227.420364 850.059998 147.336136 600.123962 74.602646 992.951172
113.000000 209.869629 1639.086304 493.549591 1630.378418 3.296023 1997.960938 306.638306 1999.382568
47.000000 906.480286 1596.662476 912.798828 1313.321411 886.472961 2026.651733 924.727112 1529.850708
196.000000 933.444275 343.336182 940.605591 63.348824 1018.980164 196.843140 1033.758423 3.111486
17.000000 1217.893311 1443.308228 1221.224121 1163.347900 1472.527466 2023.471558 1485.161743 1183.310669
92.000000 253.248001 861.099365 530.057983 882.586182 106.630013 956.805359 446.699982 952.903870
93.000000 513.277283 1171.843018 236.562515 1163.422852 386.686157 1343.910034 46.694595 1345.604248
185.000000 934.484802 70.027283 927.928772 346.696564 1027.071411 3.362439 1012.693115 203.287292
105.000000 569.924927 250.446701 299.716553 205.019226 556.719177 169.298218 240.112183 175.619095
84.000000 537.510071 866.707642 550.791565 593.209900 452.158997 933.161316 503.465454 582.864441
88.000000 934.720459 636.598755 925.288574 906.851257 1001.333740 580.104919 974.050537 926.985229
123.000000 552.097717 472.676605 286.115448 437.501404 500.029205 438.708679 206.660538 442.904785
74.000000 240.619781 1613.157593 257.867889 1346.744385 3.444816 1960.018677 66.088058 1586.569580
120.000000 1955.124756 713.405640 1967.625732 979.955017 2768.542725 613.547729 2811.697754 906.907288
115.000000 299.836212 214.299301 560.262268 258.453186 246.575897 186.146652 546.723450 179.076767
116.000000 563.262573 267.084534 303.375397 223.084961 549.994629 189.739334 249.984589 195.918655
101.000000 246.650970 1170.428833 506.790588 1179.946655 53.327843 1353.106812 376.670685 1352.608154
83.000000 1167.410400 926.673889 1169.936035 666.666016 1335.244141 926.721008 1345.485474 566.633057
63.000000 1163.232666 1595.524414 906.620789 1601.293335 1300.061035 1982.882568 893.330383 1980.505615
61.000000 1163.382080 1621.698608 909.970398 1628.968018 1303.331421 2026.914062 889.997437 2023.657104
55.000000 1816.743774 879.175842 1786.247559 629.643860 2475.992432 861.713379 2421.306396 434.366730
124.000000 290.270569 444.724854 536.795471 479.075470 206.635605 450.595947 500.006805 447.267456
292.000000 1397.288818 403.327454 1394.953979 156.651321 1703.810059 156.660019 1701.671997 3.310022
77.000000 1737.833618 376.621490 1747.251709 619.977356 2287.379395 3.263765 2323.503418 373.316742
162.000000 295.529663 3.248675 277.666351 243.159576 260.784454 2.869163 220.722839 222.857941
274.000000 571.494019 243.413025 584.306396 3.207439 561.345398 163.521744 583.833008 2.936518
85.000000 1163.705322 922.375122 926.795837 901.842712 1330.008057 930.982849 976.643799 933.861633
167.000000 284.415283 236.748245 302.021545 3.234428 228.223175 216.954330 267.778168 2.922719
64.000000 917.522278 703.361328 909.885559 936.662903 981.499451 583.446533 951.054443 986.746277
91.000000 929.656616 917.745911 1160.334839 935.697144 979.984985 947.223083 1326.677612 945.348267
72.000000 920.025879 1617.658936 1150.130127 1611.660156 909.913879 1999.503906 1290.170654 2011.044678
100.000000 1170.182861 352.296631 943.511719 312.321777 1350.106934 148.668594 1026.769775 155.146057
78.000000 1158.359375 1543.323364 1159.760742 1313.331909 1298.826050 1893.401489 1310.514893 1523.244385
87.000000 1156.396606 1196.183594 929.870911 1186.288696 1309.950073 1342.130371 959.980286 1340.143433
193.000000 1278.489136 653.334045 1278.595459 880.000671 1515.673462 529.996643 1515.006836 726.672363
109.000000 945.575256 327.491852 1167.184937 359.775848 1033.265381 167.076874 1343.407837 159.871323
134.000000 486.712097 1191.949829 263.291260 1184.615112 353.338684 1371.447144 79.996765 1372.460205
127.000000 290.050964 833.336304 302.985535 613.312866 172.968552 933.275269 218.026169 650.216431
26.000000 943.153625 1573.329834 947.497620 1353.349731 984.293579 1373.176514 945.067566 1966.781250
96.000000 933.307739 1193.876709 1150.121460 1204.086914 963.351074 1348.581787 1296.673950 1352.754639
145.000000 519.823242 491.722900 306.138092 460.439240 476.704865 463.268219 226.700058 466.190399
121.000000 873.583618 1013.762756 660.112122 995.365662 890.135254 1096.465942 596.784424 1090.687988
98.000000 469.916382 884.466003 256.760254 868.732300 439.989594 962.537781 110.002388 966.849609
44.000000 2024.166626 1336.615601 2037.043579 1546.643555 2987.767334 1536.485718 3071.596191 2046.404297
59.000000 1994.852905 769.918884 2006.070435 980.031860 2832.502197 552.940247 2897.555176 967.050720
153.000000 270.150238 1198.222412 480.262634 1204.398804 110.021271 1390.294067 346.679810 1388.906372
217.000000 1288.319824 880.000305 1288.357422 669.999695 1528.731934 726.695129 1531.258179 543.350647
119.000000 1156.630493 556.922607 949.858765 527.664795 1326.704468 422.381866 1030.006714 427.092651
133.000000 1129.109619 706.660400 1127.655640 913.340271 1296.593872 636.550537 1287.267944 910.020508
118.000000 949.892822 534.086060 1153.371338 563.066589 1029.971313 434.926300 1326.667358 430.043457
260.000000 313.063110 3.309378 294.995880 207.109558 284.397797 2.830702 247.879700 167.673828
144.000000 469.975098 1344.994629 266.637482 1341.946777 326.657837 1583.921631 73.381493 1580.122681
168.000000 314.629822 477.229279 514.970215 504.751526 249.726242 489.895752 466.715973 486.353760
272.000000 424.680176 213.424301 438.187927 13.436084 409.100037 163.730377 435.394135 2.581810
277.000000 543.335632 36.666794 532.107239 236.597809 574.075928 3.021378 554.799744 163.108536
122.000000 1083.411011 1631.155518 1283.179932 1617.718750 1166.769409 2036.847290 1460.046875 2028.269043
160.000000 502.992859 632.985535 306.224365 610.545044 449.991547 641.572205 223.330093 642.658875
268.000000 335.180237 200.120438 348.021149 3.204292 307.544342 164.035080 334.478088 2.413125
157.000000 482.895020 327.989227 289.454376 335.048492 444.141907 280.607361 216.514984 325.767151
239.000000 850.079468 979.071716 666.663391 963.371399 790.031799 1045.642212 613.260925 1048.077515
177.000000 1900.792847 789.804382 1909.337524 970.031433 2659.731689 689.574585 2688.376953 895.966614
126.000000 1129.980957 1213.761841 949.891602 1205.778564 1276.649658 1369.453125 989.973389 1367.708252
207.000000 1360.051025 856.666016 1357.844727 676.652222 1632.958618 726.669312 1631.639160 539.988403
139.000000 1139.622070 572.755432 963.075928 548.543701 1306.700562 444.890839 1050.010254 450.470490
271.000000 1240.504517 893.334167 1240.792236 716.667969 1452.010376 786.640808 1455.205322 623.369934
148.000000 680.386780 975.545105 853.859497 990.605896 626.564819 1059.422607 870.276001 1063.498413
94.000000 1973.663330 484.557037 1803.143188 457.882324 2750.148438 111.190361 2413.406494 122.233818
158.000000 1123.337158 423.650909 953.158875 425.731934 1246.921997 255.983749 1022.690125 305.225311
128.000000 957.554810 860.017517 960.907776 690.017883 1033.479858 923.342346 1050.901001 640.055420
276.000000 204.738724 1290.087646 215.133713 1123.445679 1.424487 1453.022095 27.443216 1293.459961
173.000000 1283.418091 1621.432129 1450.032104 1618.469971 1459.924683 2044.488281 1673.348755 2037.114136
179.000000 1750.756226 640.659729 1586.666260 620.003479 2313.763672 405.463531 2107.059326 385.859314
103.000000 1806.683228 466.555359 1969.870972 490.866180 2423.293701 132.225510 2740.032959 120.924294
238.000000 1713.399414 716.664368 1719.017944 880.033752 2267.557617 536.586365 2283.490479 713.319153
135.000000 949.935608 1584.028564 1113.334351 1580.041138 969.999817 1952.806030 1243.334229 1952.721802
213.000000 1320.000000 870.000000 1320.000000 706.666687 1573.233154 723.333191 1573.543091 536.666992
99.000000 1976.386108 668.848999 1816.457764 648.291382 2783.464111 394.798004 2460.098633 403.619171
166.000000 653.318054 1003.572998 813.516663 1013.792725 586.672363 1101.526978 806.669312 1100.705444
140.000000 956.606812 1218.286011 1116.757690 1224.204102 1006.658752 1384.244995 1263.392822 1386.469604
152.000000 1123.057129 702.490784 966.102844 685.083801 1293.312378 625.365540 1056.653442 629.174927
223.000000 1655.705811 713.360168 1660.082031 869.997681 2172.523193 706.722961 2160.007568 526.666138
194.000000 1376.572021 673.334229 1378.018433 830.018311 1641.906616 526.662537 1642.330688 723.335510
