Keypoint Matches and Line Matches for pairs 1, 9 
1 corresponds to the image ./resources/Data/EntryP10/images/0001.png 
9 corresponds to the image ./resources/Data/EntryP10/images/0009.png 

8.000000 2113.741943 1760.009766 2569.242432 1931.200317
4.000000 2210.855713 1809.926392 2615.799561 1971.301514
19.000000 2177.208496 1799.526001 2525.911377 1922.174927
56.000000 108.073875 903.449829 1515.014526 1216.676758
57.000000 182.603607 2.997037 1511.309326 606.658691
34.000000 1963.609741 1676.771606 2406.612305 1781.821533
35.000000 1153.668823 1698.928955 1623.155396 1773.577271
164.000000 1233.721802 160.001923 1861.357910 299.944794
33.000000 2059.677246 1053.160767 2633.058594 813.028687
40.000000 2202.895996 1073.586426 2877.339111 743.665405
43.000000 2158.425293 1050.100586 2795.361816 740.151611
173.000000 1960.106567 1692.271851 2406.685791 1800.799194
32.000000 2059.717529 516.684021 2552.382080 3.096048
37.000000 2092.326416 1046.728638 2682.487305 780.089417
235.000000 1376.519043 1005.604248 1937.406006 995.321472
230.000000 1376.624268 1017.326721 1938.875488 1010.321472
153.000000 1370.083374 1025.318848 1946.646973 1019.675720
74.000000 2084.488770 1049.929321 2673.626709 796.635742
205.000000 2052.706299 530.038330 2591.445068 3.190048
48.000000 1353.190308 3.943466 1958.125610 1.492312
239.000000 1376.971069 866.577515 1939.745605 842.762329
158.000000 1386.897217 973.536621 1953.786987 967.730042
126.000000 1432.450806 1133.286987 1992.740967 1126.936523
67.000000 1378.921265 1136.650513 1933.172852 1143.339355
160.000000 921.839111 1166.727295 1764.128296 1303.309082
370.000000 1192.043091 539.624939 1847.037964 666.657349
1427.000000 529.986023 1314.150024 1643.000000 1451.000000
152.000000 1816.783081 1078.194458 2320.051514 1022.113342
394.000000 1456.776123 1054.970337 2016.652222 1052.528687
866.000000 903.315552 1197.192383 1743.000000 1331.000000
1555.000000 2029.178955 1566.879028 2629.000000 1653.000000
65.000000 2011.119629 1213.616943 2579.359131 1110.686401
121.000000 1121.049194 1590.007568 1853.319336 1673.581177
79.000000 1741.295166 279.947296 2212.901855 3.368901
327.000000 2258.797363 1223.161377 3000.963379 979.865173
140.000000 1514.489746 1636.636719 2192.155762 1736.565430
380.000000 1505.930298 1306.685791 2112.013916 1346.735352
188.000000 1399.351196 59.902405 1947.453857 69.804070
151.000000 2244.029785 1010.170532 2948.089844 563.592590
575.000000 1992.143555 1249.878052 2556.403076 1165.467773
130.000000 1983.546997 666.815613 2489.571533 283.373230
1189.000000 1799.553345 466.681671 2277.000000 181.000000
232.000000 509.813904 799.993713 1622.161499 1103.343140
1556.000000 519.823242 491.722900 1609.000000 860.000000
185.000000 1597.951538 416.719452 2091.262939 300.113403
227.000000 942.403748 306.732300 1752.444458 563.268311
1466.000000 1996.685669 1566.665771 2603.000000 1652.000000
547.000000 1806.363281 453.344910 2274.234131 146.388855
535.000000 1962.413940 686.731628 2474.173828 341.341949
1089.000000 1580.262939 413.323517 2107.000000 311.000000
1256.000000 933.444275 343.336182 1735.000000 611.000000
1420.000000 299.716553 205.019226 1567.000000 708.000000
1518.000000 550.791565 593.209900 1568.000000 940.000000
184.000000 1560.766113 146.650604 2075.004395 3.241812
398.000000 1566.358887 413.339783 2049.982666 326.842712
1151.000000 1150.091553 293.331757 1820.000000 455.000000
157.000000 1786.247559 629.643860 2310.313232 416.641541
287.000000 1737.833618 376.621490 2215.273682 123.424149
100.000000 1811.743286 650.047302 2301.997559 403.202179
159.000000 926.795837 901.842712 1625.689819 1107.710327
104.000000 2253.334961 1196.632812 2995.454834 930.903564
105.000000 2020.029419 1186.020020 2582.396484 1046.657227
102.000000 2039.965332 1548.444580 2639.911865 1622.941772
98.000000 2036.656860 1495.926270 2633.204834 1537.917725
106.000000 2033.324829 1444.346436 2626.706787 1453.754883
114.000000 2019.920532 1178.390015 2583.610352 1034.320557
115.000000 2250.046143 1189.001709 2990.060791 920.216125
522.000000 1170.182861 352.296631 1837.277710 510.100739
112.000000 2029.971680 1341.628174 2609.600342 1290.972778
113.000000 2260.018066 1345.622437 3029.418213 1219.897217
108.000000 2033.319336 1392.679565 2616.112305 1372.623901
109.000000 2263.347900 1393.876343 3040.157959 1314.485229
467.000000 507.140472 636.533203 1593.164673 980.002930
466.000000 496.703064 860.157288 1595.895752 1136.621948
525.000000 1476.750366 1661.504517 2063.433105 1749.620605
407.000000 263.291260 1184.615112 2387.318604 1186.271973
128.000000 2250.060791 1182.338257 2982.905273 908.505920
138.000000 2026.950806 1168.688965 2596.629150 1009.870911
501.000000 290.050964 833.336304 1569.616333 1143.342285
502.000000 302.985535 613.312866 1566.107544 993.346436
1462.000000 1600.117920 199.997101 2093.000000 36.000000
136.000000 2029.991333 1240.263794 2602.953857 1128.427856
137.000000 2246.751709 1247.425049 2992.767334 1034.322144
134.000000 2033.302856 1291.358032 2609.842773 1209.236816
135.000000 2250.009766 1296.228271 3006.159424 1127.539307
241.000000 306.138092 460.439240 1555.316040 899.996155
461.000000 1160.000000 240.000000 1827.453491 399.974884
142.000000 2024.166626 1336.615601 2604.296387 1279.909424
149.000000 1994.852905 769.918884 2524.697754 420.201721
82.000000 2006.070435 980.031860 2540.770752 743.889648
910.000000 1156.630493 556.922607 1838.000000 699.000000
478.000000 949.858765 527.664795 1746.627686 749.909119
1212.000000 294.995880 207.109558 1549.000000 676.000000
513.000000 266.637482 1341.946777 2430.283447 1355.282227
566.000000 424.680176 213.424301 1590.181030 689.996765
567.000000 438.187927 13.436084 1587.674072 550.041687
928.000000 502.992859 632.985535 1581.000000 987.000000
290.000000 444.532806 216.743698 1549.667603 720.022949
758.000000 1136.083862 339.993500 1821.000000 507.000000
293.000000 1044.244385 320.017914 1767.317627 546.642090
463.000000 1047.918335 133.226822 1793.708618 366.652435
454.000000 1063.959595 136.673203 1802.645630 359.731628
455.000000 1062.010254 323.319519 1809.690308 516.680542
585.000000 1911.620483 1363.405273 2500.539062 1343.562744
277.000000 1900.792847 789.804382 2440.103027 527.007507
278.000000 1909.337524 970.031433 2465.293457 765.756470
618.000000 949.891602 1205.778564 1777.000000 1328.000000
1544.000000 1357.844727 676.652222 1976.000000 706.000000
1399.000000 1452.118652 1480.007080 2036.000000 1582.000000
1171.000000 1139.622070 572.755432 1834.000000 717.000000
363.000000 1328.363892 360.006866 1917.626221 420.050476
260.000000 1410.140503 76.073547 1955.287476 79.925468
255.000000 1973.663330 484.557037 2463.365234 16.707415
256.000000 1803.143188 457.882324 2268.816650 169.405823
432.000000 1558.145508 406.713715 2038.123535 323.429565
710.000000 1553.830444 236.654053 2059.000000 130.000000
1230.000000 1450.032104 1618.469971 2035.000000 1700.000000
505.000000 1750.756226 640.659729 2216.432373 461.628693
295.000000 1806.683228 466.555359 2276.851562 173.569901
296.000000 1969.870972 490.866180 2460.163086 30.208385
1277.000000 1713.399414 716.664368 2209.000000 566.000000
226.000000 982.664429 9.555290 1745.350220 296.524384
1288.000000 1141.614258 46.362473 1815.000000 244.000000
340.000000 1976.386108 668.848999 2483.283691 296.590485
254.000000 1816.457764 648.291382 2306.031006 403.979004
1361.000000 1123.057129 702.490784 1798.000000 868.000000
309.000000 1655.705811 713.360168 2143.983154 603.295288
310.000000 1660.082031 869.997681 2157.060791 826.643616
1132.000000 1376.572021 673.334229 1963.000000 712.000000
257.000000 1486.529541 376.669373 1990.989014 343.291504
433.000000 1483.427246 220.064163 2029.571533 156.688644
635.000000 1945.000000 1528.000000 2556.000000 1592.000000
896.000000 968.000000 380.000000 1806.000000 619.000000
1006.000000 1955.000000 1456.000000 2563.000000 1480.000000
601.000000 1823.000000 612.000000 2311.000000 348.000000
937.000000 1343.000000 402.000000 1917.000000 464.000000
761.000000 1952.000000 535.000000 2452.000000 111.000000
668.000000 1974.000000 627.000000 2487.000000 222.000000
1294.000000 1834.000000 929.000000 2236.000000 872.000000
1349.000000 518.000000 927.000000 3019.000000 960.000000
1170.000000 1426.000000 382.000000 1954.000000 409.000000
994.000000 1861.000000 830.000000 2399.000000 604.000000
1104.000000 913.000000 1089.000000 1755.000000 1234.000000
323.000000 2005.000000 1228.000000 2575.098145 1117.344116
848.000000 1286.000000 990.000000 2060.000000 941.000000
1431.000000 1436.000000 447.000000 1973.000000 447.000000
1381.000000 1550.000000 708.000000 2048.000000 731.000000
1512.000000 990.000000 483.000000 1765.000000 715.000000
1494.000000 1536.000000 402.000000 2033.000000 338.000000
1201.000000 1848.000000 931.000000 2256.000000 874.000000
1071.000000 1646.000000 586.000000 2116.000000 454.000000
1396.000000 1476.000000 902.000000 2082.000000 887.000000
351.000000 1656.000000 208.000000 2143.988037 53.295151
1335.000000 1863.000000 874.000000 2404.000000 665.000000
1123.000000 1701.000000 680.000000 2145.000000 552.000000
954.000000 1972.000000 641.000000 2484.000000 246.000000
1245.000000 1461.000000 892.000000 1842.000000 903.000000
145.000000 2003.000000 1047.000000 2556.322021 793.708740
177.000000 528.000000 1147.000000 1622.244751 1343.383667
1325.000000 2248.000000 1061.000000 2945.000000 639.000000
1439.000000 1869.000000 1200.000000 2353.000000 1142.000000
1219.000000 1848.000000 705.000000 2397.000000 444.000000
642.000000 1807.000000 487.000000 2285.000000 197.000000
1483.000000 1916.000000 739.000000 2472.000000 424.000000
620.000000 777.000000 18.000000 1660.000000 457.000000
1423.000000 544.000000 1086.000000 1640.000000 1278.000000
1196.000000 2020.000000 1527.000000 2399.000000 1599.000000
662.000000 1825.000000 514.000000 2305.000000 215.000000
1146.000000 1452.000000 715.000000 2029.000000 737.000000
1323.000000 1255.000000 107.000000 1893.000000 245.000000
826.000000 1460.000000 724.000000 2048.000000 688.000000
939.000000 377.000000 1535.000000 2545.000000 1565.000000
919.000000 1953.000000 1408.000000 2557.000000 1408.000000
783.000000 1679.000000 438.000000 2154.000000 268.000000
220.000000 847.000000 649.000000 1698.702637 906.694946
1322.000000 814.000000 8.000000 1778.000000 364.000000
1295.000000 1451.000000 160.000000 2008.000000 158.000000
1320.000000 1930.000000 924.000000 2488.000000 691.000000
842.000000 1646.000000 681.000000 2127.000000 578.000000
116.000000 2266.000000 1238.000000 3027.673340 1009.534363
1346.000000 567.000000 597.000000 1532.000000 974.000000
631.000000 1528.000000 379.000000 2079.000000 262.000000
1270.000000 1420.000000 892.000000 1978.000000 873.000000
900.000000 1468.000000 863.000000 2059.000000 833.000000
1025.000000 1967.000000 516.000000 2470.000000 65.000000
1193.000000 1287.000000 55.000000 1884.000000 151.000000
736.000000 1820.000000 449.000000 2294.000000 211.000000
1473.000000 1526.000000 965.000000 2095.000000 947.000000
1241.000000 1401.000000 890.000000 1961.000000 870.000000
1390.000000 1316.000000 384.000000 1938.000000 453.000000
1137.000000 1465.000000 1628.000000 2055.000000 1710.000000
72.000000 2240.000000 716.000000 2918.770996 33.043365
756.000000 1138.000000 407.000000 1823.000000 568.000000
1458.000000 1957.000000 1504.000000 2571.000000 1553.000000
655.000000 1254.000000 971.000000 1793.000000 978.000000
534.000000 1847.000000 690.000000 2351.099609 418.422363
911.000000 1947.000000 1300.000000 2543.000000 1244.000000
1370.000000 642.000000 31.000000 1630.000000 486.000000
869.000000 2010.000000 1167.000000 2573.000000 1020.000000
664.000000 1023.000000 1332.000000 1819.000000 1431.000000
651.000000 1144.000000 29.000000 1814.000000 222.000000
1039.000000 1528.000000 358.000000 2067.000000 271.000000
1118.000000 1235.000000 148.000000 1875.000000 262.000000
757.000000 1449.000000 882.000000 2045.000000 856.000000
760.000000 1658.000000 514.000000 2144.000000 362.000000
1043.000000 1670.000000 503.000000 2148.000000 347.000000
992.000000 335.000000 245.000000 1583.000000 732.000000
641.000000 1448.000000 532.000000 2076.000000 470.000000
1246.000000 1883.000000 1183.000000 2414.000000 1098.000000
831.000000 470.000000 304.000000 1589.000000 744.000000
748.000000 1518.000000 491.000000 2052.000000 442.000000
487.000000 1859.000000 788.000000 2361.117920 561.965454
948.000000 1985.000000 1046.000000 2529.000000 846.000000
1239.000000 1249.000000 924.000000 1787.000000 924.000000
1105.000000 1132.000000 530.000000 1799.000000 696.000000
1343.000000 1833.000000 631.000000 2322.000000 365.000000
984.000000 1933.000000 1516.000000 2539.000000 1574.000000
1199.000000 2015.000000 1147.000000 2580.000000 988.000000
1292.000000 1332.000000 894.000000 1874.000000 883.000000
719.000000 984.000000 384.000000 1801.000000 587.000000
1485.000000 1802.000000 586.000000 2288.000000 332.000000
1079.000000 1921.000000 1023.000000 2518.000000 824.000000
1291.000000 714.000000 609.000000 1732.000000 860.000000
319.000000 1357.000000 1061.000000 1900.758545 1063.284790
1522.000000 1914.000000 523.000000 2391.000000 168.000000
1411.000000 1873.000000 694.000000 2398.000000 413.000000
1521.000000 374.000000 1583.000000 2552.000000 1619.000000
1315.000000 1270.000000 464.000000 1892.000000 555.000000
1112.000000 1673.000000 894.000000 2135.000000 854.000000
1179.000000 1094.000000 236.000000 1819.000000 427.000000
1455.000000 2042.000000 787.000000 2592.000000 431.000000
1129.000000 1473.000000 662.000000 2021.000000 608.000000
1539.000000 1463.000000 562.000000 2030.000000 529.000000
1456.000000 1710.000000 662.000000 2177.000000 552.000000
1157.000000 1582.000000 906.000000 2150.000000 866.000000
456.000000 1614.000000 749.000000 2125.705811 670.063354
1014.000000 1862.000000 521.000000 2439.000000 123.000000
1532.000000 1448.000000 1076.000000 2010.000000 1075.000000
120.000000 539.000000 1131.000000 1843.004395 1256.757324
1446.000000 1556.000000 621.000000 2084.000000 564.000000
933.000000 2280.000000 1066.000000 3030.000000 653.000000
878.000000 1454.000000 302.000000 2013.000000 265.000000
1536.000000 1498.000000 900.000000 2024.000000 883.000000
1181.000000 292.000000 1058.000000 1778.000000 1227.000000
983.000000 1974.000000 1182.000000 2524.000000 1061.000000
1120.000000 1126.000000 583.000000 1835.000000 736.000000
1018.000000 346.000000 431.000000 2881.000000 196.000000
1213.000000 2256.000000 1052.000000 2955.000000 622.000000
1122.000000 1444.000000 817.000000 2040.000000 788.000000
854.000000 1021.000000 381.000000 1771.000000 601.000000
1304.000000 2250.000000 1160.000000 2982.000000 868.000000
406.000000 509.000000 1173.000000 2557.096924 1148.605957
233.000000 572.000000 454.000000 1619.949097 840.000427
759.000000 1447.000000 963.000000 2016.000000 952.000000
178.000000 1421.000000 89.000000 1965.324951 79.822350
1281.000000 1921.000000 1629.000000 2359.000000 1726.000000
1541.000000 1488.000000 945.000000 2018.000000 930.000000
1301.000000 1247.000000 657.000000 1895.000000 753.000000
1449.000000 1033.000000 344.000000 1774.000000 564.000000
864.000000 1621.000000 968.000000 2190.000000 951.000000
1028.000000 914.000000 1162.000000 1757.000000 1296.000000
638.000000 984.000000 1516.000000 1825.000000 1594.000000
1205.000000 1533.000000 419.000000 2023.000000 355.000000
791.000000 451.000000 735.000000 1582.000000 1060.000000
1497.000000 1476.000000 961.000000 2085.000000 943.000000
944.000000 859.000000 1790.000000 1190.000000 1929.000000
1126.000000 1003.000000 1571.000000 1827.000000 1642.000000
950.000000 1979.000000 517.000000 2484.000000 54.000000
1418.000000 1400.000000 954.000000 1962.000000 943.000000
1020.000000 1523.000000 176.000000 2057.000000 70.000000
749.000000 1093.000000 1229.000000 1816.000000 1338.000000
633.000000 1434.000000 892.000000 1921.000000 879.000000
1175.000000 1342.000000 482.000000 1917.000000 505.000000
1507.000000 1339.000000 560.000000 1945.000000 607.000000
803.000000 1525.000000 273.000000 2062.000000 177.000000
1467.000000 1794.000000 484.000000 2272.000000 207.000000
554.000000 1960.000000 1550.000000 2596.691895 1631.843750
1312.000000 1396.000000 1066.000000 1957.000000 1066.000000
1067.000000 1545.000000 796.000000 2096.000000 751.000000
624.000000 1434.000000 552.000000 1975.000000 558.000000
694.000000 530.000000 939.000000 1582.000000 1226.000000
847.000000 1835.000000 987.000000 2326.000000 888.000000
1513.000000 1573.000000 742.000000 2118.000000 664.000000
1480.000000 1868.000000 1134.000000 2392.000000 1044.000000
1547.000000 1524.000000 710.000000 2091.000000 665.000000
1013.000000 1761.000000 715.000000 2256.000000 533.000000
1162.000000 1878.000000 1094.000000 2327.000000 1010.000000
884.000000 1541.000000 884.000000 2058.000000 856.000000
267.000000 1933.000000 969.000000 2446.772949 776.963257
678.000000 997.000000 577.000000 1792.000000 776.000000
1401.000000 1928.000000 880.000000 2482.000000 627.000000
299.000000 199.000000 1641.000000 2403.319336 1684.554077
820.000000 1607.000000 707.000000 2117.000000 620.000000
1365.000000 1078.000000 1280.000000 1836.000000 1381.000000
1475.000000 1448.000000 602.000000 1974.000000 609.000000
1268.000000 1823.000000 945.000000 2209.000000 872.000000
81.000000 876.000000 92.000000 1704.442139 439.969360
1501.000000 1063.000000 1738.000000 1469.000000 1833.000000
1088.000000 1816.000000 409.000000 2275.000000 110.000000
179.000000 1456.000000 388.000000 1975.670532 389.922028
1549.000000 1358.000000 891.000000 1862.000000 888.000000
1110.000000 1425.000000 357.000000 1988.000000 363.000000
269.000000 2037.000000 1599.000000 2643.347168 1702.479126
1515.000000 318.000000 1113.000000 1792.000000 1266.000000
1280.000000 1736.000000 735.000000 2236.000000 609.000000
740.000000 1953.000000 615.000000 2457.000000 228.000000

4.000000 2113.741943 1760.009766 3.113940 1792.347046 2569.242432 1931.200317 1428.792847 1890.443115
0.000000 871.141907 1884.527954 2253.806152 1820.157349 2923.647461 1894.452026 1526.271606 1866.228882
2.000000 2210.855713 1809.926392 938.141724 1856.755249 2615.799561 1971.301514 1432.172729 1929.635986
9.000000 1030.955078 1814.691650 2137.127197 1771.903198 1469.072144 1879.814209 2525.911377 1922.174927
11.000000 1070.650513 1782.042236 2066.924072 1747.402588 1516.078003 1850.215942 2482.847900 1883.924438
13.000000 1107.189575 1752.049683 2013.602051 1721.240601 1566.355103 1821.932495 2449.695312 1844.998779
28.000000 108.073875 903.449829 182.603607 2.997037 1515.014526 1216.676758 1511.309326 606.658691
40.000000 838.816162 963.296509 865.649048 99.968376 1717.800903 923.302002 1704.442139 439.969360
17.000000 1963.609741 1676.771606 1153.668823 1698.928955 2406.612305 1781.821533 1623.155396 1773.577271
25.000000 824.602173 156.706772 799.321045 956.645203 1630.795410 426.558960 1648.273193 1096.624756
82.000000 1233.721802 160.001923 1230.088257 896.683533 1861.357910 299.944794 1875.052368 636.732300
16.000000 2018.038574 326.779114 2059.677246 1053.160767 2552.382080 3.096048 2633.058594 813.028687
20.000000 2202.895996 1073.586426 2155.221191 363.206635 2877.339111 743.665405 2784.924316 3.134783
21.000000 2113.062988 340.017273 2158.425293 1050.100586 2709.693359 2.981582 2795.361816 740.151611
86.000000 1326.915405 1721.969482 1960.106567 1692.271851 2086.630371 1808.486816 2406.685791 1800.799194
110.000000 797.016235 703.291199 818.842163 83.294266 1698.702637 906.694946 1692.822632 636.677795
112.000000 1903.391357 1029.146484 1366.484375 992.683472 2333.242920 989.923340 2063.358154 982.436646
18.000000 2059.717529 516.684021 2092.326416 1046.728638 2600.378418 3.293337 2682.487305 780.089417
201.000000 1376.519043 1005.604248 1903.343506 1039.844116 2023.283081 1000.760864 2199.947510 997.309998
115.000000 1376.624268 1017.326721 1903.472046 1051.173950 1938.875488 1010.321472 2203.338135 1012.632263
26.000000 49.485783 2.977326 1.049300 526.455322 1483.950806 609.998535 1485.419189 1226.669678
76.000000 1893.270386 1057.684326 1370.083374 1025.318848 2320.051514 1022.113342 1946.646973 1019.675720
37.000000 2084.488770 1049.929321 2052.706299 530.038330 2673.626709 796.635742 2620.266113 290.323273
77.000000 1876.870361 911.042847 1376.971069 866.577515 2303.343506 849.786743 1943.317627 848.743530
265.000000 1880.010498 1009.858276 1386.897217 973.536621 2213.374268 967.138245 2066.689941 965.042297
63.000000 1432.450806 1133.286987 1441.329590 1603.308228 1992.740967 1126.936523 2020.686157 1533.515259
33.000000 1382.234253 1600.031738 1378.921265 1136.650513 1953.247192 1676.795288 1933.172852 1143.339355
80.000000 921.839111 1166.727295 916.838440 1593.374390 1764.128296 1303.309082 1774.910645 1656.618530
185.000000 1192.043091 539.624939 1172.545166 953.296204 1851.896240 860.036133 1847.037964 666.657349
197.000000 1816.783081 1078.194458 1456.776123 1054.970337 2196.593750 1049.289429 2016.652222 1052.528687
32.000000 2029.178955 1566.879028 2011.119629 1213.616943 2631.967529 1670.754517 2579.359131 1110.686401
60.000000 1123.558228 1240.001587 1121.049194 1590.007568 1843.004395 1256.757324 1853.319336 1673.581177
39.000000 1755.273560 623.525635 1741.295166 279.947296 2254.288574 505.452728 2212.901855 3.368901
164.000000 2258.797363 1223.161377 2285.957275 1559.788330 3000.963379 979.865173 3030.424805 1190.406982
70.000000 1514.489746 1636.636719 1505.930298 1306.685791 2192.155762 1736.565430 2173.841553 1346.486328
94.000000 1399.351196 59.902405 1404.487915 376.647949 1947.453857 69.804070 1961.249756 359.940582
98.000000 1477.162354 867.827148 1790.358032 896.023071 2210.014160 835.134033 1926.663818 834.314880
36.000000 2223.750977 696.639648 2244.029785 1010.170532 2918.770996 33.043365 2989.042969 543.005920
65.000000 1998.503906 980.071411 1983.546997 666.815613 2489.571533 283.373230 2527.158203 686.931335
135.000000 503.386749 1641.591431 193.288574 1651.999634 2643.347168 1702.479126 2400.022949 1698.572876
116.000000 509.813904 799.993713 519.823242 491.722900 1622.161499 1103.343140 1619.949097 840.000427
92.000000 1597.951538 416.719452 1590.046997 109.998787 2075.004395 3.241812 2091.262939 300.113403
114.000000 950.689026 3.352150 942.403748 306.732300 1730.806030 283.303619 1740.518677 546.647522
150.000000 209.869629 1639.086304 493.549591 1630.378418 2403.319336 1684.554077 2630.024658 1685.246460
262.000000 1217.893311 1443.308228 1221.224121 1163.347900 1891.338501 1403.271973 1884.611572 1256.608032
199.000000 1560.766113 146.650604 1566.358887 413.339783 2040.697754 150.138489 2049.982666 326.842712
78.000000 1816.743774 879.175842 1786.247559 629.643860 2338.933350 773.418884 2310.313232 416.641541
144.000000 1737.833618 376.621490 1747.251709 619.977356 2215.273682 123.424149 2230.694336 359.954742
50.000000 1811.743286 650.047302 1818.885254 890.132324 2301.997559 403.202179 2330.240234 833.317566
79.000000 1163.705322 922.375122 926.795837 901.842712 1953.786987 967.730042 1625.689819 1107.710327
52.000000 2253.334961 1196.632812 2020.029419 1186.020020 2995.454834 930.903564 2582.396484 1046.657227
49.000000 2036.656860 1495.926270 2269.993652 1492.850708 2633.204834 1537.917725 3066.534912 1511.195068
53.000000 2033.324829 1444.346436 2266.667236 1443.491211 2626.706787 1453.754883 3053.310791 1413.096680
57.000000 2019.920532 1178.390015 2250.046143 1189.001709 2583.610352 1034.320557 2990.060791 920.216125
56.000000 2029.971680 1341.628174 2260.018066 1345.622437 2609.600342 1290.972778 3029.418213 1219.897217
54.000000 2033.319336 1392.679565 2263.347900 1393.876343 2616.112305 1372.623901 3040.157959 1314.485229
234.000000 507.140472 636.533203 496.703064 860.157288 1595.895752 1136.621948 1593.164673 980.002930
264.000000 1700.134399 1649.084229 1476.750366 1661.504517 2210.157471 1744.659302 2063.433105 1749.620605
69.000000 2250.060791 1182.338257 2026.950806 1168.688965 2596.629150 1009.870911 2976.531006 899.533264
252.000000 290.050964 833.336304 302.985535 613.312866 1569.616333 1143.342285 1566.107544 993.346436
93.000000 1600.117920 199.997101 1605.528564 420.027985 2089.146973 3.374210 2103.200684 296.673035
68.000000 2029.991333 1240.263794 2246.751709 1247.425049 2602.953857 1128.427856 2992.767334 1034.322144
67.000000 2033.302856 1291.358032 2250.009766 1296.228271 2609.842773 1209.236816 3006.159424 1127.539307
231.000000 1160.000000 26.666666 1160.000000 240.000000 1822.451538 243.361496 1827.453491 399.974884
71.000000 2024.166626 1336.615601 2037.043579 1546.643555 2604.296387 1279.909424 2640.372559 1663.611694
72.000000 1994.852905 769.918884 2006.070435 980.031860 2517.559814 413.922607 2556.322021 793.708740
258.000000 469.975098 1344.994629 266.637482 1341.946777 2577.235352 1333.909912 2430.283447 1355.282227
285.000000 424.680176 213.424301 438.187927 13.436084 1590.181030 689.996765 1587.674072 550.041687
145.000000 457.178864 19.818832 444.532806 216.743698 1551.475342 483.319153 1549.667603 720.022949
108.000000 1370.670776 1033.510498 1182.591187 1069.449219 1947.411377 1015.380798 1691.552734 1108.437500
232.000000 1044.244385 320.017914 1047.918335 133.226822 1799.639160 523.220764 1793.708618 366.652435
228.000000 1063.959595 136.673203 1062.010254 323.319519 1802.645630 359.731628 1809.690308 516.680542
294.000000 1919.329346 1546.834961 1911.620483 1363.405273 2511.771240 1480.401855 2500.539062 1343.562744
139.000000 1900.792847 789.804382 1909.337524 970.031433 2440.103027 527.007507 2465.293457 765.756470
204.000000 1129.980957 1213.761841 949.891602 1205.778564 2557.096924 1148.605957 2387.318604 1186.271973
147.000000 972.711182 306.659058 974.912231 126.645218 1767.317627 546.642090 1758.507812 313.263824
193.000000 1451.072266 1299.993774 1452.118652 1480.007080 2123.504639 1376.657715 2133.273926 1563.336426
182.000000 1328.363892 360.006866 1327.622070 183.329315 1917.626221 420.050476 1913.444824 223.401840
128.000000 1973.663330 484.557037 1803.143188 457.882324 2463.365234 16.707415 2268.816650 169.405823
254.000000 1750.756226 640.659729 1586.666260 620.003479 2216.432373 461.628693 2078.716309 520.321350
148.000000 1806.683228 466.555359 1969.870972 490.866180 2276.851562 173.569901 2460.163086 30.208385
122.000000 1713.399414 716.664368 1719.017944 880.033752 2209.783203 576.680969 2226.255615 826.693726
170.000000 1976.386108 668.848999 1816.457764 648.291382 2309.706055 409.548492 2483.283691 296.590485
155.000000 1655.705811 713.360168 1660.082031 869.997681 2143.983154 603.295288 2157.060791 826.643616
235.000000 1376.572021 673.334229 1378.018433 830.018311 2036.772949 602.013245 1977.731201 746.344788
217.000000 1486.529541 376.669373 1483.427246 220.064163 2038.123535 323.429565 2029.571533 156.688644
