Keypoint Matches and Line Matches for pairs 5, 9 
5 corresponds to the image ./resources/Data/EntryP10/images/0005.png 
9 corresponds to the image ./resources/Data/EntryP10/images/0009.png 

16.000000 179.717346 2.374481 1459.149292 539.998840
52.000000 228.693344 119.831558 1483.950806 609.998535
53.000000 111.343498 1030.173218 1485.419189 1226.669678
40.000000 3000.955078 897.417175 2877.339111 743.665405
33.000000 2688.135498 896.516541 2633.058594 813.028687
43.000000 2902.200928 873.471680 2795.361816 740.151611
56.000000 218.843307 1013.196045 1515.014526 1216.676758
37.000000 2755.494629 880.128906 2682.487305 780.089417
45.000000 2986.907227 887.071106 2863.431885 723.321167
164.000000 1351.398193 3.299166 1861.357910 299.944794
448.000000 879.878723 300.192963 1699.355347 656.685669
74.000000 2742.166504 880.125793 2673.626709 796.635742
124.000000 2449.961182 1925.000122 2506.571289 1841.225952
152.000000 1959.894409 964.657654 2320.051514 1022.113342
323.000000 2593.840332 1181.283691 2575.098145 1117.344116
85.000000 2523.223633 1073.247437 2521.896973 1023.367615
140.000000 1911.191284 1820.054077 2192.155762 1736.565430
1115.000000 1898.148071 1303.380127 2166.000000 1287.000000
160.000000 965.670105 1210.391235 1764.128296 1303.309082
161.000000 943.521729 1720.152954 1774.910645 1656.618530
90.000000 2336.000244 1723.380737 2447.987061 1653.496216
91.000000 2302.076416 1246.518921 2412.109375 1210.098999
105.000000 2603.206055 1109.441040 2582.396484 1046.657227
380.000000 1734.999634 1340.036133 2112.013916 1346.735352
114.000000 2609.957031 1098.913696 2583.610352 1034.320557
169.000000 970.075684 1716.670044 1788.355591 1659.877563
168.000000 999.526978 1259.978760 1780.393066 1333.242554
129.000000 2619.881104 1087.032227 2592.484131 1020.369629
138.000000 2626.705566 1077.614868 2596.629150 1009.870911
136.000000 2629.858398 1195.966064 2602.953857 1128.427856
174.000000 987.963684 1719.912964 1805.060791 1663.386230
175.000000 1006.777832 1280.004761 1794.624634 1346.624146
1095.000000 329.336914 1280.276855 1559.000000 1381.000000
207.000000 284.421753 1713.446167 1562.367554 1663.336792
112.000000 2636.707275 1358.531128 2609.600342 1290.972778
142.000000 2628.363770 1349.833374 2604.296387 1279.909424
134.000000 2640.019775 1277.326660 2609.842773 1209.236816
108.000000 2643.365967 1441.601685 2616.112305 1372.623901
106.000000 2656.644287 1523.957764 2626.706787 1453.754883
165.000000 1353.922241 413.343689 1875.052368 636.732300
98.000000 2659.997070 1609.517090 2633.204834 1537.917725
102.000000 2666.669434 1695.807007 2639.911865 1622.941772
1427.000000 556.605347 1400.470093 1643.000000 1451.000000
210.000000 2006.113647 1446.814087 2230.871094 1416.771973
144.000000 2546.782471 476.655853 2517.559814 413.922607
145.000000 2582.019531 853.456177 2556.322021 793.708740
148.000000 2589.664551 856.697815 2563.270020 796.673157
149.000000 2554.698975 479.873291 2524.697754 420.201721
269.000000 2666.689941 1776.367310 2643.347168 1702.479126
270.000000 2293.307861 1773.987549 2400.022949 1698.572876
281.000000 2653.342529 1741.550415 2629.874756 1662.523560
282.000000 2290.019287 1739.651978 2389.997803 1666.542603
242.000000 333.459381 933.348083 1554.593140 1153.336914
299.000000 2299.954346 1757.433960 2403.319336 1684.554077
300.000000 2649.961670 1759.580444 2630.024658 1685.246460
287.000000 2076.603760 3.336628 2215.273682 123.424149
291.000000 2566.929199 807.106628 2541.525391 750.188416
292.000000 2233.125000 830.342041 2325.045410 843.952576
324.000000 2263.504395 1189.371216 2367.597900 1167.208496
241.000000 406.117340 553.640381 1555.316040 899.996155
315.000000 2236.595459 842.299622 2335.223145 849.919373
316.000000 2563.320312 819.811890 2540.000000 763.333191
512.000000 2571.547363 1399.876831 2577.235352 1333.909912
255.000000 2493.566406 61.911068 2463.365234 16.707415
256.000000 2183.304199 99.761032 2268.816650 169.405823
97.000000 2289.618408 1653.358276 2396.531006 1593.346069
357.000000 2276.635742 1199.092773 2373.117676 1175.786865
358.000000 2586.616699 1188.530762 2567.050781 1128.233032
970.000000 2564.437744 1212.515137 2561.000000 1171.000000
295.000000 2185.817139 109.959190 2276.851562 173.569901
296.000000 2486.898193 71.828056 2460.163086 30.208385
1376.000000 1233.332886 1763.404785 1837.000000 1699.000000
254.000000 2217.081299 360.707306 2306.031006 403.979004
290.000000 406.210175 297.008118 1549.667603 720.022949
297.000000 2486.662354 79.965439 2463.583984 36.990055
298.000000 2193.322998 116.583374 2283.357422 176.697800
434.000000 2942.947021 937.878845 2829.287842 804.587891
339.000000 2219.882080 368.857574 2309.706055 409.548492
340.000000 2503.293701 339.616516 2483.283691 296.590485
391.000000 307.018372 1719.700562 1578.632080 1666.693970
392.000000 335.123322 1439.844971 1575.038574 1486.632690
1256.000000 999.072571 270.122192 1735.000000 611.000000
406.000000 2563.411621 1206.771729 2557.096924 1148.605957
407.000000 2296.655762 1212.850220 2387.318604 1186.271973
365.000000 2670.015381 926.928223 2621.385742 851.777161
859.000000 2932.835693 911.513428 2821.000000 773.000000
133.000000 2275.205322 816.996033 2355.899658 819.810852
274.000000 2257.318848 556.621887 2356.529053 569.712280
221.000000 879.624451 286.642700 1692.822632 636.677795
440.000000 2560.135010 828.917786 2539.791748 772.821289
575.000000 2553.425293 1223.720337 2556.403076 1165.467773
554.000000 2590.000000 1703.227295 2596.691895 1631.843750
555.000000 2340.000244 1703.044800 2453.339844 1633.808960
548.000000 2343.332031 1710.367554 2453.311523 1642.279541
549.000000 2590.000977 1710.447021 2596.721436 1639.310303
1466.000000 2586.676758 1724.486328 2603.000000 1652.000000
403.000000 2483.518311 355.117096 2475.134033 319.453094
132.000000 2243.334717 380.013336 2326.463867 415.771545
190.000000 310.163940 1257.820679 1551.101196 1369.988037
910.000000 1247.026978 450.599487 1838.000000 699.000000
478.000000 1010.209961 472.292419 1746.627686 749.909119
150.000000 3041.106201 419.848663 2897.758789 192.732742
501.000000 383.409790 930.007080 1569.616333 1143.342285
502.000000 404.350433 703.119568 1566.107544 993.346436
1134.000000 465.667603 916.274292 1596.000000 1132.000000
467.000000 486.192535 689.655151 1593.164673 980.002930
486.000000 2486.566650 525.610596 2493.376709 486.742950
487.000000 2260.039307 547.082336 2361.117920 561.965454
568.000000 2753.627686 900.105652 2679.687256 802.485291
1391.000000 2980.062256 880.726868 2863.000000 730.000000
1212.000000 440.804016 227.125031 1549.000000 676.000000
535.000000 2476.491699 374.892120 2474.173828 341.341949
227.000000 1039.349365 223.305176 1752.444458 563.268311
395.000000 2729.767822 958.734680 2665.615967 870.283997
396.000000 2946.723145 947.786316 2833.076904 812.589417
618.000000 996.690186 1254.244141 1777.000000 1328.000000
293.000000 1139.815063 209.993088 1767.317627 546.642090
463.000000 1147.550659 3.117105 1793.708618 366.652435
522.000000 1270.459839 210.009613 1837.277710 510.100739
490.000000 2739.951904 938.966797 2676.460205 846.066345
454.000000 1165.813599 3.308219 1802.645630 359.731628
455.000000 1159.732056 209.893982 1809.690308 516.680542
376.000000 3039.775391 496.696777 2898.833252 280.151276
1083.000000 1064.575684 220.052521 1785.000000 538.000000
1420.000000 529.024292 280.227356 1567.000000 708.000000
1499.000000 470.862823 90.084099 1563.000000 566.000000
361.000000 2619.238770 1133.406616 2591.863281 1070.143066
362.000000 2638.486328 1333.479004 2611.009033 1266.892822
1171.000000 1230.383179 474.165283 1834.000000 717.000000
567.000000 564.426880 83.127693 1587.674072 550.041687
1379.000000 546.354370 279.971313 1579.000000 698.000000
1277.000000 2038.521851 489.910492 2209.000000 566.000000
275.000000 1999.916382 490.003448 2179.744873 590.015747
308.000000 2118.278564 553.078613 2259.591553 609.816101
309.000000 1947.560303 499.970825 2143.983154 603.295288
594.000000 2819.999268 1796.742554 2756.696289 1721.521973
595.000000 2629.984619 1795.085938 2619.957275 1719.292358
505.000000 2073.419189 378.067780 2216.432373 461.628693
544.000000 3026.663086 1683.229980 2916.605225 1601.659790
545.000000 2839.996582 1683.421265 2773.220459 1606.920410
1556.000000 587.108582 534.995361 1609.000000 860.000000
1320.000000 2497.115479 720.245056 2488.000000 691.000000
1121.000000 2481.510010 536.538391 2493.000000 502.000000
476.000000 2105.489746 556.731689 2251.908936 616.552490
477.000000 2115.621338 740.057739 2261.084473 769.935120
516.000000 3070.154297 1190.818237 2937.191895 1058.831299
517.000000 2886.702637 1197.632812 2793.425537 1093.713379
552.000000 3036.687744 1796.952881 2930.037354 1723.681030
553.000000 2853.317139 1795.690186 2786.643066 1721.882812
536.000000 3003.312012 1507.783569 2893.437500 1414.423950
537.000000 2819.995605 1509.547852 2749.821289 1428.125732
532.000000 2766.820801 1119.810059 2698.570557 1030.915527
533.000000 2950.050293 1115.451050 2840.488525 995.278442
580.000000 2896.692627 1532.516968 2810.077393 1447.580811
581.000000 2716.677490 1534.376831 2673.263916 1459.181641
542.000000 3013.341553 1618.391846 2906.775146 1532.222900
543.000000 2833.331055 1618.094482 2763.295410 1539.219849
650.000000 2182.415527 126.269936 2275.000000 193.000000
96.000000 2248.118164 1163.242432 2355.507080 1156.775635
530.000000 2923.390381 897.842896 2814.290527 762.679138
531.000000 2746.492676 906.408386 2676.196777 812.018188
572.000000 2979.959717 1338.411011 2869.969971 1233.162354
573.000000 2803.237549 1342.880371 2732.850342 1257.250488
558.000000 2990.020996 1444.261841 2880.079590 1347.283081
559.000000 2813.368896 1448.243652 2740.256836 1365.323730
570.000000 2970.026855 1277.689575 2860.326416 1168.301270
571.000000 2793.394287 1282.320801 2723.777832 1195.559937
495.000000 3070.059082 1251.875366 2949.619141 1124.876587
496.000000 2896.583008 1257.350586 2802.518799 1156.171021
1170.000000 1566.448364 173.393463 1954.000000 409.000000
590.000000 2913.354736 923.788513 2809.710449 792.492004
591.000000 2746.740723 931.584045 2680.143555 837.083923
509.000000 2906.722168 1362.517822 2816.612305 1266.336548
520.000000 1250.088501 1363.335449 1891.338501 1403.271973
945.000000 1242.388794 163.317245 1821.000000 469.000000
701.000000 1866.449463 388.561676 2092.000000 531.000000
177.000000 566.019531 1223.280151 1622.244751 1343.383667
687.000000 2326.000000 139.000000 2366.000000 153.000000
1014.000000 2440.000000 150.000000 2439.000000 123.000000
1001.000000 2491.000000 310.000000 2477.000000 267.000000
680.000000 2916.000000 904.000000 2806.000000 772.000000
1439.000000 2248.000000 1159.000000 2353.000000 1142.000000
1208.000000 1717.000000 177.000000 2018.000000 374.000000
1521.000000 2490.000000 1690.000000 2552.000000 1619.000000
757.000000 1750.000000 729.000000 2045.000000 856.000000
937.000000 1475.000000 204.000000 1917.000000 464.000000
707.000000 1979.000000 465.000000 2165.000000 564.000000
1024.000000 2205.000000 335.000000 2298.000000 381.000000
624.000000 1608.000000 362.000000 1975.000000 558.000000
966.000000 2234.000000 156.000000 2309.000000 203.000000
1344.000000 2230.000000 867.000000 2332.000000 875.000000
1136.000000 2483.000000 277.000000 2471.000000 238.000000
811.000000 2810.000000 1399.000000 2739.000000 1314.000000
1343.000000 2228.000000 335.000000 2322.000000 365.000000
679.000000 2554.000000 882.000000 2539.000000 827.000000
897.000000 2520.000000 300.000000 2503.000000 253.000000
797.000000 2502.000000 249.000000 2484.000000 201.000000
1507.000000 1483.000000 393.000000 1945.000000 607.000000
675.000000 2255.000000 1094.000000 2355.000000 1081.000000
953.000000 1429.000000 761.000000 1831.000000 897.000000
884.000000 1713.000000 731.000000 2058.000000 856.000000
760.000000 1946.000000 233.000000 2144.000000 362.000000
1333.000000 2241.000000 916.000000 2341.000000 918.000000
1487.000000 297.000000 1230.000000 1544.000000 1353.000000
635.000000 2498.000000 1661.000000 2556.000000 1592.000000
685.000000 2509.000000 1633.000000 2561.000000 1565.000000
653.000000 2905.000000 556.000000 2789.000000 392.000000
588.000000 2203.000000 299.000000 2294.164795 351.215149
642.000000 2195.000000 139.000000 2285.000000 197.000000
1494.000000 1696.000000 132.000000 2033.000000 338.000000
1071.000000 1923.000000 335.000000 2116.000000 454.000000
1405.000000 1908.000000 446.000000 2116.000000 567.000000
1485.000000 2189.000000 279.000000 2288.000000 332.000000
727.000000 1726.000000 771.000000 2027.000000 892.000000
1268.000000 1972.000000 741.000000 2209.000000 872.000000
774.000000 1956.000000 465.000000 2149.000000 571.000000
783.000000 1991.000000 133.000000 2154.000000 268.000000
722.000000 2269.000000 310.000000 2337.000000 322.000000
1106.000000 1188.000000 1907.000000 1622.000000 1782.000000
1423.000000 581.000000 1153.000000 1640.000000 1278.000000
1104.000000 955.000000 1120.000000 1755.000000 1234.000000
1207.000000 2235.000000 294.000000 2324.000000 335.000000
1163.000000 1496.000000 810.000000 2061.000000 906.000000
1096.000000 302.000000 1149.000000 1543.000000 1299.000000
869.000000 2595.000000 1083.000000 2573.000000 1020.000000
628.000000 1958.000000 154.000000 2142.000000 291.000000
1013.000000 2121.000000 474.000000 2256.000000 533.000000
1370.000000 713.000000 50.000000 1630.000000 486.000000
1174.000000 1976.000000 442.000000 2156.000000 547.000000
983.000000 2522.000000 1112.000000 2524.000000 1061.000000
654.000000 2362.000000 220.000000 2391.000000 220.000000
1158.000000 1745.000000 288.000000 2025.000000 473.000000
954.000000 2502.000000 292.000000 2484.000000 246.000000
1292.000000 1500.000000 749.000000 1874.000000 883.000000
740.000000 2463.000000 261.000000 2457.000000 228.000000
610.000000 2375.000000 131.000000 2396.000000 128.000000
1281.000000 2250.000000 1808.000000 2359.000000 1726.000000
819.000000 2330.000000 295.000000 2373.000000 305.000000
728.000000 1989.000000 497.000000 2171.000000 590.000000
506.000000 1881.000000 378.000000 2078.716309 520.321350
992.000000 599.000000 332.000000 1583.000000 732.000000
756.000000 1230.000000 279.000000 1823.000000 568.000000
781.000000 2327.000000 1120.000000 2400.000000 1095.000000
1434.000000 2398.000000 219.000000 2413.000000 208.000000
907.000000 2028.000000 831.000000 2264.000000 946.000000
620.000000 758.000000 30.000000 1660.000000 457.000000
1294.000000 1993.000000 744.000000 2236.000000 872.000000
850.000000 1397.000000 764.000000 1813.000000 903.000000
788.000000 2207.000000 128.000000 2291.000000 184.000000
1395.000000 1833.000000 579.000000 2120.000000 690.000000
1271.000000 2189.000000 976.000000 2209.000000 1003.000000
705.000000 2238.000000 881.000000 2338.000000 885.000000
652.000000 1056.000000 1338.000000 1818.000000 1384.000000
867.000000 1862.000000 1412.000000 2173.000000 1396.000000
831.000000 403.000000 371.000000 1589.000000 744.000000
1399.000000 1574.000000 1623.000000 2036.000000 1582.000000
1055.000000 1724.000000 129.000000 2023.000000 337.000000
791.000000 529.000000 800.000000 1582.000000 1060.000000
826.000000 1665.000000 551.000000 2048.000000 688.000000
640.000000 1475.000000 327.000000 1923.000000 554.000000
1209.000000 1396.000000 889.000000 1984.000000 943.000000
1543.000000 3016.000000 913.000000 2891.000000 757.000000
1157.000000 1890.000000 744.000000 2150.000000 866.000000
1069.000000 2112.000000 1766.000000 2331.000000 1697.000000
1270.000000 1340.000000 787.000000 1978.000000 873.000000
636.000000 2394.000000 335.000000 2420.000000 313.000000
1539.000000 1710.000000 359.000000 2030.000000 529.000000
1392.000000 468.000000 1016.000000 1595.000000 1193.000000
1025.000000 2488.000000 110.000000 2470.000000 65.000000
189.000000 1578.000000 115.000000 1961.249756 359.940582
935.000000 524.000000 856.000000 1583.000000 1099.000000
1310.000000 1676.000000 777.000000 1996.000000 881.000000
1548.000000 2504.000000 233.000000 2485.000000 184.000000
1181.000000 1018.000000 1118.000000 1778.000000 1227.000000
1482.000000 485.000000 1352.000000 1590.000000 1428.000000
922.000000 2516.000000 1129.000000 2522.000000 1078.000000
1109.000000 1533.000000 760.000000 1893.000000 888.000000
1246.000000 2349.000000 1128.000000 2414.000000 1098.000000
1497.000000 1744.000000 839.000000 2085.000000 943.000000
957.000000 360.000000 1147.000000 1522.000000 1314.000000
1493.000000 2212.000000 325.000000 2304.000000 369.000000
1008.000000 2650.000000 1765.000000 2631.000000 1691.000000
35.000000 1112.000000 1932.000000 1623.155396 1773.577271
662.000000 2226.000000 169.000000 2305.000000 215.000000
1151.000000 1250.000000 136.000000 1820.000000 455.000000
1456.000000 2001.000000 457.000000 2177.000000 552.000000
848.000000 1754.000000 857.000000 2060.000000 941.000000
1102.000000 2990.000000 906.000000 2868.000000 756.000000
1411.000000 2368.000000 406.000000 2398.000000 413.000000
767.000000 2431.000000 258.000000 2435.000000 235.000000
779.000000 1836.000000 218.000000 2070.000000 390.000000
1563.000000 2256.000000 902.000000 2349.000000 897.000000
939.000000 2483.000000 1633.000000 2545.000000 1565.000000
1461.000000 2252.000000 870.000000 2347.000000 874.000000
906.000000 1951.000000 176.000000 2142.000000 306.000000
1123.000000 1959.000000 442.000000 2145.000000 552.000000
1287.000000 1568.000000 1655.000000 2038.000000 1609.000000
1509.000000 340.000000 37.000000 1575.000000 546.000000
1357.000000 1973.000000 124.000000 2152.000000 256.000000
1199.000000 2606.000000 1052.000000 2580.000000 988.000000
668.000000 2505.000000 270.000000 2487.000000 222.000000
892.000000 2266.000000 1150.000000 2365.000000 1131.000000
130.000000 2506.000000 332.000000 2489.571533 283.373230
1431.000000 1606.000000 227.000000 1973.000000 447.000000
1112.000000 1872.000000 729.000000 2135.000000 854.000000
456.000000 1858.000000 569.000000 2125.705811 670.063354
86.000000 3028.000000 269.000000 2888.723877 23.048445
938.000000 1194.000000 1719.000000 1846.000000 1659.000000
1473.000000 1815.000000 842.000000 2095.000000 947.000000
924.000000 2142.000000 1056.000000 1942.000000 1066.000000
370.000000 1271.000000 423.000000 1847.037964 666.657349
1028.000000 955.000000 1206.000000 1757.000000 1296.000000
1043.000000 1964.000000 216.000000 2148.000000 347.000000
1144.000000 1816.000000 1519.000000 2178.000000 1487.000000
1541.000000 1613.000000 821.000000 2018.000000 930.000000
1327.000000 1854.000000 489.000000 2111.000000 608.000000
736.000000 2209.000000 157.000000 2294.000000 211.000000
1549.000000 1587.000000 740.000000 1862.000000 888.000000
1474.000000 359.000000 1297.000000 1603.000000 1384.000000
1093.000000 2284.000000 903.000000 2362.000000 909.000000
1173.000000 2384.000000 183.000000 2403.000000 178.000000
1120.000000 1227.000000 490.000000 1835.000000 736.000000
871.000000 507.000000 136.000000 1577.000000 594.000000
1555.000000 2650.000000 1726.000000 2629.000000 1653.000000
1018.000000 3023.000000 421.000000 2881.000000 196.000000
854.000000 1162.000000 266.000000 1771.000000 601.000000
1139.000000 1543.000000 249.000000 1931.000000 493.000000
612.000000 1047.000000 1558.000000 1823.000000 1545.000000
488.000000 1591.000000 610.000000 1997.529053 766.963440
951.000000 1478.000000 837.000000 1896.000000 945.000000
429.000000 3028.000000 410.000000 2885.192627 183.521027
974.000000 2516.000000 902.000000 2513.000000 855.000000
1143.000000 588.000000 176.000000 1578.000000 629.000000
896.000000 1172.000000 339.000000 1806.000000 619.000000
1119.000000 2020.000000 743.000000 1932.000000 873.000000
719.000000 1215.000000 284.000000 1801.000000 587.000000
1381.000000 1754.000000 573.000000 2048.000000 731.000000
1084.000000 387.000000 344.000000 1544.000000 774.000000
471.000000 2913.000000 1421.000000 2822.958740 1330.634766
961.000000 401.000000 1630.000000 1593.000000 1608.000000
825.000000 2801.000000 1620.000000 2737.000000 1543.000000
847.000000 2219.000000 879.000000 2326.000000 888.000000
1559.000000 2557.000000 743.000000 2532.000000 689.000000
1082.000000 2229.000000 1084.000000 2339.000000 1075.000000
1228.000000 2440.000000 128.000000 2438.000000 102.000000
1512.000000 1060.000000 444.000000 1765.000000 715.000000
898.000000 504.000000 1189.000000 1603.000000 1309.000000
1455.000000 2647.000000 517.000000 2592.000000 431.000000
538.000000 2431.000000 1381.000000 2499.554443 1333.369751
1448.000000 2992.000000 249.000000 2851.000000 10.000000
711.000000 375.000000 1502.000000 1591.000000 1524.000000
1515.000000 1045.000000 1175.000000 1792.000000 1266.000000
641.000000 1803.000000 314.000000 2076.000000 470.000000
708.000000 1710.000000 226.000000 2029.000000 420.000000
306.000000 1915.000000 488.000000 2129.724121 603.128296
1040.000000 2074.000000 462.000000 2225.000000 535.000000
984.000000 2474.000000 1640.000000 2539.000000 1574.000000
1253.000000 518.000000 23.000000 1575.000000 514.000000
889.000000 2253.000000 1124.000000 2348.000000 1099.000000
1226.000000 1880.000000 500.000000 2130.000000 617.000000
1324.000000 2384.000000 1546.000000 2478.000000 1488.000000
1003.000000 1836.000000 467.000000 2101.000000 595.000000
742.000000 1789.000000 292.000000 2013.000000 462.000000
936.000000 2805.000000 416.000000 2706.000000 272.000000
678.000000 1043.000000 508.000000 1792.000000 776.000000
233.000000 635.000000 487.000000 1619.949097 840.000427
601.000000 2226.000000 307.000000 2311.000000 348.000000

8.000000 179.717346 2.374481 11.742154 1219.780396 1459.149292 539.998840 1457.665771 1603.334717
12.000000 42.586662 1187.463989 202.212173 2.284432 1471.309326 1476.666992 1471.378784 529.999634
29.000000 1963.317749 1779.213379 3070.024658 1785.983887 2463.332031 1706.766602 3070.070557 1714.400146
40.000000 880.327698 986.495789 934.720825 29.889359 1717.800903 923.302002 1704.442139 439.969360
25.000000 664.936096 996.787964 736.585693 49.993870 1630.795410 426.558960 1648.273193 1096.624756
26.000000 228.693344 119.831558 111.343498 1030.173218 1483.950806 609.998535 1485.419189 1226.669678
20.000000 3000.955078 897.417175 2883.414307 2.884681 2877.339111 743.665405 2784.924316 3.134783
16.000000 2596.822510 2.976772 2688.135498 896.516541 2552.382080 3.096048 2633.058594 813.028687
21.000000 2795.883545 3.021856 2902.200928 873.471680 2709.693359 2.981582 2795.361816 740.151611
79.000000 2106.548584 874.651123 1236.214722 925.616211 1953.786987 967.730042 1625.689819 1107.710327
108.000000 2093.168945 920.388550 1253.183105 967.310059 1947.411377 1015.380798 1691.552734 1108.437500
28.000000 218.843307 1013.196045 316.617218 189.598404 1515.014526 1216.676758 1511.309326 606.658691
18.000000 2665.975830 66.375961 2755.494629 880.128906 2600.378418 3.293337 2682.487305 780.089417
131.000000 2066.450195 686.935730 1272.838623 742.997375 1935.762451 831.262939 1710.304565 929.732056
22.000000 2884.887695 106.899284 2986.907227 887.071106 2774.425537 3.198336 2863.431885 723.321167
132.000000 1279.621460 751.318542 2056.406982 696.332275 1706.540771 938.807495 1931.395142 839.836365
120.000000 2059.605225 704.384399 1283.027588 758.984131 1939.745605 842.762329 1704.164551 947.716980
82.000000 1351.398193 3.299166 1338.390259 740.030457 1861.357910 299.944794 1875.052368 636.732300
225.000000 879.878723 300.192963 839.030945 980.142029 1699.355347 656.685669 1704.068970 816.644958
37.000000 2742.166504 880.125793 2670.978027 219.894547 2673.626709 796.635742 2620.266113 290.323273
62.000000 2449.961182 1925.000122 3070.090332 1939.456177 2506.571289 1841.225952 2920.252930 1873.414795
197.000000 1959.894409 964.657654 1382.894409 994.980286 2196.593750 1049.289429 2016.652222 1052.528687
32.000000 2651.739258 1730.517822 2593.840332 1181.283691 2631.967529 1670.754517 2579.359131 1110.686401
42.000000 3070.076172 1055.712646 2523.223633 1073.247437 2977.004639 894.527100 2521.896973 1023.367615
70.000000 1911.191284 1820.054077 1898.148071 1303.380127 2192.155762 1736.565430 2173.841553 1346.486328
80.000000 965.670105 1210.391235 943.521729 1720.152954 1764.128296 1303.309082 1774.910645 1656.618530
78.000000 2212.196289 877.158752 2181.627686 392.389923 2338.933350 773.418884 2310.313232 416.641541
95.000000 307.907898 1240.812378 259.001831 1716.906494 1551.101196 1369.988037 1554.244019 1659.990112
45.000000 2336.000244 1723.380737 2302.076416 1246.518921 2447.987061 1653.496216 2412.109375 1210.098999
52.000000 3070.027588 1094.176025 2603.206055 1109.441040 2995.454834 930.903564 2582.396484 1046.657227
57.000000 2609.957031 1098.913696 3070.029297 1080.738892 2583.610352 1034.320557 2990.060791 920.216125
84.000000 990.331055 1260.014648 970.075684 1716.670044 1780.393066 1333.242554 1788.355591 1659.877563
64.000000 3070.226562 1068.989624 2619.881104 1087.032227 2982.905273 908.505920 2592.484131 1020.369629
69.000000 2626.705566 1077.614868 3069.977051 1059.442261 2596.629150 1009.870911 2976.531006 899.533264
68.000000 2629.858398 1195.966064 3070.135010 1180.517822 2602.953857 1128.427856 2992.767334 1034.322144
87.000000 987.963684 1719.912964 1006.777832 1280.004761 1805.060791 1663.386230 1794.624634 1346.624146
103.000000 329.336914 1280.276855 284.421753 1713.446167 1562.774170 1386.665894 1562.367554 1663.336792
56.000000 2636.707275 1358.531128 3070.125488 1349.103760 2609.600342 1290.972778 3029.418213 1219.897217
71.000000 2628.363770 1349.833374 2670.581299 1779.942871 2604.296387 1279.909424 2640.372559 1663.611694
67.000000 2640.019775 1277.326660 3070.133545 1264.471558 2609.842773 1209.236816 3006.159424 1127.539307
54.000000 2643.365967 1441.601685 3070.059082 1432.896851 2616.112305 1372.623901 3040.157959 1314.485229
53.000000 2656.644287 1523.957764 3070.031982 1520.559570 2626.706787 1453.754883 3053.310791 1413.096680
49.000000 2659.997070 1609.517090 3070.022461 1606.991455 2633.204834 1537.917725 3066.534912 1511.195068
51.000000 2666.669434 1695.807007 3070.009277 1697.118530 2639.911865 1622.941772 3070.144043 1612.750977
105.000000 2006.113647 1446.814087 1991.561523 1063.147705 2230.871094 1416.771973 2219.183594 1143.368286
72.000000 2546.782471 476.655853 2582.019531 853.456177 2517.559814 413.922607 2556.322021 793.708740
74.000000 2589.664551 856.697815 2554.698975 479.873291 2563.270020 796.673157 2524.697754 420.201721
39.000000 2108.811035 380.622894 2087.792969 3.085053 2254.288574 505.452728 2212.901855 3.368901
135.000000 2666.689941 1776.367310 2293.307861 1773.987549 2643.347168 1702.479126 2400.022949 1698.572876
166.000000 2069.204834 1076.715942 2092.122314 1446.535156 2278.183105 1126.796875 2293.248047 1336.911743
141.000000 2653.342529 1741.550415 2290.019287 1739.651978 2629.874756 1662.523560 2389.997803 1666.542603
65.000000 2524.674072 719.395935 2478.313232 360.648773 2489.571533 283.373230 2527.158203 686.931335
88.000000 516.817749 1719.734619 546.244019 1366.909424 1625.813232 1656.714355 1622.244751 1343.383667
150.000000 2299.954346 1757.433960 2649.961670 1759.580444 2403.319336 1684.554077 2630.024658 1685.246460
144.000000 2076.603760 3.336628 2094.589355 346.600861 2215.273682 123.424149 2230.694336 359.954742
277.000000 929.795898 1723.322266 948.203186 1383.236084 1739.464233 1680.009033 1737.045044 1536.604004
41.000000 2564.612061 783.540833 2530.587646 446.607330 2540.770752 743.889648 2495.526855 264.384430
146.000000 2566.929199 807.106628 2233.125000 830.342041 2541.525391 750.188416 2325.045410 843.952576
50.000000 2207.765625 503.267303 2227.776611 836.399780 2301.997559 403.202179 2330.240234 833.317566
162.000000 2593.840332 1181.283691 2263.504395 1189.371216 2575.098145 1117.344116 2367.597900 1167.208496
121.000000 406.117340 553.640381 370.203857 879.287231 1555.316040 899.996155 1554.593140 1153.336914
158.000000 2236.595459 842.299622 2563.320312 819.811890 2335.223145 849.919373 2540.000000 763.333191
128.000000 2493.566406 61.911068 2183.304199 99.761032 2463.365234 16.707415 2268.816650 169.405823
48.000000 2269.340088 1342.723633 2289.618408 1653.358276 2355.507080 1156.775635 2396.531006 1593.346069
179.000000 2276.635742 1199.092773 2586.616699 1188.530762 2373.117676 1175.786865 2567.050781 1128.233032
148.000000 2185.817139 109.959190 2486.898193 71.828056 2276.851562 173.569901 2460.163086 30.208385
127.000000 2513.703369 330.272705 2217.081299 360.707306 2511.173096 264.896545 2306.031006 403.979004
145.000000 441.098846 3.068115 406.210175 297.008118 1551.475342 483.319153 1549.667603 720.022949
149.000000 2486.662354 79.965439 2193.322998 116.583374 2463.583984 36.990055 2283.357422 176.697800
218.000000 2942.947021 937.878845 2649.668457 958.653198 2829.287842 804.587891 2672.726807 858.229431
170.000000 2219.882080 368.857574 2503.293701 339.616516 2309.706055 409.548492 2483.283691 296.590485
196.000000 307.018372 1719.700562 335.123322 1439.844971 1578.632080 1666.693970 1575.038574 1486.632690
204.000000 2563.411621 1206.771729 2296.655762 1212.850220 2557.096924 1148.605957 2387.318604 1186.271973
183.000000 2670.015381 926.928223 2932.835693 911.513428 2621.385742 851.777161 2802.510254 779.635620
137.000000 2275.205322 816.996033 2257.318848 556.621887 2378.179932 810.163879 2356.529053 569.712280
221.000000 2560.135010 828.917786 2303.392334 844.317139 2539.791748 772.821289 2390.153809 833.711182
289.000000 2303.083984 1229.903442 2553.425293 1223.720337 2420.442383 1195.346802 2556.403076 1165.467773
279.000000 2590.000000 1703.227295 2340.000244 1703.044800 2596.691895 1631.843750 2453.339844 1633.808960
276.000000 2343.332031 1710.367554 2590.000977 1710.447021 2453.311523 1642.279541 2596.721436 1639.310303
202.000000 2483.518311 355.117096 2243.334717 380.013336 2475.134033 319.453094 2326.463867 415.771545
75.000000 3041.106201 419.848663 3072.098877 646.379517 2897.758789 192.732742 2948.089844 563.592590
252.000000 383.409790 930.007080 404.350433 703.119568 1569.616333 1143.342285 1566.107544 993.346436
234.000000 465.667603 916.274292 486.192535 689.655151 1595.895752 1136.621948 1593.164673 980.002930
244.000000 2486.566650 525.610596 2260.039307 547.082336 2493.376709 486.742950 2361.117920 561.965454
286.000000 2753.627686 900.105652 2980.062256 880.726868 2679.687256 802.485291 2810.360840 754.312134
269.000000 2253.356689 396.904175 2476.491699 374.892120 2351.099609 418.422363 2474.173828 341.341949
198.000000 2729.767822 958.734680 2946.723145 947.786316 2665.615967 870.283997 2833.076904 812.589417
232.000000 1139.815063 209.993088 1147.550659 3.117105 1799.639160 523.220764 1793.708618 366.652435
263.000000 1270.459839 210.009613 1274.779297 3.293896 1837.277710 510.100739 1831.849243 363.388245
246.000000 2739.951904 938.966797 2946.482178 929.364929 2676.460205 846.066345 2820.011475 796.699768
228.000000 1165.813599 3.308219 1159.732056 209.893982 1802.645630 359.731628 1809.690308 516.680542
188.000000 3067.026611 699.951782 3039.775391 496.696777 2923.447998 469.985138 2898.833252 280.151276
285.000000 529.024292 280.227356 548.349243 79.840805 1590.181030 689.996765 1587.674072 550.041687
181.000000 2619.238770 1133.406616 2638.486328 1333.479004 2591.863281 1070.143066 2611.009033 1266.892822
122.000000 2038.521851 489.910492 2048.010986 686.601807 2209.783203 576.680969 2226.255615 826.693726
138.000000 1999.916382 490.003448 2008.009644 686.748535 2179.744873 590.015747 2194.555664 830.130188
154.000000 2128.262451 746.927856 2118.278564 553.078613 2273.643311 833.313843 2259.591553 609.816101
155.000000 1947.560303 499.970825 1953.871460 693.315796 2143.983154 603.295288 2157.060791 826.643616
299.000000 2819.999268 1796.742554 2629.984619 1795.085938 2756.696289 1721.521973 2619.957275 1719.292358
254.000000 2073.419189 378.067780 1886.690186 376.724060 2216.432373 461.628693 2078.716309 520.321350
295.000000 3053.345215 1915.812012 2866.668213 1913.225464 2770.195557 1840.623901 2633.279541 1830.743774
274.000000 3026.663086 1683.229980 2839.996582 1683.421265 2916.605225 1601.659790 2773.220459 1606.920410
239.000000 2105.489746 556.731689 2115.621338 740.057739 2251.908936 616.552490 2261.084473 769.935120
260.000000 3070.154297 1190.818237 2886.702637 1197.632812 2937.191895 1058.831299 2793.425537 1093.713379
278.000000 3036.687744 1796.952881 2853.317139 1795.690186 2930.037354 1723.681030 2786.643066 1721.882812
270.000000 3003.312012 1507.783569 2819.995605 1509.547852 2893.437500 1414.423950 2749.821289 1428.125732
268.000000 2766.820801 1119.810059 2950.050293 1115.451050 2698.570557 1030.915527 2840.488525 995.278442
292.000000 2896.692627 1532.516968 2716.677490 1534.376831 2810.077393 1447.580811 2673.263916 1459.181641
273.000000 3013.341553 1618.391846 2833.331055 1618.094482 2906.775146 1532.222900 2763.295410 1539.219849
267.000000 2923.390381 897.842896 2746.492676 906.408386 2814.290527 762.679138 2676.196777 812.018188
107.000000 2059.457764 683.499390 2051.882568 506.728821 2233.874268 826.638916 2219.872559 553.681824
288.000000 2979.959717 1338.411011 2803.237549 1342.880371 2869.969971 1233.162354 2732.850342 1257.250488
281.000000 2990.020996 1444.261841 2813.368896 1448.243652 2880.079590 1347.283081 2740.256836 1365.323730
287.000000 2970.026855 1277.689575 2793.394287 1282.320801 2860.326416 1168.301270 2723.777832 1195.559937
249.000000 3070.059082 1251.875366 2896.583008 1257.350586 2949.619141 1124.876587 2802.518799 1156.171021
143.000000 1959.833740 676.672363 1954.018677 506.643219 2202.447510 830.054077 2187.986084 593.252747
297.000000 2913.354736 923.788513 2746.740723 931.584045 2809.710449 792.492004 2680.143555 837.083923
256.000000 3070.049561 1358.912476 2906.722168 1362.517822 2963.685303 1242.139038 2816.612305 1266.336548
