Keypoint Matches and Line Matches for pairs 6, 7 
6 corresponds to the image ./resources/Data/EntryP10/images/0006.png 
7 corresponds to the image ./resources/Data/EntryP10/images/0007.png 

8.000000 732.854370 1948.364624 1069.803589 1877.943359
4.000000 696.404480 1973.309570 1026.465210 1900.910278
7.000000 699.172302 1953.090210 1029.736206 1887.374023
11.000000 759.519714 1913.031982 1076.507812 1858.037598
2.000000 2122.960449 1864.363281 2172.616943 1816.183472
1.000000 886.439392 1850.949707 1126.804199 1835.176880
18.000000 889.807983 1877.711670 1179.944214 1823.631836
19.000000 2109.723877 1894.005127 2166.581787 1828.981201
24.000000 949.904236 1842.343018 1223.317627 1796.214844
25.000000 2053.183838 1854.068115 2123.303467 1798.485596
14.000000 310.719940 150.467941 764.909851 456.757721
28.000000 210.800125 1200.846191 731.263062 1303.601074
29.000000 329.684357 151.786560 780.827209 452.798981
30.000000 2006.604126 1788.537598 2080.042725 1747.823975
31.000000 1013.280823 1783.306396 1270.041870 1750.930786
50.000000 1019.918945 1806.996338 1279.953979 1766.786011
27.000000 2373.057617 906.476624 2366.523682 990.010864
20.000000 2654.113037 900.222961 2602.230469 970.429932
514.000000 2641.606201 890.149048 2586.707275 960.243103
47.000000 2433.690674 889.975464 2416.555420 970.009033
23.000000 2565.586426 880.085388 2527.182129 956.921509
38.000000 855.229675 1023.252319 1184.558228 1139.966797
39.000000 902.766785 179.968063 1195.490356 446.648132
40.000000 728.063049 1023.427856 1092.815308 1146.733521
41.000000 784.010132 196.712463 1109.108765 460.057953
44.000000 736.639587 216.664734 1074.384644 486.694397
45.000000 678.055969 1040.098877 1056.620239 1160.086670
423.000000 156.589355 1773.066406 713.315857 1754.127930
217.000000 969.993958 1793.573730 1229.963379 1763.027954
34.000000 2276.687988 1705.435669 2306.662354 1680.739746
60.000000 2133.299561 1831.307983 2186.623535 1788.845703
52.000000 346.142700 289.943146 796.028564 569.965515
53.000000 261.827545 1066.864990 762.503296 1189.955078
89.000000 823.721375 1016.689087 1162.428345 1136.708740
54.000000 170.877396 1066.382324 698.860046 1196.598999
55.000000 258.866943 306.535461 735.083069 586.572632
56.000000 184.998779 326.465790 684.269226 603.183838
57.000000 94.228004 1080.107788 646.634338 1206.664673
74.000000 2421.407959 886.794556 2406.260742 973.365723
66.000000 342.944550 1053.294067 818.396729 1183.255615
67.000000 414.254852 346.423370 846.195679 609.654053
76.000000 1767.006958 917.338623 1806.769165 1040.738892
276.000000 686.713318 1030.003296 1062.425781 1159.970337
951.000000 1066.474121 997.686951 1297.000000 1125.000000
84.000000 1076.380859 989.925781 1303.063721 1121.348511
85.000000 1756.905762 932.850769 1796.797363 1054.295532
82.000000 1073.104004 1003.875977 1302.350098 1132.651611
83.000000 1753.439697 947.961121 1796.646606 1066.516357
86.000000 1756.741943 957.607056 1803.411743 1073.931274
87.000000 1089.815430 1011.029724 1313.527100 1138.144897
94.000000 1739.753296 767.606140 1789.598999 917.508362
72.000000 2067.068359 1817.570068 2133.616943 1770.449341
73.000000 1466.772461 1831.292358 1576.727051 1785.559692
212.000000 829.808838 769.988831 1158.247559 940.030579
90.000000 2769.049316 1116.380127 2703.906982 1159.505371
91.000000 2834.375244 1659.473755 2764.249268 1636.128662
99.000000 2223.236328 1071.475220 2243.465820 1138.040649
156.000000 1460.111694 1831.015991 1570.100342 1784.284058
157.000000 946.364929 1806.262939 1219.879395 1769.529175
102.000000 2314.958008 1660.111572 2327.485352 1640.178223
341.000000 2281.527344 1166.873291 2293.729492 1218.068604
118.000000 2323.312256 1552.143188 2336.645996 1549.179932
119.000000 2803.333008 1549.910767 2736.645508 1539.153320
108.000000 2329.990967 1629.641846 2339.982422 1615.220215
109.000000 2810.006836 1631.110718 2743.336914 1610.302246
116.000000 2319.992676 1476.072998 2329.907471 1484.151855
117.000000 2796.626953 1470.138916 2729.979248 1469.435059
150.000000 753.208862 1879.169678 1073.385864 1832.485474
120.000000 2316.635986 1402.144897 2326.687500 1420.388062
121.000000 2789.911133 1389.901611 2723.112793 1399.207275
126.000000 2763.353516 1077.012939 2696.797852 1124.642212
127.000000 2293.194336 1104.269165 2303.078613 1164.125732
128.000000 2309.935547 1327.972534 2319.791504 1356.701050
129.000000 2779.990234 1313.027588 2713.448730 1331.825439
170.000000 1653.137695 997.446350 1726.525024 1108.943115
171.000000 1189.461792 1032.976318 1389.656250 1154.102417
130.000000 2296.654785 1093.123413 2306.723145 1153.894409
131.000000 2759.997559 1066.624756 2693.499023 1114.979492
183.000000 2469.997314 1950.046631 2453.282471 1887.546509
136.000000 2756.449951 1056.288452 2689.960449 1106.278564
137.000000 2306.427490 1082.570801 2316.433105 1144.377319
164.000000 1244.651611 96.608543 1449.838867 363.334229
140.000000 2316.575684 1254.446533 2326.631348 1292.870605
141.000000 2763.311279 1236.130615 2699.833496 1264.478638
138.000000 2313.375488 1180.856323 2319.682861 1229.751343
139.000000 2756.619873 1159.048340 2693.040039 1196.687744
1254.000000 2273.993652 1656.635010 2295.000000 1637.000000
106.000000 2267.331787 820.165894 2276.389648 930.456421
158.000000 922.041382 1213.583740 1238.672607 1296.677612
159.000000 902.006287 1643.582153 1236.769775 1646.685303
132.000000 1877.800781 430.047485 1953.445190 600.133545
133.000000 1868.584961 3.291907 1937.688232 219.957657
289.000000 1867.256592 419.987274 1944.414795 589.954346
174.000000 569.785217 1643.005005 997.434631 1646.567139
175.000000 608.020996 1229.816895 1010.240417 1316.546631
165.000000 1241.114380 506.698151 1451.730835 706.675476
332.000000 1252.795288 93.412338 1456.675415 356.666656
143.000000 1551.019287 1319.995728 1718.060303 1366.754883
184.000000 412.291107 1240.499268 873.738098 1333.481934
185.000000 376.509949 1643.615234 861.150024 1650.045776
186.000000 946.225098 1253.142456 1258.611084 1326.689087
187.000000 926.488586 1643.492920 1254.950073 1643.390503
178.000000 2305.665039 1319.860596 2316.166504 1350.036743
179.000000 2328.606689 1703.416626 2340.179199 1676.898438
214.000000 940.824890 1646.551270 1267.698853 1646.650269
215.000000 958.003357 1273.241455 1269.865845 1343.332397
527.000000 169.985382 1677.716797 720.000854 1679.492676
246.000000 433.376068 1279.634155 889.869995 1363.135620
247.000000 393.317963 1639.998291 873.686035 1646.686768
314.000000 550.010193 1682.360840 986.665588 1679.093750
315.000000 910.040527 1686.132568 1243.331909 1678.790039
250.000000 462.072388 633.789124 889.741882 843.324463
251.000000 432.303741 986.860901 880.020508 1126.667358
193.000000 931.771301 940.115662 1241.352417 1070.008301
232.000000 957.814758 353.364502 1241.104004 583.323792
233.000000 967.319519 3.351061 1238.543701 286.650482
242.000000 667.296204 416.718842 1030.484863 653.350159
243.000000 696.058350 69.673325 1040.566528 363.237183
208.000000 2260.228760 523.320129 2265.800049 656.730652
209.000000 2280.227051 870.179077 2288.194580 960.133240
220.000000 2287.306641 873.487610 2295.092529 963.451416
221.000000 2267.436035 526.622620 2272.583008 663.389648
1351.000000 893.353516 1682.419434 1226.000000 1675.000000
244.000000 980.380432 590.246704 1265.536377 780.058105
245.000000 957.587952 933.394531 1257.891113 1070.032227
262.000000 478.889221 436.836853 895.183167 676.720886
263.000000 504.927429 96.788727 903.297363 399.998932
222.000000 3009.776611 2.052065 2902.387695 139.861969
223.000000 2676.127441 60.241905 2612.132324 218.924561
234.000000 2708.806641 456.458588 2643.870117 573.277039
235.000000 2741.197998 789.559326 2674.654297 866.877686
239.000000 963.153992 353.323639 1248.153442 583.328674
236.000000 2679.112549 71.575912 2612.397217 229.871811
237.000000 3000.390869 15.575923 2896.579590 153.011337
203.000000 2746.327881 779.611084 2679.592773 860.566223
219.000000 3070.219238 762.439758 2980.082031 827.140198
296.000000 514.395142 117.059334 910.342163 416.679199
297.000000 485.821106 436.888916 900.827820 676.696960
304.000000 2323.364502 1701.098999 2336.666504 1676.742065
305.000000 2003.333740 1696.636353 2076.667969 1676.132080
302.000000 2316.704834 1666.359253 2329.999268 1646.515625
303.000000 1996.670166 1663.000732 2069.989990 1647.601685
466.000000 1646.686646 1748.901001 1730.012573 1722.645996
467.000000 1329.942871 1743.138306 1543.286499 1719.226685
260.000000 2996.635742 26.486609 2890.151855 163.902130
261.000000 2686.597168 79.593651 2619.836914 236.055450
1115.000000 1004.681396 36.739826 1265.000000 313.000000
299.000000 987.677795 350.054871 1264.506836 580.053833
294.000000 1961.876709 559.946777 2023.374512 706.505920
295.000000 1970.569580 866.556030 2035.769165 966.709412
264.000000 3016.948975 275.432190 2913.970215 389.611420
265.000000 2713.720703 316.213379 2643.638916 448.080048
383.000000 593.309326 1498.124634 1009.959106 1532.213379
384.000000 896.635681 1494.243896 1226.701904 1524.299316
389.000000 586.662170 1620.155518 1006.659424 1629.405151
390.000000 890.003601 1620.546387 1223.375122 1626.759766
375.000000 913.380432 1180.858032 1233.241333 1269.065674
376.000000 613.186890 1197.331421 1016.379700 1290.418823
405.000000 603.252075 1377.319824 1016.580933 1435.291626
406.000000 903.279541 1368.225586 1226.803101 1422.188110
395.000000 599.934814 1437.371460 1013.166260 1483.523315
396.000000 899.998352 1429.932739 1226.781860 1472.167725
317.000000 2009.944458 1682.842285 2073.371094 1665.146362
318.000000 2310.070068 1685.541382 2323.382080 1663.307251
387.000000 589.992981 1558.610840 1009.927002 1580.360596
388.000000 890.018982 1557.100708 1226.626587 1575.037476
286.000000 2719.612061 323.742096 2652.775391 454.083405
287.000000 3016.362305 284.372406 2910.386230 398.455170
316.000000 1195.294189 513.178711 1422.863281 709.758423
280.000000 1161.911743 809.464233 1405.572754 963.238831
393.000000 616.569031 1188.240845 1016.669922 1283.365723
394.000000 913.431091 1171.761353 1230.204224 1262.045410
416.000000 937.335388 686.699829 1235.946777 866.655334
329.000000 2266.819580 828.200500 2276.913086 924.874329
330.000000 1976.382324 857.146973 2039.909790 962.769165
413.000000 906.687256 1163.690796 1226.213013 1252.696533
414.000000 616.499084 1180.427124 1019.954041 1276.264160
273.000000 288.169464 133.284500 745.013916 444.839935
144.000000 1750.114868 1050.125122 1809.342285 1146.794434
271.000000 2843.426025 1353.323486 2774.684814 1363.171631
342.000000 1993.598145 1179.380005 2060.356201 1237.592407
419.000000 613.250793 1317.942017 1019.809143 1387.487305
420.000000 899.990967 1306.441406 1223.486450 1372.015625
335.000000 1003.073486 346.785706 1276.984131 573.334717
336.000000 1014.179199 60.032757 1278.009277 336.672485
337.000000 1979.802734 867.991943 2042.032104 979.806763
338.000000 2263.346680 840.137024 2273.198730 935.957642
231.000000 2786.889648 1140.809937 2720.269775 1179.505127
429.000000 619.938416 1258.745239 1023.294128 1339.558594
430.000000 903.243591 1244.838501 1223.492065 1321.787964
319.000000 2047.337158 1653.306763 2116.655518 1640.000610
320.000000 2036.097168 1369.890381 2102.555176 1393.187378
559.000000 1363.335205 1733.173828 1566.675537 1713.943237
560.000000 1646.707764 1736.494507 1729.974365 1711.570679
284.000000 485.419006 657.517700 907.161926 860.023804
345.000000 2223.856445 139.552994 2229.834473 322.741730
346.000000 1949.858521 189.219528 2006.288086 385.313995
254.000000 2796.611816 1148.957764 2730.003418 1186.704102
402.000000 1419.657715 23.326900 1582.700317 279.975433
322.000000 521.853943 430.159180 914.462036 673.551514
401.000000 1423.828857 273.364288 1584.641113 493.351746
361.000000 2237.039307 389.137787 2243.929688 542.556641
362.000000 1970.404053 429.345825 2027.382935 593.070618
359.000000 1952.485474 198.745865 2009.142456 393.631256
360.000000 2216.652588 149.924057 2223.278320 333.138641
379.000000 2219.993896 156.633057 2226.276367 338.602570
380.000000 1956.902222 204.624756 2016.791504 397.113739
377.000000 2006.588989 1188.428223 2069.914307 1245.706787
378.000000 2273.262939 1175.243164 2286.638428 1226.349487
259.000000 1446.262695 266.653778 1608.752563 483.345673
446.000000 1170.816162 266.688446 1396.666626 493.333344
300.000000 1460.917969 266.680054 1622.866943 483.339508
311.000000 1225.236572 806.631836 1455.401001 953.385071
353.000000 2997.378906 301.903320 2894.456299 415.172394
354.000000 2740.477783 336.845215 2670.846191 465.023315
347.000000 2889.519043 489.679352 2807.887695 589.851379
348.000000 2918.385498 746.473450 2835.915527 820.091431
190.000000 1174.222534 330.027374 1401.800537 553.315552
149.000000 2002.597046 1593.352051 2077.857666 1586.574585
417.000000 1976.629272 436.418213 2033.174194 599.320557
418.000000 2226.488770 398.818298 2233.877686 552.324707
321.000000 534.960938 136.496704 926.370544 429.985535
324.000000 2820.138916 1162.670776 2750.096680 1197.725342
308.000000 43.074089 1023.300842 603.970215 1166.304688
371.000000 2786.724121 753.680420 2720.066406 833.712036
372.000000 2760.896973 509.904968 2694.887451 616.486511
349.000000 2829.829102 1177.000122 2759.177979 1211.145874
397.000000 2018.404175 843.527466 2078.610596 950.084595
398.000000 2008.941162 603.243774 2065.624023 736.730103
195.000000 2829.997314 1673.194702 2756.729980 1644.375366
576.000000 989.924133 39.996414 1256.666626 313.333344
201.000000 2829.946289 1707.512329 2759.990234 1675.777466
488.000000 1888.580444 820.028564 1969.947144 936.808411
409.000000 2752.433350 353.175537 2682.157959 478.070648
410.000000 2988.943604 321.989380 2887.175293 432.277191
399.000000 3000.339844 472.843445 2910.069336 566.987305
400.000000 2763.470215 501.145538 2701.173340 612.100159
352.000000 1673.923096 240.015900 1786.912598 446.659058
206.000000 2833.355225 1690.200073 2763.291992 1661.741577
468.000000 815.002197 1009.912231 1154.940186 1130.008301
469.000000 827.311035 776.524841 1155.906006 943.312134
228.000000 229.552643 24.890083 701.419067 367.383728
369.000000 1815.708374 556.686462 1905.648926 709.902222
490.000000 415.812988 1643.259521 890.561157 1646.685913
491.000000 435.677399 1413.536011 896.741333 1466.554810
476.000000 2253.386963 1191.413818 2270.051758 1240.685669
477.000000 2023.338379 1200.134033 2086.755371 1254.508545
198.000000 1665.672485 233.340073 1778.768311 443.360840
443.000000 1046.430786 1396.657715 1337.808716 1446.654907
510.000000 1431.789307 1706.683838 1638.414429 1690.021606
15.000000 162.741821 1460.305542 704.077759 1510.042969
1552.000000 665.789917 363.271759 1016.000000 607.000000
358.000000 2846.831055 1348.024048 2780.165283 1359.345947
441.000000 1831.757080 790.034363 1889.899292 923.336914
408.000000 1826.883545 566.661926 1915.904419 719.896667
425.000000 2955.688965 740.491150 2895.173340 810.187439
426.000000 2930.560059 519.936157 2869.995361 609.582214
561.000000 1170.197388 324.495148 1396.689819 550.086670
562.000000 953.553040 361.293488 1240.470093 591.762085
520.000000 3035.226562 696.839355 2937.525391 763.222168
494.000000 974.975647 936.735168 1272.534424 1066.661621
495.000000 984.017822 719.889526 1273.671997 886.668823
547.000000 2036.195068 1214.491333 2102.728027 1265.735474
548.000000 2252.924072 1206.097534 2266.878174 1252.655762
421.000000 1779.843262 563.335632 1875.632446 719.918518
452.000000 1783.043701 780.004272 1842.623413 920.023438
590.000000 2053.319824 1634.575317 2119.999756 1623.261230
557.000000 2053.344727 1641.893066 2123.328369 1629.215088
558.000000 2266.664551 1643.593384 2286.676270 1628.165039
507.000000 2207.180176 416.776764 2221.047363 567.850708
166.000000 1996.887085 448.144073 2050.472656 608.520935
327.000000 106.899513 500.028534 629.637451 749.488281
508.000000 2722.446533 723.412292 2658.023926 806.529114
509.000000 2704.334961 519.910828 2640.464355 633.286255
585.000000 151.366516 1563.492188 701.060974 1590.065430
586.000000 128.121262 1763.502441 691.381348 1746.957520
571.000000 534.624023 973.172607 954.061462 1109.923584
572.000000 550.366699 773.099915 958.755310 949.963501
545.000000 2403.140381 964.048340 2393.100586 1038.131958
546.000000 2603.281982 949.302917 2556.800293 1017.739929
464.000000 1570.262695 1336.668701 1734.168457 1383.311279
581.000000 2210.476318 573.873108 2230.583740 706.341675
582.000000 2013.509888 598.101746 2073.990967 736.722839
565.000000 470.761200 983.393250 908.154175 1120.043335
566.000000 486.249298 786.633789 912.820374 959.985046
579.000000 2233.999756 281.754456 2239.436768 447.378265
580.000000 2037.108765 274.562653 2079.635986 453.019775
525.000000 1340.708618 273.351440 1527.694946 496.673462
526.000000 1345.736694 76.642891 1527.194092 326.665100
501.000000 1872.819580 613.345581 1953.276489 760.002380
502.000000 1877.499390 810.059509 1960.651978 936.639465
1046.000000 2006.551025 459.198425 2060.000000 617.000000
1557.000000 2200.184326 431.277649 2222.000000 594.000000
274.000000 619.937134 976.001770 1015.186462 1116.737061
1247.000000 1096.750000 1672.150146 1337.000000 1671.000000
1075.000000 1153.400635 543.825562 1393.000000 734.000000
192.000000 963.310364 569.831909 1243.263062 756.686584
218.000000 2750.161133 805.108032 2682.539307 878.755615
344.000000 1946.424316 193.339661 2003.345459 379.999451
415.000000 933.167358 948.347290 1232.696045 1073.323364
577.000000 1072.445435 330.096771 1328.656128 559.996521
578.000000 1079.835693 143.326828 1329.069336 399.997589
587.000000 1094.843872 143.269333 1340.837524 400.002014
588.000000 1088.290283 329.939972 1340.963623 556.668579
1079.000000 926.711243 1231.214722 1242.000000 1311.000000
563.000000 2678.852539 90.272003 2615.552246 245.956863
564.000000 2860.191406 57.734024 2770.014160 203.384323
169.000000 1113.411377 1232.124390 1394.090210 1310.002563
593.000000 1279.958496 613.332275 1490.020264 789.999817
594.000000 1275.394165 796.635010 1491.405762 946.654236
451.000000 1732.863770 566.655762 1836.244019 726.680603
1495.000000 2886.630859 1727.002075 2808.000000 1692.000000
479.000000 1858.029907 1126.445312 1940.817993 1196.462891
249.000000 2237.490234 176.813065 2242.191406 356.748993
98.000000 2746.755615 1048.280518 2680.251953 1095.947021
205.000000 1977.157715 176.649734 2027.049927 373.317810
256.000000 1988.737915 176.577789 2041.230713 369.928284
1355.000000 636.772034 624.101624 1007.000000 834.000000
1471.000000 1140.657471 564.712646 1383.000000 750.000000
1189.000000 977.249634 587.511719 1261.000000 777.000000
227.000000 3050.634521 413.697632 2941.752197 513.084412
607.000000 513.000000 1599.000000 957.000000 1613.000000
961.000000 406.000000 1168.000000 867.000000 1272.000000
924.000000 1171.000000 930.000000 1372.000000 1068.000000
773.000000 1146.000000 319.000000 1382.000000 544.000000
939.000000 1139.000000 856.000000 1348.000000 1010.000000
610.000000 70.000000 665.000000 615.000000 881.000000
916.000000 2228.000000 314.000000 2237.000000 476.000000
1514.000000 2990.000000 855.000000 2892.000000 917.000000
800.000000 1687.000000 802.000000 1750.000000 946.000000
1101.000000 2699.000000 289.000000 2633.000000 423.000000
910.000000 960.000000 987.000000 1261.000000 1108.000000
1494.000000 549.000000 1642.000000 983.000000 1648.000000
1397.000000 1048.000000 453.000000 1310.000000 663.000000
764.000000 658.000000 552.000000 1025.000000 777.000000
906.000000 536.000000 1515.000000 972.000000 1546.000000
309.000000 75.000000 702.000000 619.397217 909.363403
1083.000000 580.000000 915.000000 985.000000 1062.000000
1467.000000 1663.000000 423.000000 1728.000000 609.000000
1223.000000 1951.000000 354.000000 2010.000000 528.000000
1175.000000 2903.000000 165.000000 2810.000000 297.000000
852.000000 2075.000000 219.000000 2109.000000 403.000000
754.000000 644.000000 407.000000 1013.000000 644.000000
1203.000000 232.000000 803.000000 731.000000 987.000000
839.000000 2210.000000 341.000000 2222.000000 501.000000
1368.000000 2727.000000 106.000000 2654.000000 256.000000
734.000000 202.000000 300.000000 695.000000 582.000000
1275.000000 1887.000000 536.000000 1963.000000 690.000000
789.000000 469.000000 478.000000 890.000000 713.000000
761.000000 2191.000000 1598.000000 2233.000000 1590.000000
1282.000000 914.000000 1135.000000 1231.000000 1231.000000
1201.000000 1699.000000 519.000000 1807.000000 687.000000
1053.000000 445.000000 1051.000000 890.000000 1178.000000
627.000000 508.000000 589.000000 921.000000 801.000000
690.000000 2999.000000 268.000000 2894.000000 385.000000
1283.000000 1363.000000 859.000000 1506.000000 1001.000000
1313.000000 1131.000000 522.000000 1374.000000 717.000000
710.000000 2773.000000 256.000000 2697.000000 389.000000
1424.000000 1169.000000 470.000000 1399.000000 685.000000
1024.000000 466.000000 1463.000000 920.000000 1506.000000
1469.000000 1740.000000 323.000000 1840.000000 515.000000
1017.000000 2999.000000 52.000000 2894.000000 186.000000
1453.000000 1798.000000 923.000000 1858.000000 1036.000000
930.000000 2941.000000 276.000000 2845.000000 396.000000
1067.000000 508.000000 379.000000 914.000000 630.000000
623.000000 2118.000000 209.000000 2143.000000 391.000000
1084.000000 1760.000000 325.000000 1855.000000 515.000000
983.000000 584.000000 866.000000 986.000000 1022.000000
1192.000000 2104.000000 292.000000 2134.000000 465.000000
966.000000 956.000000 490.000000 1243.000000 699.000000
615.000000 3018.000000 210.000000 2912.000000 330.000000
946.000000 608.000000 1027.000000 1005.000000 1152.000000
1028.000000 48.000000 738.000000 605.000000 940.000000
703.000000 1986.000000 251.000000 2037.000000 436.000000
1035.000000 2987.000000 73.000000 2883.000000 207.000000
619.000000 2007.000000 1686.000000 2080.000000 1667.000000
621.000000 27.000000 435.000000 579.000000 698.000000
1486.000000 1960.000000 1744.000000 2041.000000 1717.000000
1353.000000 159.000000 1471.000000 702.000000 1517.000000
1367.000000 2295.000000 1050.000000 2304.000000 1117.000000
938.000000 3048.000000 1077.000000 2945.000000 1114.000000
777.000000 2255.000000 896.000000 2268.000000 985.000000
842.000000 2139.000000 946.000000 2175.000000 1032.000000
1417.000000 1461.000000 822.000000 1615.000000 966.000000
630.000000 1972.000000 241.000000 2025.000000 429.000000
864.000000 1775.000000 833.000000 1870.000000 964.000000
1338.000000 1226.000000 542.000000 1447.000000 729.000000
1455.000000 394.000000 261.000000 828.000000 540.000000
1278.000000 2871.000000 200.000000 2782.000000 330.000000
1186.000000 1108.000000 480.000000 1356.000000 683.000000
1025.000000 492.000000 1039.000000 923.000000 1166.000000
774.000000 1761.000000 533.000000 1860.000000 695.000000
1183.000000 1450.000000 331.000000 1612.000000 540.000000
1281.000000 1586.000000 1265.000000 1639.000000 1330.000000
964.000000 1158.000000 854.000000 1361.000000 1008.000000
1182.000000 2216.000000 371.000000 2227.000000 527.000000
778.000000 2193.000000 327.000000 2208.000000 490.000000
1542.000000 3041.000000 1117.000000 2939.000000 1150.000000
1274.000000 2849.000000 1073.000000 2771.000000 1117.000000
1125.000000 2706.000000 261.000000 2640.000000 398.000000
1362.000000 2230.000000 334.000000 2238.000000 493.000000
1076.000000 634.000000 277.000000 1004.000000 537.000000
1110.000000 1514.000000 614.000000 1674.000000 773.000000
887.000000 2826.000000 94.000000 2741.000000 238.000000
654.000000 2768.000000 852.000000 2699.000000 924.000000
767.000000 1596.000000 487.000000 1729.000000 663.000000
830.000000 86.000000 653.000000 626.000000 871.000000
672.000000 2285.000000 1079.000000 2295.000000 1142.000000
993.000000 616.000000 1037.000000 1012.000000 1161.000000
1500.000000 2783.000000 173.000000 2705.000000 313.000000
1304.000000 593.000000 585.000000 981.000000 793.000000
688.000000 1502.000000 836.000000 1646.000000 977.000000
1055.000000 365.000000 267.000000 808.000000 546.000000
862.000000 44.000000 302.000000 586.000000 590.000000
770.000000 2773.000000 1049.000000 2705.000000 1099.000000
945.000000 644.000000 134.000000 1007.000000 419.000000
1253.000000 1229.000000 830.000000 1435.000000 979.000000
722.000000 588.000000 818.000000 987.000000 983.000000
1178.000000 761.000000 188.000000 1090.000000 459.000000
1414.000000 2022.000000 365.000000 2069.000000 534.000000
894.000000 1972.000000 890.000000 2037.000000 991.000000
1249.000000 531.000000 133.000000 923.000000 427.000000
1554.000000 1691.000000 1037.000000 1781.000000 1139.000000
1222.000000 565.000000 1461.000000 989.000000 1503.000000
1448.000000 1769.000000 562.000000 1866.000000 719.000000
851.000000 2705.000000 120.000000 2636.000000 271.000000
1520.000000 2887.000000 1112.000000 2805.000000 1151.000000
1187.000000 906.000000 1194.000000 1227.000000 1280.000000
1158.000000 1349.000000 821.000000 1494.000000 976.000000
1193.000000 1970.000000 215.000000 2023.000000 406.000000
152.000000 1741.000000 901.000000 1786.335205 1027.323853
1231.000000 1156.000000 635.000000 1396.000000 812.000000
652.000000 107.000000 253.000000 629.000000 547.000000
1294.000000 454.000000 1017.000000 895.000000 1150.000000
1167.000000 580.000000 1269.000000 993.000000 1348.000000
1359.000000 1716.000000 417.000000 1822.000000 598.000000
612.000000 1517.000000 314.000000 1664.000000 521.000000
1346.000000 2722.000000 129.000000 2652.000000 278.000000
829.000000 597.000000 706.000000 991.000000 892.000000
725.000000 1503.000000 795.000000 1646.000000 945.000000
1412.000000 3015.000000 232.000000 2909.000000 350.000000
700.000000 641.000000 176.000000 1006.000000 454.000000
849.000000 2744.000000 117.000000 2670.000000 265.000000
859.000000 1793.000000 257.000000 1882.000000 454.000000
1331.000000 2957.000000 52.000000 2857.000000 190.000000
1138.000000 1669.000000 800.000000 1736.000000 945.000000
803.000000 1930.000000 993.000000 1984.000000 1085.000000
640.000000 509.000000 921.000000 934.000000 1070.000000
1452.000000 1481.000000 796.000000 1631.000000 946.000000
684.000000 2785.000000 1288.000000 2718.000000 1309.000000
760.000000 954.000000 522.000000 1243.000000 725.000000
1509.000000 1988.000000 1094.000000 2053.000000 1164.000000
901.000000 482.000000 501.000000 899.000000 731.000000
936.000000 1657.000000 1708.000000 1739.000000 1686.000000
706.000000 2865.000000 167.000000 2777.000000 302.000000
766.000000 635.000000 580.000000 1011.000000 789.000000
1295.000000 668.000000 105.000000 1021.000000 394.000000
888.000000 1029.000000 552.000000 1300.000000 747.000000
1114.000000 658.000000 472.000000 1025.000000 698.000000
1511.000000 1504.000000 854.000000 1648.000000 989.000000
699.000000 1101.000000 955.000000 1320.000000 1092.000000
616.000000 24.000000 928.000000 554.000000 1099.000000
1363.000000 3002.000000 1120.000000 2908.000000 1142.000000
989.000000 1241.000000 921.000000 1421.000000 1060.000000
1074.000000 2797.000000 837.000000 2724.000000 909.000000
1347.000000 2693.000000 455.000000 2629.000000 574.000000
804.000000 2872.000000 1079.000000 2791.000000 1122.000000
768.000000 2580.000000 586.000000 2535.000000 697.000000
755.000000 1960.000000 224.000000 2015.000000 415.000000
687.000000 1310.000000 494.000000 1511.000000 685.000000
695.000000 457.000000 1569.000000 918.000000 1591.000000
898.000000 32.000000 395.000000 581.000000 665.000000
1389.000000 1710.000000 432.000000 1816.000000 614.000000
1340.000000 1903.000000 994.000000 1962.000000 1087.000000
915.000000 2995.000000 217.000000 2892.000000 339.000000
978.000000 652.000000 318.000000 1017.000000 571.000000
769.000000 2214.000000 1121.000000 2238.000000 1181.000000
142.000000 1651.000000 1774.000000 1735.032227 1739.922729
1078.000000 2220.000000 916.000000 2239.000000 1003.000000
1356.000000 1993.000000 921.000000 2055.000000 1015.000000
1105.000000 2858.000000 1044.000000 2779.000000 1091.000000
1172.000000 1177.000000 359.000000 1405.000000 578.000000
747.000000 1850.000000 841.000000 1910.000000 962.000000
625.000000 462.000000 1516.000000 919.000000 1548.000000
1245.000000 2185.000000 182.000000 2199.000000 363.000000
878.000000 555.000000 1286.000000 978.000000 1363.000000
879.000000 949.000000 397.000000 1236.000000 622.000000
1327.000000 919.000000 983.000000 1230.000000 1106.000000
1208.000000 996.000000 418.000000 1271.000000 636.000000
696.000000 2675.000000 94.000000 2611.000000 249.000000
1292.000000 151.000000 1536.000000 700.000000 1569.000000
1290.000000 1031.000000 1043.000000 1268.000000 1147.000000
847.000000 2312.000000 1691.000000 2326.000000 1667.000000
1436.000000 2750.000000 831.000000 2683.000000 906.000000
881.000000 34.000000 1085.000000 605.000000 1216.000000
285.000000 452.000000 984.000000 894.512878 1123.390015
655.000000 2757.000000 1844.000000 2699.000000 1795.000000
1034.000000 1798.000000 906.000000 1858.000000 1022.000000
1518.000000 2690.000000 102.000000 2624.000000 255.000000
1185.000000 1419.000000 839.000000 1545.000000 988.000000
792.000000 109.000000 1804.000000 678.000000 1778.000000
1064.000000 1289.000000 557.000000 1495.000000 738.000000
1388.000000 1085.000000 383.000000 1336.000000 603.000000
681.000000 527.000000 715.000000 940.000000 902.000000
1382.000000 124.000000 227.000000 638.000000 526.000000
749.000000 429.000000 1026.000000 878.000000 1158.000000
970.000000 232.000000 294.000000 716.000000 575.000000
1404.000000 330.000000 210.000000 782.000000 501.000000
683.000000 498.000000 498.000000 911.000000 728.000000
865.000000 2193.000000 218.000000 2206.000000 394.000000
855.000000 1939.000000 227.000000 1998.000000 419.000000
745.000000 23.000000 682.000000 583.000000 897.000000
1232.000000 1750.000000 250.000000 1845.000000 452.000000
967.000000 2686.000000 236.000000 2622.000000 377.000000
928.000000 3015.000000 188.000000 2909.000000 310.000000
172.000000 630.000000 57.000000 985.637024 359.978058
914.000000 627.000000 366.000000 1002.000000 611.000000
762.000000 1884.000000 451.000000 1959.000000 616.000000
1258.000000 1429.000000 229.000000 1594.000000 453.000000
1527.000000 1356.000000 587.000000 1545.000000 761.000000
1219.000000 1669.000000 864.000000 1737.000000 1000.000000
1357.000000 2671.000000 293.000000 2609.000000 429.000000
868.000000 986.000000 20.000000 1252.000000 304.000000
1015.000000 465.000000 599.000000 890.000000 812.000000
1323.000000 1936.000000 1725.000000 2004.000000 1700.000000
720.000000 998.000000 1320.000000 1301.000000 1380.000000
949.000000 2667.000000 915.000000 2613.000000 985.000000
976.000000 987.000000 397.000000 1264.000000 620.000000
799.000000 1836.000000 1767.000000 1926.000000 1735.000000
1198.000000 1962.000000 254.000000 2017.000000 441.000000
1128.000000 559.000000 377.000000 952.000000 624.000000
1241.000000 532.000000 1569.000000 970.000000 1590.000000
689.000000 1019.000000 955.000000 1304.000000 1081.000000
1159.000000 2666.000000 105.000000 2602.000000 261.000000
1070.000000 964.000000 1132.000000 1267.000000 1227.000000
841.000000 3018.000000 172.000000 2912.000000 295.000000
1408.000000 1324.000000 835.000000 1570.000000 969.000000
702.000000 19.000000 973.000000 551.000000 1134.000000
1001.000000 1810.000000 450.000000 1893.000000 623.000000
1123.000000 622.000000 659.000000 1005.000000 851.000000
1550.000000 1955.000000 369.000000 2015.000000 541.000000
920.000000 1974.000000 1069.000000 2042.000000 1144.000000
1104.000000 2032.000000 919.000000 2087.000000 1013.000000
1038.000000 1983.000000 379.000000 2038.000000 548.000000
779.000000 959.000000 571.000000 1248.000000 766.000000
876.000000 2837.000000 171.000000 2752.000000 307.000000
1195.000000 1028.000000 983.000000 1269.000000 1119.000000
1528.000000 1991.000000 892.000000 2053.000000 992.000000
1214.000000 504.000000 467.000000 914.000000 702.000000
1171.000000 1981.000000 934.000000 2045.000000 1028.000000
601.000000 517.000000 825.000000 936.000000 992.000000
1085.000000 1321.000000 910.000000 1475.000000 1049.000000
892.000000 555.000000 421.000000 952.000000 660.000000
1369.000000 3034.000000 831.000000 2930.000000 894.000000
1390.000000 2529.000000 1361.000000 2504.000000 1380.000000
883.000000 48.000000 264.000000 588.000000 560.000000
1373.000000 965.000000 395.000000 1248.000000 619.000000
968.000000 453.000000 1624.000000 916.000000 1634.000000
972.000000 608.000000 1931.000000 984.000000 1867.000000
1418.000000 3052.000000 1061.000000 2949.000000 1100.000000
1057.000000 1526.000000 534.000000 1678.000000 707.000000
1009.000000 2701.000000 92.000000 2634.000000 246.000000
744.000000 556.000000 1569.000000 986.000000 1589.000000
1143.000000 1154.000000 136.000000 1382.000000 389.000000
1202.000000 596.000000 484.000000 980.000000 711.000000
965.000000 3044.000000 849.000000 2939.000000 909.000000
1058.000000 1641.000000 815.000000 1720.000000 955.000000
1440.000000 1026.000000 507.000000 1290.000000 721.000000
823.000000 1029.000000 403.000000 1295.000000 623.000000
312.000000 1919.000000 1114.000000 1987.131226 1176.818726
1002.000000 551.000000 1337.000000 976.000000 1404.000000
708.000000 2836.000000 1018.000000 2759.000000 1069.000000
750.000000 1626.000000 1333.000000 1745.000000 1379.000000
1184.000000 540.000000 1462.000000 973.000000 1503.000000
1468.000000 2080.000000 929.000000 2125.000000 1020.000000
999.000000 1980.000000 1153.000000 2049.000000 1215.000000
1477.000000 1995.000000 1144.000000 2061.000000 1207.000000
1205.000000 1172.000000 876.000000 1371.000000 1025.000000
1077.000000 1016.000000 870.000000 1302.000000 1009.000000
1086.000000 432.000000 212.000000 854.000000 497.000000
1529.000000 1657.000000 558.000000 1781.000000 720.000000
880.000000 1127.000000 76.000000 1363.000000 340.000000
1547.000000 1848.000000 900.000000 1934.000000 1018.000000
1097.000000 1203.000000 833.000000 1420.000000 982.000000
1524.000000 1246.000000 85.000000 1451.000000 342.000000
1315.000000 2021.000000 404.000000 2068.000000 567.000000
678.000000 2948.000000 95.000000 2848.000000 230.000000
973.000000 1962.000000 902.000000 2030.000000 1002.000000
1226.000000 1445.000000 821.000000 1602.000000 967.000000
1194.000000 1114.000000 616.000000 1370.000000 792.000000
988.000000 512.000000 1027.000000 937.000000 1155.000000
795.000000 559.000000 472.000000 954.000000 704.000000
726.000000 2226.000000 355.000000 2235.000000 512.000000
909.000000 1752.000000 430.000000 1850.000000 609.000000
698.000000 2732.000000 831.000000 2668.000000 907.000000
1459.000000 612.000000 815.000000 1002.000000 980.000000
168.000000 1099.000000 1661.000000 1392.921387 1650.010010
1392.000000 1758.000000 513.000000 1855.000000 679.000000
977.000000 922.000000 1157.000000 1237.000000 1249.000000
1320.000000 2186.000000 199.000000 2200.000000 377.000000
975.000000 1116.000000 594.000000 1371.000000 776.000000
1426.000000 528.000000 1623.000000 968.000000 1632.000000
1306.000000 1965.000000 1085.000000 2096.000000 1139.000000
1505.000000 620.000000 703.000000 1005.000000 889.000000
1190.000000 1527.000000 584.000000 1653.000000 776.000000
1432.000000 1091.000000 447.000000 1342.000000 668.000000
1454.000000 2576.000000 910.000000 2536.000000 984.000000
642.000000 1710.000000 801.000000 1767.000000 944.000000
996.000000 1935.000000 1057.000000 2005.000000 1136.000000
444.000000 1100.000000 1645.000000 1338.324219 1643.346436
860.000000 507.000000 1002.000000 933.000000 1136.000000
1492.000000 1635.000000 789.000000 1710.000000 938.000000
1285.000000 1419.000000 896.000000 1616.000000 1026.000000
1204.000000 506.000000 623.000000 920.000000 829.000000
1403.000000 1632.000000 640.000000 1766.000000 791.000000
1474.000000 103.000000 290.000000 627.000000 578.000000
1118.000000 1571.000000 567.000000 1721.000000 738.000000
1132.000000 1965.000000 157.000000 2017.000000 356.000000
877.000000 26.000000 1190.000000 603.000000 1299.000000
932.000000 424.000000 1053.000000 876.000000 1179.000000
1277.000000 604.000000 913.000000 1000.000000 1059.000000
1082.000000 480.000000 655.000000 903.000000 856.000000
753.000000 478.000000 1340.000000 925.000000 1408.000000
917.000000 1978.000000 903.000000 2042.000000 1001.000000
1065.000000 2756.000000 1023.000000 2690.000000 1076.000000
1318.000000 91.000000 384.000000 622.000000 654.000000
950.000000 3029.000000 1072.000000 2929.000000 1109.000000
1146.000000 2801.000000 1075.000000 2730.000000 1121.000000
987.000000 908.000000 1598.000000 1239.000000 1609.000000
1127.000000 1584.000000 816.000000 1668.000000 962.000000
1090.000000 2997.000000 1025.000000 2899.000000 1069.000000
717.000000 578.000000 148.000000 959.000000 435.000000
856.000000 806.000000 176.000000 1123.000000 446.000000
1217.000000 972.000000 386.000000 1263.000000 610.000000
765.000000 630.000000 321.000000 1003.000000 574.000000
1386.000000 485.000000 476.000000 901.000000 711.000000
786.000000 1042.000000 292.000000 1305.000000 527.000000
1513.000000 2794.000000 1169.000000 2726.000000 1204.000000
1451.000000 1649.000000 271.000000 1763.000000 478.000000
1026.000000 624.000000 410.000000 1001.000000 647.000000
908.000000 2734.000000 237.000000 2663.000000 374.000000
781.000000 512.000000 1083.000000 940.000000 1200.000000
1533.000000 1101.000000 758.000000 1363.000000 913.000000
991.000000 1086.000000 1699.000000 1327.000000 1685.000000
1479.000000 605.000000 1177.000000 1002.000000 1286.000000
1109.000000 2549.000000 522.000000 2508.000000 641.000000
1438.000000 1539.000000 219.000000 1684.000000 439.000000
1410.000000 262.000000 26.000000 719.000000 365.000000
1420.000000 1657.000000 615.000000 1782.000000 763.000000
963.000000 1629.000000 887.000000 1711.000000 1019.000000
980.000000 1136.000000 928.000000 1347.000000 1066.000000
1365.000000 1137.000000 480.000000 1378.000000 680.000000
1037.000000 1786.000000 1725.000000 1853.000000 1700.000000
1130.000000 1739.000000 225.000000 1834.000000 431.000000
743.000000 1379.000000 899.000000 1516.000000 1039.000000
1343.000000 1704.000000 368.000000 1808.000000 557.000000
1322.000000 2097.000000 464.000000 2135.000000 614.000000
542.000000 1984.000000 800.000000 2043.114136 913.343445
1098.000000 1435.000000 837.000000 1568.000000 987.000000
831.000000 655.000000 274.000000 1018.000000 533.000000
649.000000 563.000000 334.000000 954.000000 588.000000
1165.000000 1342.000000 368.000000 1531.000000 577.000000
902.000000 602.000000 660.000000 992.000000 854.000000
1413.000000 1128.000000 499.000000 1372.000000 698.000000
1447.000000 2220.000000 185.000000 2228.000000 362.000000
1129.000000 1503.000000 1251.000000 1630.000000 1313.000000
697.000000 221.000000 10.000000 710.000000 332.000000
1088.000000 575.000000 190.000000 958.000000 470.000000
1174.000000 502.000000 1584.000000 949.000000 1601.000000
922.000000 1111.000000 642.000000 1368.000000 816.000000
1280.000000 1641.000000 764.000000 1680.000000 924.000000
998.000000 624.000000 600.000000 1003.000000 805.000000
167.000000 2006.000000 846.000000 2062.832031 950.018860
1027.000000 2682.000000 81.000000 2615.000000 237.000000
937.000000 1642.000000 539.000000 1768.000000 705.000000
1230.000000 1155.000000 1701.000000 1435.000000 1681.000000
947.000000 1785.000000 809.000000 1844.000000 943.000000
1378.000000 1160.000000 1050.000000 1365.000000 1167.000000
874.000000 607.000000 1225.000000 1012.000000 1312.000000
656.000000 1018.000000 818.000000 1302.000000 967.000000
818.000000 1349.000000 809.000000 1494.000000 966.000000
805.000000 2745.000000 819.000000 2678.000000 896.000000
1349.000000 1046.000000 198.000000 1305.000000 448.000000
1303.000000 1460.000000 832.000000 1696.000000 969.000000
716.000000 2888.000000 93.000000 2796.000000 232.000000
719.000000 963.000000 421.000000 1247.000000 641.000000
836.000000 1651.000000 897.000000 1724.000000 1019.000000
832.000000 1050.000000 390.000000 1311.000000 610.000000
637.000000 429.000000 1276.000000 887.000000 1358.000000
1535.000000 908.000000 126.000000 1197.000000 398.000000
1003.000000 2788.000000 1103.000000 2719.000000 1146.000000
784.000000 2975.000000 839.000000 2878.000000 903.000000
1181.000000 2260.000000 769.000000 2269.000000 874.000000
147.000000 2862.000000 1601.000000 2788.285400 1583.520874
737.000000 513.000000 873.000000 935.000000 1031.000000
1473.000000 608.000000 864.000000 1002.000000 1019.000000
958.000000 1692.000000 1012.000000 1753.000000 1120.000000
1066.000000 37.000000 355.000000 583.000000 633.000000
1137.000000 2977.000000 625.000000 2901.000000 704.000000
1544.000000 1657.000000 1474.000000 1760.000000 1494.000000
1177.000000 578.000000 1286.000000 993.000000 1362.000000
1430.000000 1714.000000 878.000000 1771.000000 1006.000000
798.000000 617.000000 751.000000 1004.000000 927.000000
1484.000000 2636.000000 1873.000000 2593.000000 1821.000000
1113.000000 2304.000000 1119.000000 2312.000000 1176.000000
153.000000 1263.000000 931.000000 1422.799072 1072.352905
1140.000000 991.000000 599.000000 1276.000000 786.000000
1111.000000 1244.000000 533.000000 1457.000000 722.000000
913.000000 1083.000000 599.000000 1347.000000 780.000000
1041.000000 986.000000 1566.000000 1299.000000 1581.000000
674.000000 17.000000 517.000000 576.000000 764.000000
1421.000000 2984.000000 688.000000 2892.000000 773.000000
1059.000000 1088.000000 617.000000 1353.000000 794.000000
893.000000 989.000000 1784.000000 1218.000000 1778.000000
935.000000 663.000000 172.000000 1020.000000 450.000000
955.000000 2047.000000 244.000000 2086.000000 426.000000
1039.000000 1593.000000 192.000000 1726.000000 408.000000
1321.000000 2010.000000 931.000000 2070.000000 1024.000000
903.000000 2240.000000 912.000000 2257.000000 999.000000
1153.000000 838.000000 170.000000 1146.000000 439.000000
1487.000000 2697.000000 444.000000 2634.000000 564.000000
809.000000 928.000000 1012.000000 1238.000000 1130.000000
1407.000000 1770.000000 1009.000000 1827.000000 1110.000000
1409.000000 2064.000000 767.000000 2115.000000 880.000000
834.000000 1036.000000 605.000000 1312.000000 788.000000

4.000000 732.854370 1948.364624 2222.496582 1981.245239 1069.803589 1877.943359 2262.966064 1893.986206
2.000000 696.404480 1973.309570 2152.644287 2030.789062 1026.465210 1900.910278 2322.628662 1924.840698
3.000000 2112.123779 2003.740723 699.172302 1953.090210 2312.915039 1901.452148 1029.736206 1887.374023
5.000000 2122.960449 1864.363281 886.439392 1850.949707 2263.111816 1868.485840 1076.507812 1858.037598
9.000000 889.807983 1877.711670 2109.723877 1894.005127 1179.944214 1823.631836 2166.581787 1828.981201
12.000000 949.904236 1842.343018 2053.183838 1854.068115 1223.317627 1796.214844 2123.303467 1798.485596
7.000000 310.719940 150.467941 186.096313 1229.934204 764.909851 456.757721 704.077759 1510.042969
14.000000 210.800125 1200.846191 329.684357 151.786560 731.263062 1303.601074 780.827209 452.798981
15.000000 2006.604126 1788.537598 1013.280823 1783.306396 2080.042725 1747.823975 1270.041870 1750.930786
25.000000 1019.918945 1806.996338 1993.198853 1818.272095 1279.953979 1766.786011 1906.598267 1775.136597
13.000000 2316.912354 3.110888 2373.057617 906.476624 2299.219727 103.392570 2366.523682 990.010864
10.000000 2654.113037 900.222961 2575.793457 3.118551 2602.230469 970.429932 2512.686768 46.406307
16.000000 2565.066895 3.183746 2641.606201 890.149048 2512.795898 146.718475 2589.921875 946.674194
23.000000 2372.857910 3.137289 2433.690674 889.975464 2362.988281 309.757568 2416.555420 970.009033
11.000000 2496.297119 3.362531 2565.586426 880.085388 2444.557617 43.222630 2527.182129 956.921509
19.000000 855.229675 1023.252319 902.766785 179.968063 1184.558228 1139.966797 1195.490356 446.648132
20.000000 728.063049 1023.427856 784.010132 196.712463 1092.815308 1146.733521 1109.108765 460.057953
22.000000 736.639587 216.664734 678.055969 1040.098877 1074.384644 486.694397 1056.620239 1160.086670
67.000000 776.294373 206.641068 719.918823 1026.661133 1097.748657 696.694397 1088.004395 1076.700928
108.000000 156.589355 1773.066406 969.993958 1793.573730 926.714783 1759.357178 1229.963379 1763.027954
17.000000 2276.687988 1705.435669 3070.013916 1719.196777 2306.662354 1680.739746 3070.008789 1685.133301
30.000000 2133.299561 1831.307983 2920.129395 1851.665649 2186.623535 1788.845703 2766.791992 1800.337524
26.000000 346.142700 289.943146 261.827545 1066.864990 796.028564 569.965515 762.503296 1189.955078
44.000000 868.145081 246.751968 823.721375 1016.689087 1170.918945 646.624817 1162.428345 1136.708740
27.000000 170.877396 1066.382324 258.866943 306.535461 698.860046 1196.598999 735.083069 586.572632
28.000000 184.998779 326.465790 94.228004 1080.107788 684.269226 603.183838 646.634338 1206.664673
37.000000 2421.407959 886.794556 2372.917725 156.694275 2406.260742 973.365723 2363.467041 436.656006
33.000000 342.944550 1053.294067 414.254852 346.423370 818.396729 1183.255615 846.195679 609.654053
38.000000 1767.006958 917.338623 1069.709351 976.578308 1806.769165 1040.738892 1276.340210 1114.313354
138.000000 686.713318 1030.003296 736.224854 333.301941 1062.425781 1159.970337 1071.235596 890.040344
42.000000 1076.380859 989.925781 1756.905762 932.850769 1303.063721 1121.348511 1796.797363 1054.295532
41.000000 1073.104004 1003.875977 1753.439697 947.961121 1302.350098 1132.651611 1796.646606 1066.516357
43.000000 1756.741943 957.607056 1089.815430 1011.029724 1803.411743 1073.931274 1313.527100 1138.144897
105.000000 1746.604492 752.723206 1109.421509 817.656616 1675.633545 920.670105 1375.915771 972.308167
47.000000 1739.753296 767.606140 1109.234619 832.571411 1789.598999 917.508362 1329.709351 991.527100
76.000000 1736.164551 897.514465 1106.252686 951.869141 1786.335205 1027.323853 1422.799072 1072.352905
112.000000 1109.520996 825.364807 1736.382935 760.587952 1402.514282 971.392944 1699.270752 925.304138
36.000000 2067.068359 1817.570068 1466.772461 1831.292358 2133.616943 1770.449341 1576.727051 1785.559692
106.000000 829.808838 769.988831 864.739075 173.220505 1158.247559 940.030579 1164.118164 636.681885
40.000000 1684.209961 1693.582520 1683.285156 1096.648315 1767.175659 1660.075439 1753.632446 1153.236328
227.000000 311.881104 128.244095 859.966064 3.184597 798.295349 424.794525 979.976746 363.077454
45.000000 2769.049316 1116.380127 2834.375244 1659.473755 2703.906982 1159.505371 2764.249268 1636.128662
49.000000 2746.709961 1044.162231 2223.236328 1071.475220 2680.251953 1095.947021 2243.465820 1138.040649
78.000000 1460.111694 1831.015991 946.364929 1806.262939 1570.100342 1784.284058 1219.879395 1769.529175
51.000000 2314.958008 1660.111572 2281.527344 1166.873291 2327.485352 1640.178223 2297.711914 1220.162231
59.000000 2323.312256 1552.143188 2803.333008 1549.910767 2336.645996 1549.179932 2736.645508 1539.153320
54.000000 2329.990967 1629.641846 2810.006836 1631.110718 2339.982422 1615.220215 2743.336914 1610.302246
58.000000 2319.992676 1476.072998 2796.626953 1470.138916 2329.907471 1484.151855 2729.979248 1469.435059
75.000000 753.208862 1879.169678 279.720551 1855.618530 1073.385864 1832.485474 706.886047 1809.790405
60.000000 2316.635986 1402.144897 2789.911133 1389.901611 2326.687500 1420.388062 2723.112793 1399.207275
63.000000 2763.353516 1077.012939 2293.194336 1104.269165 2696.797852 1124.642212 2303.078613 1164.125732
64.000000 2309.935547 1327.972534 2779.990234 1313.027588 2319.791504 1356.701050 2713.448730 1331.825439
85.000000 1653.137695 997.446350 1189.461792 1032.976318 1726.525024 1108.943115 1389.656250 1154.102417
65.000000 2296.654785 1093.123413 2759.997559 1066.624756 2306.723145 1153.894409 2693.499023 1114.979492
91.000000 2926.830811 1977.244751 2469.997314 1950.046631 2773.370117 1906.029785 2453.282471 1887.546509
68.000000 2756.449951 1056.288452 2306.427490 1082.570801 2689.960449 1106.278564 2316.433105 1144.377319
82.000000 1244.651611 96.608543 1231.621582 546.661865 1449.838867 363.334229 1451.730835 706.675476
70.000000 2316.575684 1254.446533 2763.311279 1236.130615 2326.631348 1292.870605 2699.833496 1264.478638
69.000000 2313.375488 1180.856323 2756.619873 1159.048340 2319.682861 1229.751343 2693.040039 1196.687744
264.000000 2253.251709 1223.337280 2273.993652 1656.635010 2283.549072 1393.319580 2294.363770 1563.267700
53.000000 2267.331787 820.165894 2240.598633 390.170013 2276.389648 930.456421 2249.675049 524.011963
79.000000 922.041382 1213.583740 902.006287 1643.582153 1238.672607 1296.677612 1236.769775 1646.685303
66.000000 1877.800781 430.047485 1868.584961 3.291907 1953.445190 600.133545 1937.688232 219.957657
144.000000 1858.263184 3.298875 1867.256592 419.987274 1933.295654 326.668274 1944.414795 589.954346
87.000000 569.785217 1643.005005 608.020996 1229.816895 997.434631 1646.567139 1010.240417 1316.546631
166.000000 1241.114380 506.698151 1252.795288 93.412338 1457.095459 596.665894 1456.675415 356.666656
71.000000 1550.261841 1726.667114 1551.019287 1319.995728 1735.032227 1739.922729 1718.060303 1366.754883
92.000000 412.291107 1240.499268 376.509949 1643.615234 873.738098 1333.481934 861.150024 1650.045776
93.000000 946.225098 1253.142456 926.488586 1643.492920 1258.611084 1326.689087 1254.950073 1643.390503
89.000000 2305.665039 1319.860596 2328.606689 1703.416626 2316.166504 1350.036743 2340.179199 1676.898438
107.000000 940.824890 1646.551270 958.003357 1273.241455 1267.698853 1646.650269 1269.865845 1343.332397
266.000000 169.985382 1677.716797 536.673828 1682.819092 720.000854 1679.492676 890.005981 1679.778687
123.000000 433.376068 1279.634155 393.317963 1639.998291 889.869995 1363.135620 873.686035 1646.686768
157.000000 550.010193 1682.360840 910.040527 1686.132568 986.665588 1679.093750 1243.331909 1678.790039
125.000000 462.072388 633.789124 432.303741 986.860901 889.741882 843.324463 880.020508 1126.667358
96.000000 954.856750 586.548462 931.771301 940.115662 1243.263062 756.686584 1241.352417 1070.008301
116.000000 957.814758 353.364502 967.319519 3.351061 1241.104004 583.323792 1238.543701 286.650482
83.000000 2000.733521 449.985901 2001.193604 800.007202 2050.472656 608.520935 2062.832031 950.018860
121.000000 667.296204 416.718842 696.058350 69.673325 1030.484863 653.350159 1040.566528 363.237183
104.000000 2260.228760 523.320129 2280.227051 870.179077 2265.800049 656.730652 2288.194580 960.133240
110.000000 2287.306641 873.487610 2267.436035 526.622620 2295.092529 963.451416 2272.583008 663.389648
122.000000 980.380432 590.246704 957.587952 933.394531 1265.536377 780.058105 1257.891113 1070.032227
131.000000 478.889221 436.836853 504.927429 96.788727 895.183167 676.720886 903.297363 399.998932
111.000000 3009.776611 2.052065 2676.127441 60.241905 2902.387695 139.861969 2612.132324 218.924561
117.000000 2708.806641 456.458588 2741.197998 789.559326 2643.870117 573.277039 2674.654297 866.877686
137.000000 624.759338 960.109436 650.066711 630.260864 1015.186462 1116.737061 1025.448364 846.747070
119.000000 980.981995 23.026499 963.153992 353.323639 1247.230103 289.987732 1248.153442 583.328674
118.000000 2679.112549 71.575912 3000.390869 15.575923 2612.397217 229.871811 2896.579590 153.011337
101.000000 3070.313965 750.115601 2746.327881 779.611084 2983.698730 815.816284 2679.592773 860.566223
109.000000 2749.513428 791.249084 3070.219238 762.439758 2682.539307 878.755615 2980.082031 827.140198
148.000000 514.395142 117.059334 485.821106 436.888916 910.342163 416.679199 900.827820 676.696960
152.000000 2323.364502 1701.098999 2003.333740 1696.636353 2336.666504 1676.742065 2076.667969 1676.132080
151.000000 2316.704834 1666.359253 1996.670166 1663.000732 2329.999268 1646.515625 2069.989990 1647.601685
234.000000 1646.686646 1748.901001 1329.942871 1743.138306 1730.012573 1722.645996 1543.286499 1719.226685
130.000000 2996.635742 26.486609 2686.597168 79.593651 2890.151855 163.902130 2619.836914 236.055450
149.000000 1004.681396 36.739826 987.677795 350.054871 1267.615234 319.931671 1264.506836 580.053833
147.000000 1961.876709 559.946777 1970.569580 866.556030 2023.374512 706.505920 2035.769165 966.709412
132.000000 3016.948975 275.432190 2713.720703 316.213379 2913.970215 389.611420 2643.638916 448.080048
192.000000 593.309326 1498.124634 896.635681 1494.243896 1009.959106 1532.213379 1226.701904 1524.299316
195.000000 586.662170 1620.155518 890.003601 1620.546387 1006.659424 1629.405151 1223.375122 1626.759766
188.000000 913.380432 1180.858032 613.186890 1197.331421 1233.241333 1269.065674 1016.379700 1290.418823
203.000000 603.252075 1377.319824 903.279541 1368.225586 1016.580933 1435.291626 1226.803101 1422.188110
198.000000 599.934814 1437.371460 899.998352 1429.932739 1013.166260 1483.523315 1226.781860 1472.167725
159.000000 2009.944458 1682.842285 2310.070068 1685.541382 2073.371094 1665.146362 2323.382080 1663.307251
194.000000 589.992981 1558.610840 890.018982 1557.100708 1009.927002 1580.360596 1226.626587 1575.037476
143.000000 2719.612061 323.742096 3016.362305 284.372406 2652.775391 454.083405 2910.386230 398.455170
158.000000 1195.294189 513.178711 1161.911743 809.464233 1422.863281 709.758423 1405.572754 963.238831
197.000000 616.569031 1188.240845 913.431091 1171.761353 1016.669922 1283.365723 1230.204224 1262.045410
208.000000 922.780457 979.972534 937.335388 686.699829 1232.696045 1073.323364 1235.946777 866.655334
165.000000 2266.819580 828.200500 1976.382324 857.146973 2276.913086 924.874329 2039.909790 962.769165
207.000000 906.687256 1163.690796 616.499084 1180.427124 1226.213013 1252.696533 1019.954041 1276.264160
136.000000 5.053638 197.575623 288.169464 133.284500 488.075806 534.058167 745.013916 444.839935
72.000000 1750.114868 1050.125122 1755.650269 1340.019409 1809.342285 1146.794434 1821.287476 1519.958740
135.000000 2873.967773 1639.932373 2843.426025 1353.323486 2807.052246 1633.686035 2774.684814 1363.171631
171.000000 2281.527344 1166.873291 1993.598145 1179.380005 2293.729492 1218.068604 2060.356201 1237.592407
210.000000 613.250793 1317.942017 899.990967 1306.441406 1019.809143 1387.487305 1223.486450 1372.015625
168.000000 1003.073486 346.785706 1014.179199 60.032757 1276.984131 573.334717 1278.009277 336.672485
169.000000 1979.802734 867.991943 2263.346680 840.137024 2042.032104 979.806763 2273.198730 935.957642
115.000000 3070.299316 1125.561279 2786.889648 1140.809937 3017.107178 1151.302368 2720.269775 1179.505127
215.000000 619.938416 1258.745239 903.243591 1244.838501 1023.294128 1339.558594 1223.492065 1321.787964
160.000000 2047.337158 1653.306763 2036.097168 1369.890381 2116.655518 1640.000610 2102.555176 1393.187378
282.000000 1363.335205 1733.173828 1646.707764 1736.494507 1566.675537 1713.943237 1729.974365 1711.570679
142.000000 485.419006 657.517700 458.001770 939.481567 907.161926 860.023804 894.512878 1123.390015
173.000000 2223.856445 139.552994 1949.858521 189.219528 2229.834473 322.741730 2006.288086 385.313995
127.000000 2796.611816 1148.957764 3070.064209 1134.550293 2730.003418 1186.704102 3010.089844 1160.977417
201.000000 1414.520142 296.688965 1419.657715 23.326900 1584.641113 493.351746 1582.700317 279.975433
134.000000 1426.010742 3.381909 1423.828857 273.364288 1588.932495 193.346237 1592.237305 466.639618
181.000000 2237.039307 389.137787 1970.404053 429.345825 2243.929688 542.556641 2027.382935 593.070618
180.000000 1952.485474 198.745865 2216.652588 149.924057 2009.142456 393.631256 2223.278320 333.138641
190.000000 2219.993896 156.633057 1956.902222 204.624756 2226.276367 338.602570 2016.791504 397.113739
189.000000 2006.588989 1188.428223 2273.262939 1175.243164 2069.914307 1245.706787 2286.638428 1226.349487
129.000000 1454.677002 3.269771 1446.262695 266.653778 1610.408936 203.316040 1608.752563 483.345673
223.000000 1177.839722 3.364622 1170.816162 266.688446 1396.666626 296.666656 1396.666626 493.333344
150.000000 1460.917969 266.680054 1464.758789 3.305511 1622.866943 483.339508 1619.416870 223.296844
155.000000 1231.621582 546.661865 1225.236572 806.631836 1444.895752 696.330383 1455.401001 953.385071
177.000000 2997.378906 301.903320 2740.477783 336.845215 2894.456299 415.172394 2670.846191 465.023315
174.000000 2889.519043 489.679352 2918.385498 746.473450 2807.887695 589.851379 2835.915527 820.091431
95.000000 1174.222534 330.027374 1182.125610 73.296158 1401.800537 553.315552 1405.437988 239.985733
74.000000 1996.173950 1339.927979 2002.597046 1593.352051 2049.520752 1220.037109 2077.857666 1586.574585
209.000000 1976.629272 436.418213 2226.488770 398.818298 2033.174194 599.320557 2233.877686 552.324707
161.000000 534.960938 136.496704 510.000702 386.998871 926.370544 429.985535 914.462036 673.551514
162.000000 3070.156006 1149.666260 2820.138916 1162.670776 2990.225098 1175.798462 2750.096680 1197.725342
154.000000 43.074089 1023.300842 73.914467 777.157104 603.970215 1166.304688 619.397217 909.363403
186.000000 2786.724121 753.680420 2760.896973 509.904968 2720.066406 833.712036 2694.887451 616.486511
175.000000 2829.829102 1177.000122 3070.188232 1163.301636 2759.177979 1211.145874 2989.053223 1189.802246
199.000000 2018.404175 843.527466 2008.941162 603.243774 2078.610596 950.084595 2065.624023 736.730103
97.000000 3070.228516 1668.590698 2829.997314 1673.194702 3069.997803 1639.850220 2756.729980 1644.375366
290.000000 978.585266 279.933136 989.924133 39.996414 1256.666626 473.333344 1256.666626 313.333344
100.000000 3070.035156 1710.600342 2829.946289 1707.512329 3070.011963 1677.019043 2759.990234 1675.777466
245.000000 1888.580444 820.028564 1883.754883 579.991516 1969.947144 936.808411 1962.403687 756.566040
205.000000 2752.433350 353.175537 2988.943604 321.989380 2682.157959 478.070648 2887.175293 432.277191
200.000000 3000.339844 472.843445 2763.470215 501.145538 2910.069336 566.987305 2701.173340 612.100159
176.000000 1672.551758 3.318549 1673.923096 240.015900 1779.797974 216.776077 1786.912598 446.659058
103.000000 2833.355225 1690.200073 3070.030273 1690.996826 2763.291992 1661.741577 3070.049072 1659.159302
235.000000 815.002197 1009.912231 827.311035 776.524841 1154.940186 1130.008301 1155.906006 943.312134
114.000000 229.552643 24.890083 2.982834 81.941383 701.419067 367.383728 418.896484 466.364563
185.000000 1815.708374 556.686462 1820.524780 790.057983 1905.648926 709.902222 1914.945679 930.072693
246.000000 415.812988 1643.259521 435.677399 1413.536011 890.561157 1646.685913 896.741333 1466.554810
239.000000 2253.386963 1191.413818 2023.338379 1200.134033 2270.051758 1240.685669 2086.755371 1254.508545
206.000000 3016.973877 151.048065 2786.872070 147.319382 2888.688232 274.017700 2679.896484 295.669281
99.000000 1665.672485 233.340073 1664.114746 3.305469 1778.768311 443.360840 1771.847412 133.292099
222.000000 1046.430786 1396.657715 1037.848389 1623.630127 1337.808716 1446.654907 1338.324219 1643.346436
257.000000 1431.789307 1706.683838 1433.965698 1480.006104 1638.414429 1690.021606 1636.052246 1516.675049
179.000000 3070.357178 1340.187378 2846.831055 1348.024048 3003.470947 1345.564087 2780.165283 1359.345947
204.000000 1831.757080 790.034363 1826.883545 566.661926 1924.349976 930.093079 1915.904419 719.896667
283.000000 1170.197388 324.495148 953.553040 361.293488 1396.689819 550.086670 1240.470093 591.762085
262.000000 3009.235840 480.091644 3035.226562 696.839355 2915.547607 593.478210 2937.525391 763.222168
248.000000 974.975647 936.735168 984.017822 719.889526 1272.534424 1066.661621 1273.671997 886.668823
276.000000 2036.195068 1214.491333 2252.924072 1206.097534 2102.728027 1265.735474 2266.878174 1252.655762
211.000000 1779.843262 563.335632 1783.043701 780.004272 1875.632446 719.918518 1882.841431 923.350769
297.000000 2266.664307 1636.881592 2053.319824 1634.575317 2276.665527 1622.853027 2119.999756 1623.261230
281.000000 2053.344727 1641.893066 2266.664551 1643.593384 2123.328369 1629.215088 2286.676270 1628.165039
255.000000 2207.180176 416.776764 1996.887085 448.144073 2221.047363 567.850708 2050.472656 608.520935
164.000000 106.899513 500.028534 132.653595 289.916687 629.637451 749.488281 647.087463 509.787964
256.000000 2722.446533 723.412292 2704.334961 519.910828 2658.023926 806.529114 2640.464355 633.286255
295.000000 151.366516 1563.492188 128.121262 1763.502441 701.060974 1590.065430 691.381348 1746.957520
288.000000 534.624023 973.172607 550.366699 773.099915 954.061462 1109.923584 958.755310 949.963501
275.000000 2403.140381 964.048340 2603.281982 949.302917 2393.100586 1038.131958 2556.800293 1017.739929
233.000000 1570.262695 1336.668701 1568.679810 1536.656250 1734.168457 1383.311279 1739.111328 1570.023560
293.000000 2210.476318 573.873108 2013.509888 598.101746 2230.583740 706.341675 2073.990967 736.722839
285.000000 470.761200 983.393250 486.249298 786.633789 908.154175 1120.043335 912.820374 959.985046
292.000000 2233.999756 281.754456 2037.108765 274.562653 2239.436768 447.378265 2079.635986 453.019775
265.000000 1340.708618 273.351440 1345.736694 76.642891 1527.694946 496.673462 1527.194092 326.665100
252.000000 1872.819580 613.345581 1877.499390 810.059509 1953.276489 760.002380 1960.651978 936.639465
172.000000 1941.466064 3.295084 1946.424316 193.339661 1992.541016 146.703354 2003.345459 379.999451
291.000000 1072.445435 330.096771 1079.835693 143.326828 1328.656128 559.996521 1329.069336 399.997589
296.000000 1094.843872 143.269333 1088.290283 329.939972 1340.837524 400.002014 1340.963623 556.668579
284.000000 2678.852539 90.272003 2860.191406 57.734024 2615.552246 245.956863 2770.014160 203.384323
299.000000 1279.958496 613.332275 1275.394165 796.635010 1490.020264 789.999817 1491.405762 946.654236
226.000000 1732.863770 566.655762 1733.563843 749.999146 1836.244019 726.680603 1842.623413 920.023438
240.000000 1862.905396 1303.345093 1858.029907 1126.445312 1945.816528 1380.023193 1940.817993 1196.462891
124.000000 2227.368652 3.292386 2237.490234 176.813065 2221.786865 73.685097 2242.191406 356.748993
238.000000 1990.743896 3.303121 1997.512451 169.965652 2119.265137 156.268692 2131.584961 339.893677
113.000000 3072.585693 576.317627 3050.634521 413.697632 2983.921631 809.916443 2941.752197 513.084412
