Keypoint Matches and Line Matches for pairs 6, 8 
6 corresponds to the image ./resources/Data/EntryP10/images/0006.png 
8 corresponds to the image ./resources/Data/EntryP10/images/0008.png 

21.000000 886.439392 1850.949707 1202.984863 1819.356812
24.000000 889.807983 1877.711670 1206.328735 1838.853149
25.000000 2109.723877 1894.005127 2156.245361 1865.192749
32.000000 949.904236 1842.343018 1253.132568 1812.364136
18.000000 310.719940 150.467941 1030.247070 543.186401
36.000000 210.800125 1200.846191 1005.799866 1340.282959
37.000000 329.684357 151.786560 1044.859131 539.586609
42.000000 2006.604126 1788.537598 2079.963623 1776.801880
43.000000 1013.280823 1783.306396 1303.172852 1768.677368
84.000000 1019.918945 1806.996338 1306.572144 1782.368774
23.000000 2373.057617 906.476624 2346.516846 953.343384
26.000000 2654.113037 900.222961 2577.156250 916.920410
31.000000 2641.606201 890.149048 2565.524170 900.101074
45.000000 2433.690674 889.975464 2395.025391 929.877319
29.000000 2565.586426 880.085388 2502.273438 906.753174
49.000000 902.766785 179.968063 1347.647827 490.012512
60.000000 728.063049 1023.427856 1269.949951 1176.665649
46.000000 736.639587 216.664734 1257.113403 540.009949
47.000000 678.055969 1040.098877 1242.522217 1193.389648
234.000000 156.589355 1773.066406 996.632507 1764.107300
235.000000 969.993958 1793.573730 1289.836548 1777.039551
40.000000 2276.687988 1705.435669 2290.042480 1711.130981
88.000000 2133.299561 1831.307983 2176.798828 1824.537354
296.000000 933.282715 1814.980347 1240.159668 1790.475708
297.000000 150.074066 1790.922119 990.009155 1776.502686
55.000000 261.827545 1066.864990 1029.340942 1229.971069
56.000000 170.877396 1066.382324 983.968262 1239.868164
57.000000 258.866943 306.535461 1012.155701 663.112854
62.000000 184.998779 326.465790 977.017395 680.017761
63.000000 94.228004 1080.107788 948.194824 1250.077271
106.000000 2421.407959 886.794556 2384.491943 930.154602
271.000000 2372.917725 156.694275 2335.900635 230.049164
52.000000 342.944550 1053.294067 1068.932983 1223.290894
120.000000 1767.006958 917.338623 1719.828247 1042.605591
139.000000 1756.905762 932.850769 1720.475220 1055.387085
145.000000 1753.439697 947.961121 1720.371582 1068.304932
126.000000 1756.741943 957.607056 1729.624634 1074.979736
158.000000 1739.753296 767.606140 1722.702148 914.408691
948.000000 1116.504272 1034.545776 1368.000000 1179.000000
50.000000 2067.068359 1817.570068 2126.703125 1803.475342
249.000000 829.808838 769.988831 1325.947876 969.988892
525.000000 311.881104 128.244095 1032.739014 524.560791
506.000000 2769.049316 1116.380127 2678.399902 1123.154541
83.000000 2834.375244 1659.473755 2741.636475 1663.194336
815.000000 2746.709961 1044.162231 2658.000000 1049.000000
51.000000 1460.111694 1831.015991 1490.092651 1805.303467
308.000000 946.364929 1806.262939 1246.414185 1782.790894
92.000000 2314.958008 1660.111572 2309.474609 1666.894897
386.000000 2281.527344 1166.873291 2277.505371 1206.000366
122.000000 2323.312256 1552.143188 2316.579590 1567.248291
123.000000 2803.333008 1549.910767 2713.376221 1554.690796
116.000000 2329.990967 1629.641846 2319.969971 1639.397095
117.000000 2810.006836 1631.110718 2723.330566 1636.318970
130.000000 2319.992676 1476.072998 2313.281006 1495.665161
131.000000 2796.626953 1470.138916 2706.760742 1475.138672
140.000000 2316.635986 1402.144897 2309.944580 1425.963623
141.000000 2789.911133 1389.901611 2699.890869 1395.279419
134.000000 2763.353516 1077.012939 2673.362549 1083.511597
135.000000 2293.194336 1104.269165 2286.148193 1146.828491
136.000000 2309.935547 1327.972534 2302.989502 1356.468506
137.000000 2779.990234 1313.027588 2693.184814 1318.473755
272.000000 1653.137695 997.446350 1669.104126 1115.852051
273.000000 1189.461792 1032.976318 1408.998901 1172.031372
148.000000 2296.654785 1093.123413 2289.840576 1135.698120
149.000000 2759.997559 1066.624756 2669.958984 1073.084595
344.000000 2469.997314 1950.046631 2426.578613 1944.273315
156.000000 2756.449951 1056.288452 2666.084473 1063.197876
1093.000000 2306.427490 1082.570801 2294.000000 1124.000000
188.000000 1244.651611 96.608543 1545.279297 383.331299
472.000000 1231.621582 546.661865 1546.630127 759.964111
152.000000 2316.575684 1254.446533 2306.301514 1286.964966
153.000000 2763.311279 1236.130615 2676.557129 1242.423584
160.000000 2313.375488 1180.856323 2303.010010 1217.716919
161.000000 2756.619873 1159.048340 2669.407471 1165.817505
997.000000 2273.993652 1656.635010 2281.000000 1664.000000
111.000000 1868.584961 3.291907 1954.037964 173.308212
214.000000 569.785217 1643.005005 1194.697876 1663.196289
189.000000 1241.114380 506.698151 1545.619141 710.001099
291.000000 1551.019287 1319.995728 1776.476807 1380.003174
222.000000 412.291107 1240.499268 1108.885986 1363.409302
223.000000 376.509949 1643.615234 1098.616577 1663.400024
143.000000 1966.967407 853.064087 2043.750854 936.494324
180.000000 2305.665039 1319.860596 2299.144287 1346.719116
260.000000 433.376068 1279.634155 1121.524292 1390.069336
261.000000 393.317963 1639.998291 1109.092651 1663.443604
514.000000 550.010193 1682.360840 1190.012207 1695.299683
323.000000 462.072388 633.789124 1120.789062 896.687561
476.000000 957.814758 353.364502 1380.114136 616.669189
329.000000 2001.193604 800.007202 2053.708984 886.648926
254.000000 667.296204 416.718842 1224.541626 706.698303
255.000000 696.058350 69.673325 1231.867798 426.628326
176.000000 2260.228760 523.320129 2249.968994 597.114502
177.000000 2280.227051 870.179077 2272.010010 926.755127
280.000000 2287.306641 873.487610 2279.280518 930.051941
488.000000 980.380432 590.246704 1402.546265 813.318726
1467.000000 504.927429 96.788727 1131.000000 475.000000
485.000000 2676.127441 60.241905 2580.340820 77.388138
204.000000 2708.806641 456.458588 2617.335938 466.600830
264.000000 980.981995 23.026499 1388.917969 343.349365
265.000000 963.153992 353.323639 1386.971680 616.668823
422.000000 2679.112549 71.575912 2584.666748 85.654068
175.000000 2746.327881 779.611084 2652.583496 786.974976
194.000000 2749.513428 791.249084 2655.335205 797.891541
195.000000 3070.219238 762.439758 2970.207764 720.849609
331.000000 514.395142 117.059334 1137.231567 486.683411
346.000000 485.821106 436.888916 1140.390625 733.482666
339.000000 2323.364502 1701.098999 2316.665039 1706.765747
340.000000 2003.333740 1696.636353 2080.002686 1703.158569
337.000000 2316.704834 1666.359253 2310.014160 1673.228882
338.000000 1996.670166 1663.000732 2073.322754 1674.275024
389.000000 2686.597168 79.593651 2593.749512 90.920952
288.000000 1004.681396 36.739826 1403.880615 356.672058
289.000000 987.677795 350.054871 1401.347290 613.379517
228.000000 3016.948975 275.432190 2894.376953 222.813034
229.000000 2713.720703 316.213379 2617.484619 325.538055
557.000000 593.309326 1498.124634 1209.817871 1553.150391
531.000000 586.662170 1620.155518 1206.627563 1647.670044
532.000000 890.003601 1620.546387 1369.970825 1644.929443
549.000000 913.380432 1180.858032 1370.148438 1294.247681
550.000000 613.186890 1197.331421 1213.287842 1319.720215
553.000000 603.252075 1377.319824 1213.291260 1459.564819
554.000000 903.279541 1368.225586 1370.101929 1444.386719
537.000000 599.934814 1437.371460 1209.961914 1506.182495
538.000000 899.998352 1429.932739 1370.019531 1493.581299
374.000000 2009.944458 1682.842285 2086.628906 1691.463013
375.000000 2310.070068 1685.541382 2306.720215 1693.194336
539.000000 589.992981 1558.610840 1206.662842 1599.876465
540.000000 890.018982 1557.100708 1366.715088 1594.888550
242.000000 2719.612061 323.742096 2622.964111 332.332275
243.000000 3016.362305 284.372406 2894.951172 232.015167
561.000000 616.569031 1188.240845 1216.506348 1312.358398
562.000000 913.431091 1171.761353 1370.072998 1287.110718
358.000000 2266.819580 828.200500 2259.728027 888.953918
359.000000 1976.382324 857.146973 2042.974243 945.284729
551.000000 906.687256 1163.690796 1372.867554 1277.388550
552.000000 616.499084 1180.427124 1216.421997 1305.295044
425.000000 288.169464 133.284500 1018.208008 532.583008
76.000000 1750.114868 1050.125122 1753.854248 1156.806641
211.000000 2843.426025 1353.323486 2763.887939 1352.899536
387.000000 1993.598145 1179.380005 2064.146729 1235.820435
565.000000 613.250793 1317.942017 1216.637939 1413.094360
566.000000 899.990967 1306.441406 1369.761475 1394.682617
349.000000 1003.073486 346.785706 1415.114746 606.667664
350.000000 1014.179199 60.032757 1415.248535 373.332520
366.000000 1979.802734 867.991943 2044.598877 963.003296
367.000000 2263.346680 840.137024 2256.756104 900.302246
207.000000 2786.889648 1140.809937 2696.935059 1145.121460
575.000000 619.938416 1258.745239 1219.553101 1366.885620
576.000000 903.243591 1244.838501 1369.807373 1345.324341
146.000000 2047.337158 1653.306763 2121.034668 1663.441284
298.000000 485.419006 657.517700 1134.902466 913.254395
318.000000 2223.856445 139.552994 2212.114990 244.405212
355.000000 1949.858521 189.219528 2008.622192 340.846344
220.000000 2796.611816 1148.957764 2706.541504 1152.480713
402.000000 521.853943 430.159180 1153.451050 726.762817
403.000000 545.062500 159.862259 1159.306152 516.647339
184.000000 1423.828857 273.364288 1655.564087 496.606171
430.000000 2237.039307 389.137787 2220.688721 481.768341
431.000000 1970.404053 429.345825 2033.805176 554.544861
390.000000 1952.485474 198.745865 2015.158447 346.795593
391.000000 2216.652588 149.924057 2209.393066 255.377151
406.000000 2219.993896 156.633057 2209.609863 262.496765
407.000000 1956.902222 204.624756 2020.347168 350.744568
440.000000 2006.588989 1188.428223 2072.902100 1243.668579
441.000000 2273.262939 1175.243164 2270.279297 1215.274292
253.000000 1446.262695 266.653778 1675.104248 483.333191
450.000000 1177.839722 3.364622 1501.464478 316.648926
451.000000 1170.816162 266.688446 1503.807617 509.994263
276.000000 1460.917969 266.680054 1689.177612 480.004364
302.000000 2997.378906 301.903320 2878.268311 254.343307
303.000000 2740.477783 336.845215 2644.731689 340.459015
274.000000 2889.519043 489.679352 2795.479492 466.412140
275.000000 2918.385498 746.473450 2826.347656 726.704468
212.000000 1174.222534 330.027374 1506.518799 576.665894
129.000000 2002.597046 1593.352051 2078.515625 1609.881592
442.000000 1976.629272 436.418213 2036.094971 561.869629
443.000000 2226.488770 398.818298 2220.014648 490.037231
345.000000 534.960938 136.496704 1149.749878 500.123657
279.000000 2820.138916 1162.670776 2730.221680 1164.853027
311.000000 43.074089 1023.300842 917.626526 1213.043091
292.000000 2786.724121 753.680420 2705.684814 760.110718
293.000000 2760.896973 509.904968 2677.098145 506.618011
360.000000 2018.404175 843.527466 2085.669922 926.721985
361.000000 2008.941162 603.243774 2073.271240 703.336792
171.000000 2829.997314 1673.194702 2733.330811 1676.454590
436.000000 978.585266 279.933136 1393.333374 570.000000
437.000000 989.924133 39.996414 1393.333374 370.000000
179.000000 2829.946289 1707.512329 2739.970215 1712.106201
319.000000 1888.580444 820.028564 1981.677368 930.040283
320.000000 1883.754883 579.991516 1975.830688 689.858093
368.000000 2752.433350 353.175537 2664.107910 354.198486
1027.000000 2988.943604 321.989380 2877.000000 279.000000
364.000000 3000.339844 472.843445 2894.683350 430.901154
365.000000 2763.470215 501.145538 2683.801025 498.133331
167.000000 1673.923096 240.015900 1821.568726 426.685303
186.000000 2833.355225 1690.200073 2743.334717 1694.887207
58.000000 815.002197 1009.912231 1315.980835 1153.374268
512.000000 827.311035 776.524841 1324.577026 976.669739
333.000000 1815.708374 556.686462 1925.366821 690.041809
286.000000 415.812988 1643.259521 1124.078857 1663.358765
378.000000 2110.951904 823.444641 2156.309326 903.545959
379.000000 2100.196777 593.324158 2143.812012 686.639099
504.000000 2253.386963 1191.413818 2256.854004 1231.468872
505.000000 2023.338379 1200.134033 2087.064453 1253.119019
410.000000 3016.973877 151.048065 2879.363770 93.205177
411.000000 2786.872070 147.319382 2677.088379 141.013977
172.000000 1665.672485 233.340073 1815.564819 426.685699
478.000000 1046.430786 1396.657715 1465.580688 1460.018555
479.000000 1037.848389 1623.630127 1464.972290 1643.349854
19.000000 162.741821 1460.305542 983.267639 1529.996826
326.000000 2846.831055 1348.024048 2770.093262 1347.740234
593.000000 2036.195068 1214.491333 2108.070068 1266.326538
1014.000000 2252.924072 1206.097534 2258.000000 1249.000000
370.000000 1779.843262 563.335632 1895.526245 700.033325
516.000000 2207.180176 416.776764 2211.583984 507.413971
164.000000 1996.887085 448.144073 2054.254883 569.129822
454.000000 2722.446533 723.412292 2632.574463 730.071106
455.000000 2704.334961 519.910828 2614.754150 539.866882
555.000000 151.366516 1563.492188 980.996704 1610.049316
556.000000 128.121262 1763.502441 973.225830 1767.156006
569.000000 534.624023 973.172607 1172.203125 1150.052246
570.000000 550.366699 773.099915 1175.841919 996.647095
523.000000 2403.140381 964.048340 2372.174561 1004.349304
524.000000 2603.281982 949.302917 2533.588867 971.245789
474.000000 1570.262695 1336.668701 1787.243286 1396.658203
475.000000 1568.679810 1536.656250 1789.923706 1580.001099
589.000000 2210.476318 573.873108 2220.376953 654.479736
590.000000 2013.509888 598.101746 2080.186523 700.567688
347.000000 470.761200 983.393250 1137.479248 1159.924805
503.000000 2796.796387 794.760864 2690.175293 797.384766
915.000000 2037.108765 274.562653 2077.000000 412.000000
470.000000 1340.708618 273.351440 1606.630249 506.666168
471.000000 1345.736694 76.642891 1609.116455 323.276154
458.000000 1872.819580 613.345581 1967.636108 736.635742
851.000000 2006.551025 459.198425 2069.000000 577.000000
224.000000 619.937134 976.001770 1212.004028 1149.953247
1312.000000 1096.750000 1672.150146 1486.000000 1689.000000
943.000000 1153.400635 543.825562 1499.000000 756.000000
490.000000 2750.161133 805.108032 2656.410645 812.292908
491.000000 2940.108887 787.866455 2830.674561 769.408142
14.000000 2163.970215 1906.145142 2242.738281 1907.043579
313.000000 1072.445435 330.096771 1455.366943 586.671387
1197.000000 1079.835693 143.326828 1437.000000 441.000000
573.000000 1094.843872 143.269333 1466.121582 430.000336
574.000000 1088.290283 329.939972 1466.220093 583.333618
486.000000 2678.852539 90.272003 2584.580566 105.513428
487.000000 2860.191406 57.734024 2747.998535 29.531343
432.000000 1732.863770 566.655762 1859.048706 713.356262
547.000000 2596.567139 941.919495 2529.522461 964.289001
548.000000 2416.520752 954.593750 2373.138184 995.694641
508.000000 2304.553711 1126.593140 2295.621094 1166.732788
509.000000 2315.399902 1306.742920 2306.364502 1336.685791
595.000000 2243.937744 183.301132 2235.223389 280.092529
215.000000 596.789246 1248.699585 1202.620972 1356.562134
421.000000 1359.665039 1736.808716 1609.037354 1736.661987
534.000000 2886.630859 1727.002075 2793.313232 1731.286621
736.000000 1846.611206 452.196381 1931.000000 593.000000
259.000000 2237.490234 176.813065 2228.665527 276.752747
577.000000 2573.397949 1057.838501 2506.876709 1081.250366
578.000000 2746.755615 1048.280518 2656.571289 1056.098267
199.000000 1977.157715 176.649734 2034.563477 323.287964
232.000000 1988.737915 176.577789 2050.540283 316.639740
405.000000 2134.679932 816.767883 2174.797119 892.769348
1065.000000 2746.670898 1641.684692 2668.000000 1648.000000
510.000000 1559.330933 53.331764 1751.589722 276.560669
1486.000000 977.249634 587.511719 1398.000000 808.000000
1118.000000 41.426598 513.098511 916.000000 837.000000
1498.000000 2653.364014 1721.411133 2589.000000 1727.000000
1098.000000 513.000000 1599.000000 1174.000000 1631.000000
773.000000 406.000000 1168.000000 1103.000000 1305.000000
1344.000000 2176.000000 224.000000 2182.000000 331.000000
931.000000 1058.000000 1483.000000 1473.000000 1532.000000
820.000000 1171.000000 930.000000 1396.000000 1090.000000
767.000000 2228.000000 314.000000 2224.000000 407.000000
965.000000 1306.000000 911.000000 1594.000000 1035.000000
1499.000000 2990.000000 855.000000 2876.000000 833.000000
802.000000 1687.000000 802.000000 1694.000000 947.000000
1073.000000 825.000000 1990.000000 1048.000000 1907.000000
995.000000 549.000000 1642.000000 1187.000000 1664.000000
1291.000000 658.000000 552.000000 1220.000000 824.000000
1077.000000 1365.000000 902.000000 1580.000000 1036.000000
830.000000 536.000000 1515.000000 1186.000000 1567.000000
312.000000 75.000000 702.000000 930.002563 969.661133
1297.000000 1663.000000 423.000000 1771.000000 600.000000
1246.000000 3040.000000 222.000000 2916.000000 161.000000
910.000000 2075.000000 219.000000 2106.000000 344.000000
756.000000 2200.000000 1573.000000 2236.000000 1588.000000
892.000000 2210.000000 341.000000 2210.000000 436.000000
667.000000 2727.000000 106.000000 2628.000000 109.000000
1519.000000 596.000000 1039.000000 1174.000000 1204.000000
1392.000000 469.000000 478.000000 1121.000000 772.000000
606.000000 2191.000000 1598.000000 2230.000000 1612.000000
710.000000 1699.000000 519.000000 1831.000000 675.000000
1030.000000 2999.000000 268.000000 2876.000000 219.000000
1490.000000 1131.000000 522.000000 1485.000000 740.000000
600.000000 2773.000000 256.000000 2671.000000 252.000000
629.000000 466.000000 1463.000000 1147.000000 1528.000000
608.000000 2734.000000 249.000000 2637.000000 252.000000
1111.000000 1740.000000 323.000000 1866.000000 492.000000
660.000000 508.000000 379.000000 1139.000000 692.000000
607.000000 2118.000000 209.000000 2138.000000 328.000000
789.000000 2172.000000 1615.000000 2216.000000 1628.000000
1437.000000 584.000000 866.000000 1198.000000 1062.000000
697.000000 3018.000000 210.000000 2895.000000 153.000000
908.000000 1468.000000 323.000000 1697.000000 521.000000
1047.000000 48.000000 738.000000 909.000000 1008.000000
800.000000 1986.000000 251.000000 2041.000000 389.000000
884.000000 2007.000000 1686.000000 2080.000000 1694.000000
1449.000000 1451.000000 799.000000 1639.000000 947.000000
692.000000 27.000000 435.000000 908.000000 781.000000
714.000000 159.000000 1471.000000 982.000000 1540.000000
1003.000000 2974.000000 272.000000 2854.000000 228.000000
972.000000 2295.000000 1050.000000 2287.000000 1096.000000
709.000000 3048.000000 1077.000000 2933.000000 1058.000000
671.000000 2255.000000 896.000000 2253.000000 954.000000
1368.000000 2139.000000 946.000000 2167.000000 1011.000000
645.000000 1972.000000 241.000000 2030.000000 382.000000
640.000000 2761.000000 301.000000 2661.000000 300.000000
1323.000000 541.000000 484.000000 1158.000000 771.000000
1396.000000 2880.000000 82.000000 2778.000000 42.000000
1560.000000 1226.000000 542.000000 1533.000000 727.000000
1211.000000 17.000000 1087.000000 894.000000 1267.000000
53.000000 394.000000 261.000000 1093.570435 603.077942
1146.000000 1761.000000 533.000000 1881.000000 678.000000
1119.000000 1450.000000 331.000000 1672.000000 542.000000
1259.000000 1586.000000 1265.000000 1792.000000 1333.000000
1364.000000 1266.000000 835.000000 1483.000000 1001.000000
976.000000 2193.000000 327.000000 2197.000000 426.000000
1079.000000 3041.000000 1117.000000 2928.000000 1100.000000
1019.000000 2849.000000 1073.000000 2749.000000 1071.000000
846.000000 2706.000000 261.000000 2613.000000 271.000000
1039.000000 552.000000 447.000000 1163.000000 740.000000
732.000000 2230.000000 334.000000 2226.000000 426.000000
1105.000000 2799.000000 852.000000 2701.000000 853.000000
1173.000000 34.000000 632.000000 910.000000 926.000000
797.000000 634.000000 277.000000 1210.000000 595.000000
1029.000000 1514.000000 614.000000 1736.000000 774.000000
994.000000 2826.000000 94.000000 2716.000000 75.000000
409.000000 1187.000000 941.000000 1435.747559 1089.098511
1187.000000 2768.000000 852.000000 2675.000000 857.000000
898.000000 1475.000000 822.000000 1558.000000 982.000000
1465.000000 2231.000000 298.000000 2226.000000 392.000000
654.000000 2285.000000 1079.000000 2279.000000 1123.000000
1125.000000 2783.000000 173.000000 2679.000000 166.000000
749.000000 44.000000 302.000000 913.000000 681.000000
1451.000000 2773.000000 1049.000000 2681.000000 1054.000000
998.000000 588.000000 818.000000 1199.000000 1024.000000
817.000000 12.000000 1241.000000 861.000000 1383.000000
1156.000000 1569.000000 227.000000 1742.000000 431.000000
1212.000000 565.000000 1461.000000 1187.000000 1525.000000
1290.000000 1769.000000 562.000000 1886.000000 702.000000
954.000000 62.000000 736.000000 925.000000 1003.000000
727.000000 2705.000000 120.000000 2609.000000 128.000000
1124.000000 2887.000000 1112.000000 2786.000000 1108.000000
728.000000 1970.000000 215.000000 2029.000000 359.000000
678.000000 107.000000 253.000000 941.000000 639.000000
1233.000000 580.000000 1269.000000 1195.000000 1376.000000
1010.000000 1716.000000 417.000000 1849.000000 582.000000
840.000000 1517.000000 314.000000 1719.000000 517.000000
896.000000 1741.000000 534.000000 1864.000000 682.000000
743.000000 30.000000 884.000000 891.000000 1120.000000
1202.000000 2722.000000 129.000000 2624.000000 134.000000
1444.000000 1832.000000 895.000000 1894.000000 1006.000000
936.000000 1503.000000 795.000000 1672.000000 939.000000
780.000000 3015.000000 232.000000 2892.000000 177.000000
942.000000 641.000000 176.000000 1212.000000 515.000000
1552.000000 2744.000000 117.000000 2643.000000 117.000000
1055.000000 1793.000000 257.000000 1905.000000 425.000000
992.000000 1669.000000 800.000000 1748.000000 947.000000
803.000000 509.000000 921.000000 1157.000000 1111.000000
507.000000 2785.000000 1288.000000 2695.957764 1293.406494
1183.000000 1988.000000 1094.000000 2056.000000 1158.000000
1354.000000 482.000000 501.000000 1128.000000 788.000000
704.000000 1657.000000 1708.000000 1672.000000 1708.000000
778.000000 2865.000000 167.000000 2754.000000 142.000000
981.000000 2131.000000 898.000000 2171.000000 963.000000
888.000000 2643.000000 910.000000 2568.000000 928.000000
806.000000 668.000000 105.000000 1218.000000 457.000000
750.000000 1031.000000 653.000000 1442.000000 855.000000
1394.000000 658.000000 472.000000 1221.000000 748.000000
655.000000 1101.000000 955.000000 1355.000000 1116.000000
924.000000 1526.000000 596.000000 1744.000000 756.000000
1400.000000 2710.000000 281.000000 2618.000000 289.000000
1456.000000 2950.000000 220.000000 2830.000000 179.000000
788.000000 3002.000000 1120.000000 2891.000000 1106.000000
882.000000 2170.000000 1580.000000 2214.000000 1595.000000
811.000000 1241.000000 921.000000 1412.000000 1087.000000
1296.000000 2172.000000 213.000000 2179.000000 322.000000
1440.000000 2797.000000 837.000000 2700.000000 838.000000
1152.000000 2693.000000 455.000000 2602.000000 468.000000
852.000000 2872.000000 1079.000000 2770.000000 1076.000000
639.000000 2580.000000 586.000000 2510.000000 616.000000
716.000000 1960.000000 224.000000 2021.000000 369.000000
1475.000000 2896.000000 179.000000 2782.000000 147.000000
793.000000 457.000000 1569.000000 1145.000000 1610.000000
758.000000 32.000000 395.000000 909.000000 750.000000
688.000000 1710.000000 432.000000 1847.000000 594.000000
1477.000000 1903.000000 994.000000 1942.000000 1081.000000
907.000000 2995.000000 217.000000 2873.000000 167.000000
1252.000000 2214.000000 1121.000000 2226.000000 1169.000000
717.000000 2220.000000 916.000000 2226.000000 976.000000
1129.000000 2858.000000 1044.000000 2758.000000 1041.000000
1319.000000 1850.000000 841.000000 1881.000000 953.000000
628.000000 462.000000 1516.000000 1146.000000 1569.000000
925.000000 2185.000000 182.000000 2189.000000 291.000000
250.000000 1957.000000 137.000000 2021.307617 286.752136
1383.000000 2825.000000 1601.000000 2735.000000 1605.000000
735.000000 949.000000 397.000000 1378.000000 657.000000
782.000000 2219.000000 1107.000000 2230.000000 1154.000000
1009.000000 2312.000000 1691.000000 2308.000000 1697.000000
940.000000 2750.000000 831.000000 2658.000000 837.000000
1017.000000 1627.000000 255.000000 1782.000000 453.000000
299.000000 452.000000 984.000000 1123.709229 1163.350220
1043.000000 2690.000000 102.000000 2596.000000 113.000000
959.000000 109.000000 1804.000000 960.000000 1786.000000
1104.000000 1289.000000 557.000000 1582.000000 752.000000
1274.000000 1085.000000 383.000000 1454.000000 630.000000
615.000000 527.000000 715.000000 1162.000000 949.000000
873.000000 124.000000 227.000000 945.000000 617.000000
886.000000 2193.000000 218.000000 2196.000000 323.000000
1153.000000 1939.000000 227.000000 2007.000000 375.000000
771.000000 23.000000 682.000000 905.000000 964.000000
1393.000000 625.000000 85.000000 1193.000000 458.000000
1300.000000 1578.000000 429.000000 1756.000000 607.000000
747.000000 1750.000000 250.000000 1869.000000 428.000000
742.000000 2686.000000 236.000000 2595.000000 249.000000
1063.000000 179.000000 252.000000 972.000000 650.000000
1541.000000 1122.000000 861.000000 1444.000000 1027.000000
951.000000 3015.000000 188.000000 2892.000000 131.000000
1046.000000 627.000000 366.000000 1208.000000 667.000000
110.000000 1884.000000 451.000000 1968.784302 586.947693
823.000000 1429.000000 229.000000 1661.000000 456.000000
1280.000000 1669.000000 864.000000 1559.000000 1024.000000
591.000000 2671.000000 293.000000 2592.897949 310.040466
1108.000000 1789.000000 964.000000 1938.000000 1051.000000
698.000000 998.000000 1320.000000 1435.000000 1402.000000
874.000000 2667.000000 915.000000 2588.000000 931.000000
1402.000000 548.000000 1206.000000 1179.000000 1318.000000
1164.000000 1836.000000 1767.000000 1911.000000 1763.000000
1563.000000 45.000000 882.000000 919.000000 1112.000000
1091.000000 1962.000000 254.000000 2024.000000 395.000000
777.000000 559.000000 377.000000 1171.000000 684.000000
310.000000 2515.000000 115.000000 2450.770020 169.933792
1522.000000 532.000000 1569.000000 1185.000000 1608.000000
1155.000000 3018.000000 172.000000 2895.000000 113.000000
1537.000000 1830.000000 834.000000 1893.000000 953.000000
1513.000000 1621.000000 280.000000 1777.000000 465.000000
944.000000 1324.000000 835.000000 1543.000000 985.000000
827.000000 1381.000000 587.000000 1635.000000 767.000000
829.000000 1955.000000 369.000000 2022.000000 502.000000
1001.000000 1974.000000 1069.000000 2046.000000 1136.000000
1148.000000 95.000000 564.000000 938.000000 870.000000
694.000000 2032.000000 919.000000 2047.000000 997.000000
932.000000 1346.000000 29.000000 1605.000000 297.000000
779.000000 1983.000000 379.000000 2042.000000 507.000000
903.000000 959.000000 571.000000 1388.000000 798.000000
754.000000 2837.000000 171.000000 2728.000000 152.000000
1024.000000 1991.000000 892.000000 2056.000000 976.000000
1433.000000 575.000000 1336.000000 1191.000000 1429.000000
865.000000 1981.000000 934.000000 2049.000000 1014.000000
662.000000 517.000000 825.000000 1159.000000 1036.000000
54.000000 347.000000 271.000000 1056.277832 616.649597
1097.000000 1321.000000 910.000000 1641.000000 1030.000000
625.000000 555.000000 421.000000 1171.000000 718.000000
1066.000000 48.000000 264.000000 915.000000 652.000000
962.000000 1849.000000 828.000000 1880.000000 942.000000
996.000000 453.000000 1624.000000 1144.000000 1650.000000
953.000000 3052.000000 1061.000000 2937.000000 1041.000000
1313.000000 1526.000000 534.000000 1732.000000 705.000000
690.000000 2701.000000 92.000000 2607.000000 101.000000
1515.000000 9.000000 1225.000000 858.000000 1372.000000
1071.000000 596.000000 484.000000 1187.000000 764.000000
1168.000000 1641.000000 815.000000 1679.000000 957.000000
1452.000000 1384.000000 1517.000000 1628.000000 1554.000000
986.000000 1029.000000 403.000000 1423.000000 653.000000
452.000000 1919.000000 1114.000000 1985.719116 1193.365356
1381.000000 551.000000 1337.000000 1169.000000 1432.000000
1543.000000 2836.000000 1018.000000 2737.000000 1017.000000
877.000000 2080.000000 929.000000 2119.000000 988.000000
128.000000 1980.000000 1153.000000 2053.334473 1216.666626
1283.000000 1172.000000 876.000000 1397.000000 1047.000000
1358.000000 432.000000 212.000000 1096.000000 572.000000
1422.000000 2227.000000 888.000000 2232.000000 948.000000
1516.000000 1127.000000 76.000000 1483.000000 367.000000
1425.000000 1336.000000 1475.000000 1629.000000 1512.000000
1060.000000 1540.000000 326.000000 1735.000000 526.000000
1277.000000 1246.000000 85.000000 1545.000000 360.000000
975.000000 2021.000000 404.000000 2069.000000 523.000000
720.000000 2948.000000 95.000000 2827.000000 48.000000
1013.000000 1962.000000 902.000000 2035.000000 987.000000
863.000000 512.000000 1027.000000 1154.000000 1192.000000
1298.000000 559.000000 472.000000 1167.000000 760.000000
675.000000 2226.000000 355.000000 2223.000000 446.000000
1423.000000 1830.000000 821.000000 1855.000000 939.000000
949.000000 2732.000000 831.000000 2643.000000 839.000000
1561.000000 1642.000000 1263.000000 1812.000000 1330.000000
1200.000000 2186.000000 199.000000 2190.000000 306.000000
849.000000 1706.000000 533.000000 1954.000000 590.000000
1495.000000 2799.000000 180.000000 2694.000000 169.000000
818.000000 1965.000000 1085.000000 2040.000000 1152.000000
638.000000 2576.000000 910.000000 2511.000000 935.000000
906.000000 1710.000000 801.000000 1707.000000 944.000000
1265.000000 1100.000000 1645.000000 1487.000000 1663.000000
1244.000000 693.000000 1925.000000 1107.000000 1848.000000
1536.000000 507.000000 1002.000000 1152.000000 1174.000000
1026.000000 1419.000000 896.000000 1520.000000 1049.000000
1378.000000 1178.000000 652.000000 1527.000000 836.000000
1369.000000 1586.000000 804.000000 1661.000000 952.000000
1251.000000 43.000000 781.000000 895.000000 1044.000000
1216.000000 1165.000000 362.000000 1487.000000 630.000000
1286.000000 103.000000 290.000000 940.000000 667.000000
1496.000000 1571.000000 567.000000 1760.000000 733.000000
643.000000 424.000000 1053.000000 1110.000000 1216.000000
914.000000 1108.000000 1057.000000 1362.000000 1195.000000
1401.000000 480.000000 655.000000 1131.000000 908.000000
769.000000 478.000000 1340.000000 1151.000000 1434.000000
739.000000 1978.000000 903.000000 2047.000000 985.000000
1518.000000 2756.000000 1023.000000 2666.000000 1030.000000
1204.000000 91.000000 384.000000 936.000000 737.000000
832.000000 3029.000000 1072.000000 2916.000000 1054.000000
1547.000000 2801.000000 1075.000000 2706.000000 1078.000000
1395.000000 1441.000000 879.000000 1544.000000 1028.000000
753.000000 575.000000 471.000000 1181.000000 752.000000
1218.000000 2997.000000 1025.000000 2884.000000 1009.000000
653.000000 1359.000000 330.000000 1611.000000 551.000000
799.000000 578.000000 148.000000 1177.000000 502.000000
1199.000000 806.000000 176.000000 1293.000000 497.000000
1179.000000 630.000000 321.000000 1209.000000 631.000000
659.000000 1042.000000 292.000000 1437.000000 557.000000
860.000000 1649.000000 271.000000 1795.000000 462.000000
1176.000000 624.000000 410.000000 1207.000000 702.000000
993.000000 2734.000000 237.000000 2636.000000 240.000000
620.000000 512.000000 1083.000000 1156.000000 1235.000000
928.000000 262.000000 26.000000 978.000000 460.000000
708.000000 1379.000000 899.000000 1683.000000 1019.000000
1413.000000 2097.000000 464.000000 2137.000000 567.000000
1050.000000 1984.000000 800.000000 2048.000000 891.000000
1341.000000 563.000000 334.000000 1173.000000 649.000000
813.000000 1342.000000 368.000000 1606.000000 586.000000
1551.000000 1475.000000 370.000000 1688.000000 573.000000
1137.000000 2220.000000 185.000000 2215.000000 286.000000
866.000000 575.000000 190.000000 1176.000000 535.000000
165.000000 2006.000000 846.000000 2068.114502 926.611206
587.000000 2844.000000 161.000000 2726.844482 136.068359
833.000000 2682.000000 81.000000 2588.000000 93.000000
729.000000 1642.000000 539.000000 1806.000000 696.000000
1207.000000 1785.000000 809.000000 1841.000000 939.000000
798.000000 984.000000 1624.000000 1434.000000 1647.000000
977.000000 1026.000000 485.000000 1424.000000 709.000000
1557.000000 1349.000000 809.000000 1558.000000 961.000000
970.000000 2745.000000 819.000000 2653.000000 826.000000
1188.000000 1033.000000 1265.000000 1436.000000 1358.000000
683.000000 1046.000000 198.000000 1437.000000 480.000000
718.000000 3035.000000 237.000000 2910.000000 179.000000
1126.000000 1487.000000 772.000000 1483.000000 962.000000
1088.000000 2888.000000 93.000000 2773.000000 59.000000
1376.000000 963.000000 421.000000 1387.000000 675.000000
1112.000000 1050.000000 390.000000 1435.000000 640.000000
1464.000000 1322.000000 812.000000 1539.000000 966.000000
1223.000000 95.000000 344.000000 937.000000 710.000000
835.000000 429.000000 1276.000000 1118.000000 1387.000000
1314.000000 908.000000 126.000000 1349.000000 444.000000
979.000000 2788.000000 1103.000000 2696.000000 1107.000000
1321.000000 2975.000000 839.000000 2860.000000 818.000000
926.000000 35.000000 971.000000 915.000000 1178.000000
1406.000000 1422.000000 659.000000 1668.000000 824.000000
105.000000 2862.000000 1601.000000 2770.633301 1606.603638
733.000000 513.000000 873.000000 1158.000000 1073.000000
1289.000000 1692.000000 1012.000000 1716.000000 1122.000000
1460.000000 37.000000 355.000000 911.000000 721.000000
790.000000 2150.000000 269.000000 2162.000000 390.000000
680.000000 1657.000000 1474.000000 1816.000000 1509.000000
1412.000000 2636.000000 1873.000000 2563.000000 1873.000000
1122.000000 1118.000000 1202.000000 1491.000000 1301.000000
1248.000000 2304.000000 1119.000000 2295.000000 1159.000000
1095.000000 1263.000000 931.000000 1429.000000 1094.000000
1158.000000 991.000000 599.000000 1415.000000 816.000000
879.000000 1244.000000 533.000000 1545.000000 739.000000
1078.000000 2814.000000 102.000000 2705.000000 87.000000
1242.000000 1074.000000 1508.000000 1433.000000 1554.000000
880.000000 1083.000000 599.000000 1474.000000 805.000000
1562.000000 986.000000 1566.000000 1434.000000 1601.000000
1266.000000 1841.000000 850.000000 1909.000000 967.000000
741.000000 17.000000 517.000000 905.000000 842.000000
1527.000000 1760.000000 1729.000000 1732.000000 1727.000000
1309.000000 2924.000000 1063.000000 2818.000000 1055.000000
1307.000000 1593.000000 192.000000 1777.000000 395.000000
1135.000000 2010.000000 931.000000 2071.000000 1009.000000
1336.000000 2240.000000 912.000000 2243.000000 970.000000
623.000000 838.000000 170.000000 1309.000000 488.000000
592.000000 2697.000000 444.000000 2606.520020 456.680298
1057.000000 1390.000000 608.000000 1645.000000 785.000000
1338.000000 1077.000000 1449.000000 1485.000000 1504.000000
1215.000000 1743.000000 270.000000 1868.000000 442.000000

6.000000 732.854370 1948.364624 2222.496582 1981.245239 1099.273560 1893.266235 2242.546387 1934.930054
1.000000 696.404480 1973.309570 2152.644287 2030.789062 1039.195557 1915.893677 2295.336670 1968.452026
10.000000 2122.960449 1864.363281 886.439392 1850.949707 2166.297363 1840.309204 1202.984863 1819.356812
12.000000 889.807983 1877.711670 2109.723877 1894.005127 1206.328735 1838.853149 2156.245361 1865.192749
0.000000 812.960632 1903.834717 1982.906738 1945.353882 2656.764160 1874.206909 1156.235474 1848.958252
16.000000 949.904236 1842.343018 2053.183838 1854.068115 1253.132568 1812.364136 2123.072998 1831.708252
9.000000 310.719940 150.467941 186.096313 1229.934204 1030.247070 543.186401 983.267639 1529.996826
18.000000 210.800125 1200.846191 329.684357 151.786560 1005.799866 1340.282959 1044.859131 539.586609
21.000000 2006.604126 1788.537598 1013.280823 1783.306396 2079.963623 1776.801880 1303.172852 1768.677368
42.000000 1019.918945 1806.996338 1993.198853 1818.272095 1306.572144 1782.368774 1819.886353 1802.849487
11.000000 2316.912354 3.110888 2373.057617 906.476624 2282.879883 3.140466 2346.516846 953.343384
13.000000 2654.113037 900.222961 2575.793457 3.118551 2577.156250 916.920410 2495.630859 3.128354
15.000000 2565.066895 3.183746 2641.606201 890.149048 2486.798096 9.988386 2565.524170 900.101074
22.000000 2372.857910 3.137289 2433.690674 889.975464 2342.813965 209.795959 2395.025391 929.877319
14.000000 2496.297119 3.362531 2565.586426 880.085388 2428.500000 3.183656 2502.273438 906.753174
24.000000 855.229675 1023.252319 902.766785 179.968063 1339.518555 1126.703125 1347.647827 490.012512
30.000000 728.063049 1023.427856 784.010132 196.712463 1269.949951 1176.665649 1282.192139 603.380127
23.000000 736.639587 216.664734 678.055969 1040.098877 1257.113403 540.009949 1242.522217 1193.389648
117.000000 156.589355 1773.066406 969.993958 1793.573730 996.632507 1764.107300 1289.836548 1777.039551
20.000000 2276.687988 1705.435669 3070.013916 1719.196777 2290.042480 1711.130981 3070.073975 1726.165527
44.000000 2133.299561 1831.307983 2920.129395 1851.665649 2176.798828 1824.537354 2656.812012 1854.322632
148.000000 933.282715 1814.980347 150.074066 1790.922119 1240.159668 1790.475708 990.009155 1776.502686
27.000000 346.142700 289.943146 261.827545 1066.864990 1056.277832 616.649597 1029.340942 1229.971069
124.000000 868.145081 246.751968 823.721375 1016.689087 1330.367065 683.287598 1325.947876 969.988892
28.000000 170.877396 1066.382324 258.866943 306.535461 983.968262 1239.868164 1012.155701 663.112854
31.000000 184.998779 326.465790 94.228004 1080.107788 977.017395 680.017761 948.194824 1250.077271
53.000000 2421.407959 886.794556 2372.917725 156.694275 2384.491943 930.154602 2354.396729 506.828064
26.000000 342.944550 1053.294067 414.254852 346.423370 1068.932983 1223.290894 1093.570435 603.077942
60.000000 1767.006958 917.338623 1069.709351 976.578308 1719.828247 1042.605591 1329.532471 1134.684937
69.000000 1076.380859 989.925781 1756.905762 932.850769 1339.286011 1143.580933 1720.475220 1055.387085
72.000000 1073.104004 1003.875977 1753.439697 947.961121 1342.719116 1153.958618 1720.371582 1068.304932
63.000000 1756.741943 957.607056 1089.815430 1011.029724 1729.624634 1074.979736 1342.824585 1161.047119
176.000000 1746.604492 752.723206 1109.421509 817.656616 1723.833496 905.433105 1499.717041 958.811768
79.000000 1739.753296 767.606140 1109.234619 832.571411 1722.702148 914.408691 1365.960205 1014.139404
81.000000 1109.520996 825.364807 1736.382935 760.587952 1361.320557 1009.554810 1712.440796 910.179565
25.000000 2067.068359 1817.570068 1466.772461 1831.292358 2126.703125 1803.475342 1490.092651 1805.303467
29.000000 829.808838 769.988831 864.739075 173.220505 1315.980835 1153.374268 1324.893677 576.639282
264.000000 311.881104 128.244095 859.966064 3.184597 1032.739014 524.560791 1173.880859 439.795197
41.000000 2769.049316 1116.380127 2834.375244 1659.473755 2698.036621 1149.883667 2741.636475 1663.194336
168.000000 2746.709961 1044.162231 2223.236328 1071.475220 2553.087402 1068.564453 2319.748047 1108.529175
46.000000 2314.958008 1660.111572 2281.527344 1166.873291 2309.474609 1666.894897 2281.882812 1200.480225
61.000000 2323.312256 1552.143188 2803.333008 1549.910767 2316.579590 1567.248291 2713.376221 1554.690796
58.000000 2329.990967 1629.641846 2810.006836 1631.110718 2319.969971 1639.397095 2723.330566 1636.318970
65.000000 2319.992676 1476.072998 2796.626953 1470.138916 2313.281006 1495.665161 2706.760742 1475.138672
70.000000 2316.635986 1402.144897 2789.911133 1389.901611 2309.944580 1425.963623 2699.890869 1395.279419
67.000000 2763.353516 1077.012939 2293.194336 1104.269165 2673.362549 1083.511597 2286.148193 1146.828491
68.000000 2309.935547 1327.972534 2779.990234 1313.027588 2302.989502 1356.468506 2693.184814 1318.473755
136.000000 1653.137695 997.446350 1189.461792 1032.976318 1669.104126 1115.852051 1408.998901 1172.031372
74.000000 2296.654785 1093.123413 2759.997559 1066.624756 2289.840576 1135.698120 2669.958984 1073.084595
172.000000 2926.830811 1977.244751 2469.997314 1950.046631 2660.049561 1966.137451 2426.578613 1944.273315
78.000000 2756.449951 1056.288452 2306.427490 1082.570801 2666.084473 1063.197876 2299.667480 1124.684570
94.000000 1244.651611 96.608543 1231.621582 546.661865 1545.279297 383.331299 1545.619141 710.001099
76.000000 2316.575684 1254.446533 2763.311279 1236.130615 2306.301514 1286.964966 2676.557129 1242.423584
80.000000 2313.375488 1180.856323 2756.619873 1159.048340 2303.010010 1217.716919 2669.407471 1165.817505
51.000000 2267.331787 820.165894 2240.598633 390.170013 2260.498291 896.637573 2235.034180 460.484528
55.000000 1877.800781 430.047485 1868.584961 3.291907 1968.784302 586.947693 1954.037964 173.308212
187.000000 1858.263184 3.298875 1867.256592 419.987274 1950.103760 286.663391 1957.038818 506.654938
107.000000 569.785217 1643.005005 608.020996 1229.816895 1194.697876 1663.196289 1202.620972 1356.562134
145.000000 1550.261841 1726.667114 1551.019287 1319.995728 1780.780518 1636.653564 1776.476807 1380.003174
111.000000 412.291107 1240.499268 376.509949 1643.615234 1108.885986 1363.409302 1098.616577 1663.400024
71.000000 1966.967407 853.064087 1937.800537 459.422028 2025.822876 546.246033 2043.750854 936.494324
90.000000 2305.665039 1319.860596 2328.606689 1703.416626 2299.144287 1346.719116 2319.159424 1673.384888
130.000000 433.376068 1279.634155 393.317963 1639.998291 1121.524292 1390.069336 1109.092651 1663.443604
258.000000 550.010193 1682.360840 910.040527 1686.132568 1190.012207 1695.299683 1359.998657 1696.820190
162.000000 462.072388 633.789124 432.303741 986.860901 1120.789062 896.687561 1114.430420 1136.695679
218.000000 954.856750 586.548462 931.771301 940.115662 1383.958252 796.659546 1384.318481 996.670898
239.000000 957.814758 353.364502 967.319519 3.351061 1380.114136 616.669189 1384.189453 433.352356
82.000000 2000.733521 449.985901 2001.193604 800.007202 2054.254883 569.129822 2068.114502 926.611206
127.000000 667.296204 416.718842 696.058350 69.673325 1224.541626 706.698303 1231.867798 426.628326
88.000000 2260.228760 523.320129 2280.227051 870.179077 2249.968994 597.114502 2272.010010 926.755127
140.000000 2287.306641 873.487610 2267.436035 526.622620 2279.280518 930.051941 2260.731934 673.280457
245.000000 980.380432 590.246704 957.587952 933.394531 1402.546265 813.318726 1399.207642 993.380432
243.000000 3009.776611 2.052065 2676.127441 60.241905 2744.915283 -0.373188 2580.340820 77.388138
102.000000 2708.806641 456.458588 2741.197998 789.559326 2617.335938 466.600830 2648.179688 780.179077
112.000000 624.759338 960.109436 650.066711 630.260864 1212.004028 1149.953247 1222.432373 853.184570
132.000000 980.981995 23.026499 963.153992 353.323639 1388.917969 343.349365 1386.971680 616.668823
212.000000 2679.112549 71.575912 3000.390869 15.575923 2584.666748 85.654068 2768.871582 0.881268
87.000000 3070.313965 750.115601 2746.327881 779.611084 2974.300293 707.234375 2652.583496 786.974976
97.000000 2749.513428 791.249084 3070.219238 762.439758 2655.335205 797.891541 2970.207764 720.849609
166.000000 514.395142 117.059334 485.821106 436.888916 1137.231567 486.683411 1130.219849 723.339844
170.000000 2323.364502 1701.098999 2003.333740 1696.636353 2316.665039 1706.765747 2080.002686 1703.158569
169.000000 2316.704834 1666.359253 1996.670166 1663.000732 2310.014160 1673.228882 2073.322754 1674.275024
195.000000 2996.635742 26.486609 2686.597168 79.593651 2789.581787 2.408302 2593.749512 90.920952
144.000000 1004.681396 36.739826 987.677795 350.054871 1403.880615 356.672058 1401.347290 613.379517
114.000000 3016.948975 275.432190 2713.720703 316.213379 2894.376953 222.813034 2617.484619 325.538055
280.000000 593.309326 1498.124634 896.635681 1494.243896 1209.817871 1553.150391 1366.754028 1545.020264
267.000000 586.662170 1620.155518 890.003601 1620.546387 1206.627563 1647.670044 1369.970825 1644.929443
276.000000 913.380432 1180.858032 613.186890 1197.331421 1370.148438 1294.247681 1213.287842 1319.720215
278.000000 603.252075 1377.319824 903.279541 1368.225586 1213.291260 1459.564819 1370.101929 1444.386719
270.000000 599.934814 1437.371460 899.998352 1429.932739 1209.961914 1506.182495 1370.019531 1493.581299
188.000000 2009.944458 1682.842285 2310.070068 1685.541382 2086.628906 1691.463013 2306.720215 1693.194336
271.000000 589.992981 1558.610840 890.018982 1557.100708 1206.662842 1599.876465 1366.715088 1594.888550
121.000000 2719.612061 323.742096 3016.362305 284.372406 2622.964111 332.332275 2894.951172 232.015167
282.000000 616.569031 1188.240845 913.431091 1171.761353 1216.506348 1312.358398 1370.072998 1287.110718
180.000000 2266.819580 828.200500 1976.382324 857.146973 2259.728027 888.953918 2042.974243 945.284729
277.000000 906.687256 1163.690796 616.499084 1180.427124 1372.867554 1277.388550 1216.421997 1305.295044
213.000000 5.053638 197.575623 288.169464 133.284500 844.919006 635.990540 1018.208008 532.583008
38.000000 1750.114868 1050.125122 1755.650269 1340.019409 1753.854248 1156.806641 1765.847046 1683.427856
105.000000 2873.967773 1639.932373 2843.426025 1353.323486 2798.544922 1663.495728 2763.887939 1352.899536
194.000000 2281.527344 1166.873291 1993.598145 1179.380005 2277.505371 1206.000366 2064.146729 1235.820435
284.000000 613.250793 1317.942017 899.990967 1306.441406 1216.637939 1413.094360 1369.761475 1394.682617
175.000000 1003.073486 346.785706 1014.179199 60.032757 1415.114746 606.667664 1415.248535 373.332520
184.000000 1979.802734 867.991943 2263.346680 840.137024 2044.598877 963.003296 2256.756104 900.302246
103.000000 3070.299316 1125.561279 2786.889648 1140.809937 3007.446289 1098.529053 2696.935059 1145.121460
289.000000 619.938416 1258.745239 903.243591 1244.838501 1219.553101 1366.885620 1369.807373 1345.324341
73.000000 2047.337158 1653.306763 2036.097168 1369.890381 2121.034668 1663.441284 2102.880615 1276.687866
149.000000 485.419006 657.517700 458.001770 939.481567 1134.902466 913.254395 1123.709229 1163.350220
178.000000 2223.856445 139.552994 1949.858521 189.219528 2212.114990 244.405212 2008.622192 340.846344
110.000000 2796.611816 1148.957764 3070.064209 1134.550293 2706.541504 1152.480713 3003.659180 1108.887817
202.000000 521.853943 430.159180 545.062500 159.862259 1153.451050 726.762817 1159.306152 516.647339
92.000000 1426.010742 3.381909 1423.828857 273.364288 1655.564087 496.606171 1646.705688 169.998947
216.000000 2237.039307 389.137787 1970.404053 429.345825 2220.688721 481.768341 2033.805176 554.544861
196.000000 1952.485474 198.745865 2216.652588 149.924057 2015.158447 346.795593 2209.393066 255.377151
204.000000 2219.993896 156.633057 1956.902222 204.624756 2209.609863 262.496765 2020.347168 350.744568
221.000000 2006.588989 1188.428223 2273.262939 1175.243164 2072.902100 1243.668579 2270.279297 1215.274292
126.000000 1454.677002 3.269771 1446.262695 266.653778 1675.083252 199.999619 1675.104248 483.333191
226.000000 1177.839722 3.364622 1170.816162 266.688446 1501.464478 316.648926 1503.807617 509.994263
138.000000 1460.917969 266.680054 1464.758789 3.305511 1689.177612 480.004364 1687.797241 219.994003
237.000000 1231.621582 546.661865 1225.236572 806.631836 1546.630127 759.964111 1548.624878 943.348267
151.000000 2997.378906 301.903320 2740.477783 336.845215 2878.268311 254.343307 2644.731689 340.459015
137.000000 2889.519043 489.679352 2918.385498 746.473450 2795.479492 466.412140 2826.347656 726.704468
106.000000 1174.222534 330.027374 1182.125610 73.296158 1506.518799 576.665894 1508.201660 266.656891
64.000000 1996.173950 1339.927979 2002.597046 1593.352051 2053.334473 1216.666626 2078.515625 1609.881592
222.000000 1976.629272 436.418213 2226.488770 398.818298 2036.094971 561.869629 2220.014648 490.037231
173.000000 534.960938 136.496704 510.000702 386.998871 1149.749878 500.123657 1140.390625 733.482666
139.000000 3070.156006 1149.666260 2820.138916 1162.670776 2986.777832 1127.429565 2730.221680 1164.853027
156.000000 43.074089 1023.300842 73.914467 777.157104 917.626526 1213.043091 930.002563 969.661133
146.000000 2786.724121 753.680420 2760.896973 509.904968 2705.684814 760.110718 2677.098145 506.618011
179.000000 2829.829102 1177.000122 3070.188232 1163.301636 2757.057861 1176.009399 2980.012207 1143.416870
181.000000 2018.404175 843.527466 2008.941162 603.243774 2085.669922 926.721985 2073.271240 703.336792
85.000000 3070.228516 1668.590698 2829.997314 1673.194702 3070.029541 1672.556763 2733.330811 1676.454590
219.000000 978.585266 279.933136 989.924133 39.996414 1393.333374 570.000000 1393.333374 370.000000
89.000000 3070.035156 1710.600342 2829.946289 1707.512329 3070.045654 1716.764771 2739.970215 1712.106201
160.000000 1888.580444 820.028564 1883.754883 579.991516 1981.677368 930.040283 1975.830688 689.858093
83.000000 1680.405273 243.350754 1678.977417 3.319588 1817.839233 73.320961 1821.568726 426.685303
185.000000 2752.433350 353.175537 2988.943604 321.989380 2664.107910 354.198486 2871.339844 276.926910
183.000000 3000.339844 472.843445 2763.470215 501.145538 2894.683350 430.901154 2683.801025 498.133331
93.000000 2833.355225 1690.200073 3070.030273 1690.996826 2743.334717 1694.887207 3070.005859 1695.120728
167.000000 1815.708374 556.686462 1820.524780 790.057983 1925.366821 690.041809 1932.978027 926.678101
143.000000 415.812988 1643.259521 435.677399 1413.536011 1124.078857 1663.358765 1132.840332 1406.649902
190.000000 2110.951904 823.444641 2100.196777 593.324158 2156.309326 903.545959 2143.812012 686.639099
253.000000 2253.386963 1191.413818 2023.338379 1200.134033 2256.854004 1231.468872 2087.064453 1253.119019
206.000000 3016.973877 151.048065 2786.872070 147.319382 2879.363770 93.205177 2677.088379 141.013977
86.000000 1665.672485 233.340073 1664.114746 3.305469 1815.564819 426.685699 1809.750244 90.061890
240.000000 1046.430786 1396.657715 1037.848389 1623.630127 1465.580688 1460.018555 1464.972290 1643.349854
163.000000 3070.357178 1340.187378 2846.831055 1348.024048 3006.999756 1327.170654 2770.093262 1347.740234
158.000000 1831.757080 790.034363 1826.883545 566.661926 1940.687134 923.385010 1935.936157 680.144470
298.000000 2036.195068 1214.491333 2252.924072 1206.097534 2108.070068 1266.326538 2253.677979 1245.775879
186.000000 1779.843262 563.335632 1783.043701 780.004272 1895.526245 700.033325 1901.960938 920.040161
259.000000 2207.180176 416.776764 1996.887085 448.144073 2211.583984 507.413971 2054.254883 569.129822
272.000000 106.899513 500.028534 132.653595 289.916687 942.464905 766.541931 947.215698 606.485107
228.000000 2722.446533 723.412292 2704.334961 519.910828 2632.574463 730.071106 2614.754150 539.866882
279.000000 151.366516 1563.492188 128.121262 1763.502441 980.996704 1610.049316 973.225830 1767.156006
286.000000 534.624023 973.172607 550.366699 773.099915 1172.203125 1150.052246 1175.841919 996.647095
263.000000 2403.140381 964.048340 2603.281982 949.302917 2372.174561 1004.349304 2533.588867 971.245789
238.000000 1570.262695 1336.668701 1568.679810 1536.656250 1787.243286 1396.658203 1789.923706 1580.001099
296.000000 2210.476318 573.873108 2013.509888 598.101746 2220.376953 654.479736 2080.186523 700.567688
174.000000 470.761200 983.393250 486.249298 786.633789 1137.479248 1159.924805 1144.438110 926.600220
252.000000 2993.353516 776.889282 2796.796387 794.760864 2856.688965 756.758484 2690.175293 797.384766
236.000000 1340.708618 273.351440 1345.736694 76.642891 1606.630249 506.666168 1609.116455 323.276154
230.000000 1872.819580 613.345581 1877.499390 810.059509 1967.636108 736.635742 1973.694580 926.655151
246.000000 2750.161133 805.108032 2940.108887 787.866455 2656.410645 812.292908 2830.674561 769.408142
157.000000 1072.445435 330.096771 1079.835693 143.326828 1455.366943 586.671387 1455.929932 343.331635
288.000000 1094.843872 143.269333 1088.290283 329.939972 1466.121582 430.000336 1466.220093 583.333618
244.000000 2678.852539 90.272003 2860.191406 57.734024 2584.580566 105.513428 2747.998535 29.531343
217.000000 1732.863770 566.655762 1733.563843 749.999146 1859.048706 713.356262 1863.873779 913.320312
275.000000 2596.567139 941.919495 2416.520752 954.593750 2529.522461 964.289001 2373.138184 995.694641
255.000000 2304.553711 1126.593140 2315.399902 1306.742920 2295.621094 1166.732788 2306.364502 1336.685791
299.000000 2243.937744 183.301132 2234.348389 3.279262 2235.223389 280.092529 2225.818359 133.387726
211.000000 1363.708374 1556.600342 1359.665039 1736.808716 1608.631958 1533.336060 1609.037354 1736.661987
123.000000 1181.333496 1140.076538 1171.006470 1319.866333 1498.537598 1246.716187 1508.250610 1533.392578
197.000000 1862.905396 1303.345093 1858.029907 1126.445312 1938.849365 1390.037109 1931.967773 1176.495850
129.000000 2227.368652 3.292386 2237.490234 176.813065 2211.022949 3.267347 2228.665527 276.752747
290.000000 2573.397949 1057.838501 2746.755615 1048.280518 2506.876709 1081.250366 2656.571289 1056.098267
99.000000 1971.178833 3.292677 1977.157715 176.649734 2022.753418 3.108818 2034.563477 323.287964
116.000000 1988.737915 176.577789 1981.302002 3.277469 2050.540283 316.639740 2035.907837 23.204950
203.000000 2126.009766 646.530334 2134.679932 816.767883 2160.267822 683.314758 2174.797119 892.769348
256.000000 1559.330933 53.331764 1558.939697 219.997513 1751.589722 276.560669 1755.253174 446.697113
