Keypoint Matches and Line Matches for pairs 0, 4 
0 corresponds to the image ./resources/Data/HerzP8/images/0000.png 
4 corresponds to the image ./resources/Data/HerzP8/images/0004.png 

146.000000 2673.828369 882.407715 2587.982178 900.047913
1.000000 2436.484863 1652.177734 1628.779785 1843.869873
149.000000 2403.393066 1607.128540 1666.661987 1789.873901
162.000000 2533.781738 507.572571 2302.244141 467.102905
118.000000 2656.823730 944.321289 2568.775146 981.022827
10.000000 1436.762695 609.669006 326.696228 763.041138
11.000000 1850.111328 729.616272 1043.445557 835.557312
8.000000 1849.669312 737.806763 1049.986206 843.469666
9.000000 1436.310425 617.894897 319.720001 769.428284
83.000000 1262.603271 889.968567 346.688965 1110.532104
14.000000 2769.741211 1524.170410 2696.603516 1708.075195
167.000000 2386.723145 1563.877441 1823.351196 1737.189331
106.000000 1831.932983 389.522125 904.453979 485.054657
430.000000 1983.191406 730.820435 1180.744385 828.613525
188.000000 2451.888672 552.013062 2153.450684 535.406372
29.000000 995.128113 359.950714 122.084160 586.544556
92.000000 962.516357 1350.863281 26.052748 1494.293579
219.000000 1948.423462 741.725342 1124.140991 841.786255
314.000000 1805.324463 423.117218 880.550537 521.549255
93.000000 964.792419 993.268555 59.539284 1166.960571
91.000000 2484.467529 1019.698242 2338.110352 1089.555542
82.000000 1539.273804 1313.376831 319.685120 1449.974976
122.000000 1568.983521 1006.661621 940.378296 1143.208984
123.000000 1567.455322 1313.337280 928.034607 1436.583984
62.000000 2449.212891 1026.564453 2296.235352 1093.355957
63.000000 2461.397461 1330.077759 2315.685791 1463.384888
68.000000 2441.248291 1326.500977 2288.421631 1463.090942
69.000000 2430.394531 1026.411255 2270.952881 1096.462402
773.000000 2773.083496 1581.101685 2601.000000 1783.000000
165.000000 1317.563232 386.686340 133.758469 576.712708
120.000000 2540.656494 654.456970 2353.805420 636.614258
74.000000 2557.099121 1019.981995 2432.421143 1083.387695
75.000000 2568.746826 1300.052124 2453.270264 1433.535522
72.000000 2550.160400 1293.791992 2427.138184 1426.427368
73.000000 2537.381592 1019.655884 2405.123291 1076.344482
555.000000 2408.381104 665.313965 2166.566406 666.541992
98.000000 984.146179 996.576172 73.161148 1166.649414
84.000000 2504.197266 1020.094971 2364.493652 1083.268921
85.000000 2514.704834 1293.408813 2383.183350 1420.193237
456.000000 1900.385620 1600.813232 1036.846436 1762.946167
277.000000 1970.037231 1433.390137 1123.809326 1573.416626
549.000000 2196.551270 1627.805664 1506.822754 1806.166992
381.000000 2473.612793 681.133789 2268.006348 683.693359
398.000000 2526.563477 928.595581 2386.938721 969.199341
1332.000000 1376.423828 702.924500 167.000000 864.000000
158.000000 1867.623169 495.095093 1000.556030 585.637634
159.000000 1953.926636 730.673645 1129.734131 821.615906
195.000000 1582.131592 2.259534 572.328674 156.341827
196.000000 1599.288574 249.355057 554.556763 393.674561
13.000000 2576.669678 1443.029785 2443.159912 1603.765991
152.000000 1617.954346 246.654922 570.296997 386.928040
179.000000 2461.764404 606.911316 2210.545654 597.035645
841.000000 1746.409912 1486.103638 1033.000000 1638.000000
1119.000000 2220.004150 1460.115723 1510.000000 1612.000000
183.000000 1983.278198 1468.429443 1113.322632 1618.371826
202.000000 1423.961548 602.688416 310.350067 758.992615
34.000000 1320.327271 236.673264 147.949265 433.463654
54.000000 2210.103271 1433.806152 1506.674561 1584.233276
55.000000 1979.911011 1440.056885 1119.979126 1587.617920
517.000000 1669.922241 1432.248901 616.669189 1573.439087
710.000000 2743.740234 489.319641 2815.000000 401.000000
124.000000 2728.491943 509.243835 2782.955811 425.334839
339.000000 2226.970947 1623.400024 1516.597168 1800.337036
305.000000 2291.414795 463.810669 1789.294800 488.279846
30.000000 1501.095093 1310.005737 851.749756 1560.562378
380.000000 2542.582031 645.290283 2345.511475 638.075745
245.000000 1801.262939 300.018982 870.595337 403.535461
246.000000 1799.337036 89.975517 881.423462 193.063583
259.000000 1404.763184 608.287720 247.746353 775.526184
160.000000 2212.423340 792.961609 1592.844116 851.927795
213.000000 2731.004639 279.790161 2798.088867 159.558838
214.000000 2740.856934 483.453125 2819.135986 386.437592
590.000000 2034.313843 1083.519653 1286.702759 1199.163696
821.000000 2018.474243 883.454163 1233.000000 978.000000
484.000000 1587.480835 320.078033 549.163025 454.171783
864.000000 2584.832520 943.119385 2454.000000 985.000000
241.000000 2232.785645 1620.006958 1549.774292 1800.000488
242.000000 2230.332275 1426.747070 1549.276367 1586.660522
42.000000 1367.463013 886.663574 234.213867 1053.172729
43.000000 1370.427612 1326.618164 206.911972 1470.016113
283.000000 2202.571533 570.364624 1586.654663 603.417664
337.000000 1471.003174 1273.343628 839.495483 1413.443481
338.000000 1472.875366 1089.961304 846.381042 1236.655518
1329.000000 2482.606689 433.561554 2196.000000 396.000000
143.000000 2646.448975 946.296448 2560.712158 981.394775
271.000000 1444.217896 768.783569 283.354095 923.063904
140.000000 2730.616211 255.810745 2796.830322 109.306190
96.000000 2368.779053 403.496063 1936.923584 389.989838
307.000000 2288.024170 727.483032 2071.912842 774.745422
253.000000 2801.565674 609.988464 2962.269775 533.390503
254.000000 2802.866943 786.670105 2973.423584 740.891052
894.000000 2785.648926 1313.564697 2840.000000 1433.000000
217.000000 1779.856445 1657.626587 853.305603 1817.620605
218.000000 1953.361450 1647.130981 1080.057983 1814.977051
1330.000000 1501.734863 1090.046631 867.000000 1231.000000
492.000000 1474.706543 290.080658 385.335999 457.546448
513.000000 1411.938354 397.555969 247.783020 570.135315
1191.000000 2441.769287 199.075806 2150.000000 143.000000
1519.000000 1723.278442 1052.763550 1057.000000 1181.000000
32.000000 2390.082764 1554.194458 1773.383057 1731.466797
33.000000 2546.583496 1539.134644 2216.658691 1716.431030
248.000000 2759.374512 237.476746 2866.314697 81.421219
937.000000 2745.420410 1049.625488 2805.000000 1094.000000
717.000000 2756.042969 1203.376465 2827.000000 1300.000000
243.000000 1430.191528 72.925308 316.683990 259.891541
244.000000 1569.281128 138.198608 526.655762 293.401794
584.000000 2589.393066 1136.694580 2471.127197 1210.157104
1550.000000 2582.329590 983.226135 2406.000000 1033.000000
1046.000000 972.248840 303.396484 110.000000 534.000000
223.000000 1458.114136 744.156616 296.348419 897.079773
224.000000 1312.953857 708.198425 73.209457 878.124939
251.000000 1564.120605 204.831940 520.468994 360.100403
252.000000 1430.984497 147.705612 313.799408 330.120392
134.000000 1810.750244 386.537415 876.397583 480.584351
70.000000 1687.758911 312.634827 662.472595 444.102325
760.000000 2270.477783 863.526489 1779.000000 929.000000
325.000000 1358.350098 696.576111 143.191635 859.971741
833.000000 1366.040649 556.449341 209.000000 733.000000
1418.000000 2340.299316 246.602310 1898.000000 210.000000
1036.000000 2337.326172 386.751373 1864.000000 374.000000
997.000000 2823.614746 773.485229 3006.000000 742.000000
351.000000 2498.512207 446.711700 2237.436279 413.386169
352.000000 2494.271484 306.638275 2233.931885 243.320999
5.000000 2065.999512 121.115715 1376.809326 155.925354
1457.000000 2470.486084 1243.313477 2327.000000 1347.000000
240.000000 1299.991333 1459.728760 13.218539 1590.942749
265.000000 1300.029175 1467.482788 16.667736 1603.576294
266.000000 1436.640381 1462.598511 216.663864 1602.696899
24.000000 1466.654175 1456.289917 356.665802 1603.779785
448.000000 1380.340454 559.797424 184.542175 727.434753
249.000000 1371.759644 686.560120 172.127563 852.289917
431.000000 2236.807617 1585.137573 1580.616821 1759.556030
389.000000 1584.063843 239.954437 548.316650 390.277435
510.000000 2520.832031 989.955200 2387.937500 1056.562866
511.000000 2527.479736 1113.468994 2398.577881 1186.782837
443.000000 1243.292236 1348.944458 73.397812 1493.050537
317.000000 1980.080688 1445.351807 1119.983521 1597.069458
318.000000 2100.241699 1452.729004 1300.227539 1604.425781
490.000000 2203.627686 1196.582275 1584.645630 1313.330566
491.000000 2206.421387 1316.749878 1584.459351 1446.668213
114.000000 2516.216309 488.317902 2266.019775 440.000946
537.000000 2576.433594 591.524475 2390.244629 553.044373
230.000000 2464.992432 454.500122 2167.173828 427.315796
293.000000 1983.388428 209.896255 1216.677124 269.940979
294.000000 1879.314209 154.624680 1033.168457 237.601944
355.000000 1312.145874 752.054993 99.719269 920.201294
356.000000 1426.535278 777.263000 266.919708 933.480652
322.000000 2220.003174 1412.300781 1574.889160 1553.516113
280.000000 2103.330811 1412.366089 1379.934814 1559.563599
616.000000 1634.539307 143.335556 595.000000 287.000000
570.000000 2568.310303 589.016663 2391.260742 565.215698
831.000000 1450.300171 494.794861 323.000000 641.000000
1148.000000 2364.958984 1166.607544 2194.000000 1264.000000
210.000000 2500.113281 959.894409 2273.344238 1016.893127
1545.000000 1963.924561 1056.519165 1132.000000 1163.000000
406.000000 2643.293457 1467.643799 2526.666504 1633.579834
493.000000 1395.374268 253.286957 254.369446 441.528503
1007.000000 1892.239746 424.755371 1021.000000 523.000000
987.000000 1819.028198 338.962433 912.000000 448.000000
181.000000 1810.986450 412.635193 893.127869 506.209656
797.000000 1379.000000 1107.000000 709.000000 1253.000000
1373.000000 2747.000000 1153.000000 2822.000000 1233.000000
1076.000000 2445.000000 1508.000000 2058.000000 1677.000000
860.000000 2636.000000 1425.000000 2522.000000 1580.000000
954.000000 2843.000000 631.000000 3019.000000 545.000000
702.000000 2698.000000 1160.000000 2696.000000 1243.000000
1261.000000 2633.000000 1001.000000 2528.000000 1050.000000
1406.000000 2266.000000 884.000000 1770.000000 952.000000
1287.000000 2563.000000 622.000000 2384.000000 600.000000
784.000000 2454.000000 483.000000 2142.000000 464.000000
661.000000 1744.000000 110.000000 812.000000 220.000000
1043.000000 2384.000000 443.000000 1995.000000 430.000000
515.000000 2665.000000 1558.000000 2406.694336 1750.740845
1044.000000 2346.000000 452.000000 1913.000000 449.000000
1294.000000 2522.000000 1618.000000 1954.000000 1812.000000
1343.000000 2717.000000 1495.000000 2625.000000 1670.000000
1198.000000 2614.000000 1143.000000 2506.000000 1228.000000
617.000000 1915.000000 125.000000 1100.000000 200.000000
1113.000000 2738.000000 814.000000 2805.000000 804.000000
824.000000 2700.000000 1815.000000 2407.000000 2001.000000
999.000000 2452.000000 941.000000 2267.000000 995.000000
1018.000000 2761.000000 363.000000 2901.000000 236.000000
1028.000000 1084.000000 934.000000 113.000000 1096.000000
681.000000 2666.000000 1280.000000 2596.000000 1397.000000
333.000000 2660.000000 1488.000000 2580.773193 1663.478394
963.000000 2425.000000 450.000000 2080.000000 429.000000
239.000000 1440.000000 1459.000000 226.487656 1596.668091
1516.000000 2259.000000 618.000000 1725.000000 652.000000
375.000000 2235.000000 274.000000 1699.845703 280.822571
699.000000 2752.000000 1007.000000 2818.000000 1045.000000
1417.000000 2534.000000 562.000000 2320.000000 535.000000
711.000000 2074.000000 1351.000000 1324.000000 1490.000000
524.000000 2671.000000 1240.000000 2626.702393 1348.974365
857.000000 2782.000000 1274.000000 2952.000000 1380.000000
1110.000000 2719.000000 445.000000 2493.000000 415.000000
1381.000000 2476.000000 1380.000000 2235.000000 1524.000000
1511.000000 2645.000000 1296.000000 2548.000000 1417.000000
1109.000000 2638.000000 1108.000000 2538.000000 1184.000000
1571.000000 2215.000000 967.000000 1620.000000 1054.000000
1182.000000 2639.000000 985.000000 2590.000000 1031.000000
675.000000 2389.000000 149.000000 1979.000000 115.000000
1169.000000 2501.000000 908.000000 2360.000000 951.000000
1064.000000 2780.000000 1044.000000 2907.000000 1090.000000
1074.000000 2778.000000 596.000000 2895.000000 525.000000
1546.000000 1753.000000 1827.000000 999.000000 1946.000000
934.000000 2585.000000 714.000000 2434.000000 707.000000
44.000000 1975.000000 25.000000 1187.150757 80.822929
883.000000 2472.000000 498.000000 2181.000000 476.000000
783.000000 2631.000000 966.000000 2525.000000 1007.000000
673.000000 2560.000000 941.000000 2403.000000 985.000000
1215.000000 2699.000000 1172.000000 2697.000000 1260.000000
664.000000 1637.000000 864.000000 1007.000000 991.000000
819.000000 2780.000000 1221.000000 2948.000000 1331.000000
1251.000000 1819.000000 310.000000 898.000000 410.000000
928.000000 1990.000000 777.000000 1178.000000 868.000000
1199.000000 2575.000000 655.000000 2412.000000 637.000000
1171.000000 1441.000000 1730.000000 193.000000 1875.000000
132.000000 2362.000000 485.000000 1938.082642 484.855499
737.000000 2612.000000 915.000000 2505.000000 946.000000
933.000000 1561.000000 358.000000 501.000000 507.000000
945.000000 2829.000000 1040.000000 3040.000000 1104.000000
925.000000 2249.000000 1472.000000 1628.000000 1629.000000
1505.000000 2575.000000 457.000000 2515.000000 417.000000
601.000000 2737.000000 1151.000000 2797.000000 1229.000000
593.000000 2660.000000 1411.000000 2583.093262 1567.701416
1467.000000 2313.000000 509.000000 1834.000000 518.000000
739.000000 2379.000000 118.000000 1972.000000 65.000000
885.000000 2467.000000 1004.000000 2320.000000 1069.000000
1067.000000 1981.000000 1539.000000 1106.000000 1697.000000
1100.000000 2500.000000 894.000000 2358.000000 934.000000
1176.000000 2629.000000 1143.000000 2526.000000 1226.000000
899.000000 1168.000000 805.000000 379.000000 982.000000
809.000000 1791.000000 15.000000 869.000000 119.000000
1093.000000 2562.000000 1164.000000 2443.000000 1256.000000
1299.000000 2739.000000 461.000000 2831.000000 377.000000
789.000000 2505.000000 941.000000 2334.000000 989.000000
684.000000 2630.000000 1411.000000 2439.000000 1561.000000
1235.000000 2236.000000 573.000000 1695.000000 601.000000
1270.000000 2406.000000 287.000000 2115.000000 264.000000
476.000000 1532.000000 392.000000 460.733002 546.149780
1004.000000 2627.000000 1393.000000 2519.000000 1540.000000
1310.000000 1575.000000 58.000000 539.000000 214.000000
613.000000 2550.000000 618.000000 2357.000000 598.000000
749.000000 2802.000000 490.000000 2949.000000 387.000000
774.000000 1611.000000 1923.000000 641.000000 2034.000000
1220.000000 2303.000000 1455.000000 1752.000000 1610.000000
450.000000 2726.000000 229.000000 2786.709717 89.765129
1420.000000 2334.000000 1315.000000 1820.000000 1428.000000
832.000000 2422.000000 1776.000000 1728.000000 1990.000000
1219.000000 2644.000000 1049.000000 2566.000000 1108.000000
234.000000 1960.000000 570.000000 1144.888794 658.427673
707.000000 1200.000000 845.000000 406.000000 1011.000000
1174.000000 2549.000000 591.000000 2354.000000 567.000000
1079.000000 2638.000000 1439.000000 2521.000000 1598.000000
1106.000000 2624.000000 1202.000000 2527.000000 1300.000000
1453.000000 950.000000 292.000000 88.000000 532.000000
951.000000 2690.000000 1104.000000 2651.000000 1169.000000
1233.000000 1775.000000 1440.000000 1008.000000 1624.000000
1099.000000 1966.000000 1307.000000 1125.000000 1443.000000
129.000000 2343.000000 376.000000 1916.099243 356.694946
1084.000000 1915.000000 852.000000 1124.000000 952.000000
1241.000000 1950.000000 765.000000 1081.000000 854.000000
1324.000000 2279.000000 523.000000 1770.000000 542.000000
172.000000 2771.000000 819.000000 2889.992920 803.395508
796.000000 1242.000000 559.000000 101.000000 744.000000
714.000000 2725.000000 812.000000 2774.000000 804.000000
1091.000000 2718.000000 1518.000000 2629.000000 1694.000000
605.000000 2769.000000 1374.000000 2873.000000 1516.000000
1384.000000 2602.000000 894.000000 2486.000000 922.000000
1557.000000 2506.000000 538.000000 2257.000000 514.000000
1225.000000 2463.000000 1408.000000 2297.000000 1560.000000
1163.000000 2268.000000 1336.000000 1801.000000 1474.000000
1145.000000 2575.000000 960.000000 2441.000000 989.000000
1252.000000 2405.000000 445.000000 2038.000000 428.000000
1300.000000 2328.000000 463.000000 1875.000000 464.000000
1142.000000 2769.000000 1011.000000 2861.000000 1050.000000
1298.000000 2796.000000 1106.000000 2934.000000 1174.000000
15.000000 2535.000000 1547.000000 2089.824951 1728.002686
436.000000 2712.000000 339.000000 2753.251465 223.715912
1165.000000 1806.000000 1758.000000 992.000000 1914.000000
1024.000000 2645.000000 1255.000000 2550.000000 1366.000000
1449.000000 952.000000 1347.000000 17.000000 1494.000000
816.000000 1809.000000 78.000000 894.000000 178.000000
848.000000 2595.000000 749.000000 2456.000000 747.000000
771.000000 2592.000000 1163.000000 2472.000000 1253.000000
840.000000 2150.000000 203.000000 1528.000000 221.000000
846.000000 2273.000000 1182.000000 2026.000000 1292.000000
284.000000 2098.000000 527.000000 1396.254272 576.220337
1313.000000 2250.000000 1246.000000 1662.000000 1367.000000
1105.000000 1791.000000 68.000000 867.000000 173.000000
625.000000 1397.000000 802.000000 222.000000 957.000000
836.000000 2155.000000 990.000000 1497.000000 1082.000000
935.000000 2520.000000 562.000000 2292.000000 538.000000
767.000000 2609.000000 1036.000000 2497.000000 1096.000000
112.000000 1684.000000 1683.000000 666.657959 1836.472168
1367.000000 2675.000000 907.000000 2645.000000 929.000000
738.000000 1202.000000 814.000000 494.000000 978.000000
1041.000000 1283.000000 837.000000 206.000000 999.000000
974.000000 2196.000000 787.000000 1566.000000 852.000000
812.000000 2619.000000 1092.000000 2501.000000 1163.000000
1437.000000 1633.000000 1341.000000 882.000000 1486.000000
669.000000 1742.000000 198.000000 794.000000 297.000000
1396.000000 2599.000000 859.000000 2478.000000 880.000000
921.000000 1437.000000 102.000000 327.000000 287.000000
89.000000 1934.000000 756.000000 1058.947632 849.788391
1229.000000 2043.000000 500.000000 1309.000000 564.000000
133.000000 2487.000000 531.000000 2222.128906 518.907532
727.000000 2490.000000 517.000000 2219.000000 494.000000
723.000000 2495.000000 850.000000 2347.000000 880.000000
1263.000000 2609.000000 878.000000 2500.000000 902.000000
426.000000 1592.000000 87.000000 559.951355 236.956406
748.000000 1828.000000 256.000000 941.000000 352.000000
1227.000000 2261.000000 1419.000000 1691.000000 1568.000000
1194.000000 1458.000000 1498.000000 316.000000 1603.000000
1013.000000 2040.000000 864.000000 1266.000000 942.000000
932.000000 2626.000000 985.000000 2510.000000 1033.000000
1153.000000 1352.000000 814.000000 158.000000 974.000000
1277.000000 1152.000000 937.000000 80.000000 1096.000000
1483.000000 2559.000000 1093.000000 2487.000000 1165.000000
1558.000000 2056.000000 794.000000 1341.000000 880.000000
1529.000000 1421.000000 165.000000 299.000000 348.000000
173.000000 2666.000000 778.000000 2636.574463 774.132690
944.000000 1155.000000 803.000000 469.000000 977.000000
469.000000 2032.000000 1180.000000 1255.751587 1306.575562
993.000000 2700.000000 999.000000 2710.000000 1041.000000
1553.000000 2154.000000 957.000000 1499.000000 1046.000000
109.000000 1546.000000 366.000000 453.975067 528.176025
574.000000 1951.000000 382.000000 1156.538452 460.687439
966.000000 2149.000000 69.000000 1499.000000 89.000000
17.000000 2408.000000 1521.000000 1889.957764 1691.874146
60.000000 1152.000000 917.000000 336.023773 1080.215942
863.000000 1473.000000 881.000000 854.000000 1022.000000
1398.000000 2155.000000 973.000000 1498.000000 1064.000000
1492.000000 2041.000000 166.000000 1463.000000 124.000000
1365.000000 2294.000000 499.000000 1803.000000 512.000000
1425.000000 1940.000000 9.000000 1129.000000 74.000000
1353.000000 1946.000000 737.000000 1120.000000 830.000000
350.000000 2119.000000 1188.000000 1449.997803 1306.906006
1147.000000 2610.000000 1409.000000 2490.000000 1561.000000
880.000000 2483.000000 491.000000 2205.000000 464.000000
1150.000000 2133.000000 461.000000 1480.000000 503.000000
1017.000000 2215.000000 1013.000000 1620.000000 1104.000000
1144.000000 1636.000000 19.000000 649.000000 165.000000
209.000000 2607.000000 965.000000 2503.128906 1005.773987
902.000000 1128.000000 795.000000 289.000000 971.000000
1023.000000 2176.000000 789.000000 1895.000000 826.000000
1504.000000 2618.000000 1216.000000 2513.000000 1318.000000
801.000000 1233.000000 57.000000 136.000000 281.000000
1249.000000 903.000000 121.000000 40.000000 388.000000
1354.000000 2803.000000 392.000000 3005.000000 260.000000
1217.000000 2707.000000 943.000000 2725.000000 969.000000
151.000000 2735.000000 487.000000 2801.481689 395.576965
1415.000000 2291.000000 1241.000000 2042.000000 1362.000000
1397.000000 1915.000000 8.000000 1092.000000 82.000000
568.000000 2790.000000 1402.000000 2919.617432 1547.453735
763.000000 1991.000000 807.000000 1179.000000 885.000000
655.000000 2557.000000 1497.000000 2316.000000 1670.000000
1539.000000 2229.000000 705.000000 1640.000000 750.000000
640.000000 1379.000000 818.000000 197.000000 978.000000
440.000000 2779.000000 965.000000 2900.004883 1001.057800
22.000000 1961.000000 44.000000 1172.895386 105.586945
940.000000 1503.000000 889.000000 877.000000 1024.000000

52.000000 2673.828369 882.407715 2490.751465 287.981567 2509.132324 644.311768 2270.109375 432.358673
32.000000 2924.820801 318.981842 2530.800537 4.815435 3070.589111 94.396591 2713.736084 1.781717
13.000000 2514.081055 29.979927 2902.680176 333.232208 2584.859375 -2.992665 3072.119873 114.544777
0.000000 2913.411377 1577.162964 2436.484863 1652.177734 2906.684814 1783.716309 1628.779785 1843.869873
1.000000 2880.276367 1545.471558 2403.393066 1607.128540 2796.622070 1745.544067 1960.082031 1778.734863
59.000000 2533.781738 507.572571 2656.823730 944.321289 2568.775146 981.022827 2493.219727 694.063599
5.000000 1436.762695 609.669006 1850.111328 729.616272 326.696228 763.041138 1043.445557 835.557312
4.000000 1849.669312 737.806763 1436.310425 617.894897 1049.986206 843.469666 319.720001 769.428284
117.000000 2020.647339 778.194153 1880.703003 397.488495 1211.723267 866.229492 1144.888794 658.427673
7.000000 2769.741211 1524.170410 2386.723145 1563.877441 2696.603516 1708.075195 2089.824951 1728.002686
53.000000 1831.932983 389.522125 1983.191406 730.820435 904.453979 485.054657 1130.916870 701.934021
55.000000 2451.888672 552.013062 2579.477539 901.676575 2217.150391 564.594116 2412.815186 799.317200
30.000000 1169.208984 929.981262 1160.456177 1300.010742 336.023773 1080.215942 306.346283 1449.974243
14.000000 1006.554382 3.329736 995.128113 359.950714 168.045792 116.475594 122.084160 586.544556
46.000000 962.516357 1350.863281 978.451843 996.747009 26.052748 1494.293579 59.539284 1166.960571
110.000000 1948.423462 741.725342 1805.324463 423.117218 1124.140991 841.786255 1030.815186 635.116211
45.000000 2496.332520 1326.421753 2484.467529 1019.698242 2356.198242 1419.660400 2338.110352 1089.555542
41.000000 1539.273804 1313.376831 1541.518555 1006.702209 319.685120 1449.974976 346.688965 1110.532104
61.000000 1568.983521 1006.661621 1567.455322 1313.337280 940.378296 1143.208984 928.034607 1436.583984
31.000000 2449.212891 1026.564453 2461.397461 1330.077759 2296.235352 1093.355957 2315.685791 1463.384888
34.000000 2441.248291 1326.500977 2430.394531 1026.411255 2288.421631 1463.090942 2270.952881 1096.462402
82.000000 1311.050537 683.356384 1317.563232 386.686340 105.587875 836.910767 133.758469 576.712708
60.000000 2540.656494 654.456970 2600.121094 941.234680 2353.805420 636.614258 2479.703125 902.064636
37.000000 2557.099121 1019.981995 2568.746826 1300.052124 2432.421143 1083.387695 2453.270264 1433.535522
36.000000 2550.160400 1293.791992 2537.381592 1019.655884 2427.138184 1426.427368 2405.123291 1076.344482
212.000000 2408.381104 665.313965 2476.096436 930.929321 2239.578613 843.031860 2145.656738 726.715942
49.000000 984.146179 996.576172 974.326416 1270.035645 73.161148 1166.649414 40.822002 1490.082153
42.000000 2504.197266 1020.094971 2514.704834 1293.408813 2364.493652 1083.268921 2383.183350 1420.193237
139.000000 1970.037231 1433.390137 1965.612061 1176.627441 1123.809326 1573.416626 1128.041992 1379.957153
277.000000 2449.651855 1653.437378 2196.551270 1627.805664 1628.779785 1843.869873 1506.822754 1806.166992
199.000000 2473.612793 681.133789 2526.563477 928.595581 2353.628662 819.194214 2386.938721 969.199341
125.000000 1376.423828 702.924500 1405.065186 452.388123 172.127563 852.289917 219.199036 647.517151
79.000000 1867.623169 495.095093 1953.926636 730.673645 1000.556030 585.637634 1129.734131 821.615906
98.000000 1582.131592 2.259534 1599.288574 249.355057 572.328674 156.341827 554.556763 393.674561
6.000000 2329.993652 1440.664062 2576.669678 1443.029785 1833.379150 1575.672607 2443.159912 1603.765991
76.000000 1617.954346 246.654922 1619.350586 3.310482 570.296997 386.928040 589.995178 113.332985
89.000000 2544.550537 832.887390 2461.764404 606.911316 2375.129639 785.520813 2210.545654 597.035645
19.000000 1506.572754 1501.907593 1746.409912 1486.103638 406.652130 1579.540161 826.675110 1581.662842
183.000000 2765.514160 1038.555420 2789.113281 801.915222 2856.529053 1045.965088 2873.333496 882.989624
91.000000 2220.004150 1460.115723 1983.278198 1468.429443 1360.022461 1616.756714 1113.322632 1618.371826
101.000000 1515.452515 387.158051 1423.961548 602.688416 442.873749 566.145569 310.350067 758.992615
17.000000 1320.327271 236.673264 1325.033447 3.300397 147.949265 433.463654 191.666763 3.164013
27.000000 2210.103271 1433.806152 1979.911011 1440.056885 1506.674561 1584.233276 1119.979126 1587.617920
88.000000 1475.638062 385.838623 1395.889038 597.191101 391.237274 527.223938 247.396210 733.536621
75.000000 2937.055420 604.924011 2743.740234 489.319641 3070.388916 451.461548 2801.481689 395.576965
43.000000 1594.639526 1226.668701 1594.989868 1006.664001 936.686523 1446.817017 951.643860 1113.108154
62.000000 2728.491943 509.243835 2916.944824 619.524780 2782.955811 425.334839 3071.309326 479.724884
170.000000 2226.970947 1623.400024 2442.697998 1643.488770 1516.597168 1800.337036 1688.791138 1835.859985
15.000000 1501.095093 1310.005737 1502.221924 1096.660767 851.749756 1560.562378 872.996460 1116.650513
190.000000 2404.504883 486.516876 2542.582031 645.290283 2222.361084 537.119934 2345.511475 638.075745
123.000000 1801.262939 300.018982 1799.337036 89.975517 870.595337 403.535461 881.423462 193.063583
130.000000 1404.763184 608.287720 1469.296021 410.923309 247.746353 775.526184 339.973602 593.279602
80.000000 2212.423340 792.961609 2230.516113 586.419861 1592.844116 851.927795 1644.243164 590.238464
107.000000 2731.004639 279.790161 2740.856934 483.453125 2798.088867 159.558838 2819.135986 386.437592
44.000000 2034.313843 1083.519653 2018.474243 883.454163 1042.856079 1183.310303 1058.947632 849.788391
135.000000 1587.480835 320.078033 1776.687744 379.279358 461.042450 499.184692 654.858582 458.130676
121.000000 2232.785645 1620.006958 2230.332275 1426.747070 1549.774292 1800.000488 1549.276367 1586.660522
95.000000 2341.151611 628.591614 2440.464600 792.341553 2041.217773 635.293762 2240.287598 773.302246
50.000000 1367.463013 886.663574 1368.202026 1076.660645 379.329346 1113.281372 354.254333 1436.996216
21.000000 1368.019287 1139.939575 1370.427612 1326.618164 234.213867 1053.172729 206.911972 1470.016113
208.000000 2202.571533 570.364624 2176.428223 754.742310 1755.961914 675.311646 1708.009399 818.213501
169.000000 1471.003174 1273.343628 1472.875366 1089.961304 839.495483 1413.443481 846.381042 1236.655518
209.000000 2476.949951 250.299911 2482.606689 433.561554 2209.437500 183.415009 2212.585205 333.558655
84.000000 2556.838379 741.744080 2481.978027 574.843628 2450.486328 859.409607 2325.610352 631.760559
71.000000 2646.448975 946.296448 2625.080322 766.459106 2489.623535 710.805054 2560.712158 981.394775
8.000000 2549.944092 1509.391602 2370.234619 1525.889526 2479.945557 1674.786865 1889.957764 1691.874146
158.000000 2328.697510 1523.229858 2319.537354 1343.356934 1830.140137 1613.731445 1822.857422 1433.352539
152.000000 1912.208984 729.338074 1861.070190 558.680481 1100.457764 845.140259 1031.553467 674.006104
136.000000 1444.217896 768.783569 1269.614990 734.836060 283.354095 923.063904 86.571075 907.907776
70.000000 2730.616211 255.810745 2874.637939 359.484894 2796.830322 109.306190 3070.656494 173.883041
48.000000 2368.779053 403.496063 2362.457520 226.578857 1936.923584 389.989838 1923.992188 63.439243
154.000000 2288.024170 727.483032 2353.513428 891.934204 2071.912842 774.745422 2179.104492 923.436462
296.000000 2527.318115 1116.640015 2534.559814 1293.419678 2333.941650 1286.446533 2340.663818 1406.815796
127.000000 2801.565674 609.988464 2802.866943 786.670105 2962.269775 533.390503 2973.423584 740.891052
109.000000 1779.856445 1657.626587 1953.361450 1647.130981 853.305603 1817.620605 1080.057983 1814.977051
286.000000 1099.915283 129.830231 1250.630127 54.595562 170.023987 291.637299 293.379791 293.382172
63.000000 1792.530884 421.356201 1641.559570 349.405701 610.115601 466.837128 896.795349 526.774414
248.000000 1474.706543 290.080658 1325.144897 226.937698 385.335999 457.546448 254.369446 441.528503
258.000000 1364.876099 552.790527 1411.938354 397.555969 182.752243 682.998535 247.783020 570.135315
16.000000 2390.082764 1554.194458 2546.583496 1539.134644 1773.383057 1731.466797 2216.658691 1716.431030
124.000000 2883.395508 333.252686 2759.374512 237.476746 3070.345459 131.938339 2866.314697 81.421219
29.000000 2745.420410 1049.625488 2756.042969 1203.376465 2893.648438 1190.277588 2927.674072 1560.213989
97.000000 1690.094849 1574.536011 1843.264648 1562.462036 766.804504 1729.817261 1006.782715 1719.319092
122.000000 1430.191528 72.925308 1569.281128 138.198608 316.683990 259.891541 526.655762 293.401794
295.000000 2589.393066 1136.694580 2582.329590 983.226135 2471.127197 1210.157104 2462.555908 1089.817993
221.000000 2811.731201 831.144775 2773.440918 975.812927 2946.685547 864.395874 2900.004883 1001.057800
112.000000 1458.114136 744.156616 1312.953857 708.198425 296.348419 897.079773 73.209457 878.124939
126.000000 1564.120605 204.831940 1430.984497 147.705612 520.468994 360.100403 313.799408 330.120392
67.000000 1810.750244 386.537415 1687.758911 312.634827 876.397583 480.584351 594.989685 436.171600
113.000000 2433.567383 798.904907 2455.974854 940.109802 2239.516357 783.444702 2310.846436 994.122925
262.000000 2270.477783 863.526489 2260.976318 723.041870 1940.867065 933.310974 1937.514160 803.311462
163.000000 1358.350098 696.576111 1366.040649 556.449341 143.191635 859.971741 178.101547 684.958191
64.000000 2340.299316 246.602310 2337.326172 386.751373 1901.627319 66.253403 1916.099243 356.694946
249.000000 2823.614746 773.485229 2816.646484 633.500244 3028.202393 746.888184 3012.072754 616.000427
179.000000 1377.013916 1329.607422 1236.947632 1324.926880 220.218781 1474.495361 53.418148 1467.865967
176.000000 2498.512207 446.711700 2494.271484 306.638275 2237.436279 413.386169 2233.931885 243.320999
2.000000 1945.788208 49.228325 2065.999512 121.115715 564.057678 -0.431852 1376.809326 155.925354
120.000000 1436.731079 1455.339844 1299.991333 1459.728760 226.487656 1596.668091 13.218539 1590.942749
133.000000 1300.029175 1467.482788 1436.640381 1462.598511 16.667736 1603.576294 216.663864 1602.696899
87.000000 2407.070312 616.041565 2473.505859 734.703857 2224.487305 656.540771 2355.327148 871.392639
12.000000 1466.654175 1456.289917 1599.993652 1456.554688 356.665802 1603.779785 869.997253 1604.770874
217.000000 2236.807617 1585.137573 2363.321533 1596.793701 1580.616821 1759.556030 1726.124756 1783.318237
195.000000 1584.063843 239.954437 1466.265625 285.632538 548.316650 390.277435 397.545135 430.000946
257.000000 2520.832031 989.955200 2527.479736 1113.468994 2387.937500 1056.562866 2398.577881 1186.782837
223.000000 1243.292236 1348.944458 1366.705688 1351.174316 73.397812 1493.050537 216.737564 1490.020630
159.000000 1980.080688 1445.351807 2100.241699 1452.729004 1119.983521 1597.069458 1300.227539 1604.425781
99.000000 1793.424927 1145.078857 1673.231201 1151.387207 1476.629272 1267.690674 1239.912964 1259.049683
247.000000 2203.627686 1196.582275 2206.421387 1316.749878 1584.645630 1313.330566 1584.459351 1446.668213
270.000000 2516.216309 488.317902 2576.433594 591.524475 2292.561279 470.309357 2390.244629 553.044373
115.000000 2350.974121 420.104004 2464.992432 454.500122 1947.888794 408.833038 2167.173828 427.315796
147.000000 1983.388428 209.896255 1879.314209 154.624680 1216.677124 269.940979 1033.168457 237.601944
178.000000 1312.145874 752.054993 1426.535278 777.263000 99.719269 920.201294 266.919708 933.480652
140.000000 2220.003174 1412.300781 2103.330811 1412.366089 1573.383179 1556.219238 1379.934814 1559.563599
288.000000 2568.310303 589.016663 2508.438721 488.939911 2391.260742 565.215698 2298.474121 484.586578
102.000000 2299.945068 570.894592 2409.398438 608.772461 1893.145996 598.302368 2126.526123 595.392761
240.000000 1450.300171 494.794861 1510.049316 397.973419 460.733002 546.149780 356.410492 632.321045
33.000000 2500.113281 959.894409 2386.568848 963.882446 2153.331787 1006.683899 1786.750854 975.672119
237.000000 1966.231689 1170.076538 1963.924561 1056.519165 1131.976807 1230.057373 1135.942017 1093.312378
203.000000 2529.992676 1469.564209 2643.293457 1467.643799 2373.333252 1633.426758 2526.666504 1633.579834
180.000000 1892.239746 424.755371 1819.028198 338.962433 1056.342285 538.904785 917.218750 447.569824
90.000000 1876.135620 504.683258 1810.986450 412.635193 1076.651611 672.666382 893.127869 506.209656
92.000000 2481.978027 574.843628 2390.426270 509.785980 2321.781738 624.126404 2107.639160 503.510132
285.000000 1822.396118 250.717224 1811.965088 140.129059 891.941101 203.260880 885.513123 326.780090
