Keypoint Matches and Line Matches for pairs 1, 2 
1 corresponds to the image ./resources/Data/HerzP8/images/0001.png 
2 corresponds to the image ./resources/Data/HerzP8/images/0002.png 

16.000000 2827.708984 752.004272 2827.687988 751.804932
2.000000 1762.323486 567.025208 1532.922485 639.096130
3.000000 1112.610718 389.308258 839.684631 521.864929
9.000000 1107.506226 733.309387 1000.050049 810.000610
4.000000 1113.329834 380.012695 843.173889 514.273315
5.000000 1747.165527 554.858032 1523.393677 629.644287
10.000000 1096.989136 736.629700 991.525940 813.306519
548.000000 1022.675720 749.987183 773.849792 826.794373
19.000000 1025.426514 1323.339233 768.694031 1306.694702
6.000000 3070.583740 1589.426147 3070.315674 1586.416260
14.000000 2288.609863 806.716919 2235.943604 833.366760
38.000000 1696.466675 106.855743 1427.377441 241.120987
41.000000 1681.179077 124.295395 1417.398193 257.433441
26.000000 2953.017090 1514.530029 2933.280518 1515.952393
251.000000 2500.227295 1581.536621 2306.571533 1562.047241
20.000000 583.891357 163.295822 479.152985 369.917328
42.000000 536.757751 1350.256714 435.746338 1340.612061
43.000000 553.875916 899.640747 450.290497 966.418823
13.000000 2302.857910 806.552185 2247.425293 833.297058
116.000000 1520.686401 56.928585 1258.541992 215.093872
62.000000 136.629623 450.187866 103.309013 620.190674
63.000000 546.468201 531.006470 450.284363 664.436768
75.000000 413.151947 992.338440 333.249756 1044.856934
83.000000 1374.190674 1289.993042 1259.777222 1290.011230
78.000000 406.776794 1074.595093 330.067566 1111.545532
79.000000 3.166566 1053.136719 3.237886 1099.191772
1217.000000 918.502258 470.047760 650.000000 611.000000
105.000000 928.208618 73.897865 665.428955 286.779999
88.000000 264.837189 1869.918701 185.509674 1746.602661
89.000000 282.776917 1478.697021 202.681427 1436.446045
91.000000 1040.005127 502.563751 770.433044 630.007568
44.000000 2577.898193 906.609070 2554.584229 919.928589
45.000000 2595.679199 1286.868652 2575.716309 1290.054199
64.000000 1388.969971 1286.666992 1271.665039 1293.340088
65.000000 1389.021240 906.667419 1273.034668 953.345581
68.000000 1425.358398 913.332458 1305.493042 956.662231
69.000000 1425.114502 1286.667847 1304.239258 1290.003418
414.000000 2641.624512 876.414673 2618.827148 893.161316
205.000000 2660.283936 1243.488403 2641.856445 1250.085205
48.000000 2612.968994 1283.044922 2592.365479 1289.480103
49.000000 2596.184326 916.231140 2571.454834 926.199219
50.000000 1464.341675 11.470912 1191.684326 177.052185
51.000000 1760.635376 226.116562 1510.141479 340.396088
92.000000 519.978882 993.602783 426.650177 1043.632568
93.000000 156.785446 965.150513 119.995659 1026.745483
46.000000 570.878113 899.913757 465.400818 966.617126
54.000000 2553.636230 923.319031 2528.900635 936.540039
55.000000 2570.644287 1283.302856 2548.938477 1290.060181
56.000000 2545.982910 1283.075439 2523.411621 1289.646118
57.000000 2530.463867 923.026001 2504.876465 936.410767
100.000000 2798.574707 825.726074 2786.271973 831.998291
66.000000 2684.928955 913.256348 2663.219971 923.340149
67.000000 2701.179688 1250.103882 2683.304443 1256.869141
23.000000 2880.912354 1610.321533 2786.671875 1603.387329
76.000000 2678.422607 1243.961670 2659.376221 1250.698608
77.000000 2660.465820 913.127136 2637.830078 923.037659
126.000000 2236.415527 664.991821 2058.534424 709.863098
102.000000 1757.186646 245.998596 1510.610107 361.625214
103.000000 1873.834229 552.672485 1634.112549 621.544861
110.000000 1900.067871 1440.071289 1657.395508 1409.986938
111.000000 1892.937378 1113.341919 1652.316162 1126.684937
32.000000 2383.333740 1418.825073 2220.236816 1407.356079
33.000000 2710.000000 1418.853760 2629.989746 1423.594360
86.000000 2620.405273 919.981262 2597.120605 933.118347
87.000000 2635.363525 1243.393555 2614.913818 1246.576904
60.000000 2230.216797 1426.784058 2010.078369 1416.013550
61.000000 1909.805542 1446.903931 1659.890503 1426.258057
189.000000 2209.940674 1670.454102 2003.369019 1639.759766
375.000000 2577.366455 507.468048 2524.302002 531.227966
364.000000 2647.734375 804.836487 2618.503906 819.667175
152.000000 1811.106323 1421.407104 1574.370239 1398.335205
153.000000 1549.381104 1271.077515 1368.624634 1270.189697
200.000000 303.321228 1196.788574 219.747040 1209.134888
120.000000 1756.387085 274.285156 1505.517212 380.916656
121.000000 1859.160889 549.917542 1618.114868 619.503662
37.000000 1456.692383 1460.315796 1290.011475 1447.210815
174.000000 92.630112 105.852257 69.816780 351.000000
175.000000 366.056274 182.186386 293.577881 391.998596
252.000000 286.554382 1214.200317 196.715042 1220.260742
312.000000 61.567062 659.684875 40.519417 786.454346
202.000000 360.722382 279.933380 290.362335 470.437866
198.000000 1064.815308 378.048218 794.115601 522.295105
168.000000 436.979004 707.791260 353.374268 812.886658
169.000000 163.458649 669.113831 123.471901 791.821045
511.000000 1455.045654 909.998474 1328.060425 956.664429
266.000000 210.206787 1073.786377 160.177490 1113.309326
256.000000 3.224167 1218.945801 3.289456 1228.841431
186.000000 299.281555 1460.134399 216.990982 1410.016602
187.000000 285.922058 1720.133057 205.521133 1633.445679
125.000000 1342.177734 1023.330139 1232.195190 1056.737183
134.000000 2227.532227 632.864441 2040.412476 672.636536
342.000000 1036.792725 1340.844482 773.520142 1312.946411
343.000000 779.940796 1327.835938 613.367615 1308.705566
226.000000 72.366692 369.944183 48.870800 559.920471
227.000000 87.183617 113.363190 63.183273 356.656097
868.000000 2945.384277 935.683777 2997.000000 939.000000
123.000000 1143.668701 1803.336060 855.319702 1716.629272
142.000000 2451.572754 563.637451 2412.037354 591.381287
143.000000 2516.487793 811.635132 2492.952393 826.692322
138.000000 1671.201416 104.752663 1401.345825 238.128983
139.000000 1444.657349 -12.151455 1159.620117 163.736694
378.000000 1806.747192 1445.075439 1570.027588 1425.914185
379.000000 1553.219360 1432.254272 1419.984741 1420.416870
164.000000 2244.072754 1664.068604 2037.094238 1636.309570
165.000000 2493.111816 1695.109985 2268.860840 1663.164307
310.000000 287.656311 1466.723267 204.681854 1430.040405
176.000000 2255.029541 1663.368530 2047.578247 1633.389771
177.000000 2249.649658 1413.340820 2042.295410 1406.690796
236.000000 195.673218 16.799656 152.855667 272.682404
237.000000 429.834625 83.910316 349.806396 307.753815
254.000000 2226.841797 1715.528931 1989.678589 1678.615234
255.000000 2467.303955 1752.523804 2180.534912 1710.089966
109.000000 2676.788818 1540.865234 2570.089600 1534.614624
162.000000 2895.022461 39.708073 2931.749023 39.709042
484.000000 1893.185669 1106.715576 1652.884033 1120.065430
178.000000 1819.958740 1693.333618 1581.325439 1659.993042
179.000000 1818.247070 1453.322021 1580.145264 1433.332520
294.000000 240.157211 901.433533 183.269058 974.509338
295.000000 3.182423 881.823669 3.260213 964.671204
180.000000 1142.216675 554.786011 857.360779 665.046570
181.000000 912.289307 501.141541 634.205261 633.777222
141.000000 1880.169434 1708.625610 1633.410400 1661.666504
206.000000 1126.784912 1494.959839 826.645813 1449.306519
207.000000 893.231689 1511.934448 613.305054 1455.726074
150.000000 2718.597412 822.521790 2698.802002 842.903503
151.000000 2683.032471 591.838013 2650.810303 604.490601
158.000000 1110.675903 618.087830 833.388367 710.939331
366.000000 1330.330444 695.731995 1219.973022 766.767090
166.000000 2652.573730 629.116394 2618.397949 636.681641
167.000000 2556.593994 418.802826 2491.778564 443.431854
300.000000 270.312500 1229.860596 194.568481 1243.175781
301.000000 259.694336 1459.985840 181.306915 1419.847900
268.000000 1305.062134 1243.324951 1199.944092 1246.666870
269.000000 1306.259521 1013.313843 1199.435547 1056.668213
486.000000 2371.196777 1309.942505 2199.982422 1306.667603
244.000000 303.318665 1559.766968 219.960648 1502.196533
245.000000 526.606628 1545.712646 416.737671 1495.384277
450.000000 1779.996826 1423.427734 1563.375122 1408.159546
451.000000 1559.911255 1415.942261 1426.703369 1405.054077
224.000000 1356.720581 1527.169312 1193.037842 1494.175293
225.000000 1574.104980 1503.863647 1396.692627 1483.844482
230.000000 1123.653442 588.473694 840.351196 693.955872
231.000000 909.932678 543.654480 639.830078 667.978333
373.000000 2894.129150 12.257957 2933.147949 3.757415
276.000000 994.839661 294.799774 716.528870 458.543854
277.000000 1068.760254 90.472992 789.143616 285.445740
248.000000 519.984009 1456.168335 419.990326 1422.684570
249.000000 303.219849 1463.136230 223.317642 1425.613159
220.000000 893.278564 1519.146729 613.315857 1462.719849
221.000000 1106.588745 1505.452637 820.004639 1456.829224
208.000000 2520.385254 611.884827 2483.925537 630.508606
209.000000 2563.142334 820.039246 2538.755127 836.109680
280.000000 539.807495 460.969330 450.255341 607.971985
281.000000 333.340912 419.961914 266.477661 584.834717
170.000000 2637.874023 456.135315 2585.042236 468.026459
171.000000 2496.121094 301.071014 2397.972900 337.170288
325.000000 1501.618530 1493.355103 1337.717163 1473.346802
369.000000 2892.437744 308.170807 2928.725830 307.035614
196.000000 1848.725464 579.447815 1608.521851 644.810486
491.000000 2557.765381 203.505447 2467.808105 240.082535
356.000000 2453.314941 1646.823364 2209.865234 1617.728882
80.000000 2259.909912 1624.100952 2056.528320 1597.713013
278.000000 2980.584473 433.169708 3055.488281 423.274628
279.000000 2988.680420 627.000244 3060.580811 610.256531
228.000000 2408.696289 449.419708 2341.543457 481.724762
229.000000 2522.678467 605.612915 2485.820801 624.101562
284.000000 1341.351562 1020.007568 1228.935547 1050.026245
306.000000 1610.030640 903.523132 1463.653931 944.521667
545.000000 1409.127686 36.408737 1133.515503 211.458694
346.000000 376.801086 176.147079 306.730896 386.275177
347.000000 193.653122 128.763931 149.910492 360.545502
286.000000 918.778564 558.920044 649.239685 682.689941
287.000000 1102.094727 598.998474 829.315857 705.420227
1262.000000 593.353455 1453.001709 485.000000 1420.000000
533.000000 1793.531494 941.497864 1583.357300 973.446228
534.000000 1609.884888 965.796265 1463.106934 998.931885
260.000000 1625.668457 1673.634766 1380.243652 1625.888550
261.000000 1805.429565 1645.444824 1570.106201 1607.780273
404.000000 303.500702 562.146545 236.659241 700.093323
405.000000 123.784622 536.800171 93.436951 688.697754
543.000000 413.276917 363.573181 329.865479 534.193970
95.000000 1303.641968 1435.292847 1190.053833 1424.184204
136.000000 1385.440063 53.814911 1113.918213 216.227005
333.000000 1913.280640 1482.578735 1659.939575 1458.064453
505.000000 2614.400146 270.622192 2542.097656 290.231384
25.000000 2493.353271 1530.159790 2329.961426 1516.054932
117.000000 1752.010864 264.956573 1487.610352 359.900848
161.000000 1640.290161 133.585220 1383.963745 266.037018
238.000000 2570.154053 1607.676636 2436.690674 1586.981567
239.000000 2740.261963 1581.716675 2633.231934 1572.004150
350.000000 1885.375366 396.160614 1640.026123 478.953827
351.000000 1926.603027 562.523071 1686.733154 628.941284
382.000000 983.737854 469.509369 704.109436 603.415344
383.000000 997.036682 299.767822 719.692139 455.929779
330.000000 2604.479248 223.417313 2532.304932 253.381836
331.000000 2597.952148 53.411949 2524.604004 90.097275
242.000000 1906.737427 1452.531860 1660.044067 1431.741333
243.000000 2076.801758 1455.444458 1856.928955 1437.190063
480.000000 818.264282 489.191101 608.670044 613.133728
481.000000 790.766174 321.567169 595.682983 482.767212
416.000000 259.719940 769.116089 203.157974 869.438354
417.000000 426.869385 788.226990 343.440033 878.313721
422.000000 420.143127 918.485046 339.935120 984.368347
423.000000 253.390152 902.731873 199.858612 975.589417
282.000000 2249.998535 1399.946899 2056.787354 1388.609863
283.000000 2083.360107 1404.346069 1873.245117 1392.805176
172.000000 166.289795 548.969543 129.896255 697.683350
440.000000 543.816589 603.893860 446.651764 723.467468
441.000000 380.224030 575.381226 310.189606 708.294678
354.000000 549.024536 1363.863892 448.933258 1346.696533
406.000000 860.019043 1361.450806 623.501099 1337.199829
407.000000 1023.411804 1359.303955 766.834290 1333.860596
752.000000 2623.869141 820.380493 2599.000000 835.000000
216.000000 2434.043701 163.435791 2303.703369 213.693069
863.000000 859.998108 1320.680176 622.000000 1304.000000
157.000000 1799.856689 1423.592651 1566.119141 1404.212158
392.000000 1137.122925 227.932007 864.912842 391.937958
393.000000 1228.949219 100.182068 956.309326 277.063599
259.000000 1449.906982 24.335131 1179.476318 190.205917
335.000000 2576.794434 159.960510 2501.728760 189.957748
1.000000 2463.500000 1647.635498 2219.845703 1618.206421
520.000000 323.544281 419.027710 256.936066 584.787109
521.000000 173.380234 386.450439 133.276535 567.062988
442.000000 2660.382080 1413.316040 2627.091309 1413.309937
298.000000 2150.087158 779.585876 1956.893921 814.887878
299.000000 2000.397461 748.109558 1780.131592 792.303711
156.000000 1528.476562 1273.297974 1364.291992 1278.461426
553.000000 86.402908 1800.995850 53.322651 1686.465820
554.000000 236.745392 1784.031006 173.514511 1680.072998
541.000000 176.414047 314.389069 136.627838 510.247467
542.000000 323.436462 349.568939 256.807343 529.103455
394.000000 933.286682 1485.726196 656.669556 1436.840088
395.000000 1083.413452 1478.284058 803.351196 1434.411865
359.000000 2922.608154 950.011597 2966.261719 950.038452
360.000000 2925.002197 1099.973389 2967.839355 1103.321289
464.000000 296.632660 1669.720825 216.759354 1591.095703
465.000000 443.555664 1651.825439 350.265259 1579.802612
1392.000000 723.853088 948.624146 610.000000 1001.000000
317.000000 576.770691 932.390930 470.109406 991.996155
420.000000 2330.296875 740.245117 2281.711426 766.963318
421.000000 2324.641113 593.283020 2276.689941 626.665833
452.000000 2220.592041 1133.226562 2036.569824 1143.336304
453.000000 2224.590332 1280.147217 2040.696777 1279.979004
434.000000 2196.699951 349.921600 1990.022339 406.578522
435.000000 2062.120361 292.861023 1856.005615 372.607697
478.000000 290.382446 35.128605 230.223740 278.403015
592.000000 1463.511963 1784.480225 1146.873535 1709.131104
593.000000 1322.773438 1806.406006 1033.221680 1718.669556
372.000000 1135.209473 235.354477 860.889648 398.295593
263.000000 1691.548950 295.339325 1457.718262 402.041595
498.000000 1031.649658 730.601746 777.746887 818.922729
499.000000 890.739441 716.132141 650.663513 806.529663
528.000000 583.498291 808.706116 483.229645 891.201721
529.000000 723.350281 826.533752 606.793579 901.862671
488.000000 566.633789 1231.174805 463.281219 1238.713501
489.000000 706.710571 1235.098022 593.366638 1242.025879
508.000000 2244.499268 1276.503418 2059.564209 1273.222778
509.000000 2239.426025 1136.687500 2054.735107 1146.613159
265.000000 2405.443359 140.375854 2274.934814 193.431915
474.000000 1700.020874 308.383057 1465.857056 415.125122
475.000000 1760.206909 433.233582 1535.293701 528.802551
213.000000 1586.553223 604.221802 1436.022339 678.541870
530.000000 723.254456 820.600708 609.990417 896.769104
531.000000 586.752930 802.676575 486.798706 885.254211
466.000000 2460.416260 1230.171997 2437.555908 1236.839844
467.000000 2452.338623 1093.195435 2428.092041 1103.232422
522.000000 1072.161499 89.935783 792.284851 284.912598
523.000000 943.198547 43.709381 670.242126 258.865387
1550.000000 1100.266479 520.011658 824.000000 637.000000
572.000000 1129.046753 1123.300171 1020.840515 1146.716431
573.000000 1124.293823 1260.033447 1013.934204 1263.368896
1297.000000 2495.568604 170.225342 2382.000000 217.000000
577.000000 460.000336 1229.976807 346.658234 1237.519287
183.000000 2420.128662 819.414795 2396.381836 838.696838
438.000000 2679.920166 590.030640 2643.776855 596.419189
439.000000 2631.584961 464.003876 2576.726562 476.246857
535.000000 1645.946167 321.154175 1424.950562 424.877258
536.000000 1559.565918 217.582016 1333.781372 342.482544
85.000000 1090.033203 516.668091 810.828979 638.878967
472.000000 2725.606201 1053.208862 2705.166504 1059.870117
473.000000 2718.303955 919.910278 2695.713135 926.497986
559.000000 1970.815674 873.226624 1737.679565 906.649048
560.000000 1967.388672 739.981445 1735.590942 786.627380
502.000000 1117.555420 107.586823 844.486633 290.719971
503.000000 1210.651611 13.981387 937.756348 204.246658
367.000000 2069.651855 571.227661 1860.004883 626.637695
368.000000 1942.789307 535.251587 1710.340332 601.321655
551.000000 879.928772 1836.177490 596.578064 1718.844360
552.000000 1010.081177 1817.223999 716.639221 1709.641846
584.000000 543.772461 324.839508 450.151947 495.656982
585.000000 417.205902 294.422852 336.875793 478.610382
566.000000 1006.874268 1824.680298 713.578857 1716.385376
567.000000 879.633545 1844.288818 596.596619 1725.795532
547.000000 886.783020 730.962280 653.547119 817.292908
496.000000 2926.906006 769.850037 2973.908203 769.502869
497.000000 2920.757080 896.703369 2963.507812 896.952942
1367.000000 1606.531372 772.702698 1451.000000 824.000000
358.000000 1389.601074 59.143013 1116.600342 227.926682
223.000000 2430.778320 773.121460 2413.855957 786.119995
389.000000 1696.581055 1602.656494 1493.257324 1565.708252
293.000000 2825.893555 632.201172 2829.390381 636.325378
18.000000 1024.178223 712.954041 775.704956 799.848389
1468.000000 1982.413208 873.263611 1756.000000 903.000000
320.000000 836.303528 120.024681 623.439819 313.420410
518.000000 1715.813599 291.364227 1471.291748 398.599091
519.000000 1642.012207 198.402542 1379.318726 313.790497
644.000000 3003.211914 1773.887207 2675.000000 1733.000000
1176.000000 2686.409424 796.694885 2666.000000 818.000000
1566.000000 1543.273682 1481.015137 1406.000000 1465.000000
1511.000000 1802.701416 996.673218 1589.000000 1018.000000
1395.000000 1968.298462 1116.668701 1736.000000 1127.000000
1469.000000 1743.560669 791.235229 1541.000000 842.000000
412.000000 1871.285522 698.755920 1617.390259 752.616760
413.000000 1982.302002 729.934265 1756.177612 777.414062
1266.000000 2825.084961 1279.088989 2819.000000 1285.000000
376.000000 2943.565918 1594.647461 2896.772461 1591.233521
377.000000 3056.317871 1574.695679 3046.527344 1578.376465
1112.000000 1398.235840 766.759155 1271.000000 821.000000
1420.000000 1666.506958 685.965942 1498.000000 748.000000
34.000000 2641.608887 295.727600 2576.633545 321.246948
154.000000 2698.091309 392.501862 2653.316406 409.687378
1096.000000 1156.458496 166.710541 892.000000 330.000000
1310.000000 1656.724121 1007.147095 1494.000000 1036.000000
1016.000000 1850.898071 699.951172 1612.000000 755.000000
591.000000 1844.893066 589.552551 1603.049072 656.437561
318.000000 2834.000000 1468.000000 2822.285156 1476.721680
837.000000 2909.000000 1068.000000 2946.000000 1070.000000
1014.000000 2329.000000 1804.000000 1976.000000 1744.000000
666.000000 2687.000000 468.000000 2643.000000 485.000000
971.000000 2820.000000 1223.000000 2813.000000 1227.000000
834.000000 2342.000000 331.000000 2197.000000 382.000000
602.000000 2431.000000 1087.000000 2407.000000 1099.000000
1075.000000 2607.000000 303.000000 2537.000000 331.000000
923.000000 2301.000000 340.000000 2144.000000 395.000000
723.000000 2005.000000 1668.000000 1765.000000 1629.000000
956.000000 353.000000 1690.000000 272.000000 1607.000000
676.000000 2547.000000 268.000000 2458.000000 304.000000
999.000000 2648.000000 1820.000000 2110.000000 1772.000000
616.000000 2476.000000 1283.000000 2452.000000 1289.000000
1111.000000 1412.000000 761.000000 1290.000000 823.000000
604.000000 2950.000000 1331.000000 3002.000000 1336.000000
1037.000000 2784.000000 1397.000000 2762.000000 1400.000000
608.000000 2687.000000 821.000000 2652.000000 831.000000
879.000000 2966.000000 1232.000000 3051.000000 1239.000000
1424.000000 3015.000000 1873.000000 2529.000000 1809.000000
1129.000000 2290.000000 1033.000000 2233.000000 1049.000000
1384.000000 2966.000000 1860.000000 2499.000000 1797.000000
626.000000 2959.000000 854.000000 3018.000000 854.000000
634.000000 2326.000000 766.000000 2277.000000 791.000000
618.000000 2534.000000 1432.000000 2451.000000 1430.000000
635.000000 2285.000000 582.000000 2226.000000 617.000000
692.000000 2804.000000 1215.000000 2792.000000 1219.000000
1090.000000 2383.000000 2008.000000 1964.000000 1850.000000
750.000000 2854.000000 817.000000 2871.000000 820.000000
740.000000 2815.000000 1445.000000 2801.000000 1447.000000
933.000000 2540.000000 1507.000000 2427.000000 1499.000000
807.000000 2774.000000 1359.000000 2755.000000 1362.000000
831.000000 1982.000000 686.000000 1749.000000 737.000000
917.000000 2294.000000 1902.000000 1845.000000 1828.000000
1577.000000 2668.000000 1904.000000 2183.000000 1839.000000
930.000000 2785.000000 1019.000000 2768.000000 1024.000000
1261.000000 2754.000000 720.000000 2731.000000 729.000000
1033.000000 1510.000000 736.000000 1379.000000 797.000000
722.000000 2860.000000 1079.000000 2877.000000 1082.000000
1506.000000 2735.000000 722.000000 2713.000000 732.000000
817.000000 562.000000 1713.000000 447.000000 1632.000000
967.000000 1160.000000 1166.000000 1053.000000 1184.000000
725.000000 2355.000000 759.000000 2312.000000 783.000000
1203.000000 2561.000000 255.000000 2476.000000 288.000000
795.000000 147.000000 403.000000 111.000000 581.000000
735.000000 2702.000000 507.000000 2664.000000 522.000000
675.000000 197.000000 917.000000 151.000000 987.000000
819.000000 2509.000000 224.000000 2409.000000 264.000000
712.000000 2934.000000 141.000000 3001.000000 132.000000
860.000000 2319.000000 306.000000 2166.000000 361.000000
939.000000 2407.000000 223.000000 2278.000000 274.000000
1131.000000 2515.000000 18.000000 2403.000000 74.000000
887.000000 2520.000000 1612.000000 2332.000000 1592.000000
662.000000 2671.000000 432.000000 2622.000000 451.000000
738.000000 1094.000000 704.000000 991.000000 784.000000
1149.000000 2360.000000 1764.000000 2063.000000 1717.000000
922.000000 3011.000000 1924.000000 2452.000000 1844.000000
1513.000000 1954.000000 1725.000000 1706.000000 1679.000000
649.000000 2907.000000 670.000000 2948.000000 670.000000
27.000000 2649.000000 1558.000000 2503.407471 1547.670532
1329.000000 3006.000000 1810.000000 2619.000000 1763.000000
303.000000 2792.000000 1447.000000 2769.981689 1449.308594
1003.000000 2268.000000 1787.000000 1947.000000 1733.000000
659.000000 2326.000000 360.000000 2176.000000 411.000000
1015.000000 2721.000000 1841.000000 2285.000000 1778.000000
1030.000000 2747.000000 745.000000 2728.000000 754.000000
836.000000 2537.000000 1462.000000 2453.000000 1459.000000
801.000000 1767.000000 602.000000 1550.000000 669.000000
950.000000 2366.000000 271.000000 2226.000000 323.000000
1070.000000 2814.000000 1472.000000 2799.000000 1474.000000
706.000000 2653.000000 397.000000 2599.000000 418.000000
1068.000000 411.000000 1577.000000 322.000000 1518.000000
1298.000000 2360.000000 254.000000 2218.000000 307.000000
1024.000000 1889.000000 980.000000 1649.000000 1005.000000
1199.000000 2836.000000 847.000000 2845.000000 851.000000
1401.000000 2650.000000 364.000000 2594.000000 386.000000
1065.000000 1252.000000 1746.000000 992.000000 1669.000000
945.000000 2593.000000 309.000000 2517.000000 338.000000
900.000000 2153.000000 878.000000 1958.000000 905.000000
812.000000 2623.000000 1000.000000 2601.000000 1009.000000
964.000000 1753.000000 838.000000 1552.000000 881.000000
1275.000000 2281.000000 465.000000 2118.000000 514.000000
612.000000 2891.000000 668.000000 2926.000000 668.000000
776.000000 2775.000000 1308.000000 2757.000000 1311.000000
708.000000 1309.000000 740.000000 1204.000000 807.000000
896.000000 2820.000000 1046.000000 2816.000000 1051.000000
1127.000000 2362.000000 307.000000 2221.000000 358.000000
630.000000 2776.000000 849.000000 2756.000000 855.000000
744.000000 781.000000 572.000000 577.000000 693.000000
972.000000 1678.000000 9.000000 1415.000000 156.000000
1091.000000 2903.000000 1407.000000 2911.000000 1412.000000
984.000000 2523.000000 253.000000 2427.000000 292.000000
884.000000 2059.000000 1313.000000 1843.000000 1306.000000
1508.000000 357.000000 1716.000000 275.000000 1629.000000
656.000000 2352.000000 653.000000 2309.000000 682.000000
596.000000 2831.000000 802.000000 2826.000000 807.000000
1299.000000 2631.000000 1172.000000 2610.000000 1179.000000
924.000000 2781.000000 1194.000000 2764.000000 1198.000000
1204.000000 2618.000000 800.000000 2592.000000 812.000000
1308.000000 2494.000000 1284.000000 2474.000000 1290.000000
1207.000000 2687.000000 437.000000 2643.000000 454.000000
789.000000 2795.000000 1041.000000 2781.000000 1046.000000
797.000000 2483.000000 217.000000 2375.000000 261.000000
908.000000 2773.000000 1060.000000 2755.000000 1065.000000
986.000000 2692.000000 1086.000000 2673.000000 1092.000000
778.000000 2754.000000 873.000000 2737.000000 880.000000
654.000000 2921.000000 1070.000000 2964.000000 1073.000000
1538.000000 2902.000000 160.000000 2944.000000 161.000000
682.000000 2670.000000 400.000000 2620.000000 419.000000
1541.000000 1424.000000 734.000000 1299.000000 797.000000
1306.000000 2788.000000 1129.000000 2775.000000 1133.000000
1044.000000 2296.000000 1304.000000 2129.000000 1301.000000
663.000000 2761.000000 849.000000 2741.000000 856.000000
609.000000 2350.000000 771.000000 2306.000000 795.000000
605.000000 143.000000 1368.000000 84.000000 1344.000000
622.000000 2623.000000 1802.000000 2241.000000 1731.000000
647.000000 1068.000000 1396.000000 794.000000 1366.000000
1571.000000 2281.000000 1473.000000 2099.000000 1459.000000
737.000000 2373.000000 133.000000 2236.000000 193.000000
761.000000 2188.000000 1918.000000 1728.000000 1828.000000
668.000000 2322.000000 935.000000 2274.000000 954.000000
913.000000 2792.000000 947.000000 2783.000000 953.000000
683.000000 2949.000000 1160.000000 3004.000000 1163.000000
736.000000 309.000000 1444.000000 242.000000 1409.000000
1055.000000 2852.000000 1854.000000 2399.000000 1790.000000
1018.000000 2564.000000 1731.000000 2309.000000 1698.000000
899.000000 2531.000000 799.000000 2500.000000 815.000000
1452.000000 2903.000000 755.000000 2940.000000 755.000000
877.000000 2870.000000 821.000000 2893.000000 823.000000
1161.000000 2759.000000 958.000000 2743.000000 964.000000
1210.000000 2567.000000 1330.000000 2539.000000 1334.000000
1239.000000 2770.000000 872.000000 2753.000000 878.000000
1485.000000 2383.000000 234.000000 2248.000000 287.000000
929.000000 2457.000000 214.000000 2342.000000 259.000000
660.000000 2257.000000 364.000000 2080.000000 421.000000
1123.000000 2801.000000 1134.000000 2795.000000 1138.000000
1237.000000 2768.000000 1130.000000 2754.000000 1135.000000
1117.000000 1905.000000 627.000000 1668.000000 687.000000
1157.000000 2743.000000 805.000000 2721.000000 813.000000
1331.000000 2306.000000 380.000000 2149.000000 431.000000
1300.000000 2552.000000 799.000000 2526.000000 814.000000
1233.000000 2576.000000 1307.000000 2552.000000 1312.000000
955.000000 2902.000000 868.000000 2938.000000 868.000000
1116.000000 2614.000000 335.000000 2545.000000 362.000000
614.000000 2887.000000 1735.000000 2457.000000 1699.000000
1221.000000 2223.000000 1199.000000 2041.000000 1203.000000
1414.000000 2556.000000 309.000000 2477.000000 340.000000
747.000000 2693.000000 1827.000000 2279.000000 1766.000000
1083.000000 1872.000000 652.000000 1632.000000 710.000000
1154.000000 847.000000 657.000000 617.000000 762.000000
1235.000000 231.000000 1248.000000 157.000000 1250.000000
687.000000 729.000000 1566.000000 532.000000 1506.000000
1093.000000 2777.000000 890.000000 2759.000000 897.000000
681.000000 167.000000 1362.000000 105.000000 1340.000000
1396.000000 2515.000000 1172.000000 2492.000000 1180.000000
673.000000 2751.000000 788.000000 2733.000000 796.000000
905.000000 2795.000000 1193.000000 2779.000000 1197.000000
1202.000000 2266.000000 963.000000 2089.000000 981.000000
715.000000 985.000000 647.000000 714.000000 748.000000
705.000000 2774.000000 1218.000000 2761.000000 1222.000000
954.000000 2284.000000 381.000000 2122.000000 434.000000
1085.000000 2809.000000 1240.000000 2799.000000 1244.000000
710.000000 2584.000000 277.000000 2506.000000 308.000000
862.000000 2901.000000 285.000000 2941.000000 282.000000
1247.000000 1778.000000 1820.000000 1458.000000 1744.000000
651.000000 2109.000000 1742.000000 1858.000000 1698.000000
858.000000 884.000000 1538.000000 606.000000 1478.000000
864.000000 2564.000000 1173.000000 2542.000000 1180.000000
674.000000 2330.000000 1056.000000 2282.000000 1070.000000
1350.000000 2322.000000 891.000000 2272.000000 911.000000
617.000000 93.000000 1121.000000 64.000000 1150.000000
1471.000000 2814.000000 798.000000 2806.000000 803.000000
783.000000 2751.000000 976.000000 2731.000000 982.000000
1031.000000 2752.000000 1379.000000 2730.000000 1382.000000
684.000000 804.000000 1399.000000 587.000000 1369.000000
1536.000000 1883.000000 1854.000000 1514.000000 1771.000000
915.000000 2946.000000 846.000000 2992.000000 846.000000
893.000000 2221.000000 1906.000000 1733.000000 1811.000000
1180.000000 2476.000000 866.000000 2453.000000 882.000000
717.000000 932.000000 655.000000 666.000000 757.000000
1303.000000 1226.000000 1897.000000 909.000000 1784.000000
1220.000000 2695.000000 1764.000000 2384.000000 1723.000000
1463.000000 2882.000000 234.000000 2916.000000 232.000000
867.000000 2612.000000 731.000000 2585.000000 745.000000
309.000000 2707.000000 826.000000 2668.158691 830.315247
1227.000000 1333.000000 1956.000000 935.000000 1824.000000
876.000000 2206.000000 626.000000 2018.000000 670.000000
870.000000 2617.000000 783.000000 2591.000000 796.000000
1020.000000 735.000000 1190.000000 618.000000 1203.000000
1460.000000 1631.000000 1912.000000 1138.000000 1782.000000
1545.000000 2614.000000 749.000000 2587.000000 762.000000
597.000000 2748.000000 933.000000 2712.000000 921.000000
1205.000000 2688.000000 1001.000000 2668.000000 1008.000000
1389.000000 2423.000000 746.000000 2396.000000 766.000000
927.000000 2685.000000 1487.000000 2619.000000 1487.000000
1007.000000 2834.000000 1963.000000 2220.000000 1864.000000
1230.000000 1026.000000 702.000000 761.000000 792.000000
696.000000 2886.000000 126.000000 2924.000000 123.000000
1241.000000 1058.000000 702.000000 805.000000 790.000000
1554.000000 2747.000000 891.000000 2727.000000 897.000000
1073.000000 2293.000000 1791.000000 2000.000000 1755.000000
940.000000 2571.000000 286.000000 2488.000000 319.000000
1318.000000 1680.000000 27.000000 1419.000000 170.000000
843.000000 1046.000000 900.000000 943.000000 956.000000
698.000000 1114.000000 1864.000000 817.000000 1753.000000
1544.000000 201.000000 406.000000 155.000000 581.000000
932.000000 597.000000 1787.000000 485.000000 1696.000000
124.000000 1350.000000 1325.000000 1223.843872 1316.897095
1066.000000 1040.000000 1286.000000 781.000000 1287.000000
1209.000000 2206.000000 645.000000 2013.000000 687.000000
840.000000 2927.000000 282.000000 2991.000000 282.000000
1103.000000 2715.000000 549.000000 2681.000000 561.000000
779.000000 2933.000000 1922.000000 2382.000000 1840.000000
827.000000 2770.000000 695.000000 2755.000000 703.000000
832.000000 2932.000000 1256.000000 2978.000000 1261.000000
363.000000 2615.000000 649.000000 2590.855957 667.803589
802.000000 283.000000 1777.000000 202.000000 1671.000000
805.000000 2905.000000 684.000000 2945.000000 684.000000
942.000000 1173.000000 718.000000 1069.000000 793.000000
771.000000 2299.000000 1470.000000 2122.000000 1457.000000
1444.000000 1205.000000 723.000000 1100.000000 796.000000
886.000000 2634.000000 364.000000 2573.000000 388.000000
623.000000 905.000000 472.000000 630.000000 610.000000
732.000000 2926.000000 920.000000 2965.000000 922.000000
661.000000 941.000000 1474.000000 666.000000 1427.000000
163.000000 2908.000000 272.000000 2970.237305 271.075806
947.000000 419.000000 1632.000000 328.000000 1562.000000
1289.000000 2787.000000 1414.000000 2763.000000 1416.000000
1146.000000 1411.000000 1324.000000 1285.000000 1323.000000
770.000000 1608.000000 1879.000000 1247.000000 1781.000000
1413.000000 2751.000000 650.000000 2738.000000 705.000000
866.000000 2769.000000 787.000000 2753.000000 795.000000
1231.000000 1305.000000 760.000000 1199.000000 825.000000
853.000000 729.000000 823.000000 614.000000 899.000000
973.000000 2456.000000 1841.000000 2036.000000 1772.000000
613.000000 189.000000 1249.000000 124.000000 1250.000000
1106.000000 2864.000000 1834.000000 2436.000000 1776.000000
1126.000000 2252.000000 586.000000 2081.000000 631.000000
600.000000 1928.000000 1618.000000 1677.000000 1580.000000
934.000000 1315.000000 1452.000000 1211.000000 1438.000000
1195.000000 2750.000000 1344.000000 2727.000000 1345.000000
550.000000 538.000000 1559.000000 425.984344 1509.746582
700.000000 2912.000000 1892.000000 2400.000000 1818.000000
1109.000000 2546.000000 857.000000 2514.000000 871.000000
916.000000 562.000000 117.000000 462.000000 323.000000
990.000000 1981.000000 745.000000 1755.000000 790.000000
1533.000000 2441.000000 55.000000 2312.000000 106.000000
1281.000000 2151.000000 1928.000000 1647.000000 1824.000000
983.000000 2925.000000 1518.000000 2890.000000 1518.000000
628.000000 2676.000000 1790.000000 2252.000000 1749.000000
872.000000 1118.000000 708.000000 1015.000000 786.000000
667.000000 2153.000000 857.000000 1958.000000 886.000000
1196.000000 2908.000000 787.000000 2949.000000 788.000000
753.000000 1726.000000 741.000000 1521.000000 800.000000
555.000000 2127.000000 1489.000000 1910.116455 1468.604370
809.000000 2230.000000 556.000000 2043.000000 604.000000
1054.000000 2298.000000 1405.000000 2131.000000 1397.000000
699.000000 381.000000 1719.000000 296.000000 1632.000000
992.000000 1227.000000 728.000000 1122.000000 799.000000
1356.000000 2676.000000 879.000000 2647.000000 877.000000
848.000000 985.000000 465.000000 705.000000 599.000000
958.000000 2573.000000 1379.000000 2544.000000 1383.000000
1455.000000 2200.000000 1800.000000 1905.000000 1743.000000
29.000000 2305.000000 1279.000000 2136.065918 1280.020630
1357.000000 2715.000000 1901.000000 2193.000000 1807.000000
733.000000 2844.000000 1764.000000 2518.000000 1733.000000
1501.000000 2186.000000 842.000000 1999.000000 871.000000
803.000000 2569.000000 1864.000000 2109.000000 1790.000000
982.000000 163.000000 1394.000000 105.000000 1365.000000
305.000000 1680.000000 48.000000 1425.401367 194.261932
1012.000000 1076.000000 512.000000 801.000000 635.000000
1457.000000 2533.000000 291.000000 2446.000000 326.000000
1516.000000 522.000000 1715.000000 415.000000 1633.000000
764.000000 1178.000000 1039.000000 1071.000000 1073.000000
766.000000 2805.000000 552.000000 2803.000000 559.000000
1171.000000 1639.000000 643.000000 1497.000000 704.000000
839.000000 1054.000000 631.000000 780.000000 732.000000
754.000000 2495.000000 1860.000000 2035.000000 1760.000000
850.000000 70.000000 391.000000 48.000000 575.000000
1305.000000 2795.000000 1241.000000 2779.000000 1246.000000
1337.000000 2764.000000 742.000000 2748.000000 750.000000
1223.000000 2322.000000 343.000000 2170.000000 396.000000
810.000000 2497.000000 242.000000 2394.000000 284.000000
1491.000000 699.000000 800.000000 587.000000 880.000000
791.000000 1079.000000 661.000000 803.000000 757.000000
1100.000000 92.000000 1094.000000 63.000000 1129.000000
816.000000 2046.000000 1331.000000 1827.000000 1323.000000
578.000000 2920.000000 1389.000000 2930.025146 1398.815308
1187.000000 2121.000000 222.000000 1925.000000 301.000000
748.000000 489.000000 1866.000000 359.000000 1749.000000
1142.000000 2715.000000 1798.000000 2306.000000 1740.000000
1558.000000 2221.000000 682.000000 2037.000000 721.000000
1113.000000 1434.000000 1895.000000 1085.000000 1787.000000
1183.000000 2746.000000 677.000000 2722.000000 686.000000
1017.000000 1880.000000 349.000000 1632.000000 435.000000
980.000000 1902.000000 1479.000000 1650.000000 1454.000000
1278.000000 1091.000000 670.000000 818.000000 763.000000
1272.000000 2510.000000 278.000000 2416.000000 315.000000
1236.000000 2119.000000 436.000000 1923.000000 499.000000
1069.000000 2075.000000 301.000000 1870.000000 378.000000
1302.000000 1912.000000 1573.000000 1657.000000 1540.000000
1197.000000 2701.000000 1317.000000 2677.000000 1320.000000
1098.000000 2785.000000 871.000000 2769.000000 877.000000
921.000000 2887.000000 1946.000000 2298.000000 1855.000000
1050.000000 2235.000000 850.000000 2058.000000 878.000000
935.000000 78.000000 1396.000000 34.000000 1366.000000
1423.000000 2862.000000 1094.000000 2878.000000 1098.000000
790.000000 2232.000000 998.000000 2048.000000 1015.000000
297.000000 2327.000000 203.000000 2170.315430 261.376160
1160.000000 2071.000000 1882.000000 1612.000000 1800.000000
758.000000 2310.000000 394.000000 2157.000000 445.000000
1481.000000 2796.000000 1269.000000 2781.000000 1274.000000
1470.000000 2857.000000 1983.000000 2217.000000 1879.000000
1081.000000 2758.000000 1414.000000 2736.000000 1416.000000
619.000000 2388.000000 254.000000 2254.000000 303.000000
1445.000000 2766.000000 1236.000000 2752.000000 1240.000000
1071.000000 1916.000000 1780.000000 1633.000000 1720.000000
643.000000 2703.000000 477.000000 2664.000000 492.000000
1178.000000 1664.000000 56.000000 1398.000000 199.000000
611.000000 2855.000000 1789.000000 2503.000000 1744.000000
292.000000 2948.000000 676.000000 3006.840576 672.480225
977.000000 2609.000000 713.000000 2582.000000 727.000000
1263.000000 1410.000000 734.000000 1287.000000 797.000000
1190.000000 1895.000000 1279.000000 1653.000000 1275.000000
739.000000 1092.000000 107.000000 810.000000 298.000000
813.000000 2411.000000 242.000000 2283.000000 291.000000
1557.000000 95.000000 1078.000000 66.000000 1117.000000
857.000000 835.000000 1342.000000 757.000000 1366.000000
1139.000000 1302.000000 1883.000000 985.000000 1776.000000
1317.000000 893.000000 1476.000000 621.000000 1428.000000
615.000000 160.000000 1374.000000 97.000000 1349.000000
1028.000000 1351.000000 47.000000 1077.000000 221.000000
963.000000 2739.000000 764.000000 2718.000000 772.000000
1467.000000 528.000000 1522.000000 420.000000 1477.000000
1255.000000 2650.000000 1592.000000 2507.000000 1579.000000
1520.000000 2792.000000 620.000000 2775.000000 624.000000
1179.000000 2344.000000 756.000000 2299.000000 774.000000
938.000000 2576.000000 898.000000 2552.000000 910.000000
1144.000000 233.000000 1339.000000 159.000000 1321.000000
1353.000000 1453.000000 799.000000 1323.000000 855.000000
709.000000 1905.000000 273.000000 1672.000000 368.000000
1360.000000 2054.000000 241.000000 1846.000000 326.000000
1315.000000 1453.000000 2037.000000 950.000000 1875.000000
1167.000000 2771.000000 1020.000000 2753.000000 1026.000000
773.000000 2822.000000 1836.000000 2386.000000 1776.000000
1442.000000 1347.000000 1944.000000 960.000000 1816.000000
1524.000000 2597.000000 1855.000000 2066.000000 1795.000000
1510.000000 2685.000000 141.000000 2644.000000 164.000000
1141.000000 1151.000000 714.000000 1047.000000 790.000000
1570.000000 2338.000000 277.000000 2191.000000 331.000000
911.000000 94.000000 1315.000000 48.000000 1302.000000
918.000000 1237.000000 1480.000000 1077.000000 1454.000000
1094.000000 2812.000000 756.000000 2806.000000 774.000000
894.000000 2908.000000 1346.000000 2941.000000 1351.000000
1355.000000 2001.000000 393.000000 1781.000000 468.000000
271.000000 1879.000000 389.000000 1633.609985 479.924652
1175.000000 2929.000000 1222.000000 2974.000000 1226.000000
1000.000000 2779.000000 957.000000 2764.000000 962.000000
1182.000000 1794.000000 584.000000 1568.000000 653.000000
645.000000 2732.000000 1892.000000 2223.000000 1812.000000
822.000000 2907.000000 258.000000 2950.000000 258.000000
1194.000000 2274.000000 761.000000 2108.000000 785.000000
856.000000 2730.000000 561.000000 2701.000000 573.000000
749.000000 2511.000000 1086.000000 2488.000000 1096.000000
1132.000000 2110.000000 660.000000 1908.000000 705.000000
1026.000000 1918.000000 712.000000 1677.000000 763.000000
1372.000000 2492.000000 1309.000000 2472.000000 1314.000000
1409.000000 2818.000000 1005.000000 2813.000000 1009.000000
949.000000 1983.000000 702.000000 1750.000000 752.000000
411.000000 2782.000000 829.000000 2772.681396 833.420166
1562.000000 885.000000 1494.000000 608.000000 1442.000000
1560.000000 2686.000000 489.000000 2648.000000 504.000000
1168.000000 2360.000000 1184.000000 2311.000000 1192.000000
944.000000 1733.000000 1800.000000 1399.000000 1723.000000
1548.000000 1870.000000 112.000000 1634.000000 226.000000
1128.000000 1651.000000 1282.000000 1488.000000 1283.000000
1479.000000 2703.000000 1331.000000 2681.000000 1348.000000
653.000000 981.000000 2020.000000 585.000000 1850.000000
1573.000000 1987.000000 1117.000000 1760.000000 1128.000000
211.000000 2579.000000 330.000000 2502.803467 361.323822
1383.000000 1965.000000 991.000000 1736.000000 1014.000000
1539.000000 1889.000000 955.000000 1649.000000 983.000000
1390.000000 2268.000000 566.000000 2102.000000 610.000000
482.000000 1899.000000 62.000000 1663.304443 176.773056
1290.000000 1898.000000 923.000000 1659.000000 954.000000
1150.000000 1800.000000 710.000000 1592.000000 761.000000
637.000000 2753.000000 1792.000000 2451.000000 1753.000000
1332.000000 1801.000000 1853.000000 1441.000000 1769.000000
1522.000000 2764.000000 1194.000000 2747.000000 1197.000000
1394.000000 2781.000000 1267.000000 2763.000000 1272.000000
657.000000 2524.000000 8.000000 2426.000000 55.000000
1421.000000 487.000000 1153.000000 397.000000 1174.000000
1476.000000 429.000000 1573.000000 336.000000 1514.000000
1072.000000 2772.000000 1951.000000 2183.000000 1855.000000
1307.000000 2837.000000 1410.000000 2813.000000 1413.000000
1428.000000 2947.000000 902.000000 2995.000000 902.000000
677.000000 1493.000000 758.000000 1384.000000 813.000000
1188.000000 2893.000000 1180.000000 2922.000000 1183.000000
1034.000000 1342.000000 769.000000 1229.000000 833.000000
1114.000000 1686.000000 1810.000000 1387.000000 1737.000000
781.000000 1994.000000 704.000000 1763.000000 752.000000
1489.000000 1781.000000 1281.000000 1575.000000 1279.000000
1045.000000 2710.000000 524.000000 2684.000000 533.000000
1474.000000 730.000000 804.000000 614.000000 883.000000
1005.000000 955.000000 1420.000000 679.000000 1384.000000
1575.000000 2402.000000 130.000000 2273.000000 187.000000
1147.000000 2751.000000 1738.000000 2440.000000 1709.000000
1002.000000 1715.000000 626.000000 1516.000000 696.000000
1079.000000 1030.000000 1572.000000 740.000000 1509.000000
786.000000 2811.000000 739.000000 2786.000000 745.000000
1325.000000 2761.000000 807.000000 2741.000000 814.000000
1377.000000 1454.000000 1135.000000 1326.000000 1154.000000
787.000000 2955.000000 926.000000 3002.000000 916.000000
826.000000 2809.000000 875.000000 2803.000000 880.000000
1365.000000 2812.000000 1329.000000 2777.000000 1313.000000
1316.000000 526.000000 1622.000000 418.000000 1557.000000
784.000000 2750.000000 998.000000 2731.000000 1004.000000
888.000000 2755.000000 1060.000000 2737.000000 1066.000000
646.000000 2208.000000 52.000000 2167.000000 176.000000
1465.000000 2670.000000 452.000000 2625.000000 470.000000
962.000000 2762.000000 999.000000 2746.000000 1005.000000
695.000000 2955.000000 414.000000 3018.000000 407.000000
1243.000000 2816.000000 559.000000 2821.000000 564.000000
1063.000000 2769.000000 831.000000 2753.000000 838.000000
1022.000000 2249.000000 1690.000000 2003.000000 1659.000000
650.000000 2841.000000 1806.000000 2371.000000 1758.000000
1215.000000 1579.000000 1485.000000 1547.000000 1472.000000
664.000000 2771.000000 1171.000000 2757.000000 1176.000000
946.000000 2737.000000 633.000000 2711.000000 644.000000
844.000000 719.000000 1161.000000 604.000000 1180.000000
70.000000 1892.000000 383.000000 1641.156006 471.329681
1181.000000 2773.000000 1742.000000 2343.000000 1704.000000
759.000000 2418.000000 1782.000000 2110.000000 1745.000000
1088.000000 1305.000000 57.000000 1031.000000 233.000000
1046.000000 1418.000000 43.000000 1124.000000 213.000000
1107.000000 2292.000000 420.000000 2132.000000 471.000000
627.000000 2786.000000 1360.000000 2770.000000 1363.000000
1333.000000 2106.000000 1126.000000 1900.000000 1135.000000

8.000000 2827.708984 752.004272 2588.236816 13.634954 2827.687988 751.804932 2613.751953 290.050690
1.000000 1762.323486 567.025208 1112.610718 389.308258 1532.922485 639.096130 839.684631 521.864929
4.000000 1101.069702 1403.311646 1107.506226 733.309387 992.797546 1413.366943 1000.050049 810.000610
2.000000 1113.329834 380.012695 1747.165527 554.858032 843.173889 514.273315 1523.393677 629.644287
5.000000 1096.989136 736.629700 1089.052856 1383.280762 991.525940 813.306519 982.574646 1416.605957
15.000000 1971.825562 603.374207 1714.454590 51.701431 1727.488159 671.091980 1562.537354 291.651611
9.000000 1022.675720 749.987183 1025.426514 1323.339233 775.704956 799.848389 768.694031 1306.694702
3.000000 3070.583740 1589.426147 2526.228271 1704.594727 3070.315674 1586.416260 2396.201904 1655.461304
17.000000 2648.024658 295.842896 2807.815674 822.572937 2576.633545 321.246948 2771.882324 679.874756
7.000000 2288.609863 806.716919 2308.127441 1346.734375 2235.943604 833.366760 2261.820557 1393.403198
19.000000 1696.466675 106.855743 1916.059326 552.079224 1427.377441 241.120987 1662.912354 554.454712
20.000000 1890.745239 539.530029 1681.179077 124.295395 1638.385132 563.387268 1417.398193 257.433441
13.000000 2953.017090 1514.530029 2500.227295 1581.536621 2933.280518 1515.952393 2503.407471 1547.670532
10.000000 583.891357 163.295822 577.718994 620.014221 479.152985 369.917328 469.592834 853.325256
21.000000 536.757751 1350.256714 553.875916 899.640747 435.746338 1340.612061 450.290497 966.418823
6.000000 2320.358643 1243.318970 2302.857910 806.552185 2274.228271 1393.290527 2247.425293 833.297058
26.000000 1812.301636 365.401581 1520.686401 56.928585 1549.088257 440.869232 1270.348267 221.694275
31.000000 136.629623 450.187866 546.468201 531.006470 103.309013 620.190674 450.284363 664.436768
37.000000 3.290964 960.546204 413.151947 992.338440 3.328211 1026.760010 333.249756 1044.856934
41.000000 1370.886108 879.912292 1374.190674 1289.993042 1260.928711 969.991333 1259.777222 1290.011230
39.000000 406.776794 1074.595093 3.166566 1053.136719 330.067566 1111.545532 3.237886 1099.191772
52.000000 918.502258 470.047760 928.208618 73.897865 649.912109 573.689148 665.428955 286.779999
44.000000 264.837189 1869.918701 282.776917 1478.697021 185.509674 1746.602661 202.681427 1436.446045
45.000000 1132.590576 126.583740 1040.005127 502.563751 847.342712 331.684814 770.433044 630.007568
22.000000 2577.898193 906.609070 2595.679199 1286.868652 2554.584229 919.928589 2575.716309 1290.054199
32.000000 1388.969971 1286.666992 1389.021240 906.667419 1271.665039 1293.340088 1273.034668 953.345581
34.000000 1425.358398 913.332458 1425.114502 1286.667847 1305.493042 956.662231 1304.239258 1290.003418
102.000000 2641.624512 876.414673 2660.283936 1243.488403 2629.546631 1036.692871 2641.856445 1250.085205
24.000000 2612.968994 1283.044922 2596.184326 916.231140 2592.365479 1289.480103 2571.454834 926.199219
25.000000 1464.341675 11.470912 1760.635376 226.116562 1191.684326 177.052185 1510.141479 340.396088
46.000000 519.978882 993.602783 156.785446 965.150513 426.650177 1043.632568 119.995659 1026.745483
23.000000 570.878113 899.913757 558.115784 1263.267212 465.400818 966.617126 451.055817 1333.374634
27.000000 2553.636230 923.319031 2570.644287 1283.302856 2528.900635 936.540039 2548.938477 1290.060181
28.000000 2545.982910 1283.075439 2530.463867 923.026001 2523.411621 1289.646118 2504.876465 936.410767
50.000000 2798.574707 825.726074 2736.804688 481.514038 2786.271973 831.998291 2725.151123 544.860657
33.000000 2684.928955 913.256348 2701.179688 1250.103882 2663.219971 923.340149 2683.304443 1256.869141
11.000000 2550.340576 1671.830200 2880.912354 1610.321533 2320.077637 1647.487915 2786.671875 1603.387329
38.000000 2678.422607 1243.961670 2660.465820 913.127136 2659.376221 1250.698608 2637.830078 923.037659
63.000000 2236.415527 664.991821 2276.585938 339.168121 2058.534424 709.863098 2082.562012 452.638550
51.000000 1757.186646 245.998596 1873.834229 552.672485 1510.610107 361.625214 1634.112549 621.544861
55.000000 1900.067871 1440.071289 1892.937378 1113.341919 1657.395508 1409.986938 1652.316162 1126.684937
16.000000 2383.333740 1418.825073 2710.000000 1418.853760 2220.236816 1407.356079 2629.989746 1423.594360
43.000000 2620.405273 919.981262 2635.363525 1243.393555 2597.120605 933.118347 2614.913818 1246.576904
30.000000 2230.216797 1426.784058 1909.805542 1446.903931 2010.078369 1416.013550 1659.890503 1426.258057
36.000000 2559.509277 379.786102 2683.881592 672.179871 2463.231934 380.613159 2655.170166 651.175476
94.000000 2522.727295 1711.306519 2209.940674 1670.454102 2223.469482 1672.415405 2003.369019 1639.759766
182.000000 2577.366455 507.468048 2647.734375 804.836487 2590.855957 667.803589 2618.503906 819.667175
59.000000 1014.086487 496.025208 1046.677002 195.583038 733.001099 609.403015 775.544556 348.188568
76.000000 1811.106323 1421.407104 1549.381104 1271.077515 1574.370239 1398.335205 1368.624634 1270.189697
100.000000 303.321228 1196.788574 3.959372 1167.034546 219.747040 1209.134888 3.304046 1186.952393
95.000000 1865.683960 553.422180 1766.085693 276.610992 1626.919556 644.113586 1550.218262 436.229858
60.000000 1756.387085 274.285156 1859.160889 549.917542 1505.517212 380.916656 1618.114868 619.503662
18.000000 1166.712402 1483.895874 1456.692383 1460.315796 893.451050 1455.578369 1290.011475 1447.210815
87.000000 92.630112 105.852257 366.056274 182.186386 69.816780 351.000000 293.577881 391.998596
126.000000 286.554382 1214.200317 3.184632 1209.976685 196.715042 1220.260742 3.167284 1217.213623
156.000000 61.567062 659.684875 72.150009 376.497864 40.519417 786.454346 46.387264 616.541931
123.000000 282.776917 1478.697021 3.080862 1491.536499 200.001709 1433.398315 3.208132 1438.559448
101.000000 360.722382 279.933380 86.997536 221.776077 290.362335 470.437866 77.032539 443.742828
99.000000 1064.815308 378.048218 1162.271240 119.168983 794.115601 522.295105 876.262939 320.455750
84.000000 436.979004 707.791260 163.458649 669.113831 353.374268 812.886658 123.471901 791.821045
256.000000 1455.287476 1183.334595 1455.045654 909.998474 1328.261597 1083.330811 1328.060425 956.664429
133.000000 210.206787 1073.786377 473.618286 1092.697388 160.177490 1113.309326 350.175110 1123.354126
97.000000 2511.960449 883.242126 2524.221191 1146.780396 2488.072754 913.256653 2500.075928 1133.329224
128.000000 3.224167 1218.945801 266.273315 1231.545532 3.289456 1228.841431 196.678574 1232.743286
65.000000 259.851349 911.559082 520.028931 936.363037 140.023483 979.623718 396.730560 995.642578
93.000000 299.281555 1460.134399 285.922058 1720.133057 216.990982 1410.016602 205.521133 1633.445679
62.000000 1341.453003 1283.337402 1342.177734 1023.330139 1223.843872 1316.897095 1232.195190 1056.737183
67.000000 2227.532227 632.864441 2248.293945 375.989960 2040.412476 672.636536 2068.535156 420.208160
171.000000 1036.792725 1340.844482 779.940796 1327.835938 773.520142 1312.946411 613.367615 1308.705566
113.000000 72.366692 369.944183 87.183617 113.363190 48.870800 559.920471 63.183273 356.656097
64.000000 2945.384277 935.683777 2962.627441 679.280029 2980.784180 898.466431 3044.104248 648.463074
72.000000 1143.668701 1803.336060 1145.760498 1546.632080 866.091431 1703.487183 872.322693 1456.725342
71.000000 2451.572754 563.637451 2516.487793 811.635132 2412.037354 591.381287 2492.952393 826.692322
29.000000 2494.755371 276.314972 2662.040283 469.111786 2546.501953 396.709473 2705.265381 712.341431
69.000000 1671.201416 104.752663 1444.657349 -12.151455 1401.345825 238.128983 1159.620117 163.736694
190.000000 1806.747192 1445.075439 1553.219360 1432.254272 1570.027588 1425.914185 1419.984741 1420.416870
82.000000 2244.072754 1664.068604 2493.111816 1695.109985 2037.094238 1636.309570 2268.860840 1663.164307
155.000000 287.656311 1466.723267 301.960449 1216.778809 204.681854 1430.040405 209.780838 1259.893555
88.000000 2255.029541 1663.368530 2249.649658 1413.340820 2047.578247 1633.389771 2042.295410 1406.690796
118.000000 195.673218 16.799656 429.834625 83.910316 152.855667 272.682404 349.806396 307.753815
127.000000 2226.841797 1715.528931 2467.303955 1752.523804 1989.678589 1678.615234 2180.534912 1710.089966
54.000000 2436.868408 1574.761475 2676.788818 1540.865234 2286.741455 1554.402954 2570.089600 1534.614624
81.000000 2895.022461 39.708073 2909.003906 280.251648 2931.749023 39.709042 2970.237305 271.075806
243.000000 1893.185669 1106.715576 1889.812988 866.622498 1652.884033 1120.065430 1650.630859 989.873718
89.000000 1819.958740 1693.333618 1818.247070 1453.322021 1581.325439 1659.993042 1580.145264 1433.332520
147.000000 240.157211 901.433533 3.182423 881.823669 183.269058 974.509338 3.260213 964.671204
90.000000 1142.216675 554.786011 912.289307 501.141541 857.360779 665.046570 634.205261 633.777222
70.000000 1646.279297 1728.855103 1880.169434 1708.625610 1383.174683 1673.234375 1633.410400 1661.666504
103.000000 1126.784912 1494.959839 893.231689 1511.934448 826.645813 1449.306519 613.305054 1455.726074
75.000000 2718.597412 822.521790 2683.032471 591.838013 2698.802002 842.903503 2650.810303 604.490601
183.000000 1110.675903 618.087830 1330.330444 695.731995 1073.148804 727.354248 1219.973022 766.767090
83.000000 2652.573730 629.116394 2556.593994 418.802826 2618.397949 636.681641 2491.778564 443.431854
150.000000 270.312500 1229.860596 259.694336 1459.985840 194.568481 1243.175781 181.306915 1419.847900
225.000000 1511.604126 1506.684937 1514.225952 1276.638794 1347.160034 1443.387207 1349.083252 1306.653809
134.000000 1305.062134 1243.324951 1306.259521 1013.313843 1199.944092 1246.666870 1199.435547 1056.668213
74.000000 2382.090088 1536.566162 2371.196777 1309.942505 2205.369873 1553.391846 2194.381348 1309.952637
122.000000 303.318665 1559.766968 526.606628 1545.712646 219.960648 1502.196533 416.737671 1495.384277
226.000000 1779.996826 1423.427734 1559.911255 1415.942261 1563.375122 1408.159546 1426.703369 1405.054077
112.000000 1356.720581 1527.169312 1574.104980 1503.863647 1193.037842 1494.175293 1396.692627 1483.844482
115.000000 1123.653442 588.473694 909.932678 543.654480 840.351196 693.955872 639.830078 667.978333
138.000000 994.839661 294.799774 1068.760254 90.472992 716.528870 458.543854 789.143616 285.445740
124.000000 519.984009 1456.168335 303.219849 1463.136230 419.990326 1422.684570 223.317642 1425.613159
110.000000 893.278564 1519.146729 1106.588745 1505.452637 613.315857 1462.719849 820.004639 1456.829224
104.000000 2520.385254 611.884827 2563.142334 820.039246 2483.925537 630.508606 2538.755127 836.109680
140.000000 539.807495 460.969330 333.340912 419.961914 450.255341 607.971985 266.477661 584.834717
85.000000 2637.874023 456.135315 2496.121094 301.071014 2585.042236 468.026459 2397.972900 337.170288
162.000000 1504.444458 1283.303467 1501.618530 1493.355103 1339.861816 1306.622070 1337.717163 1473.346802
185.000000 2892.437744 308.170807 3072.686035 415.488525 2928.725830 307.035614 3071.337891 356.112213
98.000000 1848.725464 579.447815 1795.329224 380.358704 1608.521851 644.810486 1534.654419 438.334839
246.000000 2542.333740 3.153578 2557.765381 203.505447 2465.866699 110.111534 2467.808105 240.082535
178.000000 2453.314941 1646.823364 2259.909912 1624.100952 2209.865234 1617.728882 2056.528320 1597.713013
139.000000 2980.584473 433.169708 2988.680420 627.000244 3055.488281 423.274628 3060.580811 610.256531
114.000000 2408.696289 449.419708 2522.678467 605.612915 2341.543457 481.724762 2485.820801 624.101562
142.000000 1341.351562 1020.007568 1342.437744 826.661621 1228.935547 1050.026245 1231.052246 866.678833
153.000000 1610.030640 903.523132 1800.453613 872.812988 1463.653931 944.521667 1630.748779 899.442261
274.000000 1409.127686 36.408737 1589.977539 100.684174 1133.515503 211.458694 1253.997437 223.165955
173.000000 376.801086 176.147079 193.653122 128.763931 306.730896 386.275177 149.910492 360.545502
143.000000 918.778564 558.920044 1102.094727 598.998474 649.239685 682.689941 829.315857 705.420227
268.000000 1793.531494 941.497864 1609.884888 965.796265 1583.357300 973.446228 1463.106934 998.931885
130.000000 1625.668457 1673.634766 1805.429565 1645.444824 1380.243652 1625.888550 1570.106201 1607.780273
203.000000 303.500702 562.146545 123.784622 536.800171 236.659241 700.093323 93.436951 688.697754
273.000000 413.276917 363.573181 236.956192 322.102386 329.865479 534.193970 210.184586 515.485779
47.000000 1123.477051 1445.798462 1303.641968 1435.292847 883.352112 1428.128540 1190.053833 1424.184204
68.000000 1385.440063 53.814911 1219.777954 125.067116 1113.918213 216.227005 895.197449 343.645905
166.000000 2090.016357 1470.234619 1913.280640 1482.578735 1823.321655 1452.960815 1659.939575 1458.064453
77.000000 2707.072754 421.029266 2614.400146 270.622192 2653.316406 409.687378 2478.284180 248.237991
12.000000 2666.481445 1508.517456 2493.353271 1530.159790 2776.529297 1487.825073 2329.961426 1516.054932
80.000000 1752.010864 264.956573 1640.290161 133.585220 1550.621582 432.712524 1383.963745 266.037018
119.000000 2570.154053 1607.676636 2740.261963 1581.716675 2436.690674 1586.981567 2633.231934 1572.004150
175.000000 1885.375366 396.160614 1926.603027 562.523071 1640.026123 478.953827 1686.733154 628.941284
258.000000 2965.777344 1206.723755 2954.847900 1036.569336 3058.943359 1213.507690 3038.513184 1089.695312
192.000000 983.737854 469.509369 997.036682 299.767822 704.109436 603.415344 719.692139 455.929779
165.000000 2604.479248 223.417313 2597.952148 53.411949 2532.304932 253.381836 2524.604004 90.097275
121.000000 1906.737427 1452.531860 2076.801758 1455.444458 1660.044067 1431.741333 1856.928955 1437.190063
241.000000 818.264282 489.191101 790.766174 321.567169 608.670044 613.133728 595.682983 482.767212
209.000000 259.719940 769.116089 426.869385 788.226990 203.157974 869.438354 343.440033 878.313721
212.000000 420.143127 918.485046 253.390152 902.731873 339.935120 984.368347 199.858612 975.589417
141.000000 2249.998535 1399.946899 2083.360107 1404.346069 2056.787354 1388.609863 1873.245117 1392.805176
86.000000 166.289795 548.969543 330.675598 575.871887 129.896255 697.683350 356.583588 720.814087
221.000000 543.816589 603.893860 380.224030 575.381226 446.651764 723.467468 310.189606 708.294678
177.000000 549.024536 1363.863892 569.133606 1527.183716 448.933258 1346.696533 453.315735 1503.427002
204.000000 860.019043 1361.450806 1023.411804 1359.303955 623.501099 1337.199829 766.834290 1333.860596
73.000000 2602.018311 659.725464 2623.869141 820.380493 2544.537842 594.725037 2603.392578 833.318726
108.000000 2434.043701 163.435791 2427.783203 3.159519 2303.703369 213.693069 2291.669189 3.047543
197.000000 1137.122925 227.932007 1228.949219 100.182068 864.912842 391.937958 956.309326 277.063599
129.000000 1293.090942 30.593592 1449.906982 24.335131 990.842590 221.791641 1179.476318 190.205917
167.000000 2577.740723 3.279429 2576.794434 159.960510 2503.126709 26.579329 2501.728760 189.957748
163.000000 2616.881348 1621.248047 2463.500000 1647.635498 2390.259766 1655.763916 2226.657227 1673.244995
261.000000 323.544281 419.027710 173.380234 386.450439 256.936066 584.787109 133.276535 567.062988
222.000000 2660.382080 1413.316040 2653.451416 1259.994629 2627.091309 1413.309937 2619.577148 1276.689941
149.000000 2150.087158 779.585876 2000.397461 748.109558 1956.893921 814.887878 1780.131592 792.303711
78.000000 1528.476562 1273.297974 1661.370850 1345.878174 1364.291992 1278.461426 1566.119141 1404.212158
278.000000 86.402908 1800.995850 236.745392 1784.031006 53.322651 1686.465820 173.514511 1680.072998
272.000000 176.414047 314.389069 323.436462 349.568939 136.627838 510.247467 256.807343 529.103455
198.000000 933.286682 1485.726196 1083.413452 1478.284058 656.669556 1436.840088 803.351196 1434.411865
180.000000 2922.608154 950.011597 2925.002197 1099.973389 2966.261719 950.038452 2967.839355 1103.321289
233.000000 296.632660 1669.720825 443.555664 1651.825439 216.759354 1591.095703 350.265259 1579.802612
158.000000 723.853088 948.624146 576.770691 932.390930 636.751343 1005.631470 470.109406 991.996155
211.000000 2330.296875 740.245117 2324.641113 593.283020 2281.711426 766.963318 2276.689941 626.665833
227.000000 2220.592041 1133.226562 2224.590332 1280.147217 2036.569824 1143.336304 2040.696777 1279.979004
218.000000 2196.699951 349.921600 2062.120361 292.861023 1990.022339 406.578522 1856.005615 372.607697
240.000000 290.382446 35.128605 150.728943 0.401868 230.223740 278.403015 100.436272 260.219391
174.000000 2979.063965 728.751038 2955.881104 869.870972 3063.781738 701.182739 3012.423096 849.685181
299.000000 1463.511963 1784.480225 1322.773438 1806.406006 1146.873535 1709.131104 1033.221680 1718.669556
186.000000 1098.031860 372.085052 1135.209473 235.354477 818.251160 542.817383 860.889648 398.295593
131.000000 1599.328003 187.719513 1691.548950 295.339325 1310.012817 281.795227 1457.718262 402.041595
250.000000 1031.649658 730.601746 890.739441 716.132141 777.746887 818.922729 650.663513 806.529663
265.000000 583.498291 808.706116 723.350281 826.533752 483.229645 891.201721 606.793579 901.862671
245.000000 566.633789 1231.174805 706.710571 1235.098022 463.281219 1238.713501 593.366638 1242.025879
255.000000 2244.499268 1276.503418 2239.426025 1136.687500 2059.564209 1273.222778 2054.735107 1146.613159
132.000000 2393.998779 1.628758 2405.443359 140.375854 2264.111572 3.289040 2274.934814 193.431915
238.000000 1700.020874 308.383057 1760.206909 433.233582 1465.857056 415.125122 1535.293701 528.802551
106.000000 1539.700317 734.154663 1586.553223 604.221802 1414.028320 889.377014 1436.022339 678.541870
266.000000 723.254456 820.600708 586.752930 802.676575 609.990417 896.769104 486.798706 885.254211
172.000000 2397.399658 191.128036 2533.881592 209.189789 2320.941162 235.726807 2477.361084 270.180359
234.000000 2460.416260 1230.171997 2452.338623 1093.195435 2437.555908 1236.839844 2428.092041 1103.232422
262.000000 1072.161499 89.935783 943.198547 43.709381 792.284851 284.912598 670.242126 258.865387
289.000000 1129.046753 1123.300171 1124.293823 1260.033447 1020.840515 1146.716431 1013.934204 1263.368896
232.000000 2604.456787 252.910156 2495.568604 170.225342 2480.445312 251.562225 2350.290771 218.843323
291.000000 323.314148 1227.979980 460.000336 1229.976807 230.002991 1236.364014 346.658234 1237.519287
91.000000 2286.653809 790.058350 2420.128662 819.414795 2173.230957 807.396423 2396.381836 838.696838
220.000000 2679.920166 590.030640 2631.584961 464.003876 2643.776855 596.419189 2576.726562 476.246857
288.000000 2955.754150 328.168579 3071.076416 398.227966 3070.054199 346.511230 2959.521484 308.041443
269.000000 1645.946167 321.154175 1559.565918 217.582016 1424.950562 424.877258 1333.781372 342.482544
42.000000 1090.033203 516.668091 1095.758057 383.151459 896.241089 335.192780 810.828979 638.878967
237.000000 2725.606201 1053.208862 2718.303955 919.910278 2705.166504 1059.870117 2695.713135 926.497986
281.000000 1970.815674 873.226624 1967.388672 739.981445 1737.679565 906.649048 1735.590942 786.627380
252.000000 1117.555420 107.586823 1210.651611 13.981387 844.486633 290.719971 937.756348 204.246658
184.000000 2069.651855 571.227661 1942.789307 535.251587 1860.004883 626.637695 1710.340332 601.321655
277.000000 879.928772 1836.177490 1010.081177 1817.223999 596.578064 1718.844360 716.639221 1709.641846
295.000000 543.772461 324.839508 417.205902 294.422852 450.151947 495.656982 336.875793 478.610382
286.000000 1006.874268 1824.680298 879.633545 1844.288818 713.578857 1716.385376 596.596619 1725.795532
275.000000 886.783020 730.962280 1013.798096 737.194214 653.547119 817.292908 773.849792 826.794373
249.000000 2926.906006 769.850037 2920.757080 896.703369 2973.908203 769.502869 2963.507812 896.952942
239.000000 2388.419189 373.915222 2499.857178 434.091492 2373.104492 430.330444 2481.935059 505.729065
179.000000 1514.001587 79.185371 1389.601074 59.143013 1270.034668 236.007675 1116.600342 227.926682
111.000000 2397.835449 652.107788 2430.778320 773.121460 2316.818359 606.320129 2413.855957 786.119995
195.000000 1572.699585 1618.321411 1696.581055 1602.656494 1346.719849 1577.336426 1493.257324 1565.708252
146.000000 2943.298584 673.432190 2825.893555 632.201172 3006.840576 672.480225 2829.390381 636.325378
160.000000 836.303528 120.024681 837.104858 240.041580 623.439819 313.420410 619.217407 480.233307
260.000000 1715.813599 291.364227 1642.012207 198.402542 1471.291748 398.599091 1379.318726 313.790497
154.000000 2673.560059 679.609314 2686.409424 796.694885 2639.028564 660.166321 2668.158691 830.315247
207.000000 1871.285522 698.755920 1982.302002 729.934265 1617.390259 752.616760 1756.177612 777.414062
215.000000 2898.930664 1367.559204 2825.084961 1279.088989 2917.689209 1382.079346 2809.547607 1293.888184
189.000000 2943.565918 1594.647461 3056.317871 1574.695679 2896.772461 1591.233521 3046.527344 1578.376465
14.000000 2210.698242 906.494202 2215.568359 1020.332214 2121.637939 860.172791 2136.065918 1280.020630
284.000000 2641.608887 295.727600 2698.091309 392.501862 2576.633545 321.246948 2653.316406 409.687378
231.000000 1231.975830 85.405838 1156.458496 166.710541 955.482788 242.066208 859.577637 336.236511
298.000000 1850.898071 699.951172 1844.893066 589.552551 1611.609619 770.379944 1603.049072 656.437561
