Keypoint Matches and Line Matches for pairs 1, 4 
1 corresponds to the image ./resources/Data/HerzP8/images/0001.png 
4 corresponds to the image ./resources/Data/HerzP8/images/0004.png 

8.000000 1762.323486 567.025208 1049.986206 843.469666
9.000000 1112.610718 389.308258 319.720001 769.428284
10.000000 1113.329834 380.012695 326.696228 763.041138
11.000000 1747.165527 554.858032 1043.445557 835.557312
42.000000 1022.675720 749.987183 234.213867 1053.172729
43.000000 1025.426514 1323.339233 206.911972 1470.016113
1221.000000 3070.583740 1589.426147 2753.000000 1789.000000
162.000000 2648.024658 295.842896 2302.244141 467.102905
20.000000 2288.609863 806.716919 1964.117432 996.760437
181.000000 1681.179077 124.295395 893.127869 506.209656
14.000000 2953.017090 1514.530029 2696.603516 1708.075195
167.000000 2500.227295 1581.536621 1823.351196 1737.189331
92.000000 536.757751 1350.256714 26.052748 1494.293579
93.000000 553.875916 899.640747 59.539284 1166.960571
100.000000 860.707458 843.280273 379.329346 1113.281372
19.000000 2302.857910 806.552185 1976.619263 996.668274
82.000000 829.897217 1279.997314 319.685120 1449.974976
83.000000 841.355896 843.281433 346.688965 1110.532104
3.000000 2633.092041 1618.645264 1960.082031 1778.734863
325.000000 918.502258 470.047760 143.191635 859.971741
165.000000 928.208618 73.897865 133.758469 576.712708
86.000000 1388.969971 1286.666992 936.686523 1446.817017
117.000000 1389.021240 906.667419 910.710144 1136.697754
122.000000 1425.358398 913.332458 940.378296 1143.208984
510.000000 2641.624512 876.414673 2387.937500 1056.562866
91.000000 2596.184326 916.231140 2338.110352 1089.555542
70.000000 1464.341675 11.470912 662.472595 444.102325
71.000000 1760.635376 226.116562 995.527832 565.736694
98.000000 570.878113 899.913757 73.161148 1166.649414
62.000000 2553.636230 923.319031 2296.235352 1093.355957
63.000000 2570.644287 1283.302856 2315.685791 1463.384888
68.000000 2545.982910 1283.075439 2288.421631 1463.090942
69.000000 2530.463867 923.026001 2270.952881 1096.462402
118.000000 2798.574707 825.726074 2568.775146 981.022827
74.000000 2684.928955 913.256348 2432.421143 1083.387695
75.000000 2701.179688 1250.103882 2453.270264 1433.535522
7.000000 2880.912354 1610.321533 2459.885498 1794.041016
72.000000 2678.422607 1243.961670 2427.138184 1426.427368
73.000000 2660.465820 913.127136 2405.123291 1076.344482
158.000000 1757.186646 245.998596 1000.556030 585.637634
159.000000 1873.834229 552.672485 1129.734131 821.615906
13.000000 2710.000000 1418.853760 2443.159912 1603.765991
84.000000 2620.405273 919.981262 2364.493652 1083.268921
85.000000 2635.363525 1243.393555 2383.183350 1420.193237
54.000000 2230.216797 1426.784058 1506.674561 1584.233276
55.000000 1909.805542 1446.903931 1119.979126 1587.617920
110.000000 2559.509277 379.786102 2217.150391 564.594116
549.000000 2209.940674 1670.454102 1506.822754 1806.166992
381.000000 2577.366455 507.468048 2268.006348 683.693359
398.000000 2647.734375 804.836487 2386.938721 969.199341
1332.000000 1014.086487 496.025208 167.000000 864.000000
250.000000 1046.677002 195.583038 219.199036 647.517151
207.000000 1756.387085 274.285156 994.406921 606.994385
208.000000 1859.160889 549.917542 1109.431885 807.934204
259.000000 1064.815308 378.048218 247.746353 775.526184
30.000000 1341.453003 1283.337402 851.749756 1560.562378
160.000000 2227.532227 632.864441 1592.844116 851.927795
357.000000 1036.792725 1340.844482 220.218781 1474.495361
291.000000 1143.668701 1803.336060 272.412537 1833.252808
120.000000 2662.040283 469.111786 2353.805420 636.614258
339.000000 2244.072754 1664.068604 1516.597168 1800.337036
241.000000 2255.029541 1663.368530 1549.774292 1800.000488
32.000000 2436.868408 1574.761475 1773.383057 1731.466797
33.000000 2676.788818 1540.865234 2216.658691 1716.431030
470.000000 1893.185669 1106.715576 1131.976807 1230.057373
471.000000 1889.812988 866.622498 1135.942017 1093.312378
223.000000 1142.216675 554.786011 296.348419 897.079773
224.000000 912.289307 501.141541 73.209457 878.124939
217.000000 1646.279297 1728.855103 853.305603 1817.620605
218.000000 1880.169434 1708.625610 1080.057983 1814.977051
239.000000 1126.784912 1494.959839 226.487656 1596.668091
240.000000 893.231689 1511.934448 13.218539 1590.942749
864.000000 2718.597412 822.521790 2454.000000 985.000000
178.000000 2652.573730 629.116394 2375.129639 785.520813
179.000000 2556.593994 418.802826 2210.545654 597.035645
337.000000 1305.062134 1243.324951 839.495483 1413.443481
338.000000 1306.259521 1013.313843 846.381042 1236.655518
271.000000 1123.653442 588.473694 283.354095 923.063904
272.000000 909.932678 543.654480 86.571075 907.907776
140.000000 2894.129150 12.257957 2796.830322 109.306190
513.000000 1068.760254 90.472992 247.783020 570.135315
265.000000 893.278564 1519.146729 16.667736 1603.576294
266.000000 1106.588745 1505.452637 216.663864 1602.696899
225.000000 2520.385254 611.884827 2239.516357 783.444702
226.000000 2563.142334 820.039246 2310.846436 994.122925
184.000000 2637.874023 456.135315 2321.781738 624.126404
185.000000 2496.121094 301.071014 2107.639160 503.510132
124.000000 2892.437744 308.170807 2782.955811 425.334839
125.000000 3072.686035 415.488525 3071.309326 479.724884
303.000000 1848.725464 579.447815 1100.457764 845.140259
548.000000 2557.765381 203.505447 2154.593018 399.380280
253.000000 2980.584473 433.169708 2962.269775 533.390503
254.000000 2988.680420 627.000244 2973.423584 740.891052
431.000000 2260.252197 1614.368164 1580.616821 1759.556030
189.000000 2408.696289 449.419708 2041.217773 635.293762
190.000000 2522.678467 605.612915 2240.287598 773.302246
1330.000000 1341.351562 1020.007568 867.000000 1231.000000
355.000000 918.778564 558.920044 99.719269 920.201294
356.000000 1102.094727 598.998474 266.919708 933.480652
150.000000 3071.774902 383.812286 3070.388916 451.461548
710.000000 2913.953125 285.670135 2815.000000 401.000000
1519.000000 1609.884888 965.796265 1057.000000 1181.000000
455.000000 1625.668457 1673.634766 896.757690 1771.492554
456.000000 1805.429565 1645.444824 1036.846436 1762.946167
39.000000 1303.641968 1435.292847 826.675110 1581.662842
182.000000 2090.016357 1470.234619 1360.022461 1616.756714
183.000000 1913.280640 1482.578735 1113.322632 1618.371826
157.000000 2707.072754 421.029266 2399.410400 574.059082
17.000000 2493.353271 1530.159790 1889.957764 1691.874146
47.000000 2740.261963 1581.716675 2259.863281 1756.643555
76.000000 2696.697510 1536.900024 2279.998047 1713.258057
429.000000 1885.375366 396.160614 1133.239258 688.898621
430.000000 1926.603027 562.523071 1180.744385 828.613525
1314.000000 983.737854 469.509369 144.000000 846.000000
351.000000 2604.479248 223.417313 2237.436279 413.386169
352.000000 2597.952148 53.411949 2233.931885 243.320999
317.000000 1906.737427 1452.531860 1119.983521 1597.069458
318.000000 2076.801758 1455.444458 1300.227539 1604.425781
279.000000 2249.998535 1399.946899 1573.383179 1556.219238
280.000000 2083.360107 1404.346069 1379.934814 1559.563599
443.000000 860.019043 1361.450806 73.397812 1493.050537
789.000000 2623.869141 820.380493 2334.000000 989.000000
96.000000 2434.043701 163.435791 1936.923584 389.989838
361.000000 2292.403076 531.252563 1908.576782 740.119324
269.000000 1293.090942 30.593592 461.042450 499.184692
270.000000 1449.906982 24.335131 654.858582 458.130676
247.000000 3069.994629 102.492859 3070.345459 131.938339
248.000000 2947.475586 4.804708 2866.314697 81.421219
1359.000000 2576.794434 159.960510 2209.000000 362.000000
148.000000 2616.881348 1621.248047 1943.319702 1779.631226
149.000000 2463.500000 1647.635498 1666.661987 1789.873901
314.000000 1651.011841 155.833633 880.550537 521.549255
367.000000 2660.382080 1413.316040 2370.378174 1596.734497
795.000000 2653.451416 1259.994629 2400.000000 1443.000000
255.000000 2150.087158 779.585876 1496.854004 994.105286
256.000000 2000.397461 748.109558 1290.074829 978.976807
527.000000 1083.413452 1478.284058 203.327072 1581.380493
1547.000000 2925.002197 1099.973389 2824.000000 1265.000000
472.000000 2330.296875 740.245117 2020.325684 930.015320
473.000000 2324.641113 593.283020 2019.629150 793.335205
490.000000 2220.592041 1133.226562 1584.645630 1313.330566
491.000000 2224.590332 1280.147217 1584.459351 1446.668213
283.000000 2196.699951 349.921600 1586.654663 603.417664
284.000000 2062.120361 292.861023 1396.254272 576.220337
27.000000 3074.298584 87.898125 3072.119873 114.544777
439.000000 2979.063965 728.751038 2946.685547 864.395874
440.000000 2955.881104 869.870972 2900.004883 1001.057800
1277.000000 583.498291 808.706116 80.000000 1096.000000
467.000000 2244.499268 1276.503418 1599.888428 1442.803711
546.000000 2239.426025 1136.687500 1598.685303 1316.673828
1103.000000 2393.998779 1.628758 1899.000000 250.000000
532.000000 1700.020874 308.383057 974.032104 637.143433
533.000000 1760.206909 433.233582 1048.395508 742.108521
1148.000000 2452.338623 1093.195435 2194.000000 1264.000000
1239.000000 1100.266479 520.011658 281.000000 876.000000
871.000000 2495.568604 170.225342 2039.000000 384.000000
79.000000 2420.128662 819.414795 2170.099365 998.807617
169.000000 2631.584961 464.003876 2325.610352 631.760559
170.000000 3071.076416 398.227966 3070.426270 471.120422
584.000000 2725.606201 1053.208862 2471.127197 1210.157104
585.000000 2718.303955 919.910278 2462.555908 1089.817993
821.000000 1967.388672 739.981445 1233.000000 978.000000
465.000000 1117.555420 107.586823 298.424011 571.222534
466.000000 1210.651611 13.981387 408.459503 489.067963
341.000000 2069.651855 571.227661 1389.918091 817.512329
342.000000 1942.789307 535.251587 1216.596191 800.727844
231.000000 2371.722168 1530.046387 1743.691895 1686.610474
1467.000000 2356.387207 289.016388 1834.000000 518.000000
699.000000 2920.757080 896.703369 2818.000000 1045.000000
16.000000 2796.916260 1492.060181 2479.945557 1674.786865
1316.000000 2825.893555 632.201172 2646.000000 775.000000
474.000000 1871.285522 698.755920 1127.125122 947.163330
475.000000 1982.302002 729.934265 1261.789429 968.928955
369.000000 2898.930664 1367.559204 2704.506348 1554.792725
137.000000 3056.317871 1574.695679 2826.599365 1778.235107
1383.000000 1398.235840 766.759155 956.000000 1019.000000
373.000000 2960.209961 872.456604 2910.143066 1008.292603
536.000000 2641.608887 295.727600 2292.561279 470.309357
537.000000 2698.091309 392.501862 2390.244629 553.044373
659.000000 917.665100 555.915894 95.000000 913.000000
1429.000000 1850.898071 699.951172 1094.000000 949.000000
89.000000 1844.893066 589.552551 1058.947632 849.788391
601.000000 2909.000000 1068.000000 2797.000000 1229.000000
952.000000 2329.000000 1804.000000 1708.000000 1941.000000
683.000000 2687.000000 468.000000 2385.000000 631.000000
681.000000 2820.000000 1223.000000 2596.000000 1397.000000
839.000000 2607.000000 303.000000 2245.000000 484.000000
1114.000000 2301.000000 340.000000 1742.000000 577.000000
701.000000 2005.000000 1668.000000 1227.000000 1787.000000
784.000000 2547.000000 268.000000 2142.000000 464.000000
646.000000 2476.000000 1283.000000 2215.000000 1461.000000
1480.000000 1412.000000 761.000000 920.000000 1019.000000
605.000000 2950.000000 1331.000000 2873.000000 1516.000000
860.000000 2784.000000 1397.000000 2522.000000 1580.000000
673.000000 2687.000000 821.000000 2403.000000 985.000000
59.000000 2974.000000 1371.000000 2927.674072 1560.213989
1555.000000 2326.000000 766.000000 2013.000000 955.000000
1312.000000 984.000000 584.000000 157.000000 930.000000
595.000000 2804.000000 1215.000000 2583.000000 1384.000000
132.000000 2397.000000 275.000000 1938.082642 484.855499
1076.000000 2540.000000 1507.000000 2058.000000 1677.000000
1004.000000 2774.000000 1359.000000 2519.000000 1540.000000
1290.000000 1160.000000 1148.000000 688.000000 1342.000000
760.000000 2298.000000 716.000000 1779.000000 929.000000
713.000000 1982.000000 686.000000 1249.000000 927.000000
1109.000000 2785.000000 1019.000000 2538.000000 1184.000000
969.000000 2754.000000 720.000000 2500.000000 877.000000
664.000000 1510.000000 736.000000 1007.000000 991.000000
702.000000 2860.000000 1079.000000 2696.000000 1243.000000
1396.000000 2735.000000 722.000000 2478.000000 880.000000
1513.000000 1160.000000 1166.000000 687.000000 1356.000000
804.000000 2702.000000 507.000000 2412.000000 668.000000
963.000000 2509.000000 224.000000 2080.000000 429.000000
1018.000000 2934.000000 141.000000 2901.000000 236.000000
1324.000000 2319.000000 306.000000 1770.000000 542.000000
1044.000000 2407.000000 223.000000 1913.000000 449.000000
613.000000 2671.000000 432.000000 2357.000000 598.000000
776.000000 2360.000000 1764.000000 1607.000000 1911.000000
1512.000000 1954.000000 1725.000000 1230.000000 1834.000000
1113.000000 2907.000000 670.000000 2805.000000 804.000000
166.000000 2649.000000 1558.000000 2083.389893 1728.322266
406.000000 2792.000000 1447.000000 2526.666504 1633.579834
1189.000000 2335.000000 1218.000000 2010.000000 1395.000000
1263.000000 2747.000000 745.000000 2500.000000 902.000000
1530.000000 2366.000000 271.000000 1847.000000 500.000000
333.000000 2814.000000 1472.000000 2580.773193 1663.478394
718.000000 2653.000000 397.000000 2326.000000 567.000000
1417.000000 2650.000000 364.000000 2320.000000 535.000000
960.000000 1252.000000 1746.000000 419.000000 1800.000000
727.000000 2593.000000 309.000000 2219.000000 494.000000
836.000000 2153.000000 878.000000 1497.000000 1082.000000
1254.000000 2281.000000 465.000000 1707.000000 694.000000
714.000000 2891.000000 668.000000 2774.000000 804.000000
1112.000000 2775.000000 1308.000000 2523.000000 1486.000000
791.000000 1309.000000 740.000000 862.000000 1004.000000
762.000000 2820.000000 1046.000000 2607.000000 1236.000000
783.000000 2776.000000 849.000000 2525.000000 1007.000000
1251.000000 1678.000000 9.000000 898.000000 410.000000
563.000000 2903.000000 1407.000000 2714.107666 1576.619751
828.000000 2059.000000 1313.000000 1345.000000 1472.000000
1449.000000 532.000000 1348.000000 17.000000 1494.000000
1574.000000 852.000000 761.000000 354.000000 1061.000000
1287.000000 2687.000000 437.000000 2384.000000 600.000000
1252.000000 2483.000000 217.000000 2038.000000 428.000000
1176.000000 2773.000000 1060.000000 2526.000000 1226.000000
1093.000000 2692.000000 1086.000000 2443.000000 1256.000000
932.000000 2754.000000 873.000000 2510.000000 1033.000000
1347.000000 2700.000000 318.000000 2545.000000 463.000000
1373.000000 2921.000000 1070.000000 2822.000000 1233.000000
1174.000000 2670.000000 400.000000 2354.000000 567.000000
1441.000000 2296.000000 1304.000000 1691.000000 1471.000000
691.000000 2350.000000 771.000000 2051.000000 958.000000
912.000000 3035.000000 1337.000000 3008.000000 1514.000000
925.000000 2281.000000 1473.000000 1628.000000 1629.000000
1036.000000 2373.000000 133.000000 1864.000000 374.000000
1219.000000 2792.000000 947.000000 2566.000000 1108.000000
1294.000000 2627.000000 1652.000000 1954.000000 1812.000000
859.000000 2564.000000 1731.000000 2003.000000 1880.000000
1217.000000 2870.000000 821.000000 2725.000000 969.000000
1389.000000 2168.000000 1617.000000 1461.000000 1756.000000
778.000000 2759.000000 958.000000 2517.000000 1120.000000
1300.000000 2383.000000 234.000000 1875.000000 464.000000
1043.000000 2457.000000 214.000000 1995.000000 430.000000
1220.000000 2353.000000 1449.000000 1752.000000 1610.000000
1106.000000 2768.000000 1130.000000 2527.000000 1300.000000
993.000000 2863.000000 889.000000 2710.000000 1041.000000
1065.000000 1905.000000 627.000000 1164.000000 884.000000
972.000000 2576.000000 1307.000000 2382.000000 1484.000000
1557.000000 2614.000000 335.000000 2257.000000 514.000000
729.000000 1872.000000 652.000000 1125.000000 907.000000
1034.000000 729.000000 1566.000000 14.000000 1650.000000
1261.000000 2777.000000 890.000000 2528.000000 1050.000000
984.000000 2515.000000 1172.000000 2258.000000 1348.000000
737.000000 2751.000000 788.000000 2505.000000 946.000000
1024.000000 2795.000000 1193.000000 2550.000000 1366.000000
1153.000000 985.000000 647.000000 158.000000 974.000000
1446.000000 2284.000000 381.000000 1714.000000 616.000000
764.000000 2809.000000 1240.000000 2559.000000 1406.000000
880.000000 2584.000000 277.000000 2205.000000 464.000000
151.000000 2901.000000 285.000000 2801.481689 395.576965
753.000000 2979.000000 964.000000 2906.000000 1074.000000
1494.000000 3002.000000 449.000000 3005.000000 551.000000
692.000000 2330.000000 1056.000000 2016.000000 1236.000000
1011.000000 2322.000000 891.000000 2008.000000 1075.000000
1147.000000 2752.000000 1379.000000 2490.000000 1561.000000
1559.000000 2946.000000 846.000000 2872.000000 991.000000
334.000000 2832.000000 1329.000000 2570.753906 1486.623901
637.000000 2695.000000 1764.000000 2108.000000 1926.000000
1208.000000 2612.000000 731.000000 2351.000000 897.000000
1145.000000 2707.000000 826.000000 2441.000000 989.000000
974.000000 2206.000000 626.000000 1566.000000 852.000000
1169.000000 2617.000000 783.000000 2360.000000 951.000000
767.000000 2748.000000 933.000000 2497.000000 1096.000000
850.000000 2688.000000 1001.000000 2467.000000 1164.000000
980.000000 834.000000 772.000000 335.000000 1059.000000
1125.000000 3051.000000 645.000000 3024.000000 753.000000
1343.000000 2884.000000 1479.000000 2625.000000 1670.000000
1408.000000 2244.000000 1930.000000 1564.000000 2019.000000
655.000000 2685.000000 1487.000000 2316.000000 1670.000000
684.000000 2640.000000 1380.000000 2439.000000 1561.000000
1020.000000 3050.000000 1542.000000 2821.000000 1741.000000
1463.000000 2886.000000 126.000000 2779.000000 236.000000
883.000000 2571.000000 286.000000 2181.000000 476.000000
60.000000 834.000000 801.000000 336.023773 1080.215942
734.000000 1046.000000 900.000000 585.000000 1147.000000
1575.000000 2712.000000 597.000000 2438.000000 755.000000
1171.000000 1114.000000 1864.000000 193.000000 1875.000000
1325.000000 2981.000000 1634.000000 2692.000000 1859.000000
1479.000000 1553.000000 1877.000000 694.000000 1974.000000
1228.000000 1350.000000 1325.000000 858.000000 1487.000000
1264.000000 1040.000000 1286.000000 563.000000 1451.000000
947.000000 2927.000000 282.000000 2885.000000 397.000000
934.000000 2715.000000 549.000000 2434.000000 707.000000
894.000000 2932.000000 1256.000000 2840.000000 1433.000000
382.000000 2615.000000 649.000000 2352.409668 816.345947
823.000000 2905.000000 684.000000 2801.000000 818.000000
978.000000 1173.000000 718.000000 723.000000 994.000000
1510.000000 1855.000000 649.000000 1105.000000 906.000000
803.000000 2293.000000 1393.000000 1684.000000 1555.000000
1138.000000 2299.000000 1470.000000 1667.000000 1627.000000
906.000000 1205.000000 723.000000 754.000000 998.000000
935.000000 2634.000000 364.000000 2292.000000 538.000000
608.000000 2926.000000 920.000000 2819.000000 1070.000000
599.000000 941.000000 1474.000000 71.000000 1573.000000
214.000000 2908.000000 272.000000 2819.135986 386.437592
1052.000000 2764.000000 1044.000000 2526.000000 1252.000000
1079.000000 2787.000000 1414.000000 2521.000000 1598.000000
1387.000000 2757.000000 1106.000000 2509.000000 1276.000000
1039.000000 2751.000000 650.000000 2482.000000 761.000000
863.000000 1305.000000 760.000000 854.000000 1022.000000
650.000000 1288.000000 741.000000 832.000000 1003.000000
1133.000000 2750.000000 1344.000000 2487.000000 1521.000000
1084.000000 1874.000000 702.000000 1124.000000 952.000000
210.000000 2546.000000 857.000000 2273.344238 1016.893127
780.000000 562.000000 117.000000 104.000000 608.000000
1569.000000 2877.000000 1055.000000 2730.000000 1217.000000
1306.000000 1118.000000 708.000000 668.000000 991.000000
1313.000000 2284.000000 1199.000000 1662.000000 1367.000000
1398.000000 2153.000000 857.000000 1498.000000 1064.000000
1466.000000 2230.000000 556.000000 1618.000000 787.000000
1227.000000 2298.000000 1405.000000 1691.000000 1568.000000
1078.000000 1227.000000 728.000000 776.000000 1000.000000
1162.000000 2676.000000 879.000000 2273.000000 1048.000000
1225.000000 2573.000000 1379.000000 2297.000000 1560.000000
1462.000000 2186.000000 842.000000 1547.000000 1048.000000
848.000000 2728.000000 590.000000 2456.000000 747.000000
1440.000000 1340.000000 1134.000000 863.000000 1328.000000
1544.000000 3042.000000 340.000000 3022.000000 416.000000
987.000000 1680.000000 48.000000 912.000000 448.000000
797.000000 1178.000000 1039.000000 709.000000 1253.000000
209.000000 2745.000000 848.000000 2503.128906 1005.773987
625.000000 1054.000000 631.000000 222.000000 957.000000
879.000000 2495.000000 1860.000000 1782.000000 2000.000000
1511.000000 2795.000000 1241.000000 2548.000000 1417.000000
740.000000 2497.000000 242.000000 2061.000000 450.000000
1379.000000 2332.000000 1177.000000 2010.000000 1355.000000
711.000000 2046.000000 1331.000000 1324.000000 1490.000000
1091.000000 2885.000000 1506.000000 2629.000000 1694.000000
274.000000 2920.000000 1389.000000 2743.325928 1575.291626
1150.000000 2121.000000 222.000000 1480.000000 503.000000
910.000000 2629.000000 332.000000 2283.000000 508.000000
1115.000000 2746.000000 677.000000 2488.000000 833.000000
903.000000 1091.000000 670.000000 261.000000 984.000000
1336.000000 2119.000000 436.000000 1472.000000 692.000000
1067.000000 1912.000000 1573.000000 1106.000000 1697.000000
1266.000000 1030.000000 1417.000000 158.000000 1534.000000
1571.000000 2235.000000 850.000000 1620.000000 1054.000000
591.000000 2089.000000 1005.000000 1406.766968 1204.341675
1490.000000 2732.000000 381.000000 2471.000000 535.000000
1215.000000 2862.000000 1094.000000 2697.000000 1260.000000
1474.000000 2288.000000 1280.000000 1684.000000 1448.000000
790.000000 2388.000000 254.000000 1883.000000 479.000000
308.000000 2442.000000 743.000000 2179.104492 923.436462
1199.000000 2703.000000 477.000000 2412.000000 637.000000
1436.000000 1664.000000 56.000000 879.000000 448.000000
172.000000 2948.000000 676.000000 2889.992920 803.395508
723.000000 2609.000000 713.000000 2347.000000 880.000000
1099.000000 1895.000000 1279.000000 1125.000000 1443.000000
749.000000 2984.000000 292.000000 2949.000000 387.000000
1331.000000 1092.000000 107.000000 265.000000 579.000000
1437.000000 1368.000000 1324.000000 882.000000 1486.000000
1282.000000 2411.000000 242.000000 1959.000000 452.000000
1120.000000 835.000000 1342.000000 66.000000 1490.000000
18.000000 2341.000000 1392.000000 1996.107422 1566.685791
1450.000000 2741.000000 1577.000000 2256.000000 1755.000000
1236.000000 1351.000000 47.000000 549.000000 492.000000
640.000000 875.000000 650.000000 197.000000 978.000000
1384.000000 2739.000000 764.000000 2486.000000 922.000000
973.000000 2839.000000 1829.000000 2172.000000 2001.000000
1149.000000 2161.000000 1823.000000 1448.000000 1948.000000
885.000000 2576.000000 898.000000 2320.000000 1069.000000
1137.000000 1453.000000 799.000000 950.000000 1046.000000
1190.000000 2054.000000 241.000000 1386.000000 533.000000
417.000000 2582.000000 140.000000 2212.585205 333.558655
1016.000000 2685.000000 141.000000 2395.000000 306.000000
977.000000 1151.000000 714.000000 643.000000 989.000000
1365.000000 2338.000000 277.000000 1803.000000 512.000000
1118.000000 2908.000000 1346.000000 2783.000000 1530.000000
1447.000000 2505.000000 828.000000 2246.000000 999.000000
1292.000000 2001.000000 393.000000 1305.000000 671.000000
1298.000000 2982.000000 1017.000000 2934.000000 1174.000000
346.000000 1879.000000 389.000000 1127.559692 692.058594
607.000000 3010.000000 608.000000 3004.000000 722.000000
1037.000000 2933.000000 1148.000000 2845.000000 1316.000000
1179.000000 2065.000000 646.000000 1383.000000 884.000000
1353.000000 1865.000000 559.000000 1120.000000 830.000000
1399.000000 2862.000000 960.000000 2703.000000 1106.000000
1211.000000 1545.000000 1838.000000 594.000000 1884.000000
1539.000000 2253.000000 530.000000 1640.000000 750.000000
1241.000000 1794.000000 584.000000 1081.000000 854.000000
1339.000000 2730.000000 561.000000 2462.000000 718.000000
728.000000 2511.000000 1086.000000 2254.000000 1261.000000
1226.000000 2110.000000 660.000000 1445.000000 890.000000
1063.000000 1918.000000 712.000000 1167.000000 955.000000
1116.000000 2492.000000 1309.000000 2239.000000 1485.000000
1210.000000 1983.000000 702.000000 1248.000000 941.000000
1415.000000 2360.000000 1184.000000 2042.000000 1362.000000
1054.000000 2026.000000 1931.000000 1268.000000 2000.000000
574.000000 1870.000000 112.000000 1156.538452 460.687439
192.000000 3019.000000 1027.000000 3047.326660 1176.267334
1196.000000 2512.000000 236.000000 2000.000000 445.000000
1341.000000 2703.000000 1331.000000 2524.000000 1510.000000
1181.000000 2955.000000 1043.000000 2978.000000 1207.000000
469.000000 1987.000000 1117.000000 1255.751587 1306.575562
411.000000 1872.000000 214.000000 1152.568604 542.745544
133.000000 2579.000000 330.000000 2222.128906 518.907532
1545.000000 1889.000000 955.000000 1132.000000 1163.000000
1234.000000 2039.000000 1573.000000 1282.000000 1705.000000
498.000000 1899.000000 62.000000 1183.651855 407.884857
923.000000 1898.000000 923.000000 1145.000000 1137.000000
1546.000000 1801.000000 1853.000000 999.000000 1946.000000
954.000000 3015.000000 446.000000 3019.000000 545.000000
1459.000000 2781.000000 1267.000000 2534.000000 1449.000000
598.000000 2524.000000 8.000000 2103.000000 220.000000
1157.000000 828.000000 1091.000000 396.000000 1315.000000
109.000000 1262.000000 74.000000 453.975067 528.176025
1142.000000 2947.000000 902.000000 2861.000000 1050.000000
1562.000000 2893.000000 1180.000000 2761.000000 1350.000000
505.000000 2173.000000 400.000000 1546.482056 654.755798
485.000000 1223.000000 30.000000 422.243011 496.749847
940.000000 1342.000000 769.000000 877.000000 1024.000000
1013.000000 1994.000000 704.000000 1266.000000 942.000000
1006.000000 1418.000000 656.000000 933.000000 932.000000
715.000000 2710.000000 524.000000 2440.000000 676.000000
1550.000000 2678.000000 856.000000 2406.000000 1033.000000
129.000000 2402.000000 130.000000 1916.099243 356.694946
706.000000 2557.000000 1795.000000 1841.000000 1957.000000
674.000000 1030.000000 1572.000000 129.000000 1647.000000
1507.000000 2811.000000 739.000000 2588.000000 896.000000
1182.000000 2809.000000 875.000000 2590.000000 1031.000000
731.000000 2812.000000 1329.000000 2594.000000 1510.000000
812.000000 2750.000000 998.000000 2501.000000 1163.000000
1198.000000 2755.000000 1060.000000 2506.000000 1228.000000
1407.000000 1733.000000 792.000000 1079.000000 1042.000000
1218.000000 2670.000000 452.000000 2366.000000 617.000000
1558.000000 2018.000000 634.000000 1341.000000 880.000000
581.000000 2816.000000 559.000000 2610.042725 696.352600
1245.000000 2608.000000 229.000000 2228.000000 412.000000
561.000000 2920.000000 160.000000 2834.097900 263.262360
1326.000000 2771.000000 1171.000000 2532.000000 1344.000000
1131.000000 2737.000000 633.000000 2474.000000 789.000000
80.000000 1892.000000 383.000000 1135.974731 680.305908
1048.000000 2418.000000 1782.000000 1591.000000 1905.000000
933.000000 1305.000000 57.000000 501.000000 507.000000
1321.000000 2772.000000 976.000000 2525.000000 1140.000000
1516.000000 2292.000000 420.000000 1725.000000 652.000000
1000.000000 2786.000000 1360.000000 2540.000000 1542.000000
350.000000 2106.000000 1126.000000 1449.997803 1306.906006

52.000000 2827.708984 752.004272 2588.236816 13.634954 2509.132324 644.311768 2270.109375 432.358673
4.000000 1762.323486 567.025208 1112.610718 389.308258 1049.986206 843.469666 319.720001 769.428284
5.000000 1113.329834 380.012695 1747.165527 554.858032 326.696228 763.041138 1043.445557 835.557312
117.000000 1971.825562 603.374207 1714.454590 51.701431 1211.723267 866.229492 1144.888794 658.427673
21.000000 1022.675720 749.987183 1025.426514 1323.339233 234.213867 1053.172729 206.911972 1470.016113
0.000000 3070.583740 1589.426147 2526.228271 1704.594727 2906.684814 1783.716309 1628.779785 1843.869873
160.000000 2648.024658 295.842896 2807.815674 822.572937 2381.558105 562.277405 2482.191895 710.773560
10.000000 2288.609863 806.716919 2308.127441 1346.734375 1964.117432 996.760437 1984.958252 1563.396118
53.000000 1696.466675 106.855743 1916.059326 552.079224 904.453979 485.054657 1130.916870 701.934021
90.000000 1890.745239 539.530029 1681.179077 124.295395 1076.651611 672.666382 893.127869 506.209656
7.000000 2953.017090 1514.530029 2500.227295 1581.536621 2696.603516 1708.075195 2089.824951 1728.002686
46.000000 536.757751 1350.256714 553.875916 899.640747 26.052748 1494.293579 59.539284 1166.960571
50.000000 860.707458 843.280273 851.812317 1283.302612 379.329346 1113.281372 354.254333 1436.996216
9.000000 2320.358643 1243.318970 2302.857910 806.552185 1996.107422 1566.685791 1976.619263 996.668274
41.000000 829.897217 1279.997314 841.355896 843.281433 319.685120 1449.974976 346.688965 1110.532104
51.000000 1812.301636 365.401581 1520.686401 56.928585 1039.860474 665.299377 770.370728 484.538635
1.000000 3046.369629 1545.000366 2633.092041 1618.645264 2796.622070 1745.544067 1960.082031 1778.734863
82.000000 918.502258 470.047760 928.208618 73.897865 105.587875 836.910767 133.758469 576.712708
88.000000 1132.590576 126.583740 1040.005127 502.563751 391.237274 527.223938 247.396210 733.536621
296.000000 2577.898193 906.609070 2595.679199 1286.868652 2333.941650 1286.446533 2340.663818 1406.815796
58.000000 1388.969971 1286.666992 1389.021240 906.667419 897.713928 1433.379150 910.710144 1136.697754
61.000000 1425.358398 913.332458 1425.114502 1286.667847 940.378296 1143.208984 928.034607 1436.583984
257.000000 2641.624512 876.414673 2660.283936 1243.488403 2387.937500 1056.562866 2398.577881 1186.782837
45.000000 2612.968994 1283.044922 2596.184326 916.231140 2356.198242 1419.660400 2338.110352 1089.555542
35.000000 1464.341675 11.470912 1760.635376 226.116562 662.472595 444.102325 995.527832 565.736694
49.000000 570.878113 899.913757 558.115784 1263.267212 73.161148 1166.649414 40.822002 1490.082153
31.000000 2553.636230 923.319031 2570.644287 1283.302856 2296.235352 1093.355957 2315.685791 1463.384888
34.000000 2545.982910 1283.075439 2530.463867 923.026001 2288.421631 1463.090942 2270.952881 1096.462402
60.000000 2660.181885 476.974670 2736.634277 818.514954 2353.805420 636.614258 2479.703125 902.064636
59.000000 2798.574707 825.726074 2736.804688 481.514038 2568.775146 981.022827 2493.219727 694.063599
37.000000 2684.928955 913.256348 2701.179688 1250.103882 2432.421143 1083.387695 2453.270264 1433.535522
3.000000 2550.340576 1671.830200 2880.912354 1610.321533 1693.223267 1827.475708 2459.885498 1794.041016
36.000000 2678.422607 1243.961670 2660.465820 913.127136 2427.138184 1426.427368 2405.123291 1076.344482
79.000000 1757.186646 245.998596 1873.834229 552.672485 1000.556030 585.637634 1129.734131 821.615906
139.000000 1900.067871 1440.071289 1892.937378 1113.341919 1123.809326 1573.416626 1128.041992 1379.957153
6.000000 2383.333740 1418.825073 2710.000000 1418.853760 1833.379150 1575.672607 2443.159912 1603.765991
42.000000 2620.405273 919.981262 2635.363525 1243.393555 2364.493652 1083.268921 2383.183350 1420.193237
27.000000 2230.216797 1426.784058 1909.805542 1446.903931 1506.674561 1584.233276 1119.979126 1587.617920
55.000000 2559.509277 379.786102 2683.881592 672.179871 2217.150391 564.594116 2412.815186 799.317200
277.000000 2522.727295 1711.306519 2209.940674 1670.454102 1628.779785 1843.869873 1506.822754 1806.166992
196.000000 2506.876953 512.263245 2584.659424 810.378235 2200.400879 710.749695 2288.805664 838.520020
199.000000 2577.366455 507.468048 2647.734375 804.836487 2353.628662 819.194214 2386.938721 969.199341
125.000000 1014.086487 496.025208 1046.677002 195.583038 172.127563 852.289917 219.199036 647.517151
110.000000 1865.683960 553.422180 1766.085693 276.610992 1124.140991 841.786255 1030.815186 635.116211
104.000000 1756.387085 274.285156 1859.160889 549.917542 994.406921 606.994385 1109.431885 807.934204
12.000000 1166.712402 1483.895874 1456.692383 1460.315796 356.665802 1603.779785 869.997253 1604.770874
130.000000 1064.815308 378.048218 1162.271240 119.168983 247.746353 775.526184 339.973602 593.279602
101.000000 1207.733154 127.832527 1098.031860 372.085052 442.873749 566.145569 310.350067 758.992615
15.000000 1341.453003 1283.337402 1342.177734 1023.330139 851.749756 1560.562378 872.996460 1116.650513
80.000000 2227.532227 632.864441 2248.293945 375.989960 1592.844116 851.927795 1644.243164 590.238464
179.000000 1036.792725 1340.844482 779.940796 1327.835938 220.218781 1474.495361 53.418148 1467.865967
131.000000 2945.384277 935.683777 2962.627441 679.280029 2867.718262 960.666748 2955.323242 776.195984
146.000000 1143.668701 1803.336060 1145.760498 1546.632080 272.412537 1833.252808 288.711914 1646.845459
67.000000 1671.201416 104.752663 1444.657349 -12.151455 876.397583 480.584351 594.989685 436.171600
170.000000 2244.072754 1664.068604 2493.111816 1695.109985 1516.597168 1800.337036 1688.791138 1835.859985
121.000000 2255.029541 1663.368530 2249.649658 1413.340820 1549.774292 1800.000488 1549.276367 1586.660522
87.000000 2501.161621 431.271942 2608.188965 652.708740 2224.487305 656.540771 2355.327148 871.392639
16.000000 2436.868408 1574.761475 2676.788818 1540.865234 1773.383057 1731.466797 2216.658691 1716.431030
107.000000 2895.022461 39.708073 2909.003906 280.251648 2798.088867 159.558838 2819.135986 386.437592
237.000000 1893.185669 1106.715576 1889.812988 866.622498 1131.976807 1230.057373 1135.942017 1093.312378
112.000000 1142.216675 554.786011 912.289307 501.141541 296.348419 897.079773 73.209457 878.124939
109.000000 1646.279297 1728.855103 1880.169434 1708.625610 853.305603 1817.620605 1080.057983 1814.977051
120.000000 1126.784912 1494.959839 893.231689 1511.934448 226.487656 1596.668091 13.218539 1590.942749
289.000000 1110.675903 618.087830 1330.330444 695.731995 722.860229 935.604553 843.193726 960.670105
89.000000 2652.573730 629.116394 2556.593994 418.802826 2375.129639 785.520813 2210.545654 597.035645
169.000000 1305.062134 1243.324951 1306.259521 1013.313843 839.495483 1413.443481 846.381042 1236.655518
158.000000 2382.090088 1536.566162 2371.196777 1309.942505 1830.140137 1613.731445 1822.857422 1433.352539
136.000000 1123.653442 588.473694 909.932678 543.654480 283.354095 923.063904 86.571075 907.907776
70.000000 2894.129150 12.257957 3068.843262 141.562897 2796.830322 109.306190 3070.656494 173.883041
258.000000 994.839661 294.799774 1068.760254 90.472992 182.752243 682.998535 247.783020 570.135315
133.000000 893.278564 1519.146729 1106.588745 1505.452637 16.667736 1603.576294 216.663864 1602.696899
113.000000 2520.385254 611.884827 2563.142334 820.039246 2239.516357 783.444702 2310.846436 994.122925
92.000000 2637.874023 456.135315 2496.121094 301.071014 2321.781738 624.126404 2107.639160 503.510132
62.000000 2892.437744 308.170807 3072.686035 415.488525 2782.955811 425.334839 3071.309326 479.724884
152.000000 1848.725464 579.447815 1795.329224 380.358704 1100.457764 845.140259 1031.553467 674.006104
276.000000 2542.333740 3.153578 2557.765381 203.505447 2163.545654 273.112061 2154.593018 399.380280
127.000000 2980.584473 433.169708 2988.680420 627.000244 2962.269775 533.390503 2973.423584 740.891052
217.000000 2260.252197 1614.368164 2453.093018 1635.524780 1580.616821 1759.556030 1726.124756 1783.318237
95.000000 2408.696289 449.419708 2522.678467 605.612915 2041.217773 635.293762 2240.287598 773.302246
54.000000 1409.127686 36.408737 1589.977539 100.684174 758.141663 483.900055 453.975067 528.176025
178.000000 918.778564 558.920044 1102.094727 598.998474 99.719269 920.201294 266.919708 933.480652
75.000000 3071.774902 383.812286 2913.953125 285.670135 3070.388916 451.461548 2801.481689 395.576965
229.000000 1625.668457 1673.634766 1805.429565 1645.444824 896.757690 1771.492554 1036.846436 1762.946167
19.000000 1123.477051 1445.798462 1303.641968 1435.292847 406.652130 1579.540161 826.675110 1581.662842
91.000000 2090.016357 1470.234619 1913.280640 1482.578735 1360.022461 1616.756714 1113.322632 1618.371826
78.000000 2707.072754 421.029266 2614.400146 270.622192 2173.506836 424.695953 2399.410400 574.059082
8.000000 2666.481445 1508.517456 2493.353271 1530.159790 2479.945557 1674.786865 1889.957764 1691.874146
23.000000 2570.154053 1607.676636 2740.261963 1581.716675 1850.000610 1773.348389 2259.863281 1756.643555
38.000000 2696.697510 1536.900024 2866.810303 1514.419434 2279.998047 1713.258057 2626.680664 1703.851685
216.000000 1885.375366 396.160614 1926.603027 562.523071 1133.239258 688.898621 1180.744385 828.613525
271.000000 2965.777344 1206.723755 2954.847900 1036.569336 2947.683838 1326.868164 2936.647217 1200.001709
163.000000 983.737854 469.509369 997.036682 299.767822 143.191635 859.971741 178.101547 684.958191
176.000000 2604.479248 223.417313 2597.952148 53.411949 2237.436279 413.386169 2233.931885 243.320999
159.000000 1906.737427 1452.531860 2076.801758 1455.444458 1119.983521 1597.069458 1300.227539 1604.425781
140.000000 2249.998535 1399.946899 2083.360107 1404.346069 1573.383179 1556.219238 1379.934814 1559.563599
223.000000 860.019043 1361.450806 1023.411804 1359.303955 73.397812 1493.050537 216.737564 1490.020630
48.000000 2434.043701 163.435791 2427.783203 3.159519 1936.923584 389.989838 1923.992188 63.439243
181.000000 2292.403076 531.252563 2403.591064 646.536621 1908.576782 740.119324 2071.616455 771.638428
240.000000 1137.122925 227.932007 1228.949219 100.182068 460.733002 546.149780 356.410492 632.321045
135.000000 1293.090942 30.593592 1449.906982 24.335131 461.042450 499.184692 654.858582 458.130676
124.000000 3069.994629 102.492859 2947.475586 4.804708 3070.345459 131.938339 2866.314697 81.421219
209.000000 2577.740723 3.279429 2576.794434 159.960510 2209.437500 183.415009 2212.585205 333.558655
74.000000 2616.881348 1621.248047 2463.500000 1647.635498 1943.319702 1779.631226 1666.661987 1789.873901
157.000000 1651.011841 155.833633 1748.948486 274.787994 1024.469971 630.777039 880.550537 521.549255
184.000000 2660.382080 1413.316040 2653.451416 1259.994629 2370.378174 1596.734497 2366.629639 1433.334229
128.000000 2150.087158 779.585876 2000.397461 748.109558 1496.854004 994.105286 1290.074829 978.976807
265.000000 933.286682 1485.726196 1083.413452 1478.284058 73.329742 1580.790405 203.327072 1581.380493
238.000000 2330.296875 740.245117 2324.641113 593.283020 2020.325684 930.015320 2019.629150 793.335205
247.000000 2220.592041 1133.226562 2224.590332 1280.147217 1584.645630 1313.330566 1584.459351 1446.668213
142.000000 2196.699951 349.921600 2062.120361 292.861023 1586.654663 603.417664 1396.254272 576.220337
221.000000 2979.063965 728.751038 2955.881104 869.870972 2946.685547 864.395874 2900.004883 1001.057800
56.000000 1463.511963 1784.480225 1322.773438 1806.406006 666.657959 1836.472168 363.333862 1850.011963
197.000000 1599.328003 187.719513 1691.548950 295.339325 837.088623 541.201477 964.291443 628.605591
282.000000 1031.649658 730.601746 890.739441 716.132141 247.544022 1038.748901 123.882256 1025.046143
275.000000 2244.499268 1276.503418 2239.426025 1136.687500 1599.888428 1442.803711 1598.685303 1316.673828
189.000000 2393.998779 1.628758 2405.443359 140.375854 1957.157715 240.071884 1961.204102 400.053864
268.000000 1700.020874 308.383057 1760.206909 433.233582 974.032104 637.143433 1048.395508 742.108521
115.000000 2397.399658 191.128036 2533.881592 209.189789 1947.888794 408.833038 2167.173828 427.315796
81.000000 2604.456787 252.910156 2495.568604 170.225342 2302.244141 467.102905 2053.783936 381.722351
39.000000 2286.653809 790.058350 2420.128662 819.414795 1826.653198 970.161926 2170.099365 998.807617
84.000000 2679.920166 590.030640 2631.584961 464.003876 2450.486328 859.409607 2325.610352 631.760559
85.000000 2955.754150 328.168579 3071.076416 398.227966 3070.426270 471.120422 2816.871826 422.267975
295.000000 2725.606201 1053.208862 2718.303955 919.910278 2471.127197 1210.157104 2462.555908 1089.817993
234.000000 1117.555420 107.586823 1210.651611 13.981387 298.424011 571.222534 408.459503 489.067963
171.000000 2069.651855 571.227661 1942.789307 535.251587 1389.918091 817.512329 1216.596191 800.727844
102.000000 2388.419189 373.915222 2499.857178 434.091492 1893.145996 598.302368 2126.526123 595.392761
97.000000 1572.699585 1618.321411 1696.581055 1602.656494 766.804504 1729.817261 1006.782715 1719.319092
86.000000 2943.298584 673.432190 2825.893555 632.201172 2889.992920 803.395508 2636.574463 774.132690
162.000000 2673.560059 679.609314 2686.409424 796.694885 2400.732422 809.122253 2438.416260 983.675232
244.000000 1355.207520 12.077539 1244.719360 47.209023 549.163025 454.171783 422.243011 496.749847
239.000000 1871.285522 698.755920 1982.302002 729.934265 1127.125122 947.163330 1261.789429 968.928955
185.000000 2898.930664 1367.559204 2825.084961 1279.088989 2704.506348 1554.792725 2567.335205 1468.932007
68.000000 2943.565918 1594.647461 3056.317871 1574.695679 2543.296875 1789.047485 2826.599365 1778.235107
18.000000 2210.698242 906.494202 2215.568359 1020.332214 1782.969849 1013.374695 1787.706055 1436.617676
187.000000 2960.209961 872.456604 3070.283691 898.815369 2910.143066 1008.292603 3070.137207 1021.694763
270.000000 2641.608887 295.727600 2698.091309 392.501862 2292.561279 470.309357 2390.244629 553.044373
