Keypoint Matches and Line Matches for pairs 1, 5 
1 corresponds to the image ./resources/Data/HerzP8/images/0001.png 
5 corresponds to the image ./resources/Data/HerzP8/images/0005.png 

12.000000 1762.323486 567.025208 720.065857 1012.402710
13.000000 1112.610718 389.308258 46.567589 964.733154
14.000000 1113.329834 380.012695 53.437626 958.523987
15.000000 1747.165527 554.858032 713.439941 1005.157532
30.000000 2288.609863 806.716919 1671.114624 1136.648804
106.000000 860.707458 843.280273 140.777405 1266.757812
107.000000 851.812317 1283.302612 104.465187 1576.408447
33.000000 2302.857910 806.552185 1678.521606 1143.364502
121.000000 841.355896 843.281433 108.992966 1272.381958
308.000000 2577.898193 906.609070 2017.728882 1209.946899
148.000000 1389.021240 906.667419 638.312195 1293.201782
126.000000 1425.358398 913.332458 664.973816 1293.206665
127.000000 1425.114502 1286.667847 643.511292 1580.013306
529.000000 2660.283936 1243.488403 2082.713623 1543.364746
103.000000 2596.184326 916.231140 2030.717529 1216.464233
74.000000 2553.636230 923.319031 1994.571289 1223.432739
75.000000 2570.644287 1283.302856 2011.643677 1583.413452
78.000000 2545.982910 1283.075439 1985.045532 1583.122070
79.000000 2530.463867 923.026001 1970.110840 1226.522461
179.000000 2660.181885 476.974670 2026.462891 779.739014
154.000000 2798.574707 825.726074 2241.654053 1097.434082
150.000000 2736.804688 481.514038 2152.735107 780.730957
82.000000 2684.928955 913.256348 2117.427979 1206.815308
83.000000 2701.179688 1250.103882 2137.458252 1553.480225
88.000000 2678.422607 1243.961670 2111.739990 1546.565308
89.000000 2660.465820 913.127136 2091.944580 1206.553467
191.000000 1757.186646 245.998596 653.063232 779.308411
192.000000 1873.834229 552.672485 769.406555 988.393555
42.000000 1900.067871 1440.071289 736.139343 1680.154663
21.000000 2710.000000 1418.853760 2119.928223 1718.862915
72.000000 2620.405273 919.981262 2056.196045 1213.533813
73.000000 2635.363525 1243.393555 2075.514160 1580.060791
58.000000 2230.216797 1426.784058 1106.674438 1695.787964
59.000000 1909.805542 1446.903931 729.990417 1696.980103
156.000000 2647.734375 804.836487 2131.081787 1097.063965
350.000000 1766.085693 276.610992 673.739319 817.948547
451.000000 1756.387085 274.285156 644.338440 803.621277
193.000000 1455.287476 1183.334595 659.121338 1500.170288
238.000000 1098.031860 372.085052 34.642963 958.370972
1076.000000 2511.960449 883.242126 2000.000000 1185.000000
381.000000 1342.177734 1023.330139 583.546875 1386.682495
203.000000 2227.532227 632.864441 1221.010254 1005.333679
204.000000 2248.293945 375.989960 1273.852173 781.099060
248.000000 2909.003906 280.251648 2531.275635 519.874634
1443.000000 1743.796021 324.195435 625.000000 838.000000
43.000000 1889.812988 866.622498 760.029907 1246.852051
80.000000 1646.279297 1728.855103 336.681885 1914.592163
81.000000 1880.169434 1708.625610 686.671082 1910.365356
163.000000 1110.675903 618.087830 203.254959 1108.388306
183.000000 2652.573730 629.116394 2056.179199 920.538574
184.000000 2556.593994 418.802826 1885.236084 748.168213
380.000000 1305.062134 1243.324951 571.951904 1543.477661
44.000000 2894.129150 12.257957 2503.300537 253.552460
367.000000 2637.874023 456.135315 2019.247437 781.062500
22.000000 2892.437744 308.170807 2489.719727 558.917786
252.000000 2980.584473 433.169708 2690.977783 656.785583
253.000000 2988.680420 627.000244 2701.117920 857.619995
293.000000 2408.696289 449.419708 1717.978638 794.747803
344.000000 2522.678467 605.612915 1927.926636 921.232605
1256.000000 1341.351562 1020.007568 598.000000 1375.000000
1545.000000 1409.127686 36.408737 268.000000 701.000000
35.000000 2913.953125 285.670135 2543.507080 535.337280
876.000000 3046.230713 426.091858 2864.000000 643.000000
51.000000 1303.641968 1435.292847 553.334961 1703.140137
270.000000 2090.016357 1470.234619 916.672729 1724.761841
271.000000 1913.280640 1482.578735 723.328735 1725.578369
146.000000 2707.072754 421.029266 2067.863525 716.432007
96.000000 2666.481445 1508.517456 1819.988037 1792.749756
97.000000 2493.353271 1530.159790 1486.658569 1799.605103
172.000000 1640.290161 133.585220 521.502930 716.008667
511.000000 1885.375366 396.160614 772.899902 869.039124
512.000000 1926.603027 562.523071 812.685425 989.110168
135.000000 2954.847900 1036.569336 2832.531006 1313.025269
384.000000 2604.479248 223.417313 1899.121460 570.013489
385.000000 2597.952148 53.411949 1896.713623 413.332611
327.000000 2249.998535 1399.946899 1178.446777 1663.557861
1041.000000 2623.869141 820.380493 2016.000000 1119.000000
110.000000 2434.043701 163.435791 1581.756836 563.367737
336.000000 2292.403076 531.252563 1604.158081 895.681091
64.000000 3069.994629 102.492859 2949.521484 282.969238
65.000000 2947.475586 4.804708 2583.234863 223.945068
117.000000 2463.500000 1647.635498 1216.652710 1885.927612
517.000000 1651.011841 155.833633 534.396423 731.739380
518.000000 1748.948486 274.787994 638.229004 800.990784
368.000000 2660.382080 1413.316040 2043.262939 1713.321533
241.000000 2150.087158 779.585876 1126.664307 1140.046387
242.000000 2000.397461 748.109558 920.010559 1129.787231
537.000000 2330.296875 740.245117 1725.390137 1070.000122
538.000000 2324.641113 593.283020 1725.395630 946.666443
505.000000 2220.592041 1133.226562 1205.846680 1439.968262
506.000000 2224.590332 1280.147217 1200.934204 1567.089233
378.000000 2196.699951 349.921600 1193.149048 771.867615
379.000000 2062.120361 292.861023 1036.364136 756.400513
476.000000 2979.063965 728.751038 2684.544922 967.493835
343.000000 2955.881104 869.870972 2617.041260 1124.087280
1295.000000 1691.548950 295.339325 627.000000 822.000000
1286.000000 2393.998779 1.628758 1551.000000 435.000000
595.000000 1106.238037 383.314606 35.731396 961.722168
688.000000 2495.568604 170.225342 1689.000000 553.000000
55.000000 2420.128662 819.414795 1883.333496 1133.329834
1154.000000 2718.303955 919.910278 2141.000000 1202.000000
427.000000 1117.555420 107.586823 1.366567 787.274719
348.000000 2069.651855 571.227661 1023.218628 978.465942
349.000000 1942.789307 535.251587 856.591553 967.844727
527.000000 2926.906006 769.850037 2554.681396 1025.896606
528.000000 2920.757080 896.703369 2536.979492 1148.159790
157.000000 2796.916260 1492.060181 2106.644043 1788.417603
158.000000 2673.376953 1507.026855 1839.984253 1792.234375
1352.000000 2280.172607 707.362549 1384.000000 1049.000000
430.000000 3070.956543 653.146057 2892.563477 875.876648
439.000000 1985.884644 993.452209 889.972717 1334.625854
513.000000 1355.207520 12.077539 232.418274 677.469604
541.000000 1871.285522 698.755920 770.206055 1105.131714
542.000000 1982.302002 729.934265 891.598267 1121.427490
304.000000 2898.930664 1367.559204 2384.757568 1670.776489
305.000000 2825.084961 1279.088989 2226.927490 1582.865234
1213.000000 1173.372314 916.388550 452.000000 1306.000000
66.000000 2960.209961 872.456604 2633.256592 1124.758423
487.000000 2641.608887 295.727600 1953.623779 622.929932
488.000000 2698.091309 392.501862 2058.030273 698.106201
1421.000000 1850.898071 699.951172 727.000000 1106.000000
1175.000000 2834.000000 1468.000000 2264.000000 1771.000000
659.000000 2909.000000 1068.000000 2504.000000 1346.000000
706.000000 2687.000000 468.000000 2056.000000 772.000000
672.000000 2820.000000 1223.000000 2274.000000 1514.000000
1478.000000 2607.000000 303.000000 1907.000000 639.000000
966.000000 2301.000000 340.000000 1383.000000 745.000000
1146.000000 2547.000000 268.000000 1799.000000 624.000000
632.000000 2476.000000 1283.000000 1918.000000 1584.000000
766.000000 1412.000000 761.000000 647.000000 1178.000000
727.000000 2950.000000 1331.000000 2588.000000 1633.000000
802.000000 2784.000000 1397.000000 2191.000000 1696.000000
1099.000000 2687.000000 821.000000 2078.000000 1112.000000
739.000000 2966.000000 1232.000000 2925.000000 1532.000000
63.000000 2974.000000 1371.000000 2648.994629 1676.770264
1142.000000 3035.000000 1395.000000 2996.000000 1734.000000
1383.000000 2326.000000 766.000000 1716.000000 1094.000000
1051.000000 2534.000000 1432.000000 1521.000000 1724.000000
98.000000 2397.000000 275.000000 1560.754150 656.609436
1250.000000 2774.000000 1359.000000 2192.000000 1656.000000
1288.000000 2298.000000 716.000000 1451.000000 1073.000000
1361.000000 3034.000000 640.000000 2795.000000 868.000000
1057.000000 1982.000000 686.000000 877.000000 1083.000000
1129.000000 2785.000000 1019.000000 2212.000000 1304.000000
1362.000000 1510.000000 736.000000 729.000000 1159.000000
738.000000 2860.000000 1079.000000 2390.000000 1360.000000
1061.000000 2735.000000 722.000000 2145.000000 967.000000
774.000000 2702.000000 507.000000 2084.000000 807.000000
775.000000 2509.000000 224.000000 1735.000000 593.000000
1069.000000 2934.000000 141.000000 2628.000000 371.000000
1416.000000 2319.000000 306.000000 1414.000000 711.000000
1139.000000 2407.000000 223.000000 1562.000000 620.000000
1201.000000 2809.000000 1296.000000 2272.000000 1590.000000
1445.000000 2671.000000 432.000000 2025.000000 743.000000
1308.000000 1094.000000 704.000000 291.000000 1152.000000
719.000000 2907.000000 670.000000 2514.000000 926.000000
391.000000 2792.000000 1447.000000 2196.672852 1748.926880
1202.000000 2535.000000 237.000000 1779.000000 598.000000
332.000000 2814.000000 1472.000000 2242.121826 1776.726929
999.000000 2653.000000 397.000000 1992.000000 713.000000
1232.000000 2836.000000 847.000000 2344.000000 1121.000000
979.000000 2650.000000 364.000000 1985.000000 684.000000
689.000000 2593.000000 309.000000 1880.000000 649.000000
1231.000000 2153.000000 878.000000 1124.000000 1222.000000
841.000000 2281.000000 465.000000 1345.000000 855.000000
701.000000 2891.000000 668.000000 2480.000000 927.000000
1332.000000 2775.000000 1308.000000 2160.000000 1602.000000
590.000000 3040.000000 330.000000 2862.250244 527.538025
621.000000 1678.000000 9.000000 557.000000 625.000000
767.000000 2903.000000 1407.000000 2392.000000 1714.000000
1090.000000 2523.000000 253.000000 1758.000000 617.000000
1569.000000 2059.000000 1313.000000 961.000000 1589.000000
825.000000 2352.000000 653.000000 1463.000000 999.000000
1008.000000 2781.000000 1194.000000 2212.000000 1438.000000
1179.000000 2687.000000 437.000000 2054.000000 743.000000
1040.000000 2921.000000 1070.000000 2576.000000 1360.000000
1161.000000 2670.000000 400.000000 2022.000000 712.000000
1298.000000 1424.000000 734.000000 664.000000 1155.000000
639.000000 2350.000000 771.000000 1756.000000 1096.000000
1217.000000 2386.000000 1466.000000 1385.000000 1748.000000
1260.000000 2281.000000 1473.000000 1250.000000 1738.000000
1110.000000 2373.000000 133.000000 1512.000000 552.000000
99.000000 2591.000000 326.000000 1890.788940 669.018677
1196.000000 2792.000000 947.000000 2247.000000 1229.000000
1471.000000 2949.000000 1160.000000 2595.000000 1445.000000
1227.000000 2870.000000 821.000000 2424.000000 1090.000000
1209.000000 2759.000000 958.000000 2195.000000 1242.000000
1126.000000 2353.000000 1449.000000 1365.000000 1721.000000
1367.000000 1905.000000 627.000000 799.000000 1044.000000
1194.000000 2614.000000 335.000000 1919.000000 667.000000
980.000000 1872.000000 652.000000 761.000000 1067.000000
950.000000 3043.000000 985.000000 3007.000000 1241.000000
1074.000000 2795.000000 1193.000000 2224.000000 1483.000000
1304.000000 2266.000000 963.000000 1326.000000 1296.000000
1149.000000 2774.000000 1218.000000 2214.000000 1509.000000
1398.000000 2809.000000 1240.000000 2233.000000 1523.000000
1403.000000 2584.000000 277.000000 1865.000000 622.000000
570.000000 2826.000000 1174.000000 2297.833008 1466.598145
1108.000000 2979.000000 964.000000 2626.000000 1189.000000
1012.000000 2814.000000 798.000000 2290.000000 1076.000000
1094.000000 2752.000000 1379.000000 2114.000000 1677.000000
881.000000 2946.000000 846.000000 2569.000000 1106.000000
1317.000000 2730.000000 98.000000 2186.000000 379.000000
1467.000000 1512.000000 22.000000 430.000000 663.000000
546.000000 2882.000000 234.000000 2423.711914 450.712219
988.000000 2206.000000 626.000000 1193.000000 1005.000000
785.000000 2688.000000 1001.000000 2146.000000 1287.000000
877.000000 2762.000000 1357.000000 2252.000000 1656.000000
1440.000000 3051.000000 645.000000 2830.000000 871.000000
763.000000 2884.000000 1479.000000 2372.000000 1818.000000
1096.000000 2886.000000 126.000000 2487.000000 378.000000
970.000000 2571.000000 286.000000 1840.000000 634.000000
1164.000000 834.000000 801.000000 94.000000 1239.000000
1158.000000 2446.000000 72.000000 1657.000000 478.000000
777.000000 2927.000000 282.000000 2612.000000 515.000000
822.000000 2715.000000 549.000000 2108.000000 843.000000
1424.000000 2770.000000 695.000000 2191.000000 981.000000
736.000000 2932.000000 1256.000000 2551.000000 1550.000000
510.000000 2905.000000 684.000000 2516.555420 949.085327
1132.000000 3034.000000 457.000000 3029.000000 663.000000
811.000000 1173.000000 718.000000 473.000000 1160.000000
617.000000 1855.000000 649.000000 743.000000 1066.000000
1176.000000 2293.000000 1393.000000 1301.000000 1668.000000
1522.000000 2299.000000 1470.000000 1276.000000 1736.000000
535.000000 2310.000000 1303.000000 1460.381470 1596.650757
663.000000 1205.000000 723.000000 503.000000 1162.000000
961.000000 2634.000000 364.000000 1957.000000 688.000000
660.000000 2926.000000 920.000000 2524.000000 1188.000000
744.000000 2787.000000 1414.000000 2188.000000 1713.000000
808.000000 2676.000000 712.000000 2120.000000 999.000000
1131.000000 1411.000000 1324.000000 612.000000 1612.000000
1374.000000 2751.000000 650.000000 2159.000000 895.000000
833.000000 1288.000000 741.000000 576.000000 1165.000000
1542.000000 2869.000000 42.000000 2453.000000 275.000000
1035.000000 2750.000000 1344.000000 2190.000000 1639.000000
953.000000 1874.000000 702.000000 759.000000 1108.000000
187.000000 2925.000000 1518.000000 2266.669189 1823.572754
834.000000 1118.000000 708.000000 422.000000 1157.000000
1335.000000 2096.000000 580.000000 1063.000000 981.000000
1414.000000 2995.000000 228.000000 2822.000000 429.000000
1287.000000 2153.000000 857.000000 1125.000000 1204.000000
1536.000000 2908.000000 787.000000 2514.000000 1049.000000
1326.000000 2230.000000 556.000000 1246.000000 945.000000
1180.000000 2298.000000 1405.000000 1439.000000 1681.000000
837.000000 1227.000000 728.000000 524.000000 1163.000000
1526.000000 1961.000000 1579.000000 776.000000 1806.000000
797.000000 2728.000000 590.000000 2131.000000 881.000000
1264.000000 1340.000000 1134.000000 591.000000 1467.000000
919.000000 3042.000000 340.000000 2878.000000 537.000000
397.000000 1680.000000 48.000000 578.979675 659.380859
1302.000000 3050.000000 810.000000 2961.000000 1045.000000
715.000000 1178.000000 1039.000000 451.000000 1397.000000
1402.000000 2805.000000 552.000000 2288.000000 829.000000
185.000000 2745.000000 848.000000 2179.767578 1130.417969
1380.000000 2322.000000 343.000000 1416.000000 743.000000
849.000000 2497.000000 242.000000 1715.000000 614.000000
1169.000000 2046.000000 1331.000000 939.000000 1606.000000
1303.000000 2555.000000 132.000000 1786.000000 503.000000
1433.000000 2885.000000 1506.000000 2287.000000 1809.000000
198.000000 2920.000000 1389.000000 2423.332520 1691.815918
314.000000 2121.000000 222.000000 1099.849487 687.965759
865.000000 2166.000000 1566.000000 961.000000 1811.000000
1509.000000 2629.000000 332.000000 1947.000000 659.000000
1125.000000 2139.000000 1401.000000 967.000000 1668.000000
421.000000 1880.000000 349.000000 796.684998 839.758667
1102.000000 1902.000000 1479.000000 711.000000 1722.000000
1533.000000 2510.000000 278.000000 1755.000000 638.000000
1156.000000 2119.000000 436.000000 1109.000000 860.000000
1479.000000 2899.000000 830.000000 2449.000000 1105.000000
1297.000000 2235.000000 850.000000 1249.000000 1193.000000
440.000000 2089.000000 1005.000000 1029.980835 1337.578003
1001.000000 2732.000000 381.000000 2323.000000 616.000000
325.000000 2279.000000 725.000000 1380.312988 1074.942261
1031.000000 2135.000000 252.000000 1296.000000 601.000000
317.000000 2442.000000 743.000000 1890.572021 1058.075684
1484.000000 2955.000000 1067.000000 2794.000000 1303.000000
1203.000000 2703.000000 477.000000 2084.000000 777.000000
729.000000 1664.000000 56.000000 537.000000 660.000000
280.000000 2948.000000 676.000000 2609.992676 923.430237
220.000000 2609.000000 713.000000 2045.733765 1006.293518
1281.000000 2984.000000 292.000000 2695.000000 514.000000
1318.000000 2411.000000 242.000000 1592.000000 633.000000
1049.000000 2951.000000 1388.000000 2623.000000 1696.000000
1084.000000 2976.000000 909.000000 2603.000000 1169.000000
762.000000 3049.000000 627.000000 2842.000000 848.000000
1159.000000 1351.000000 47.000000 233.000000 710.000000
764.000000 1199.000000 119.000000 67.000000 799.000000
1399.000000 1453.000000 799.000000 671.000000 1202.000000
1174.000000 1905.000000 273.000000 844.000000 780.000000
1118.000000 2054.000000 241.000000 1028.000000 717.000000
387.000000 2582.000000 140.000000 1880.539307 497.056366
796.000000 3019.000000 206.000000 3040.000000 307.000000
1505.000000 2685.000000 141.000000 2069.000000 463.000000
813.000000 1151.000000 714.000000 399.000000 1157.000000
1205.000000 2962.000000 1181.000000 2778.000000 1504.000000
861.000000 2555.000000 1310.000000 1404.000000 1600.000000
795.000000 2973.000000 1069.000000 2935.000000 1336.000000
1488.000000 2001.000000 393.000000 944.000000 847.000000
1430.000000 1879.000000 389.000000 768.000000 865.000000
1043.000000 3010.000000 608.000000 2733.000000 840.000000
1017.000000 1869.000000 595.000000 762.000000 1023.000000
1434.000000 2933.000000 1148.000000 2558.000000 1432.000000
1568.000000 2065.000000 646.000000 1016.000000 1040.000000
1435.000000 1865.000000 559.000000 759.000000 996.000000
567.000000 2907.000000 258.000000 2579.191895 520.087158
1355.000000 2274.000000 761.000000 1327.000000 1102.000000
823.000000 2730.000000 561.000000 2137.000000 853.000000
1204.000000 2511.000000 1086.000000 1955.000000 1384.000000
1234.000000 2492.000000 1309.000000 1943.000000 1607.000000
899.000000 1983.000000 702.000000 876.000000 1096.000000
807.000000 1733.000000 1800.000000 291.000000 1909.000000
547.000000 1870.000000 112.000000 803.308228 660.185547
866.000000 2802.000000 675.000000 2259.000000 970.000000
504.000000 1987.000000 1117.000000 877.275330 1433.177002
1245.000000 1872.000000 214.000000 792.000000 734.000000
968.000000 2038.000000 1655.000000 835.000000 1869.000000
1369.000000 2268.000000 566.000000 1318.000000 944.000000
1136.000000 3053.000000 1383.000000 3056.000000 1693.000000
497.000000 1899.000000 62.000000 833.507568 611.606140
553.000000 2732.000000 206.000000 2156.647217 510.179138
315.000000 2223.000000 301.000000 1277.224976 708.513855
776.000000 1898.000000 923.000000 774.000000 1278.000000
711.000000 3015.000000 446.000000 2750.000000 666.000000
889.000000 2524.000000 8.000000 1760.000000 397.000000
1251.000000 3015.000000 992.000000 2861.000000 1221.000000
140.000000 1262.000000 74.000000 140.431152 748.593079
1521.000000 3032.000000 725.000000 2878.000000 954.000000
698.000000 2947.000000 902.000000 2570.000000 1167.000000
482.000000 2173.000000 400.000000 1186.605225 824.060242
514.000000 1223.000000 30.000000 114.319977 720.177429
792.000000 2926.000000 791.000000 2601.000000 1004.000000
1197.000000 2710.000000 524.000000 2114.000000 814.000000
1259.000000 2904.000000 1425.000000 2393.000000 1731.000000
1193.000000 2811.000000 739.000000 2288.000000 1008.000000
1075.000000 2761.000000 807.000000 2190.000000 1092.000000
1137.000000 2389.000000 1278.000000 1501.000000 1505.000000
993.000000 2809.000000 875.000000 2272.000000 1154.000000
907.000000 2750.000000 998.000000 2179.000000 1285.000000
1512.000000 2762.000000 999.000000 2199.000000 1285.000000
1551.000000 2419.000000 662.000000 1795.000000 998.000000
1172.000000 2018.000000 634.000000 974.000000 1038.000000
1537.000000 2969.000000 1533.000000 2376.000000 1842.000000
446.000000 2816.000000 559.000000 2296.569336 827.752747
944.000000 2608.000000 229.000000 1891.000000 572.000000
264.000000 2242.000000 686.000000 1251.972412 1050.333496
568.000000 2920.000000 160.000000 2566.597900 403.340759
637.000000 2771.000000 1171.000000 2211.000000 1462.000000
724.000000 2737.000000 633.000000 2150.000000 922.000000
647.000000 1305.000000 57.000000 188.000000 726.000000
1240.000000 2772.000000 976.000000 2202.000000 1262.000000
1030.000000 1860.000000 736.000000 735.000000 1135.000000
1103.000000 2292.000000 420.000000 1365.000000 815.000000
1472.000000 2786.000000 1360.000000 2213.000000 1657.000000

62.000000 2827.708984 752.004272 2588.236816 13.634954 2153.111572 771.200806 1928.147949 589.890320
6.000000 1762.323486 567.025208 1112.610718 389.308258 720.065857 1012.402710 46.567589 964.733154
7.000000 1113.329834 380.012695 1747.165527 554.858032 53.437626 958.523987 713.439941 1005.157532
113.000000 1971.825562 603.374207 1714.454590 51.701431 720.020874 852.098938 555.822571 713.120789
1.000000 3070.583740 1589.426147 2526.228271 1704.594727 2549.952148 1894.980225 1153.275757 1934.640625
170.000000 2648.024658 295.842896 2807.815674 822.572937 2052.143799 708.341980 2156.592773 843.390442
15.000000 2288.609863 806.716919 2308.127441 1346.734375 1671.114624 1136.648804 1679.845337 1680.002441
71.000000 1696.466675 106.855743 1916.059326 552.079224 560.700134 691.127075 770.326050 874.887146
5.000000 2953.017090 1514.530029 2500.227295 1581.536621 2459.999268 1856.633179 1523.323120 1879.584351
53.000000 860.707458 843.280273 851.812317 1283.302612 140.777405 1266.757812 104.465187 1576.408447
16.000000 2320.358643 1243.318970 2302.857910 806.552185 1689.971069 1686.667236 1678.521606 1143.364502
60.000000 829.897217 1279.997314 841.355896 843.281433 73.284943 1560.407227 108.992966 1272.381958
65.000000 1812.301636 365.401581 1520.686401 56.928585 671.174072 828.612976 418.506226 694.030273
155.000000 2577.898193 906.609070 2595.679199 1286.868652 2017.728882 1209.946899 2026.739868 1389.996338
63.000000 1425.358398 913.332458 1425.114502 1286.667847 664.973816 1293.206665 643.511292 1580.013306
266.000000 2641.624512 876.414673 2660.283936 1243.488403 2082.713623 1543.364746 2076.455566 1420.010742
51.000000 2612.968994 1283.044922 2596.184326 916.231140 2046.708252 1536.498047 2030.717529 1216.464233
19.000000 1464.341675 11.470912 1760.635376 226.116562 206.070114 668.638794 643.820862 738.513794
37.000000 2553.636230 923.319031 2570.644287 1283.302856 1994.571289 1223.432739 2011.643677 1583.413452
39.000000 2545.982910 1283.075439 2530.463867 923.026001 1985.045532 1583.122070 1970.110840 1226.522461
90.000000 2660.181885 476.974670 2736.634277 818.514954 2026.462891 779.739014 2146.215576 995.063721
75.000000 2798.574707 825.726074 2736.804688 481.514038 2259.341309 1029.327393 2152.735107 780.730957
41.000000 2684.928955 913.256348 2701.179688 1250.103882 2117.427979 1206.815308 2137.458252 1553.480225
44.000000 2678.422607 1243.961670 2660.465820 913.127136 2111.739990 1546.565308 2091.944580 1206.553467
133.000000 2236.415527 664.991821 2276.585938 339.168121 1251.972412 1050.333496 1284.867920 855.798828
96.000000 1757.186646 245.998596 1873.834229 552.672485 653.063232 779.308411 769.406555 988.393555
10.000000 2383.333740 1418.825073 2710.000000 1418.853760 1499.718506 1698.625122 2119.928223 1718.862915
36.000000 2620.405273 919.981262 2635.363525 1243.393555 2056.196045 1213.533813 2075.514160 1580.060791
29.000000 2230.216797 1426.784058 1909.805542 1446.903931 1106.674438 1695.787964 729.990417 1696.980103
84.000000 2559.509277 379.786102 2683.881592 672.179871 1825.843994 694.992737 2033.385986 840.410095
244.000000 2506.876953 512.263245 2584.659424 810.378235 1984.992798 945.206604 1899.434204 847.965454
78.000000 2577.366455 507.468048 2647.734375 804.836487 2036.526001 847.527161 2131.081787 1097.063965
106.000000 1865.683960 553.422180 1766.085693 276.610992 816.865234 1014.469666 732.564331 808.198425
227.000000 1756.387085 274.285156 1859.160889 549.917542 644.338440 803.621277 722.472107 914.931335
97.000000 1455.287476 1183.334595 1455.045654 909.998474 659.121338 1500.170288 675.562744 1263.256714
101.000000 1207.733154 127.832527 1098.031860 372.085052 146.854370 754.720398 -7.461111 930.524963
74.000000 1341.453003 1283.337402 1342.177734 1023.330139 617.249329 1563.378784 638.312195 1293.201782
102.000000 2227.532227 632.864441 2248.293945 375.989960 1221.010254 1005.333679 1273.852173 781.099060
180.000000 2945.384277 935.683777 2962.627441 679.280029 2565.743408 1162.418457 2585.040527 1002.333679
81.000000 1671.201416 104.752663 1444.657349 -12.151455 531.953735 688.038818 274.275879 661.013184
110.000000 2501.161621 431.271942 2608.188965 652.708740 1927.764771 823.802063 2045.733765 1006.293518
80.000000 2436.868408 1574.761475 2676.788818 1540.865234 1666.698120 1834.818481 1406.673340 1840.317383
124.000000 2895.022461 39.708073 2909.003906 280.251648 2511.296631 316.539246 2531.275635 519.874634
21.000000 1893.185669 1106.715576 1889.812988 866.622498 736.139343 1680.154663 760.029907 1246.852051
40.000000 1646.279297 1728.855103 1880.169434 1708.625610 336.681885 1914.592163 686.671082 1910.365356
66.000000 2718.597412 822.521790 2683.032471 591.838013 2147.475098 1048.027466 2020.614746 791.419067
82.000000 1110.675903 618.087830 1330.330444 695.731995 203.254959 1108.388306 459.639465 1095.919800
92.000000 2652.573730 629.116394 2556.593994 418.802826 2056.179199 920.538574 1885.236084 748.168213
191.000000 1305.062134 1243.324951 1306.259521 1013.313843 571.951904 1543.477661 583.546875 1386.682495
22.000000 2894.129150 12.257957 3068.843262 141.562897 2503.300537 253.552460 2909.822510 314.516541
173.000000 2520.385254 611.884827 2563.142334 820.039246 1927.926636 921.232605 1998.030884 1074.518188
184.000000 2637.874023 456.135315 2496.121094 301.071014 1888.654175 688.566711 2019.247437 781.062500
11.000000 2892.437744 308.170807 3072.686035 415.488525 2489.719727 558.917786 3070.269043 631.171326
127.000000 2980.584473 433.169708 2988.680420 627.000244 2690.977783 656.785583 2701.117920 857.619995
89.000000 2408.696289 449.419708 2522.678467 605.612915 1722.805786 789.314758 1936.469116 912.073669
161.000000 1341.351562 1020.007568 1342.437744 826.661621 594.243896 1456.492798 606.904907 1280.017090
70.000000 1409.127686 36.408737 1589.977539 100.684174 414.304749 694.670471 140.431152 748.593079
17.000000 3071.774902 383.812286 2913.953125 285.670135 3069.894287 604.142944 2543.507080 535.337280
157.000000 3082.235107 607.572693 3046.230713 426.091858 2928.152100 860.431580 2887.348877 685.728821
25.000000 1123.477051 1445.798462 1303.641968 1435.292847 156.668106 1699.826904 553.334961 1703.140137
136.000000 2090.016357 1470.234619 1913.280640 1482.578735 916.672729 1724.761841 723.328735 1725.578369
73.000000 2707.072754 421.029266 2614.400146 270.622192 1826.227295 582.722412 2067.863525 716.432007
48.000000 2666.481445 1508.517456 2493.353271 1530.159790 1819.988037 1792.749756 1486.658569 1799.605103
176.000000 1752.010864 264.956573 1640.290161 133.585220 673.739319 817.948547 540.057861 725.116577
205.000000 2696.697510 1536.900024 2866.810303 1514.419434 2030.014648 1860.497192 2176.651855 1856.166870
257.000000 1885.375366 396.160614 1926.603027 562.523071 772.899902 869.039124 812.685425 989.110168
85.000000 2965.777344 1206.723755 2954.847900 1036.569336 2901.144043 1543.611572 2869.341797 1293.416992
193.000000 2604.479248 223.417313 2597.952148 53.411949 1899.121460 570.013489 1896.713623 413.332611
54.000000 2249.998535 1399.946899 2083.360107 1404.346069 1176.684937 1669.978516 873.317200 1670.814697
55.000000 2434.043701 163.435791 2427.783203 3.159519 1581.756836 563.367737 1575.203979 263.365295
169.000000 2292.403076 531.252563 2403.591064 646.536621 1604.158081 895.681091 1774.336792 914.023682
240.000000 1293.090942 30.593592 1449.906982 24.335131 109.902946 706.403381 232.546143 661.197693
32.000000 3069.994629 102.492859 2947.475586 4.804708 2949.521484 282.969238 2583.234863 223.945068
194.000000 2577.740723 3.279429 2576.794434 159.960510 1874.205933 343.297394 1880.539307 497.056366
58.000000 2616.881348 1621.248047 2463.500000 1647.635498 1510.007202 1880.379883 1216.652710 1885.927612
260.000000 1651.011841 155.833633 1748.948486 274.787994 534.396423 731.739380 638.229004 800.990784
167.000000 2660.382080 1413.316040 2653.451416 1259.994629 2242.121826 1776.726929 2233.486572 1603.159912
121.000000 2150.087158 779.585876 2000.397461 748.109558 1126.664307 1140.046387 920.010559 1129.787231
270.000000 2330.296875 740.245117 2324.641113 593.283020 1725.390137 1070.000122 1725.395630 946.666443
254.000000 2220.592041 1133.226562 2224.590332 1280.147217 1205.846680 1439.968262 1200.934204 1567.089233
190.000000 2196.699951 349.921600 2062.120361 292.861023 1193.149048 771.867615 1036.364136 756.400513
18.000000 2960.787354 -1.876751 3074.298584 87.898125 2580.928467 207.650101 3018.508789 279.128265
172.000000 2979.063965 728.751038 2955.881104 869.870972 2681.135986 967.732849 2617.041260 1124.087280
118.000000 1463.511963 1784.480225 1322.773438 1806.406006 216.580231 1927.063843 3.333578 1933.341675
267.000000 2393.998779 1.628758 2405.443359 140.375854 1612.192505 423.294128 1611.111084 546.676392
38.000000 2397.399658 191.128036 2533.881592 209.189789 1463.948120 607.220703 1822.296753 577.500916
299.000000 1106.238037 383.314606 1100.266479 520.011658 35.731396 961.722168 -4.080863 1067.201538
27.000000 2286.653809 790.058350 2420.128662 819.414795 1493.236328 1111.755127 1883.333496 1133.329834
14.000000 2955.754150 328.168579 3071.076416 398.227966 3070.026367 623.123718 2530.194580 555.122559
215.000000 1117.555420 107.586823 1210.651611 13.981387 1.366567 787.274719 116.042786 704.516602
175.000000 2069.651855 571.227661 1942.789307 535.251587 1023.218628 978.465942 856.591553 967.844727
49.000000 2356.387207 289.016388 2485.844238 280.633057 1560.754150 656.609436 1890.788940 669.018677
265.000000 2926.906006 769.850037 2920.757080 896.703369 2554.681396 1025.896606 2536.979492 1148.159790
273.000000 2388.419189 373.915222 2499.857178 434.091492 1789.543823 757.689209 1901.130981 807.464661
287.000000 1572.699585 1618.321411 1696.581055 1602.656494 446.633789 1831.715942 563.319946 1829.343140
79.000000 2796.916260 1492.060181 2673.376953 1507.026855 2106.644043 1788.417603 1839.984253 1792.234375
141.000000 2943.298584 673.432190 2825.893555 632.201172 2609.992676 923.430237 2419.826416 908.945129
216.000000 3047.710693 534.434387 3070.956543 653.146057 2850.990234 740.973694 2892.563477 875.876648
253.000000 1968.298462 1116.668701 1968.446045 999.998047 869.985168 1560.190430 877.275330 1433.177002
258.000000 1355.207520 12.077539 1244.719360 47.209023 232.418274 677.469604 114.319977 720.177429
272.000000 1871.285522 698.755920 1982.302002 729.934265 770.206055 1105.131714 891.598267 1121.427490
153.000000 2898.930664 1367.559204 2825.084961 1279.088989 2384.757568 1670.776489 2226.927490 1582.865234
88.000000 2943.565918 1594.647461 3056.317871 1574.695679 2220.050781 1895.463989 2466.656494 1889.572998
33.000000 2960.209961 872.456604 3070.283691 898.815369 2633.256592 1124.758423 3003.259033 1144.712036
245.000000 2641.608887 295.727600 2698.091309 392.501862 1953.623779 622.929932 2058.030273 698.106201
202.000000 1231.975830 85.405838 1156.458496 166.710541 105.989540 742.602539 -1.381266 848.555664
