Keypoint Matches and Line Matches for pairs 1, 6 
1 corresponds to the image ./resources/Data/HerzP8/images/0001.png 
6 corresponds to the image ./resources/Data/HerzP8/images/0006.png 

34.000000 1762.323486 567.025208 440.021423 959.643311
33.000000 1747.165527 554.858032 440.011444 953.143066
62.000000 2288.609863 806.716919 1131.052002 1089.738037
376.000000 1916.059326 552.079224 507.643066 942.952698
259.000000 1681.179077 124.295395 290.174530 668.502869
83.000000 2500.227295 1581.536621 1313.317261 1721.882935
57.000000 2302.857910 806.552185 1226.692871 1056.133667
111.000000 1520.686401 56.928585 128.490051 664.115234
145.000000 1425.358398 913.332458 439.804321 1226.647705
146.000000 1425.114502 1286.667847 414.581116 1486.787598
313.000000 2660.283936 1243.488403 1778.327026 1456.701416
69.000000 2596.184326 916.231140 1685.196655 1149.981567
100.000000 2553.636230 923.319031 1165.193726 1133.191284
101.000000 2570.644287 1283.302856 1156.221680 1436.752075
68.000000 2545.982910 1283.075439 1688.597046 1493.314209
91.000000 2530.463867 923.026001 1143.822021 1130.128662
162.000000 2798.574707 825.726074 1935.617310 1034.262329
190.000000 2736.804688 481.514038 1852.509521 722.693970
80.000000 2684.928955 913.256348 1816.975220 1133.405518
81.000000 2701.179688 1250.103882 1824.934326 1466.708008
102.000000 2678.422607 1243.961670 1743.949341 1449.927856
247.000000 1757.186646 245.998596 378.315918 743.249939
65.000000 1900.067871 1440.071289 430.010834 1587.578247
510.000000 1892.937378 1113.341919 465.441986 1293.535889
374.000000 2383.333740 1418.825073 1210.000732 1589.593872
13.000000 2710.000000 1418.853760 1796.584717 1622.248047
92.000000 2620.405273 919.981262 1762.999634 1140.072998
93.000000 2635.363525 1243.393555 1769.305420 1456.746826
64.000000 2230.216797 1426.784058 783.351990 1589.158813
478.000000 1766.085693 276.610992 385.939789 769.346558
343.000000 2227.532227 632.864441 916.538330 946.635254
197.000000 2662.040283 469.111786 1732.920898 723.186340
117.000000 2501.161621 431.271942 1504.329468 689.583801
511.000000 1889.812988 866.622498 477.623199 1166.758545
191.000000 1110.675903 618.087830 19.962719 1056.004883
187.000000 2652.573730 629.116394 1764.838867 861.725952
188.000000 2556.593994 418.802826 1593.792969 692.784973
415.000000 1305.062134 1243.324951 362.935089 1456.869141
30.000000 2894.129150 12.257957 2243.275879 197.187119
31.000000 3068.843262 141.562897 2679.776611 245.357391
138.000000 2637.874023 456.135315 1698.067139 707.822937
139.000000 2496.121094 301.071014 1446.986572 610.805664
8.000000 2892.437744 308.170807 2216.441895 499.059906
226.000000 1795.329224 380.358704 420.780518 827.348694
267.000000 2980.584473 433.169708 2425.311035 589.997375
268.000000 2988.680420 627.000244 2424.928467 786.624390
286.000000 2408.696289 449.419708 1442.449951 742.636963
208.000000 2522.678467 605.612915 1654.711060 851.452271
11.000000 2913.953125 285.670135 2250.350586 473.064362
493.000000 2090.016357 1470.234619 663.322266 1615.056274
282.000000 1913.280640 1482.578735 420.009705 1613.994507
127.000000 2707.072754 421.029266 1774.341553 661.259644
275.000000 1926.603027 562.523071 525.606934 949.640564
411.000000 2604.479248 223.417313 1605.413818 523.357788
412.000000 2597.952148 53.411949 1607.175537 373.339294
905.000000 1906.737427 1452.531860 423.000000 1594.000000
317.000000 2249.998535 1399.946899 1003.294495 1587.536865
280.000000 2602.018311 659.725464 1750.430054 925.123840
120.000000 2434.043701 163.435791 1283.038452 523.329956
347.000000 2292.403076 531.252563 1347.629395 839.172607
210.000000 2947.475586 4.804708 2329.937988 167.244354
1222.000000 2576.794434 159.960510 1554.000000 468.000000
479.000000 1651.011841 155.833633 275.290222 697.006775
255.000000 2150.087158 779.585876 823.421265 1074.675171
256.000000 2000.397461 748.109558 623.369812 1065.840088
1168.000000 2925.002197 1099.973389 2229.000000 1300.000000
569.000000 2330.296875 740.245117 1456.847656 1006.669800
570.000000 2324.641113 593.283020 1458.935669 886.590210
589.000000 2220.592041 1133.226562 890.605896 1353.166748
590.000000 2224.590332 1280.147217 883.470825 1470.008423
432.000000 2196.699951 349.921600 890.094055 728.853149
433.000000 2062.120361 292.861023 746.632263 717.086426
740.000000 2393.998779 1.628758 1259.000000 402.000000
154.000000 2495.568604 170.225342 1396.795044 509.377075
45.000000 2420.128662 819.414795 1613.510864 1066.191284
566.000000 2626.060303 300.696930 1651.195801 578.190430
311.000000 2725.606201 1053.208862 1829.897949 1263.331177
371.000000 2069.651855 571.227661 726.589844 924.809814
372.000000 1942.789307 535.251587 566.676025 916.487183
1414.000000 2356.387207 289.016388 1182.000000 644.000000
727.000000 1729.907471 746.235291 320.000000 1104.000000
552.000000 1514.001587 79.185371 123.518600 677.937561
230.000000 2673.376953 1507.026855 1479.998169 1684.927979
257.000000 2943.298584 673.432190 2329.776855 853.886353
1088.000000 2825.893555 632.201172 2043.000000 837.000000
915.000000 1715.813599 291.364227 366.000000 798.000000
174.000000 1968.446045 999.998047 418.750916 1223.208862
1488.000000 1857.335083 770.299438 442.000000 1095.000000
593.000000 1871.285522 698.755920 483.603912 1044.457153
594.000000 1982.302002 729.934265 598.480103 1058.524048
393.000000 2898.930664 1367.559204 2050.539062 1575.655396
958.000000 2825.084961 1279.088989 1796.000000 1464.000000
52.000000 2960.209961 872.456604 2343.326172 1050.164185
520.000000 2641.608887 295.727600 1656.734985 573.232666
521.000000 2698.091309 392.501862 1761.566406 644.357849
930.000000 2909.000000 1068.000000 2198.000000 1264.000000
675.000000 2687.000000 468.000000 1758.000000 715.000000
1505.000000 2820.000000 1223.000000 1952.000000 1427.000000
1348.000000 2607.000000 303.000000 1611.000000 589.000000
848.000000 2301.000000 340.000000 1084.000000 700.000000
1000.000000 2439.000000 1485.000000 1294.000000 1653.000000
681.000000 2547.000000 268.000000 1502.000000 577.000000
789.000000 2950.000000 1331.000000 2275.000000 1543.000000
735.000000 2687.000000 821.000000 1774.000000 1043.000000
151.000000 2974.000000 1371.000000 2346.690674 1599.666138
1215.000000 2326.000000 766.000000 1381.000000 1026.000000
1181.000000 2534.000000 1432.000000 1446.000000 1619.000000
1530.000000 2804.000000 1215.000000 1920.000000 1418.000000
1122.000000 2251.000000 1386.000000 915.000000 1560.000000
706.000000 2774.000000 1359.000000 1864.000000 1546.000000
1462.000000 3034.000000 640.000000 2525.000000 797.000000
757.000000 1982.000000 686.000000 582.000000 1023.000000
853.000000 2311.000000 727.000000 1114.000000 1011.000000
1364.000000 2860.000000 1079.000000 2080.000000 1278.000000
1397.000000 2735.000000 722.000000 1854.000000 942.000000
683.000000 2702.000000 507.000000 1785.000000 748.000000
823.000000 2509.000000 224.000000 1439.000000 549.000000
1144.000000 2934.000000 141.000000 2498.000000 314.000000
935.000000 2319.000000 306.000000 1115.000000 667.000000
1049.000000 2407.000000 223.000000 1265.000000 578.000000
358.000000 2809.000000 1296.000000 1898.841187 1509.980591
1447.000000 2515.000000 18.000000 1454.000000 373.000000
1102.000000 2671.000000 432.000000 1728.000000 687.000000
796.000000 2907.000000 670.000000 2227.000000 857.000000
89.000000 2649.000000 1558.000000 1506.662354 1756.021606
547.000000 2792.000000 1447.000000 1859.999023 1649.693970
993.000000 2535.000000 237.000000 1483.000000 553.000000
357.000000 2814.000000 1472.000000 1900.327881 1676.663696
873.000000 2653.000000 397.000000 1695.000000 660.000000
878.000000 1889.000000 980.000000 468.000000 1247.000000
1132.000000 2836.000000 847.000000 2041.000000 1048.000000
913.000000 2650.000000 364.000000 1689.000000 631.000000
1419.000000 2593.000000 309.000000 1583.000000 600.000000
844.000000 2153.000000 878.000000 818.000000 1152.000000
694.000000 2281.000000 465.000000 1044.000000 805.000000
886.000000 2891.000000 668.000000 2191.000000 859.000000
1508.000000 2391.000000 144.000000 1216.000000 527.000000
1029.000000 1309.000000 740.000000 104.000000 1094.000000
986.000000 3040.000000 330.000000 2634.000000 467.000000
767.000000 1678.000000 9.000000 339.000000 553.000000
1017.000000 2005.000000 1881.000000 102.000000 1953.000000
1170.000000 2903.000000 1407.000000 2057.000000 1619.000000
952.000000 2282.000000 1008.000000 994.000000 1238.000000
981.000000 2687.000000 437.000000 1757.000000 687.000000
1429.000000 2795.000000 1041.000000 1915.000000 1246.000000
1059.000000 2483.000000 217.000000 1394.000000 552.000000
797.000000 2670.000000 400.000000 1725.000000 658.000000
1412.000000 2788.000000 1129.000000 1913.000000 1333.000000
1435.000000 2350.000000 771.000000 1468.000000 1030.000000
768.000000 2281.000000 1473.000000 909.000000 1630.000000
1180.000000 2373.000000 133.000000 1217.000000 515.000000
1524.000000 2322.000000 935.000000 1440.000000 1180.000000
870.000000 2685.000000 833.000000 1775.000000 1061.000000
1410.000000 2949.000000 1160.000000 2269.000000 1326.000000
752.000000 1981.000000 723.000000 442.000000 1046.000000
1147.000000 2870.000000 821.000000 2126.000000 1018.000000
909.000000 2168.000000 1617.000000 851.000000 1728.000000
1526.000000 2759.000000 958.000000 1885.000000 1166.000000
1388.000000 2383.000000 234.000000 1225.000000 593.000000
1121.000000 2457.000000 214.000000 1350.000000 556.000000
962.000000 2353.000000 1449.000000 1034.000000 1614.000000
1069.000000 2801.000000 1134.000000 1943.000000 1337.000000
953.000000 2312.000000 738.000000 1155.000000 1033.000000
790.000000 1905.000000 627.000000 478.000000 987.000000
1264.000000 2306.000000 380.000000 1089.000000 732.000000
1038.000000 2576.000000 1307.000000 1122.000000 1507.000000
1201.000000 2614.000000 335.000000 1623.000000 616.000000
806.000000 1872.000000 652.000000 476.000000 1009.000000
723.000000 2515.000000 1172.000000 1426.000000 1365.000000
1418.000000 2774.000000 1218.000000 1895.000000 1421.000000
1398.000000 2589.000000 1345.000000 1173.000000 1502.000000
761.000000 3002.000000 449.000000 2484.000000 598.000000
1510.000000 2330.000000 1056.000000 1441.000000 1288.000000
788.000000 1883.000000 1854.000000 349.000000 1916.000000
992.000000 2833.000000 1671.000000 1772.000000 1889.000000
1477.000000 2707.000000 826.000000 1820.000000 1042.000000
171.000000 2617.000000 783.000000 1844.177612 981.834900
1186.000000 2884.000000 1479.000000 2013.000000 1715.000000
48.000000 2337.000000 200.000000 1130.934692 583.448730
710.000000 2886.000000 126.000000 2220.000000 320.000000
664.000000 2571.000000 286.000000 1543.000000 586.000000
244.000000 2294.000000 158.000000 1106.649292 563.540833
653.000000 2927.000000 282.000000 2351.000000 465.000000
1052.000000 2715.000000 549.000000 1809.000000 783.000000
198.000000 2770.000000 695.000000 1846.901733 928.014282
1302.000000 2932.000000 1256.000000 2239.000000 1462.000000
754.000000 1855.000000 649.000000 459.000000 1009.000000
1384.000000 2293.000000 1393.000000 1047.000000 1561.000000
698.000000 2299.000000 1470.000000 948.000000 1629.000000
618.000000 1205.000000 723.000000 55.000000 1092.000000
1320.000000 2926.000000 920.000000 2224.000000 1112.000000
262.000000 2908.000000 272.000000 2264.637695 459.716736
1010.000000 2787.000000 1414.000000 1855.000000 1616.000000
1292.000000 2676.000000 712.000000 1821.000000 934.000000
265.000000 1305.000000 760.000000 230.066849 1115.130127
1001.000000 1928.000000 1618.000000 424.000000 1711.000000
536.000000 2869.000000 42.000000 2046.702881 289.610657
225.000000 1874.000000 702.000000 460.966125 1041.273315
1189.000000 2546.000000 857.000000 1675.000000 1089.000000
1401.000000 2441.000000 55.000000 1327.000000 421.000000
1500.000000 2925.000000 1518.000000 1903.000000 1715.000000
1295.000000 2096.000000 580.000000 766.000000 927.000000
1227.000000 2995.000000 228.000000 2586.000000 361.000000
1081.000000 2908.000000 787.000000 2222.000000 977.000000
420.000000 2127.000000 1489.000000 790.001404 1629.672729
1492.000000 2230.000000 556.000000 941.000000 891.000000
1378.000000 2298.000000 1405.000000 915.000000 1577.000000
617.000000 1227.000000 728.000000 175.000000 1097.000000
1036.000000 2728.000000 590.000000 1832.000000 819.000000
1077.000000 3042.000000 340.000000 2611.000000 467.000000
447.000000 1680.000000 48.000000 313.903870 634.921204
1525.000000 3050.000000 810.000000 2711.000000 970.000000
1575.000000 2574.000000 47.000000 1477.000000 400.000000
454.000000 2795.000000 1241.000000 1836.156860 1423.316040
1441.000000 2322.000000 343.000000 1117.000000 698.000000
1256.000000 2497.000000 242.000000 1418.000000 569.000000
998.000000 2046.000000 1331.000000 632.000000 1507.000000
152.000000 2920.000000 1389.000000 2089.991455 1597.978516
956.000000 2121.000000 222.000000 831.000000 650.000000
989.000000 2629.000000 332.000000 1650.000000 608.000000
1173.000000 1902.000000 1479.000000 411.000000 1611.000000
567.000000 2119.000000 436.000000 753.267456 807.647400
1202.000000 2075.000000 301.000000 762.000000 720.000000
1044.000000 2701.000000 1317.000000 1629.000000 1513.000000
1218.000000 2205.000000 559.000000 912.000000 889.000000
1086.000000 2235.000000 850.000000 940.000000 1123.000000
1422.000000 2089.000000 1005.000000 796.000000 1349.000000
1239.000000 2432.000000 216.000000 1307.000000 564.000000
1455.000000 2187.000000 1436.000000 797.000000 1596.000000
1409.000000 2279.000000 725.000000 1214.000000 1018.000000
795.000000 2288.000000 1280.000000 984.000000 1471.000000
969.000000 2135.000000 252.000000 1003.000000 565.000000
1243.000000 2703.000000 477.000000 1787.000000 719.000000
234.000000 1664.000000 56.000000 277.680786 637.421204
1071.000000 1410.000000 734.000000 301.000000 1103.000000
837.000000 1895.000000 1279.000000 449.000000 1464.000000
1154.000000 2769.000000 933.000000 1887.000000 1143.000000
294.000000 2951.000000 1388.000000 2253.341064 1609.712891
964.000000 3049.000000 627.000000 2559.000000 777.000000
685.000000 3022.000000 940.000000 2641.000000 1163.000000
701.000000 2485.000000 1529.000000 1473.000000 1683.000000
85.000000 2614.000000 352.000000 1628.757935 633.301147
1448.000000 2792.000000 620.000000 2047.000000 850.000000
1316.000000 2344.000000 756.000000 1374.000000 1005.000000
777.000000 1453.000000 799.000000 446.000000 1139.000000
1541.000000 1905.000000 273.000000 561.000000 743.000000
903.000000 2054.000000 241.000000 739.000000 681.000000
84.000000 2447.000000 262.000000 1301.135498 603.978943
1538.000000 2791.000000 1217.000000 1914.000000 1376.000000
1171.000000 3019.000000 206.000000 2590.000000 336.000000
1499.000000 2685.000000 141.000000 1783.000000 416.000000
12.000000 2424.000000 1411.000000 1199.981445 1600.510254
1561.000000 2338.000000 277.000000 1150.000000 640.000000
875.000000 2908.000000 1346.000000 2166.000000 1537.000000
894.000000 2555.000000 1310.000000 1097.000000 1505.000000
568.000000 2001.000000 393.000000 633.360779 799.591858
1033.000000 1969.000000 1208.000000 546.000000 1412.000000
785.000000 1879.000000 389.000000 500.000000 816.000000
1444.000000 3010.000000 608.000000 2458.000000 770.000000
741.000000 1869.000000 595.000000 478.000000 969.000000
1559.000000 2779.000000 957.000000 1907.000000 1165.000000
1159.000000 2933.000000 1148.000000 2251.000000 1348.000000
974.000000 1865.000000 559.000000 476.000000 944.000000
512.000000 2598.000000 800.000000 1792.313843 995.502625
751.000000 2955.000000 1306.000000 1963.000000 1398.000000
1123.000000 2730.000000 561.000000 1839.000000 792.000000
672.000000 1983.000000 702.000000 582.000000 1035.000000
1195.000000 2782.000000 829.000000 1902.000000 1041.000000
1250.000000 2761.000000 1705.000000 1801.000000 1931.000000
581.000000 1870.000000 112.000000 529.807800 631.496948
864.000000 2955.000000 1043.000000 2573.000000 1252.000000
1491.000000 1987.000000 1117.000000 576.000000 1343.000000
437.000000 1872.000000 214.000000 516.422668 700.565491
1119.000000 1965.000000 991.000000 559.000000 1250.000000
755.000000 2501.000000 1617.000000 1328.000000 1826.000000
538.000000 1899.000000 62.000000 556.742126 585.744690
561.000000 2732.000000 206.000000 1870.069580 459.154297
973.000000 2223.000000 301.000000 972.000000 685.000000
654.000000 1898.000000 923.000000 484.000000 1204.000000
1531.000000 2524.000000 8.000000 1469.000000 360.000000
1015.000000 3015.000000 992.000000 2640.000000 1147.000000
780.000000 1768.000000 1760.000000 311.000000 1832.000000
1420.000000 3032.000000 725.000000 2620.000000 881.000000
1563.000000 2837.000000 1410.000000 1894.000000 1631.000000
827.000000 2947.000000 902.000000 2271.000000 1091.000000
1310.000000 1493.000000 758.000000 427.000000 1116.000000
133.000000 2052.000000 1696.000000 636.654053 1812.289795
517.000000 2173.000000 400.000000 889.885559 778.394958
1217.000000 2710.000000 524.000000 1816.000000 755.000000
1443.000000 2904.000000 1425.000000 2087.000000 1637.000000
274.000000 2402.000000 130.000000 1271.569336 496.662231
811.000000 2969.000000 1533.000000 2177.000000 1798.000000
1037.000000 2955.000000 414.000000 2570.000000 633.000000
453.000000 2816.000000 559.000000 2003.395386 765.609070
1403.000000 1579.000000 1485.000000 307.000000 1453.000000
949.000000 2634.000000 861.000000 1771.000000 1086.000000
855.000000 2737.000000 633.000000 1849.000000 858.000000
1484.000000 2772.000000 976.000000 1889.000000 1184.000000
860.000000 1860.000000 736.000000 448.000000 1072.000000
1501.000000 2292.000000 420.000000 1064.000000 767.000000
553.000000 1387.000000 64.000000 2.209171 695.621887
1468.000000 2106.000000 1126.000000 732.000000 1347.000000

57.000000 2827.708984 752.004272 2588.236816 13.634954 1854.483154 713.087952 1627.623047 540.008301
17.000000 1762.323486 567.025208 1112.610718 389.308258 440.021423 959.643311 3.327890 933.424011
16.000000 1113.329834 380.012695 1747.165527 554.858032 3.120330 926.876160 440.011444 953.143066
175.000000 2648.024658 295.842896 2807.815674 822.572937 1754.849365 652.133118 1859.215698 783.954346
18.000000 2288.609863 806.716919 2308.127441 1346.734375 1048.606812 1049.940796 1030.617798 1473.359619
130.000000 1890.745239 539.530029 1681.179077 124.295395 290.174530 668.502869 451.985229 786.009460
1.000000 2953.017090 1514.530029 2500.227295 1581.536621 2163.339600 1787.231079 1010.000854 1800.077026
12.000000 2320.358643 1243.318970 2302.857910 806.552185 1404.027954 1590.004639 1407.310181 1103.337646
55.000000 1812.301636 365.401581 1520.686401 56.928585 397.524475 782.967590 128.490051 664.115234
44.000000 3046.369629 1545.000366 2633.092041 1618.645264 1826.670288 1753.873413 1506.662354 1756.021606
73.000000 1425.358398 913.332458 1425.114502 1286.667847 439.804321 1226.647705 414.581116 1486.787598
49.000000 2641.624512 876.414673 2660.283936 1243.488403 1722.288818 1449.964478 1717.535034 1143.371582
34.000000 2612.968994 1283.044922 2596.184326 916.231140 1688.597046 1493.314209 1685.196655 1149.981567
37.000000 1464.341675 11.470912 1760.635376 226.116562 5.725684 655.527710 340.187012 700.465759
50.000000 2553.636230 923.319031 2570.644287 1283.302856 1165.193726 1133.191284 1156.221680 1436.752075
38.000000 2545.982910 1283.075439 2530.463867 923.026001 1089.198730 1456.902954 1102.762451 1120.245605
99.000000 2660.181885 476.974670 2736.634277 818.514954 1732.920898 723.186340 1846.901733 928.014282
95.000000 2798.574707 825.726074 2736.804688 481.514038 1947.979980 943.211853 1852.509521 722.693970
40.000000 2684.928955 913.256348 2701.179688 1250.103882 1816.975220 1133.405518 1824.934326 1466.708008
43.000000 2678.422607 1243.961670 2660.465820 913.127136 1800.905518 1459.978027 1793.155884 1139.923584
124.000000 1757.186646 245.998596 1873.834229 552.672485 378.315918 743.249939 481.764709 921.781189
68.000000 1900.067871 1440.071289 1892.937378 1113.341919 441.311707 1570.115479 465.090271 1300.154785
6.000000 2383.333740 1418.825073 2710.000000 1418.853760 1199.981445 1600.510254 1796.584717 1622.248047
46.000000 2620.405273 919.981262 2635.363525 1243.393555 1762.999634 1140.072998 1769.305420 1456.746826
32.000000 2230.216797 1426.784058 1909.805542 1446.903931 783.351990 1589.158813 430.010834 1587.578247
88.000000 2559.509277 379.786102 2683.881592 672.179871 1535.606812 646.202454 1742.836914 780.477295
87.000000 1341.453003 1283.337402 1342.177734 1023.330139 394.138672 1470.080322 418.750916 1223.208862
172.000000 2227.532227 632.864441 2248.293945 375.989960 916.538330 946.635254 956.693604 782.524292
189.000000 2945.384277 935.683777 2962.627441 679.280029 2267.442383 1088.450562 2293.859619 931.182068
207.000000 2451.572754 563.637451 2516.487793 811.635132 1518.943481 868.053955 1615.966675 981.566711
98.000000 1671.201416 104.752663 1444.657349 -12.151455 264.853088 662.148193 27.353737 641.929382
59.000000 3039.972412 992.629456 3057.897461 1246.579834 2313.429199 1226.660522 2331.491699 1506.785400
140.000000 2501.161621 431.271942 2608.188965 652.708740 1642.611816 768.205444 1750.430054 925.123840
131.000000 2895.022461 39.708073 2909.003906 280.251648 2252.455078 260.257233 2264.637695 459.716736
188.000000 1822.517944 551.305176 1743.796021 324.195435 449.654572 794.202393 507.643066 942.952698
256.000000 1893.185669 1106.715576 1889.812988 866.622498 465.441986 1293.535889 477.623199 1166.758545
86.000000 2718.597412 822.521790 2683.032471 591.838013 1844.177612 981.834900 1742.796875 754.298218
96.000000 1110.675903 618.087830 1330.330444 695.731995 19.962719 1056.004883 259.577759 1042.505127
94.000000 2652.573730 629.116394 2556.593994 418.802826 1764.838867 861.725952 1593.792969 692.784973
208.000000 1305.062134 1243.324951 1306.259521 1013.313843 362.935089 1456.869141 373.068420 1309.981689
15.000000 2894.129150 12.257957 3068.843262 141.562897 2243.275879 197.187119 2679.776611 245.357391
239.000000 2520.385254 611.884827 2563.142334 820.039246 1673.083374 903.277954 1716.717651 1028.823730
69.000000 2637.874023 456.135315 2496.121094 301.071014 1698.067139 707.822937 1446.986572 610.805664
4.000000 2892.437744 308.170807 3072.686035 415.488525 2216.441895 499.059906 2833.301758 557.002319
113.000000 1848.725464 579.447815 1795.329224 380.358704 460.966125 1041.273315 420.780518 827.348694
134.000000 2980.584473 433.169708 2988.680420 627.000244 2425.311035 589.997375 2424.928467 786.624390
104.000000 2408.696289 449.419708 2522.678467 605.612915 1452.251953 739.866211 1654.711060 851.452271
5.000000 3071.774902 383.812286 2913.953125 285.670135 2849.864258 531.394226 2250.350586 473.064362
163.000000 3082.235107 607.572693 3046.230713 426.091858 2668.468018 787.646057 2633.891113 615.883362
141.000000 2090.016357 1470.234619 1913.280640 1482.578735 610.007202 1614.684814 420.009705 1613.994507
284.000000 2707.072754 421.029266 2614.400146 270.622192 1751.464233 644.450928 1651.195801 578.190430
240.000000 1752.010864 264.956573 1640.290161 133.585220 385.939789 769.346558 275.290222 697.006775
67.000000 2570.154053 1607.676636 2740.261963 1581.716675 1399.984863 1788.279053 1673.326416 1785.874756
111.000000 2696.697510 1536.900024 2866.810303 1514.419434 1843.333252 1783.208618 2066.666504 1783.062134
138.000000 1885.375366 396.160614 1926.603027 562.523071 525.606934 949.640564 452.377533 772.351318
23.000000 2965.777344 1206.723755 2954.847900 1036.569336 2414.408447 1599.921509 2385.446777 1203.422485
206.000000 2604.479248 223.417313 2597.952148 53.411949 1605.413818 523.357788 1607.175537 373.339294
65.000000 1906.737427 1452.531860 2076.801758 1455.444458 429.965454 1604.285278 703.386292 1600.317383
60.000000 2434.043701 163.435791 2427.783203 3.159519 1283.038452 523.329956 1286.270508 243.328766
174.000000 2292.403076 531.252563 2403.591064 646.536621 1347.629395 839.172607 1514.539062 860.614197
105.000000 3069.994629 102.492859 2947.475586 4.804708 2556.500244 191.550613 2329.937988 167.244354
128.000000 2150.087158 779.585876 2000.397461 748.109558 823.421265 1074.675171 623.369812 1065.840088
286.000000 2330.296875 740.245117 2324.641113 593.283020 1456.847656 1006.669800 1458.935669 886.590210
296.000000 2220.592041 1133.226562 2224.590332 1280.147217 890.605896 1353.166748 883.470825 1470.008423
217.000000 2196.699951 349.921600 2062.120361 292.861023 890.094055 728.853149 746.632263 717.086426
137.000000 2393.998779 1.628758 2405.443359 140.375854 1271.023315 303.302216 1271.569336 496.662231
77.000000 2604.456787 252.910156 2495.568604 170.225342 1646.591187 560.859253 1396.795044 509.377075
22.000000 2286.653809 790.058350 2420.128662 819.414795 1213.292725 1047.537964 1613.510864 1066.191284
199.000000 2679.920166 590.030640 2631.584961 464.003876 1681.569214 854.333618 1565.367676 753.795959
156.000000 2725.606201 1053.208862 2718.303955 919.910278 1829.897949 1263.331177 1833.656250 1086.602661
186.000000 2069.651855 571.227661 1942.789307 535.251587 726.589844 924.809814 566.676025 916.487183
42.000000 2356.387207 289.016388 2485.844238 280.633057 1301.135498 603.978943 1628.757935 633.301147
277.000000 1514.001587 79.185371 1389.601074 59.143013 123.518600 677.937561 2.209171 695.621887
115.000000 2796.916260 1492.060181 2673.376953 1507.026855 1696.668457 1685.181274 1479.998169 1684.927979
129.000000 2943.298584 673.432190 2825.893555 632.201172 2329.776855 853.886353 2130.052490 842.420837
229.000000 2271.601074 586.317261 2280.172607 707.362549 1113.450562 873.354126 1089.339600 1009.291626
265.000000 3047.710693 534.434387 3070.956543 653.146057 2637.958496 773.602356 2621.526855 648.920166
298.000000 1871.285522 698.755920 1982.302002 729.934265 483.603912 1044.457153 598.480103 1058.524048
197.000000 2898.930664 1367.559204 2825.084961 1279.088989 2050.539062 1575.655396 1913.671387 1502.699097
237.000000 2610.048828 1543.676514 2496.640137 1559.814087 1353.333496 1749.924561 1486.671997 1750.149902
26.000000 2960.209961 872.456604 3070.283691 898.815369 2343.326172 1050.164185 2723.333984 1066.649902
261.000000 2641.608887 295.727600 2698.091309 392.501862 1656.734985 573.232666 1761.566406 644.357849
