Keypoint Matches and Line Matches for pairs 4, 6 
4 corresponds to the image ./resources/Data/HerzP8/images/0004.png 
6 corresponds to the image ./resources/Data/HerzP8/images/0006.png 

2.000000 2906.684814 1783.716309 2163.339600 1787.231079
220.000000 1628.779785 1843.869873 773.318542 1802.201294
71.000000 1960.082031 1778.734863 1146.661621 1758.840942
7.000000 1376.809326 155.925354 750.032654 359.660797
34.000000 1049.986206 843.469666 440.021423 959.643311
33.000000 1043.445557 835.557312 440.011444 953.143066
12.000000 1833.379150 1575.672607 1199.981445 1600.510254
13.000000 2443.159912 1603.765991 1796.584717 1622.248047
83.000000 2089.824951 1728.002686 1313.317261 1721.882935
24.000000 1996.107422 1566.685791 1404.027954 1590.004639
295.000000 1964.117432 996.760437 1400.000000 1070.000000
22.000000 1172.895386 105.586945 563.125977 332.147583
515.000000 872.996460 1116.650513 393.707428 1213.370239
62.000000 1782.969849 1013.374695 1131.052002 1089.738037
79.000000 826.675110 1581.662842 336.632690 1601.870605
59.000000 1730.753662 1033.357910 1059.782837 1100.124023
20.000000 1187.150757 80.822929 575.618958 310.912079
1143.000000 780.189087 2.352563 213.000000 280.000000
58.000000 1723.102295 1443.383301 1045.310059 1463.677368
37.000000 1758.786377 1446.681763 1030.617798 1473.359619
77.000000 1742.535767 1046.609375 1102.762451 1120.245605
64.000000 1506.674561 1584.233276 783.351990 1589.158813
65.000000 1119.979126 1587.617920 430.010834 1587.578247
91.000000 1763.180420 1063.277710 1143.822021 1130.128662
118.000000 2893.648438 1190.277588 2313.429199 1226.660522
66.000000 2296.235352 1093.355957 1708.586426 1150.020630
67.000000 2315.685791 1463.384888 1713.583618 1493.378174
56.000000 2153.331787 1006.683899 1596.617188 1074.337891
57.000000 1786.750854 975.672119 1226.692871 1056.133667
68.000000 2288.421631 1463.090942 1688.597046 1493.314209
69.000000 2270.952881 1096.462402 1685.196655 1149.981567
86.000000 2427.138184 1426.427368 1800.905518 1459.978027
80.000000 2432.421143 1083.387695 1816.975220 1133.405518
81.000000 2453.270264 1433.535522 1824.934326 1466.708008
44.000000 1826.653198 970.161926 1213.292725 1047.537964
45.000000 2170.099365 998.807617 1613.510864 1066.191284
785.000000 1135.974731 680.305908 500.000000 816.000000
92.000000 2364.493652 1083.268921 1762.999634 1140.072998
93.000000 2383.183350 1420.193237 1769.305420 1456.746826
878.000000 1042.856079 1183.310303 468.000000 1247.000000
102.000000 2356.198242 1419.660400 1743.949341 1449.927856
103.000000 2338.110352 1089.555542 1738.407593 1146.573975
919.000000 886.862610 105.517502 297.000000 355.000000
120.000000 1936.923584 389.989838 1283.038452 523.329956
121.000000 1923.992188 63.439243 1286.270508 243.328766
245.000000 2509.132324 644.311768 1889.952515 726.656189
115.000000 2270.109375 432.358673 1627.623047 540.008301
259.000000 904.453979 485.054657 290.174530 668.502869
157.000000 2266.019775 440.000946 1626.958130 547.071411
174.000000 910.710144 1136.697754 418.750916 1223.208862
197.000000 2353.805420 636.614258 1732.920898 723.186340
145.000000 940.378296 1143.208984 439.804321 1226.647705
146.000000 928.034607 1436.583984 414.581116 1486.787598
8.000000 2782.955811 425.334839 2216.441895 499.059906
274.000000 1916.099243 356.694946 1271.569336 496.662231
191.000000 433.294739 931.639038 19.962719 1056.004883
192.000000 719.736816 925.113831 259.577759 1042.505127
84.000000 1938.082642 484.855499 1301.135498 603.978943
195.000000 876.397583 480.584351 264.853088 662.148193
196.000000 594.989685 436.171600 27.353737 641.929382
16.000000 2797.164307 14.765376 2239.948486 110.413155
30.000000 2796.830322 109.306190 2243.275879 197.187119
161.000000 2489.623535 710.805054 1869.939697 789.767822
162.000000 2560.712158 981.394775 1935.617310 1034.262329
19.000000 2800.760498 7.095202 2247.066895 103.458855
114.000000 2491.769287 638.653931 1854.483154 713.087952
122.000000 1943.319702 1779.631226 1129.999756 1759.946045
123.000000 1666.661987 1789.873901 850.003296 1760.935303
1547.000000 3070.388916 451.461548 2576.000000 509.000000
149.000000 1482.806152 176.226883 849.815674 368.790741
150.000000 1750.310059 224.965073 1106.860962 391.094757
126.000000 2173.506836 424.695953 1524.885010 536.854065
127.000000 2399.410400 574.059082 1774.341553 661.259644
247.000000 1000.556030 585.637634 378.315918 743.249939
248.000000 1129.734131 821.615906 481.764709 921.781189
343.000000 1592.844116 851.927795 916.538330 946.635254
154.000000 2053.783936 381.722351 1396.795044 509.377075
525.000000 1823.351196 1737.189331 1046.666748 1723.315674
15.000000 2816.871826 422.267975 2256.602051 494.009460
257.000000 2889.992920 803.395508 2329.776855 853.886353
280.000000 2355.327148 871.392639 1750.430054 925.123840
187.000000 2375.129639 785.520813 1764.838867 861.725952
188.000000 2210.545654 597.035645 1593.792969 692.784973
263.000000 1076.651611 672.666382 442.313751 809.722107
264.000000 893.127869 506.209656 288.010803 684.247803
282.000000 1113.322632 1618.371826 420.009705 1613.994507
138.000000 2321.781738 624.126404 1698.067139 707.822937
139.000000 2107.639160 503.510132 1446.986572 610.805664
175.000000 2153.450684 535.406372 1535.606812 646.202454
207.000000 2041.217773 635.293762 1452.251953 739.866211
208.000000 2240.287598 773.302246 1654.711060 851.452271
179.000000 3071.356689 1416.531006 2670.842773 1463.578369
180.000000 3047.326660 1176.267334 2646.844971 1219.654541
213.000000 1476.629272 1267.690674 790.006287 1313.088745
214.000000 1239.912964 1259.049683 563.317932 1307.267456
942.000000 643.149048 74.303276 82.000000 346.000000
117.000000 2126.526123 595.392761 1504.329468 689.583801
211.000000 2994.438477 1246.556519 2595.631104 1289.786499
212.000000 3017.442383 1477.254028 2616.716064 1516.662109
217.000000 2993.794922 1472.957886 2593.667480 1516.338623
218.000000 2971.358643 1246.202393 2573.690918 1293.003174
262.000000 2819.135986 386.437592 2264.637695 459.716736
265.000000 676.636536 1010.412354 230.066849 1115.130127
266.000000 449.720337 993.826111 33.337471 1106.571533
95.000000 1080.057983 1814.977051 390.002899 1782.273804
352.000000 866.772522 122.785736 280.102112 368.986664
578.000000 1144.888794 658.427673 507.293488 799.793213
237.000000 1279.882324 928.783997 613.235291 1023.674744
238.000000 1496.804932 940.845642 826.683472 1029.370117
333.000000 870.595337 403.535461 268.626404 596.893127
334.000000 881.423462 193.063583 288.321289 426.472656
382.000000 3070.345459 131.938339 2563.155518 195.069580
210.000000 2866.314697 81.421219 2329.937988 167.244354
267.000000 2962.269775 533.390503 2425.311035 589.997375
268.000000 2973.423584 740.891052 2424.928467 786.624390
255.000000 1496.854004 994.105286 823.421265 1074.675171
256.000000 1290.074829 978.976807 623.369812 1065.840088
143.000000 2055.746338 540.216064 1430.342651 645.543335
330.000000 2955.323242 776.195984 2409.415771 831.563538
355.000000 855.823608 130.900589 266.393707 375.903076
356.000000 655.789978 91.069466 99.835945 358.211090
250.000000 1760.784790 664.444824 1124.159424 776.620605
151.000000 2939.997314 1574.983765 2346.690674 1599.666138
152.000000 2743.325928 1575.291626 2089.991455 1597.978516
136.000000 1123.809326 1573.416626 441.311707 1570.115479
124.000000 1573.383179 1556.219238 849.977295 1566.723877
480.000000 2160.848145 644.302856 1564.932251 749.552734
433.000000 1396.254272 576.220337 746.632263 717.086426
319.000000 2216.537598 600.431580 1596.100464 699.000854
320.000000 2034.519043 546.032654 1425.526489 657.625427
148.000000 1033.168457 237.601944 429.796814 452.383057
291.000000 2723.281494 717.027527 2133.357422 779.656189
339.000000 1173.067627 24.469339 566.605225 263.815735
340.000000 1353.341675 66.630783 736.397949 285.442810
413.000000 2071.912842 774.745422 1518.943481 868.053955
301.000000 1523.385010 459.655579 873.333191 610.002075
302.000000 1343.431519 432.678131 693.329651 596.716919
536.000000 2626.461670 190.900894 2046.702881 289.610657
110.000000 1024.469971 630.777039 397.524475 782.967590
479.000000 880.550537 521.549255 275.290222 697.006775
905.000000 1119.983521 1597.069458 423.000000 1594.000000
349.000000 2381.558105 562.277405 1754.849365 652.133118
350.000000 2482.191895 710.773560 1859.215698 783.954346
341.000000 1730.817261 1465.540527 1002.596375 1488.402344
342.000000 1574.889160 1553.516113 847.847717 1559.786499
805.000000 2426.790283 535.499573 1806.000000 616.000000
1333.000000 3028.626465 1370.135986 2626.000000 1416.000000
141.000000 3011.114014 1193.223022 2609.441162 1236.718506
357.000000 2580.773193 1663.478394 1900.327881 1676.663696
358.000000 2570.753906 1486.623901 1898.841187 1509.980591
317.000000 1733.631592 1580.232178 1003.294495 1587.536865
318.000000 1556.726562 1585.389771 826.671692 1590.320312
415.000000 839.495483 1413.443481 362.935089 1456.869141
416.000000 846.381042 1236.655518 373.068420 1309.981689
371.000000 1389.918091 817.512329 726.589844 924.809814
372.000000 1216.596191 800.727844 566.676025 916.487183
487.000000 2806.601807 827.397583 2226.894531 881.322205
442.000000 658.167542 129.968414 103.607452 389.116455
443.000000 830.451111 149.316147 246.766022 392.722076
411.000000 2237.436279 413.386169 1605.413818 523.357788
412.000000 2233.931885 243.320999 1607.175537 373.339294
300.000000 1229.974854 330.150757 603.316345 516.862244
446.000000 1056.342285 538.904785 437.250275 704.168701
447.000000 917.218750 447.569824 313.903870 634.921204
347.000000 1908.576782 740.119324 1347.629395 839.172607
348.000000 2071.616455 771.638428 1514.539062 860.614197
377.000000 2856.529053 1045.965088 2267.442383 1088.450562
378.000000 2873.333496 882.989624 2293.859619 931.182068
393.000000 2704.506348 1554.792725 2050.539062 1575.655396
394.000000 2567.335205 1468.932007 1913.671387 1502.699097
55.000000 2909.909424 1014.368835 2343.324951 1056.861084
52.000000 2910.143066 1008.292603 2343.326172 1050.164185
383.000000 1699.845703 280.822571 1056.632080 443.692322
384.000000 1857.226318 310.350128 1213.446777 458.824799
550.000000 1961.204102 400.053864 1304.924316 521.765137
576.000000 2345.511475 638.075745 1724.213867 726.637024
279.000000 2268.006348 683.693359 1642.611816 768.205444
293.000000 2723.296143 1585.415405 2066.719482 1604.698120
294.000000 2880.006592 1584.143066 2253.341064 1609.712891
335.000000 1843.846802 730.653992 1244.764160 835.676453
1236.000000 1777.402466 872.321655 1180.000000 960.000000
332.000000 3026.198486 252.864624 2550.782715 306.118591
476.000000 2288.805664 838.520020 1673.083374 903.277954
419.000000 1353.334839 1633.449829 643.333191 1629.741577
420.000000 1506.685425 1631.405151 790.001404 1629.672729
547.000000 2526.666504 1633.579834 1859.999023 1649.693970
491.000000 2723.335205 1600.301636 2069.986328 1621.161377
436.000000 1303.534058 561.737854 660.028015 709.552734
437.000000 1152.568604 542.745544 516.422668 700.565491
729.000000 2943.081055 701.848389 2399.000000 752.000000
441.000000 2793.145020 681.379639 2219.897461 741.382080
253.000000 1755.961914 675.311646 1103.515869 787.855774
431.000000 2239.578613 843.031860 1660.009521 920.239990
423.000000 2145.656738 726.715942 1561.185547 813.759460
275.000000 1180.744385 828.613525 525.606934 949.640564
353.000000 2610.062744 193.040390 2026.597900 294.002808
354.000000 2753.251465 223.715912 2193.218994 311.112610
94.000000 703.361816 1821.989990 76.662788 1781.414185
363.000000 2645.933105 64.009010 2073.070312 170.420090
364.000000 2786.709717 89.765129 2236.767334 181.896210
159.000000 1163.404053 659.397461 513.224182 798.395081
518.000000 1460.000000 1509.956177 769.993347 1526.266724
519.000000 1600.000000 1509.960571 896.680420 1524.159180
1491.000000 1255.751587 1306.575562 576.000000 1343.000000
511.000000 1135.942017 1093.312378 477.623199 1166.758545
569.000000 2020.325684 930.015320 1456.847656 1006.669800
570.000000 2019.629150 793.335205 1458.935669 886.590210
593.000000 1127.125122 947.163330 483.603912 1044.457153
594.000000 1261.789429 968.928955 598.480103 1058.524048
482.000000 1480.239380 1271.317139 793.309387 1316.917603
483.000000 1613.280396 1287.112915 923.397827 1329.323853
589.000000 1584.645630 1313.330566 890.605896 1353.166748
590.000000 1584.459351 1446.668213 883.470825 1470.008423
506.000000 3028.202393 746.888184 2489.330566 793.398315
507.000000 3012.072754 616.000427 2476.995605 666.311218
184.000000 1009.491455 18.828537 442.974365 266.971130
659.000000 1137.689575 48.984982 540.000000 287.000000
538.000000 1183.651855 407.884857 556.742126 585.744690
539.000000 1053.589111 388.301331 433.416412 575.651367
323.000000 2951.800537 410.475616 2452.485840 470.096558
554.000000 1903.501953 359.636444 1240.986206 504.808044
532.000000 1783.758301 413.539185 1130.684570 555.618164
516.000000 1416.508179 637.887878 763.332214 770.016968
517.000000 1546.482056 654.755798 889.885559 778.394958
286.000000 2038.798584 646.892273 1442.449951 742.636963
400.000000 2406.694336 1750.740845 1653.346313 1748.745361
1316.000000 1940.867065 933.310974 1374.000000 1005.000000
520.000000 2292.561279 470.309357 1656.734985 573.232666
521.000000 2390.244629 553.044373 1761.566406 644.357849
540.000000 2947.683838 1326.868164 2549.049072 1373.413452
541.000000 2936.647217 1200.001709 2538.665771 1250.112427
1433.000000 922.476562 284.491943 321.000000 493.000000
398.000000 2166.566406 666.541992 1565.367676 753.795959
376.000000 1151.798218 831.318298 507.643066 942.952698
297.000000 2845.593506 387.075806 2327.593750 456.556641
465.000000 2714.107666 1576.619751 2058.770752 1603.279907
1344.000000 885.513123 326.780090 283.000000 542.000000
565.000000 2391.260742 565.215698 1751.464233 644.450928
566.000000 2298.474121 484.586578 1651.195801 578.190430
581.000000 1156.538452 460.687439 529.807800 631.496948
582.000000 1277.311890 483.206360 647.529602 646.613281
452.000000 2730.085693 712.704651 2143.305176 773.813904
453.000000 2610.042725 696.352600 2003.395386 765.609070
311.000000 2471.127197 1210.157104 1829.897949 1263.331177
305.000000 1286.702759 1199.163696 613.382263 1255.301758
421.000000 2703.096436 1564.487793 2053.130859 1587.484619
422.000000 2583.093262 1567.701416 1906.535522 1590.717651
1531.000000 2103.000000 220.000000 1469.000000 360.000000
930.000000 2797.000000 1229.000000 2198.000000 1264.000000
1169.000000 2845.000000 1693.000000 2223.000000 1712.000000
789.000000 2873.000000 1516.000000 2275.000000 1543.000000
1444.000000 3004.000000 722.000000 2458.000000 770.000000
1320.000000 2819.000000 1070.000000 2224.000000 1112.000000
835.000000 2061.000000 48.000000 1446.000000 209.000000
1102.000000 2357.000000 598.000000 1728.000000 687.000000
854.000000 595.000000 287.000000 33.000000 520.000000
322.000000 585.000000 136.000000 35.990604 403.234131
198.000000 2473.000000 860.000000 1846.901733 928.014282
1536.000000 1108.000000 215.000000 497.000000 428.000000
610.000000 1960.000000 806.000000 1425.000000 896.000000
1548.000000 1843.000000 940.000000 1272.000000 1022.000000
1435.000000 2033.000000 956.000000 1468.000000 1030.000000
784.000000 1161.000000 193.000000 546.000000 406.000000
871.000000 983.000000 19.000000 392.000000 273.000000
890.000000 1860.000000 845.000000 1320.000000 936.000000
1006.000000 2215.000000 1461.000000 1629.000000 1496.000000
1309.000000 3032.000000 1552.000000 2578.000000 1597.000000
1330.000000 832.000000 1003.000000 370.000000 1105.000000
733.000000 2876.000000 1692.000000 2261.000000 1713.000000
621.000000 605.000000 124.000000 50.000000 388.000000
617.000000 610.000000 987.000000 175.000000 1097.000000
931.000000 2992.000000 615.000000 2449.000000 668.000000
798.000000 794.000000 297.000000 208.000000 516.000000
261.000000 2797.000000 171.000000 2252.455078 260.257233
705.000000 1937.000000 72.000000 1298.000000 243.000000
735.000000 2403.000000 985.000000 1774.000000 1043.000000
842.000000 1979.000000 115.000000 1346.000000 275.000000
1055.000000 1690.000000 915.000000 1023.000000 1001.000000
825.000000 3014.000000 1889.000000 2171.000000 1881.000000
1505.000000 2596.000000 1397.000000 1952.000000 1427.000000
675.000000 2385.000000 631.000000 1758.000000 715.000000
1267.000000 589.000000 364.000000 25.000000 582.000000
688.000000 2051.000000 958.000000 1487.000000 1031.000000
1510.000000 2016.000000 1236.000000 1441.000000 1288.000000
976.000000 2818.000000 1045.000000 2222.000000 1089.000000
1364.000000 2696.000000 1243.000000 2080.000000 1278.000000
1176.000000 2471.000000 63.000000 1877.000000 186.000000
11.000000 2815.000000 401.000000 2250.350586 473.064362
998.000000 1324.000000 1490.000000 632.000000 1507.000000
757.000000 1249.000000 927.000000 582.000000 1023.000000
886.000000 2774.000000 804.000000 2191.000000 859.000000
1217.000000 2440.000000 676.000000 1816.000000 755.000000
873.000000 2326.000000 567.000000 1695.000000 660.000000
726.000000 3041.000000 1497.000000 2633.000000 1539.000000
1571.000000 1306.000000 1011.000000 640.000000 1093.000000
1419.000000 2219.000000 494.000000 1583.000000 600.000000
806.000000 1125.000000 907.000000 476.000000 1009.000000
1280.000000 2594.000000 1510.000000 1940.000000 1541.000000
738.000000 648.000000 1806.000000 30.000000 1767.000000
609.000000 494.000000 978.000000 76.000000 1093.000000
1256.000000 2061.000000 450.000000 1418.000000 569.000000
658.000000 2901.000000 388.000000 2369.000000 454.000000
767.000000 941.000000 352.000000 339.000000 553.000000
706.000000 2518.000000 1523.000000 1864.000000 1546.000000
745.000000 2906.000000 1074.000000 2333.000000 1113.000000
97.000000 575.000000 57.000000 30.237490 330.888489
853.000000 1779.000000 929.000000 1114.000000 1011.000000
875.000000 2781.000000 1511.000000 2166.000000 1537.000000
1395.000000 1179.000000 885.000000 520.000000 989.000000
693.000000 3053.000000 8.000000 2562.000000 74.000000
1503.000000 2575.000000 842.000000 1959.000000 903.000000
1153.000000 2472.000000 1253.000000 1839.000000 1291.000000
655.000000 2617.000000 1392.000000 1979.000000 1422.000000
946.000000 2114.000000 963.000000 1552.000000 1035.000000
1095.000000 2453.000000 1484.000000 1814.000000 1510.000000
1526.000000 2517.000000 1120.000000 1885.000000 1166.000000
681.000000 2142.000000 464.000000 1502.000000 577.000000
857.000000 765.000000 381.000000 176.000000 588.000000
1166.000000 703.000000 175.000000 140.000000 434.000000
671.000000 2909.000000 1134.000000 2329.000000 1171.000000
1410.000000 2861.000000 1293.000000 2269.000000 1326.000000
616.000000 732.000000 360.000000 148.000000 571.000000
685.000000 3041.000000 1120.000000 2641.000000 1163.000000
629.000000 709.000000 1253.000000 248.000000 1320.000000
922.000000 2969.000000 722.000000 2425.000000 771.000000
683.000000 2412.000000 668.000000 1785.000000 748.000000
1398.000000 1791.000000 1500.000000 1173.000000 1502.000000
1352.000000 2645.000000 911.000000 2036.000000 965.000000
119.000000 2917.000000 1473.000000 2331.491699 1506.785400
603.000000 894.000000 178.000000 299.000000 412.000000
861.000000 1744.000000 190.000000 1105.000000 360.000000
918.000000 631.000000 1809.000000 13.000000 1769.000000
1331.000000 2692.000000 385.000000 2112.000000 468.000000
821.000000 700.000000 993.000000 253.000000 1101.000000
844.000000 1497.000000 1082.000000 818.000000 1152.000000
1348.000000 2245.000000 484.000000 1611.000000 589.000000
1129.000000 1528.000000 221.000000 893.000000 405.000000
924.000000 2276.000000 376.000000 1640.000000 487.000000
1036.000000 2456.000000 747.000000 1832.000000 819.000000
1224.000000 2000.000000 37.000000 1367.000000 205.000000
1002.000000 2993.000000 1666.000000 2492.000000 1700.000000
1377.000000 2860.000000 1506.000000 2258.000000 1530.000000
1534.000000 854.000000 1022.000000 388.000000 1120.000000
736.000000 2454.000000 985.000000 1833.000000 1041.000000
1486.000000 2894.000000 1210.000000 2313.000000 1247.000000
908.000000 1819.000000 154.000000 1184.000000 323.000000
787.000000 2039.000000 384.000000 1391.000000 512.000000
1080.000000 1691.000000 1013.000000 1018.000000 1088.000000
985.000000 2149.000000 967.000000 1590.000000 1036.000000
664.000000 2181.000000 476.000000 1543.000000 586.000000
978.000000 2038.000000 358.000000 1394.000000 489.000000
882.000000 2610.000000 801.000000 2001.000000 864.000000
1431.000000 2767.000000 501.000000 2194.000000 572.000000
953.000000 1794.000000 965.000000 1155.000000 1033.000000
1302.000000 2840.000000 1433.000000 2239.000000 1462.000000
1207.000000 2904.000000 627.000000 2351.000000 683.000000
732.000000 1180.000000 923.000000 519.000000 1021.000000
1290.000000 943.000000 38.000000 351.000000 294.000000
1048.000000 2967.000000 705.000000 2422.000000 755.000000
1071.000000 754.000000 998.000000 301.000000 1103.000000
1451.000000 604.000000 141.000000 48.000000 402.000000
989.000000 2283.000000 508.000000 1650.000000 608.000000
960.000000 1192.000000 1818.000000 483.000000 1785.000000
1465.000000 1236.000000 37.000000 623.000000 269.000000
968.000000 3049.000000 1554.000000 2638.000000 1596.000000
1139.000000 2580.000000 90.000000 1999.000000 200.000000
654.000000 1145.000000 1137.000000 484.000000 1204.000000
768.000000 1628.000000 1629.000000 909.000000 1630.000000
1052.000000 2434.000000 707.000000 1809.000000 783.000000
1446.000000 2805.000000 1094.000000 2213.000000 1136.000000
618.000000 469.000000 977.000000 55.000000 1092.000000
1015.000000 3040.000000 1104.000000 2640.000000 1147.000000
704.000000 586.000000 985.000000 154.000000 1096.000000
653.000000 2885.000000 397.000000 2351.000000 465.000000
793.000000 2059.000000 864.000000 1527.000000 947.000000
957.000000 1975.000000 1458.000000 1389.000000 1492.000000
1083.000000 2651.000000 1169.000000 2031.000000 1210.000000
1241.000000 826.000000 15.000000 248.000000 283.000000
761.000000 3019.000000 545.000000 2484.000000 598.000000
1542.000000 2975.000000 1183.000000 2570.000000 1227.000000
891.000000 2959.000000 745.000000 2411.000000 793.000000
1278.000000 2916.000000 396.000000 2371.000000 467.000000
823.000000 2080.000000 429.000000 1439.000000 549.000000
834.000000 2416.000000 79.000000 1817.000000 205.000000
889.000000 2500.000000 877.000000 1879.000000 978.000000
1029.000000 528.000000 982.000000 104.000000 1094.000000
1101.000000 643.000000 989.000000 204.000000 1099.000000
1570.000000 723.000000 994.000000 273.000000 1101.000000
1523.000000 2060.000000 33.000000 1445.000000 185.000000
941.000000 2848.000000 1353.000000 2253.000000 1385.000000
1307.000000 637.000000 131.000000 77.000000 391.000000
684.000000 1843.000000 1552.000000 1207.000000 1573.000000
298.000000 2868.000000 197.000000 2306.153564 275.936218
395.000000 3006.000000 742.000000 2459.979248 786.925110
1127.000000 2540.000000 1542.000000 1892.000000 1563.000000
828.000000 2963.000000 554.000000 2425.000000 610.000000
1499.000000 2395.000000 306.000000 1783.000000 416.000000
1464.000000 1620.000000 1104.000000 937.000000 1168.000000
1294.000000 2901.000000 236.000000 2375.000000 311.000000
1215.000000 1950.000000 949.000000 1381.000000 1026.000000
1180.000000 1864.000000 374.000000 1217.000000 515.000000
1159.000000 2845.000000 1316.000000 2251.000000 1348.000000
599.000000 753.000000 161.000000 179.000000 408.000000
1121.000000 1995.000000 430.000000 1350.000000 556.000000
1049.000000 1913.000000 449.000000 1265.000000 578.000000
512.000000 2414.000000 932.000000 1792.313843 995.502625
925.000000 1767.000000 1529.000000 1048.000000 1542.000000
813.000000 904.000000 30.000000 282.000000 287.000000
934.000000 1981.000000 456.000000 1335.000000 579.000000
310.000000 2907.000000 1090.000000 2327.973633 1125.146484
502.000000 905.000000 44.000000 319.883972 301.069122
887.000000 1547.000000 217.000000 910.000000 399.000000
1089.000000 2895.000000 525.000000 2345.000000 586.000000
1279.000000 2533.000000 77.000000 1947.000000 193.000000
727.000000 776.000000 1000.000000 320.000000 1104.000000
1010.000000 2521.000000 1598.000000 1855.000000 1616.000000
1157.000000 2993.000000 418.000000 2479.000000 478.000000
225.000000 1124.000000 952.000000 460.966125 1041.273315
1050.000000 688.000000 380.000000 108.000000 590.000000
1288.000000 1492.000000 17.000000 867.000000 231.000000
911.000000 2148.000000 979.000000 1590.000000 1047.000000
837.000000 1125.000000 1443.000000 449.000000 1464.000000
1448.000000 2648.000000 790.000000 2047.000000 850.000000
740.000000 1899.000000 250.000000 1259.000000 402.000000
734.000000 867.000000 173.000000 275.000000 409.000000
1538.000000 2527.000000 1300.000000 1914.000000 1376.000000
796.000000 2805.000000 804.000000 2227.000000 857.000000
848.000000 1742.000000 577.000000 1084.000000 700.000000
965.000000 2098.000000 280.000000 1460.000000 415.000000
492.000000 1510.000000 1612.000000 793.338318 1615.891846
1192.000000 1413.000000 225.000000 781.000000 415.000000
997.000000 2192.000000 165.000000 1568.000000 303.000000
967.000000 2472.000000 92.000000 1878.000000 213.000000
723.000000 2008.000000 1319.000000 1426.000000 1365.000000
855.000000 2474.000000 789.000000 1849.000000 858.000000
500.000000 1509.000000 133.000000 873.634705 330.685242
728.000000 3007.000000 10.000000 2533.000000 86.000000
1204.000000 714.000000 354.000000 133.000000 567.000000
777.000000 950.000000 1046.000000 446.000000 1139.000000
698.000000 1667.000000 1627.000000 948.000000 1629.000000
827.000000 2861.000000 1050.000000 2271.000000 1091.000000
1254.000000 649.000000 165.000000 97.000000 416.000000
1477.000000 2441.000000 989.000000 1820.000000 1042.000000
956.000000 1480.000000 503.000000 831.000000 650.000000
751.000000 2605.000000 1368.000000 1963.000000 1398.000000
1378.000000 1621.000000 1568.000000 915.000000 1577.000000
1111.000000 848.000000 185.000000 261.000000 420.000000
1063.000000 438.000000 809.000000 14.000000 952.000000
1521.000000 2547.000000 500.000000 1918.000000 625.000000
1475.000000 2341.000000 335.000000 1724.000000 446.000000
797.000000 2354.000000 567.000000 1725.000000 658.000000
869.000000 2613.000000 95.000000 2036.000000 203.000000
864.000000 2978.000000 1207.000000 2573.000000 1252.000000
1221.000000 1793.000000 942.000000 1136.000000 1023.000000
1376.000000 1328.000000 118.000000 707.000000 332.000000
903.000000 1386.000000 533.000000 739.000000 681.000000
929.000000 2150.000000 143.000000 1535.000000 286.000000
1247.000000 723.000000 149.000000 165.000000 406.000000
662.000000 1299.000000 267.000000 670.000000 459.000000
1243.000000 2412.000000 637.000000 1787.000000 719.000000
1541.000000 1199.000000 594.000000 561.000000 743.000000
778.000000 1944.000000 1187.000000 1368.000000 1244.000000
672.000000 1248.000000 941.000000 582.000000 1035.000000
826.000000 2185.000000 371.000000 1550.000000 490.000000
1147.000000 2725.000000 969.000000 2126.000000 1018.000000
962.000000 1752.000000 1610.000000 1034.000000 1614.000000
112.000000 1162.000000 53.000000 557.093140 290.040161
1515.000000 1309.000000 564.000000 664.000000 711.000000
1021.000000 837.000000 330.000000 249.000000 541.000000
868.000000 1548.000000 701.000000 888.000000 817.000000
1252.000000 1972.000000 1432.000000 1388.000000 1468.000000
1124.000000 2616.000000 316.000000 2029.000000 409.000000
1059.000000 2038.000000 428.000000 1394.000000 552.000000
694.000000 1707.000000 694.000000 1044.000000 805.000000
1113.000000 2584.000000 383.000000 1978.000000 516.000000
1575.000000 2115.000000 264.000000 1477.000000 400.000000
1099.000000 1785.000000 147.000000 1150.000000 320.000000
858.000000 2425.000000 206.000000 1821.000000 322.000000
1023.000000 1605.000000 174.000000 968.000000 357.000000
1338.000000 1113.000000 1006.000000 456.000000 1093.000000
885.000000 1778.000000 1029.000000 1165.000000 1102.000000
981.000000 2384.000000 600.000000 1757.000000 687.000000
703.000000 785.000000 256.000000 205.000000 484.000000
1388.000000 1875.000000 464.000000 1225.000000 593.000000
969.000000 1651.000000 416.000000 1003.000000 565.000000
1569.000000 1716.000000 1345.000000 1035.000000 1382.000000
1088.000000 2646.000000 775.000000 2043.000000 837.000000
774.000000 2270.000000 15.000000 1660.000000 160.000000
1375.000000 618.000000 110.000000 61.000000 375.000000
1484.000000 2525.000000 1140.000000 1889.000000 1184.000000
1393.000000 1691.000000 957.000000 1021.000000 1037.000000
935.000000 1770.000000 542.000000 1115.000000 667.000000
1365.000000 818.000000 93.000000 242.000000 347.000000
1430.000000 2728.000000 1557.000000 2100.000000 1580.000000
994.000000 2277.000000 402.000000 1642.000000 514.000000
1123.000000 2462.000000 718.000000 1839.000000 792.000000
557.000000 1734.000000 98.000000 1096.848999 281.595123
747.000000 2478.000000 322.000000 1875.000000 424.000000
830.000000 2914.000000 380.000000 2384.000000 443.000000
1205.000000 2545.000000 463.000000 2040.000000 558.000000
974.000000 1120.000000 830.000000 476.000000 944.000000
1144.000000 3005.000000 260.000000 2498.000000 314.000000
1537.000000 2540.000000 315.000000 1945.000000 413.000000
876.000000 2665.000000 660.000000 2069.000000 728.000000
1561.000000 1803.000000 512.000000 1150.000000 640.000000
970.000000 951.000000 1107.000000 447.000000 1193.000000
702.000000 2661.000000 358.000000 2079.000000 444.000000
1480.000000 1163.000000 21.000000 557.000000 261.000000
838.000000 2235.000000 1524.000000 1647.000000 1553.000000
1091.000000 2684.000000 616.000000 2093.000000 686.000000
1396.000000 2693.000000 402.000000 2113.000000 484.000000
916.000000 2204.000000 27.000000 1589.000000 178.000000
1413.000000 2310.000000 218.000000 1694.000000 342.000000
635.000000 1905.000000 478.000000 1255.000000 604.000000
1397.000000 2478.000000 880.000000 1854.000000 942.000000
1335.000000 1092.000000 82.000000 452.000000 314.000000
1405.000000 806.000000 10.000000 196.000000 279.000000
474.000000 1771.000000 1611.000000 1086.692383 1621.748291
781.000000 1481.000000 14.000000 856.000000 229.000000
900.000000 2032.000000 968.000000 1486.000000 1042.000000
913.000000 2320.000000 535.000000 1689.000000 631.000000
1078.000000 1898.000000 210.000000 1260.000000 367.000000
1385.000000 847.000000 19.000000 266.000000 285.000000
836.000000 2977.000000 1135.000000 2585.000000 1179.000000
651.000000 1541.000000 568.000000 887.000000 704.000000
74.000000 575.000000 452.000000 5.725684 655.527710
752.000000 1094.000000 949.000000 442.000000 1046.000000
1382.000000 1513.000000 88.000000 883.000000 291.000000
670.000000 1891.000000 339.000000 1247.000000 481.000000
1117.000000 1900.000000 94.000000 1268.000000 265.000000
234.000000 879.000000 448.000000 277.680786 637.421204
1403.000000 784.000000 1410.000000 307.000000 1453.000000
96.000000 926.000000 125.000000 340.226624 361.000366
473.000000 2256.000000 1755.000000 1486.671997 1750.149902
1116.000000 2437.000000 53.000000 1841.000000 180.000000
1453.000000 1712.000000 1024.000000 1168.000000 1086.000000
1315.000000 1444.000000 1370.000000 751.000000 1402.000000
710.000000 2779.000000 236.000000 2220.000000 320.000000
1492.000000 1618.000000 787.000000 941.000000 891.000000
1414.000000 1834.000000 518.000000 1182.000000 644.000000
1370.000000 2147.000000 164.000000 1532.000000 306.000000
1032.000000 2024.000000 1441.000000 1440.000000 1477.000000
795.000000 1684.000000 1448.000000 984.000000 1471.000000
1310.000000 920.000000 1019.000000 427.000000 1116.000000
1151.000000 1942.000000 465.000000 1294.000000 590.000000
1249.000000 1693.000000 717.000000 1031.000000 826.000000
1334.000000 1325.000000 1033.000000 656.000000 1112.000000
1270.000000 2679.000000 570.000000 2091.000000 641.000000
754.000000 1105.000000 906.000000 459.000000 1009.000000
1198.000000 2578.000000 468.000000 1979.000000 553.000000
1501.000000 1725.000000 652.000000 1064.000000 767.000000
840.000000 1018.000000 51.000000 417.000000 300.000000
1047.000000 2730.000000 1196.000000 2120.000000 1235.000000
1494.000000 2631.000000 610.000000 2066.000000 685.000000
1168.000000 2824.000000 1265.000000 2229.000000 1300.000000
99.000000 2246.000000 1088.000000 1717.535034 1143.371582
870.000000 2406.000000 1033.000000 1775.000000 1061.000000
816.000000 940.000000 372.000000 336.000000 570.000000
1201.000000 2257.000000 514.000000 1623.000000 616.000000
402.000000 2872.000000 991.000000 2302.696289 1033.030029
1564.000000 2541.000000 672.000000 1928.000000 745.000000
1086.000000 1620.000000 1054.000000 940.000000 1123.000000
1527.000000 1619.000000 197.000000 981.000000 376.000000
1493.000000 2577.000000 328.000000 1987.000000 421.000000

1.000000 2906.684814 1783.716309 1628.779785 1843.869873 2163.339600 1787.231079 1010.000854 1800.077026
3.000000 564.057678 -0.431852 1376.809326 155.925354 2.904332 287.793182 750.032654 359.660797
25.000000 1693.223267 1827.475708 2459.885498 1794.041016 1006.653748 1791.842529 1390.015991 1788.516235
17.000000 1049.986206 843.469666 319.720001 769.428284 440.021423 959.643311 3.327890 933.424011
16.000000 326.696228 763.041138 1043.445557 835.557312 3.120330 926.876160 440.011444 953.143066
6.000000 1833.379150 1575.672607 2443.159912 1603.765991 1199.981445 1600.510254 1796.584717 1622.248047
12.000000 1996.107422 1566.685791 1976.619263 996.668274 1404.027954 1590.004639 1407.310181 1103.337646
148.000000 1964.117432 996.760437 1984.958252 1563.396118 1400.000000 1070.000000 1400.000000 1253.333374
11.000000 1172.895386 105.586945 637.034973 1.438289 563.125977 332.147583 3.196277 278.086212
52.000000 356.665802 1603.779785 869.997253 1604.770874 3.325446 1611.918579 306.667358 1613.165649
14.000000 2584.859375 -2.992665 3072.119873 114.544777 2330.776855 150.243317 2795.881348 206.494034
258.000000 851.749756 1560.562378 872.996460 1116.650513 381.223816 1339.791748 393.707428 1213.370239
31.000000 1782.969849 1013.374695 1787.706055 1436.617676 1131.052002 1089.738037 1114.242310 1450.042358
39.000000 406.652130 1579.540161 826.675110 1581.662842 3.288260 1595.814209 336.632690 1601.870605
20.000000 1730.753662 1033.357910 1735.797119 1454.025391 1089.311646 1042.684326 1070.003906 1459.845947
10.000000 1187.150757 80.822929 780.189087 2.352563 575.618958 310.912079 3.083000 255.940598
29.000000 1723.102295 1443.383301 1717.395020 1036.609619 1045.310059 1463.677368 1059.782837 1100.124023
38.000000 1746.441162 1446.636353 1742.535767 1046.609375 1089.198730 1456.902954 1102.762451 1120.245605
32.000000 1506.674561 1584.233276 1119.979126 1587.617920 783.351990 1589.158813 430.010834 1587.578247
45.000000 1769.764771 1440.004150 1763.180420 1063.277710 1133.155273 1446.885132 1143.822021 1130.128662
59.000000 2893.648438 1190.277588 2927.674072 1560.213989 2313.429199 1226.660522 2331.491699 1506.785400
33.000000 2296.235352 1093.355957 2315.685791 1463.384888 1708.586426 1150.020630 1713.583618 1493.378174
2.000000 3070.589111 94.396591 2713.736084 1.781717 2809.682617 189.192474 1743.107544 55.129467
28.000000 2153.331787 1006.683899 1786.750854 975.672119 1596.617188 1074.337891 1226.692871 1056.133667
34.000000 2288.421631 1463.090942 2270.952881 1096.462402 1688.597046 1493.314209 1685.196655 1149.981567
37.000000 662.472595 444.102325 995.527832 565.736694 5.725684 655.527710 340.187012 700.465759
43.000000 2427.138184 1426.427368 2405.123291 1076.344482 1800.905518 1459.978027 1793.155884 1139.923584
40.000000 2432.421143 1083.387695 2453.270264 1433.535522 1816.975220 1133.405518 1824.934326 1466.708008
22.000000 1826.653198 970.161926 2170.099365 998.807617 1213.292725 1047.537964 1613.510864 1066.191284
117.000000 1135.974731 680.305908 889.328186 443.480103 452.226318 765.772705 277.680786 637.421204
46.000000 2364.493652 1083.268921 2383.183350 1420.193237 1762.999634 1140.072998 1769.305420 1456.746826
51.000000 2356.198242 1419.660400 2338.110352 1089.555542 1743.949341 1449.927856 1738.407593 1146.573975
48.000000 886.862610 105.517502 563.274292 50.346382 340.226624 361.000366 30.237490 330.888489
60.000000 1936.923584 389.989838 1923.992188 63.439243 1283.038452 523.329956 1286.270508 243.328766
55.000000 1039.860474 665.299377 770.370728 484.538635 397.524475 782.967590 128.490051 664.115234
57.000000 2509.132324 644.311768 2270.109375 432.358673 1854.483154 713.087952 1627.623047 540.008301
130.000000 904.453979 485.054657 1130.916870 701.934021 290.174530 668.502869 451.985229 786.009460
88.000000 2217.150391 564.594116 2412.815186 799.317200 1535.606812 646.202454 1742.836914 780.477295
79.000000 2266.019775 440.000946 2265.578613 136.663406 1626.958130 547.071411 1641.722168 293.239624
87.000000 897.713928 1433.379150 910.710144 1136.697754 394.138672 1470.080322 418.750916 1223.208862
99.000000 2353.805420 636.614258 2479.703125 902.064636 1732.920898 723.186340 1846.901733 928.014282
73.000000 940.378296 1143.208984 928.034607 1436.583984 439.804321 1226.647705 414.581116 1486.787598
4.000000 2782.955811 425.334839 3071.309326 479.724884 2216.441895 499.059906 2833.301758 557.002319
137.000000 1901.627319 66.253403 1916.099243 356.694946 1271.023315 303.302216 1271.569336 496.662231
96.000000 433.294739 931.639038 719.736816 925.113831 19.962719 1056.004883 259.577759 1042.505127
42.000000 1938.082642 484.855499 2222.128906 518.907532 1301.135498 603.978943 1628.757935 633.301147
98.000000 876.397583 480.584351 594.989685 436.171600 264.853088 662.148193 27.353737 641.929382
111.000000 2543.296875 1789.047485 2826.599365 1778.235107 1843.333252 1783.208618 2066.666504 1783.062134
8.000000 2797.164307 14.765376 3070.120117 86.207458 2239.948486 110.413155 2816.399902 182.144257
15.000000 2796.830322 109.306190 3070.656494 173.883041 2243.275879 197.187119 2679.776611 245.357391
81.000000 2489.623535 710.805054 2560.712158 981.394775 1869.939697 789.767822 1935.617310 1034.262329
9.000000 3070.590820 77.743271 2800.760498 7.095202 2819.800537 174.932434 2247.066895 103.458855
95.000000 2587.982178 900.047913 2491.769287 638.653931 1947.979980 943.211853 1852.509521 722.693970
61.000000 1943.319702 1779.631226 1666.661987 1789.873901 1129.999756 1759.946045 850.003296 1760.935303
5.000000 3070.388916 451.461548 2801.481689 395.576965 2849.864258 531.394226 2250.350586 473.064362
161.000000 570.296997 386.928040 589.995178 113.332985 10.530973 576.744568 35.990604 403.234131
75.000000 1482.806152 176.226883 1750.310059 224.965073 849.815674 368.790741 1106.860962 391.094757
63.000000 2173.506836 424.695953 2399.410400 574.059082 1524.885010 536.854065 1774.341553 661.259644
124.000000 1000.556030 585.637634 1129.734131 821.615906 378.315918 743.249939 481.764709 921.781189
172.000000 1592.844116 851.927795 1644.243164 590.238464 916.538330 946.635254 956.693604 782.524292
77.000000 2302.244141 467.102905 2053.783936 381.722351 1646.591187 560.859253 1396.795044 509.377075
86.000000 2450.486328 859.409607 2325.610352 631.760559 1844.177612 981.834900 1742.796875 754.298218
7.000000 3070.426270 471.120422 2816.871826 422.267975 2836.723633 549.402649 2256.602051 494.009460
129.000000 2889.992920 803.395508 2636.574463 774.132690 2329.776855 853.886353 2130.052490 842.420837
140.000000 2224.487305 656.540771 2355.327148 871.392639 1642.611816 768.205444 1750.430054 925.123840
94.000000 2375.129639 785.520813 2210.545654 597.035645 1764.838867 861.725952 1593.792969 692.784973
132.000000 1076.651611 672.666382 893.127869 506.209656 442.313751 809.722107 288.010803 684.247803
141.000000 1360.022461 1616.756714 1113.322632 1618.371826 610.007202 1614.684814 420.009705 1613.994507
69.000000 2321.781738 624.126404 2107.639160 503.510132 1698.067139 707.822937 1446.986572 610.805664
71.000000 2107.639160 503.510132 1866.808594 539.083557 1446.986572 610.805664 1191.827271 678.208557
53.000000 1910.109131 532.867798 2153.450684 535.406372 1234.520630 666.634216 1528.409180 635.150635
104.000000 2041.217773 635.293762 2240.287598 773.302246 1452.251953 739.866211 1654.711060 851.452271
90.000000 3071.356689 1416.531006 3047.326660 1176.267334 2670.842773 1463.578369 2646.844971 1219.654541
107.000000 1476.629272 1267.690674 1239.912964 1259.049683 790.006287 1313.088745 563.317932 1307.267456
58.000000 1893.145996 598.302368 2126.526123 595.392761 1224.997559 727.800720 1504.329468 689.583801
106.000000 2994.438477 1246.556519 3017.442383 1477.254028 2595.631104 1289.786499 2616.716064 1516.662109
109.000000 2993.794922 1472.957886 2971.358643 1246.202393 2593.667480 1516.338623 2573.690918 1293.003174
131.000000 2798.088867 159.558838 2819.135986 386.437592 2252.455078 260.257233 2264.637695 459.716736
133.000000 676.636536 1010.412354 449.720337 993.826111 230.066849 1115.130127 33.337471 1106.571533
47.000000 853.305603 1817.620605 1080.057983 1814.977051 76.662788 1781.414185 390.002899 1782.273804
239.000000 2239.516357 783.444702 2310.846436 994.122925 1673.083374 903.277954 1716.717651 1028.823730
176.000000 649.834412 80.856880 866.772522 122.785736 113.448181 352.193604 280.102112 368.986664
290.000000 1211.723267 866.229492 1144.888794 658.427673 544.606567 912.913391 507.293488 799.793213
119.000000 1279.882324 928.783997 1496.804932 940.845642 613.235291 1023.674744 826.683472 1029.370117
167.000000 870.595337 403.535461 881.423462 193.063583 268.626404 596.893127 288.321289 426.472656
105.000000 3070.345459 131.938339 2866.314697 81.421219 2556.500244 191.550613 2329.937988 167.244354
134.000000 2962.269775 533.390503 2973.423584 740.891052 2425.311035 589.997375 2424.928467 786.624390
128.000000 1496.854004 994.105286 1290.074829 978.976807 823.421265 1074.675171 623.369812 1065.840088
72.000000 2055.746338 540.216064 1858.554810 598.438782 1430.342651 645.543335 1184.807007 739.806763
165.000000 2867.718262 960.666748 2955.323242 776.195984 2301.692871 966.711853 2409.415771 831.563538
178.000000 855.823608 130.900589 655.789978 91.069466 266.393707 375.903076 99.835945 358.211090
234.000000 1896.952515 520.270020 1760.784790 664.444824 1202.010498 689.142517 1110.516113 790.797729
76.000000 2939.997314 1574.983765 2743.325928 1575.291626 2346.690674 1599.666138 2089.991455 1597.978516
68.000000 1123.809326 1573.416626 1128.041992 1379.957153 441.311707 1570.115479 465.090271 1300.154785
62.000000 1573.383179 1556.219238 1379.934814 1559.563599 849.977295 1566.723877 570.034546 1564.847900
241.000000 2160.848145 644.302856 1969.530518 615.725586 1564.932251 749.552734 1437.224976 720.849060
217.000000 1586.654663 603.417664 1396.254272 576.220337 890.094055 728.853149 746.632263 717.086426
160.000000 2216.537598 600.431580 2034.519043 546.032654 1596.100464 699.000854 1425.526489 657.625427
215.000000 1383.519165 225.604889 1569.733521 258.189362 846.563599 487.767517 703.237976 474.351929
74.000000 1216.677124 269.940979 1033.168457 237.601944 690.177551 474.584534 429.796814 452.383057
146.000000 2723.281494 717.027527 2906.667725 743.325500 2133.357422 779.656189 2320.041260 792.746460
170.000000 1173.067627 24.469339 1353.341675 66.630783 566.605225 263.815735 736.397949 285.442810
113.000000 1100.457764 845.140259 1031.553467 674.006104 460.966125 1041.273315 420.780518 827.348694
24.000000 1789.294800 488.279846 1954.458130 408.746857 1130.934692 583.448730 1524.307129 526.915405
207.000000 2071.912842 774.745422 2179.104492 923.436462 1518.943481 868.053955 1615.966675 981.566711
151.000000 1523.385010 459.655579 1343.431519 432.678131 873.333191 610.002075 693.329651 596.716919
269.000000 2626.461670 190.900894 2449.120117 150.532104 2046.702881 289.610657 1923.196899 278.135010
240.000000 1024.469971 630.777039 880.550537 521.549255 385.939789 769.346558 275.290222 697.006775
65.000000 1119.983521 1597.069458 1300.227539 1604.425781 429.965454 1604.285278 703.386292 1600.317383
175.000000 2381.558105 562.277405 2482.191895 710.773560 1754.849365 652.133118 1859.215698 783.954346
171.000000 1730.817261 1465.540527 1574.889160 1553.516113 1002.596375 1488.402344 847.847717 1559.786499
70.000000 3028.626465 1370.135986 3011.114014 1193.223022 2633.876465 1499.949585 2609.441162 1236.718506
179.000000 2580.773193 1663.478394 2570.753906 1486.623901 1900.327881 1676.663696 1898.841187 1509.980591
159.000000 1733.631592 1580.232178 1556.726562 1585.389771 1003.294495 1587.536865 826.671692 1590.320312
208.000000 839.495483 1413.443481 846.381042 1236.655518 362.935089 1456.869141 373.068420 1309.981689
186.000000 1389.918091 817.512329 1216.596191 800.727844 726.589844 924.809814 566.676025 916.487183
244.000000 2633.154785 812.013245 2806.601807 827.397583 2096.562988 875.763733 2226.894531 881.322205
222.000000 658.167542 129.968414 830.451111 149.316147 103.607452 389.116455 246.766022 392.722076
206.000000 2237.436279 413.386169 2233.931885 243.320999 1605.413818 523.357788 1607.175537 373.339294
150.000000 1397.002197 357.986664 1229.974854 330.150757 783.407471 532.478638 603.316345 516.862244
224.000000 1056.342285 538.904785 917.218750 447.569824 437.250275 704.168701 313.903870 634.921204
174.000000 1908.576782 740.119324 2071.616455 771.638428 1347.629395 839.172607 1514.539062 860.614197
189.000000 2856.529053 1045.965088 2873.333496 882.989624 2267.442383 1088.450562 2293.859619 931.182068
197.000000 2704.506348 1554.792725 2567.335205 1468.932007 2050.539062 1575.655396 1913.671387 1502.699097
27.000000 3070.141846 1028.377319 2909.909424 1014.368835 2723.342529 1073.117554 2343.324951 1056.861084
26.000000 2910.143066 1008.292603 3070.137207 1021.694763 2343.326172 1050.164185 2723.333984 1066.649902
192.000000 1699.845703 280.822571 1857.226318 310.350128 1056.632080 443.692322 1213.446777 458.824799
289.000000 2222.361084 537.119934 2345.511475 638.075745 1628.393555 655.497009 1724.213867 726.637024
147.000000 2723.296143 1585.415405 2880.006592 1584.143066 2066.719482 1604.698120 2253.341064 1609.712891
168.000000 1843.846802 730.653992 1777.402466 872.321655 1244.764160 835.676453 1165.683228 987.616760
166.000000 3051.409668 406.981354 3026.198486 252.864624 2573.489502 476.645874 2550.782715 306.118591
210.000000 1353.334839 1633.449829 1506.685425 1631.405151 643.333191 1629.741577 790.001404 1629.672729
274.000000 2373.333252 1633.426758 2526.666504 1633.579834 1736.666870 1650.067871 1859.999023 1649.693970
246.000000 2876.663086 1599.386841 2723.335205 1600.301636 2200.007568 1622.685059 2069.986328 1621.161377
219.000000 1303.534058 561.737854 1152.568604 542.745544 660.028015 709.552734 516.422668 700.565491
221.000000 2943.081055 701.848389 2793.145020 681.379639 2363.183350 752.020264 2219.897461 741.382080
127.000000 1755.961914 675.311646 1708.009399 818.213501 1103.515869 787.855774 1039.969971 980.016479
212.000000 2080.307129 685.531677 1930.277222 679.624878 1561.185547 813.759460 1420.151978 769.509888
216.000000 2239.578613 843.031860 2145.656738 726.715942 1660.009521 920.239990 1561.185547 813.759460
138.000000 1133.239258 688.898621 1180.744385 828.613525 525.606934 949.640564 452.377533 772.351318
177.000000 2610.062744 193.040390 2753.251465 223.715912 2026.597900 294.002808 2193.218994 311.112610
201.000000 2955.559814 812.373901 2884.819824 940.472717 2367.996338 895.872070 2302.696289 1033.030029
155.000000 2946.685547 864.395874 2900.004883 1001.057800 2358.939697 948.065857 2327.973633 1125.146484
182.000000 2645.933105 64.009010 2786.709717 89.765129 2073.070312 170.420090 2236.767334 181.896210
80.000000 1163.404053 659.397461 1303.431396 675.830566 513.224182 798.395081 766.599609 814.395630
260.000000 1460.000000 1509.956177 1600.000000 1509.960571 769.993347 1526.266724 896.680420 1524.159180
256.000000 1131.976807 1230.057373 1135.942017 1093.312378 465.441986 1293.535889 477.623199 1166.758545
286.000000 2020.325684 930.015320 2019.629150 793.335205 1456.847656 1006.669800 1458.935669 886.590210
298.000000 1127.125122 947.163330 1261.789429 968.928955 483.603912 1044.457153 598.480103 1058.524048
242.000000 1480.239380 1271.317139 1613.280396 1287.112915 793.309387 1316.917603 923.397827 1329.323853
296.000000 1584.645630 1313.330566 1584.459351 1446.668213 890.605896 1353.166748 883.470825 1470.008423
254.000000 3028.202393 746.888184 3012.072754 616.000427 2489.330566 793.398315 2476.995605 666.311218
270.000000 1183.651855 407.884857 1053.589111 388.301331 556.742126 585.744690 433.416412 575.651367
162.000000 2951.800537 410.475616 2939.025146 279.769470 2452.485840 470.096558 2432.648193 295.985168
278.000000 1903.501953 359.636444 1783.758301 413.539185 1240.986206 504.808044 1130.684570 555.618164
259.000000 1416.508179 637.887878 1546.482056 654.755798 763.332214 770.016968 889.885559 778.394958
143.000000 1908.669678 658.819946 2038.798584 646.892273 1259.389648 787.094910 1442.449951 742.636963
200.000000 2276.626953 1755.602539 2406.694336 1750.740845 1499.998169 1749.705444 1653.346313 1748.745361
261.000000 2292.561279 470.309357 2390.244629 553.044373 1656.734985 573.232666 1761.566406 644.357849
271.000000 2947.683838 1326.868164 2936.647217 1200.001709 2549.049072 1373.413452 2538.665771 1250.112427
110.000000 1628.779785 1843.869873 1506.822754 1806.166992 996.700867 1799.281006 773.318542 1802.201294
199.000000 2257.824463 751.863098 2166.566406 666.541992 1681.569214 854.333618 1565.367676 753.795959
188.000000 1119.177612 710.848267 1151.798218 831.318298 449.654572 794.202393 507.643066 942.952698
149.000000 2845.593506 387.075806 2834.097900 263.262360 2327.593750 456.556641 2306.153564 275.936218
233.000000 2721.584473 1700.105835 2714.107666 1576.619751 2062.243164 1740.027710 2058.770752 1603.279907
284.000000 2391.260742 565.215698 2298.474121 484.586578 1751.464233 644.450928 1651.195801 578.190430
292.000000 1156.538452 460.687439 1277.311890 483.206360 529.807800 631.496948 647.529602 646.613281
227.000000 2730.085693 712.704651 2610.042725 696.352600 2143.305176 773.813904 2003.395386 765.609070
156.000000 2471.127197 1210.157104 2462.555908 1089.817993 1829.897949 1263.331177 1833.656250 1086.602661
153.000000 1286.702759 1199.163696 1406.766968 1204.341675 613.382263 1255.301758 793.389893 1261.754883
211.000000 2703.096436 1564.487793 2583.093262 1567.701416 2053.130859 1587.484619 1906.535522 1590.717651
