Keypoint Matches and Line Matches for pairs 0, 2 
0 corresponds to the image ./resources/Data/CastleP19/images/0000.png 
2 corresponds to the image ./resources/Data/CastleP19/images/0002.png 

14.000000 353.557159 1403.343140 1464.900146 1353.336426
15.000000 389.327667 589.823853 1466.477417 566.646240
99.000000 1263.200684 680.036377 2421.402344 505.949707
16.000000 377.229584 580.168518 1453.242798 566.664673
17.000000 346.089264 1300.263306 1453.726318 1353.333130
58.000000 174.773849 1146.559082 1223.640503 1116.671753
59.000000 206.777222 583.339600 1232.230225 593.315247
22.000000 435.768677 513.425415 1491.238281 490.099335
78.000000 397.962219 1183.234619 1518.201294 1139.995605
64.000000 332.718262 630.130005 1396.804932 616.685242
65.000000 307.212830 1163.359497 1394.059692 1130.003906
54.000000 717.911987 1239.954102 1898.160278 1190.117798
55.000000 729.568604 709.990540 1885.552246 636.616150
56.000000 726.553467 704.164673 1883.640137 631.318420
57.000000 1246.695068 680.628845 2400.258057 511.108612
86.000000 1251.389404 683.317871 2412.075439 523.402527
63.000000 486.856934 1200.124023 1643.467407 1159.950928
80.000000 337.649628 1166.710083 1434.762695 1133.329224
81.000000 359.728546 666.654663 1435.820801 649.998169
70.000000 712.363098 723.459045 1857.640991 659.904297
71.000000 701.551880 1213.367554 1868.674561 1156.622070
52.000000 134.948608 520.094055 1140.422485 543.407654
10.000000 339.808685 1695.557373 1220.569702 1632.849487
91.000000 736.878418 557.172913 1915.125854 487.323181
33.000000 776.653748 629.657410 1943.041382 545.495789
66.000000 1236.911987 630.910583 2373.820068 458.649506
73.000000 372.425781 1176.773926 1481.468018 1139.999878
183.000000 199.340958 1113.276367 1254.981934 1073.345337
220.000000 29.618700 1526.646240 1068.746460 1463.309448
221.000000 42.868935 1279.796143 1073.013550 1239.930176
234.000000 31.048664 1290.070923 1064.419800 1253.364624
235.000000 14.603510 1533.419189 1058.184570 1470.043701
195.000000 57.448505 1266.500732 1087.431274 1226.598389
184.000000 17.960083 346.749603 989.266968 396.735687
218.000000 235.144867 486.760132 1262.304443 493.357697
219.000000 222.932648 723.484619 1259.907715 719.999023
67.000000 733.638062 657.120911 1883.889282 578.931213
254.000000 500.909454 365.189087 1632.212402 329.804871
525.000000 727.357910 390.476593 1850.032349 301.194275
46.000000 227.283432 1637.396729 1060.109497 1545.048706
268.000000 267.788300 1109.903076 1341.643433 1076.665649
269.000000 277.140015 896.541321 1341.768555 876.663574
217.000000 423.916168 1160.160156 1552.871094 1120.000000
286.000000 86.819183 430.010040 1082.993164 469.990723
287.000000 73.234985 636.660217 1077.716064 663.270996
282.000000 507.443329 379.211151 1639.226807 342.930786
283.000000 710.998413 400.415955 1832.436401 321.798981
284.000000 246.150864 1316.639404 1331.405640 1270.014404
285.000000 235.419800 1520.109985 1329.424561 1463.361572
228.000000 564.480591 1206.606567 1721.613037 1160.035278
1281.000000 570.075195 1003.243713 1718.000000 949.000000
288.000000 289.356293 746.639160 1347.675537 733.335876
289.000000 297.905792 546.577148 1348.158813 539.995422
274.000000 571.813171 953.287842 1716.678955 903.373718
275.000000 577.693481 756.697388 1714.284668 706.614502
310.000000 510.027527 399.707733 1646.524048 362.133545
311.000000 703.839600 417.956940 1823.074219 341.153198
241.000000 289.204437 889.955750 1355.162476 863.315430
300.000000 513.944397 1010.018982 1671.136963 966.652588
301.000000 507.935760 1203.269165 1673.490723 1156.706055
34.000000 190.506653 1619.820068 1127.169434 1560.597900
180.000000 173.128540 380.288513 1160.264648 409.274017
251.000000 97.959541 419.895569 1090.999390 459.964600
101.000000 186.537460 1635.788574 1053.538818 1555.078003
209.000000 88.252251 809.882141 1098.260742 809.947815
337.000000 288.355835 556.583069 1340.290161 553.335938
338.000000 279.029297 739.950623 1338.736450 726.685242
239.000000 73.145805 819.827637 1082.775513 823.296997
354.000000 482.774292 843.322144 1616.205688 803.343323
355.000000 486.169434 673.256836 1612.593506 636.610474
264.000000 1184.708618 1336.681274 2369.058350 1279.924683
265.000000 1182.909302 1506.662231 2375.357422 1479.936279
39.000000 1260.115479 629.531128 2406.877930 450.859772
296.000000 1052.240723 1356.661133 2227.572998 1296.625488
563.000000 1052.620117 1521.065918 2236.739746 1490.740356
406.000000 478.384552 679.944397 1606.415039 646.667664
407.000000 472.989319 836.654846 1607.023193 799.998596
270.000000 153.519989 1615.033447 1103.113403 1555.570190
271.000000 306.834991 1598.199707 1300.287109 1545.783203
483.000000 470.463837 1116.688477 1617.301270 1073.313965
365.000000 477.669678 963.067688 1623.989136 926.660950
272.000000 1602.556885 999.904724 2874.322998 839.915161
273.000000 1609.073608 1153.514404 2891.185303 1036.565063
256.000000 586.702209 624.538635 1716.173340 568.164856
257.000000 462.589294 534.357361 1522.936401 504.538818
321.000000 1213.468384 1555.551270 2420.002930 1538.206055
322.000000 1063.617920 1564.674438 2243.343506 1538.552856
380.000000 893.086670 1176.663818 2061.674805 1113.145874
400.000000 753.603638 1033.277466 1921.413086 966.627258
401.000000 750.928162 1180.016968 1925.782104 1123.358032
378.000000 1000.616028 1603.319458 2186.521240 1573.512695
379.000000 1000.101501 1456.666260 2178.274902 1413.594238
460.000000 599.822571 813.330505 1735.288452 756.595825
461.000000 602.097534 669.980408 1730.218262 616.658752
60.000000 142.973221 1144.910400 1033.691040 1107.400635
511.000000 49.364498 483.513672 1041.707397 523.374756
512.000000 40.017773 623.334534 1038.555786 653.298279
1025.000000 519.969971 341.008209 1654.000000 303.000000
917.000000 656.912231 345.085693 1779.000000 281.000000
253.000000 1736.703979 854.328796 3062.715088 623.024109
517.000000 753.187683 1183.009644 1929.556519 1125.406738
518.000000 889.903076 1177.565430 2056.328857 1113.166992
280.000000 1743.370972 991.015381 3070.281494 808.735168
281.000000 1606.645020 996.080933 2876.899658 835.046631
258.000000 1730.083374 718.819458 3043.587891 444.537842
259.000000 1596.562988 723.987061 2846.561035 486.166656
314.000000 1741.322510 853.431885 3065.801514 623.418945
315.000000 1734.786255 720.092163 3048.324707 446.832458
466.000000 1036.543457 884.390076 2189.678711 778.363159
467.000000 1169.847412 877.178833 2326.314941 751.541016
349.000000 1477.026978 734.871887 2690.644287 519.771667
350.000000 1343.658081 740.728027 2523.562500 554.437988
516.000000 759.860107 893.403564 1919.377930 823.098511
456.000000 894.293701 887.175171 2046.905518 800.579712
430.000000 1176.693970 744.247437 2330.339111 598.395874
431.000000 1043.280396 748.227173 2186.648438 626.573364
555.000000 890.012024 1023.686707 2046.820435 947.817871
556.000000 756.719421 1028.218506 1926.299316 963.916077
468.000000 217.048660 241.326050 1264.895142 273.787750
545.000000 893.374939 754.354492 2037.028442 658.395874
546.000000 763.319336 759.655884 1916.715088 683.565063
351.000000 1592.137329 726.599243 2843.801514 489.963959
252.000000 1596.242188 856.680054 2857.831787 657.131958
360.000000 1484.247925 863.398071 2706.036621 683.378174
361.000000 1480.764893 733.312866 2694.412598 520.160522
345.000000 1349.973267 868.860535 2536.245850 714.036255
346.000000 1480.058105 865.811462 2706.163086 686.852966
509.000000 758.918396 763.386902 1914.271729 689.975952
510.000000 755.903320 890.061157 1917.604370 820.061401
432.000000 273.443665 463.175476 1296.819580 469.575775
433.000000 169.593887 390.580963 1159.919800 420.222504
494.000000 1038.425781 750.011292 2183.558105 629.868469
495.000000 1037.613037 876.694092 2188.492920 763.389038
457.000000 895.573181 759.998108 2042.068115 660.054688
588.000000 237.951752 970.076965 1301.827515 949.988586
589.000000 230.555832 1093.566284 1300.969360 1063.365845
396.000000 1373.111572 1160.752075 2580.191162 1065.308228
397.000000 1493.317505 1156.245605 2736.681641 1050.155518
543.000000 410.049347 1527.945801 1553.403442 1475.093384
1265.000000 529.980103 1530.827148 1613.000000 1482.000000
260.000000 356.597412 1592.668701 1476.516724 1536.813599
514.000000 1049.297485 1174.063965 2215.230957 1100.996582
515.000000 1166.528931 1167.529297 2342.884033 1086.139893
357.000000 447.515564 1510.201660 1612.093994 1460.003296
572.000000 444.518219 720.318604 1555.490723 686.739990
573.000000 436.299866 836.875854 1551.522461 803.498352
329.000000 1733.404541 1002.018250 3067.074951 823.066162
330.000000 1616.765381 1006.132690 2893.272461 846.209229
505.000000 69.681290 307.121979 1026.718018 359.857971
506.000000 163.641418 372.893188 1149.651001 404.298889
458.000000 713.472473 1283.860718 1896.781860 1232.833008
459.000000 600.087402 1278.237793 1756.707886 1228.626343
522.000000 1555.782104 1325.176636 2828.813477 1268.934326
339.000000 1720.108765 729.394714 3030.107666 460.515106
340.000000 1606.689941 733.918091 2860.540039 495.919891
564.000000 1166.634399 1518.874268 2356.680420 1492.217041
381.000000 880.031189 1034.132080 2043.868408 954.019470
905.000000 590.001587 1320.148682 1760.000000 1268.000000
533.000000 1150.130005 1015.249756 2316.634033 913.136841
534.000000 1037.090942 1022.919556 2194.461670 933.452332
1351.000000 883.382568 764.418091 2027.000000 686.000000
366.000000 1723.444214 842.974060 3040.351074 611.986877
367.000000 1613.348633 847.077148 2880.056641 640.320129
392.000000 1736.770996 1136.176025 3070.115723 1004.515625
393.000000 1626.674561 1140.215942 2913.318848 1019.852234
553.000000 1163.322266 866.330078 2323.376953 740.248779
554.000000 1053.331055 869.932007 2203.552979 761.253540
383.000000 459.811066 1153.326660 1608.934814 1110.015503
549.000000 1163.356689 753.938721 2316.988281 611.579102
550.000000 1053.392212 758.188721 2197.205078 635.977173
444.000000 1606.690430 1423.911255 2893.345947 1390.447754
470.000000 1473.328003 1007.881104 2703.474854 871.066711
471.000000 1363.311768 1008.159668 2566.564941 889.233154
565.000000 99.890335 656.895203 1103.161865 674.024048
566.000000 3.112502 610.460266 987.033569 645.189026
446.000000 1466.800293 853.350708 2684.289551 675.237915
447.000000 1359.904785 857.612061 2543.504395 700.937317
1263.000000 1711.224487 1436.748047 3002.000000 1403.000000
1354.000000 473.337585 1380.686768 1630.000000 1327.000000
829.000000 580.000183 1380.026733 1741.000000 1328.000000
936.000000 873.328674 1166.500977 2038.000000 1090.000000
535.000000 413.781433 412.912476 1534.832764 393.755005
188.000000 310.263519 420.339447 1473.216675 416.857880
498.000000 492.073761 413.618469 1641.574585 370.050964
529.000000 1019.883972 1543.333618 2202.887451 1523.350952
530.000000 1019.634521 1440.000854 2197.869873 1396.751099
586.000000 707.450073 675.574036 1850.133423 605.922302
587.000000 607.055298 657.804443 1736.703369 602.211792
683.000000 656.000000 912.000000 1803.000000 854.000000
859.000000 615.000000 599.000000 1746.000000 542.000000
769.000000 649.000000 1200.000000 1809.000000 1147.000000
601.000000 262.000000 700.000000 1318.000000 693.000000
1549.000000 645.000000 1383.000000 1804.000000 1333.000000
988.000000 55.000000 558.000000 1054.000000 590.000000
972.000000 614.000000 1058.000000 1766.000000 1006.000000
1078.000000 820.000000 850.000000 1978.000000 770.000000
644.000000 622.000000 764.000000 1761.000000 707.000000
661.000000 653.000000 1032.000000 1805.000000 976.000000
1157.000000 424.000000 385.000000 1538.000000 366.000000
604.000000 652.000000 1066.000000 1806.000000 1011.000000
1300.000000 1136.000000 857.000000 2298.000000 734.000000
629.000000 225.000000 1335.000000 1308.000000 1290.000000
722.000000 220.000000 918.000000 1277.000000 901.000000
906.000000 264.000000 670.000000 1319.000000 665.000000
888.000000 1101.000000 839.000000 2258.000000 719.000000
1235.000000 967.000000 1388.000000 2146.000000 1341.000000
894.000000 32.000000 938.000000 1048.000000 934.000000
797.000000 967.000000 1409.000000 2146.000000 1364.000000
643.000000 51.000000 626.000000 1053.000000 652.000000
1215.000000 875.000000 827.000000 2029.000000 738.000000
831.000000 1383.000000 806.000000 2583.000000 634.000000
832.000000 265.000000 640.000000 1319.000000 636.000000
631.000000 614.000000 1075.000000 1766.000000 1023.000000
1432.000000 663.000000 625.000000 1798.000000 561.000000
1001.000000 657.000000 880.000000 1803.000000 821.000000
647.000000 798.000000 1133.000000 1971.000000 1071.000000
1011.000000 246.000000 959.000000 1313.000000 936.000000
1251.000000 615.000000 1024.000000 1765.000000 970.000000
574.000000 223.000000 1380.000000 1295.534058 1333.352539
623.000000 626.000000 614.000000 1758.000000 555.000000
748.000000 507.000000 1642.000000 1606.000000 1592.000000
1110.000000 852.000000 1048.000000 2018.000000 978.000000
1194.000000 623.000000 1190.000000 1781.000000 1139.000000
944.000000 627.000000 583.000000 1758.000000 524.000000
1241.000000 249.000000 898.000000 1314.000000 879.000000
754.000000 1412.000000 569.000000 2627.000000 339.000000
602.000000 618.000000 904.000000 1763.000000 849.000000
706.000000 622.000000 779.000000 1761.000000 723.000000
1306.000000 1136.000000 838.000000 2299.000000 713.000000
1152.000000 820.000000 869.000000 1976.000000 791.000000
727.000000 609.000000 1228.000000 1769.000000 1178.000000
1045.000000 1258.000000 1389.000000 2457.000000 1343.000000
658.000000 638.000000 628.000000 1771.000000 567.000000
1005.000000 606.000000 906.000000 1750.000000 852.000000
1067.000000 1383.000000 846.000000 2586.000000 682.000000
1170.000000 1404.000000 826.000000 2607.000000 655.000000
632.000000 618.000000 920.000000 1763.000000 865.000000
1377.000000 310.000000 1569.000000 1371.000000 1513.000000
961.000000 657.000000 896.000000 1803.000000 837.000000
648.000000 802.000000 782.000000 1959.000000 701.000000
1537.000000 1137.000000 951.000000 2297.000000 841.000000
782.000000 852.000000 1156.000000 2023.000000 1092.000000
702.000000 235.000000 686.000000 1281.000000 683.000000
1103.000000 1061.000000 840.000000 2216.000000 726.000000
666.000000 607.000000 921.000000 1751.000000 868.000000
1218.000000 782.000000 831.000000 1942.000000 755.000000
1562.000000 623.000000 1207.000000 1782.000000 1156.000000
768.000000 1063.000000 1351.000000 2240.000000 1300.000000
922.000000 1291.000000 1315.000000 2492.000000 1254.000000
898.000000 677.000000 595.000000 1810.000000 527.000000
636.000000 798.000000 1108.000000 1970.000000 1044.000000
1249.000000 588.000000 1115.000000 1738.000000 1064.000000
984.000000 1447.000000 1136.000000 2667.000000 1042.000000
841.000000 190.000000 1411.000000 1270.000000 1361.000000
723.000000 220.000000 1444.000000 1308.000000 1392.000000
656.000000 53.000000 593.000000 1054.000000 622.000000
777.000000 58.000000 524.000000 1055.000000 559.000000
1074.000000 907.000000 1438.000000 2085.000000 1395.000000
1508.000000 1439.000000 824.000000 2654.000000 647.000000
786.000000 1138.000000 1095.000000 2311.000000 1006.000000
697.000000 238.000000 625.000000 1282.000000 625.000000
951.000000 269.000000 570.000000 1319.000000 570.000000
594.000000 856.000000 828.000000 2011.000000 742.000000
1331.000000 1404.000000 805.000000 2606.000000 630.000000
779.000000 649.000000 1183.000000 1809.000000 1130.000000
1128.000000 614.000000 614.000000 1746.000000 558.000000
1340.000000 1648.000000 1077.000000 2950.000000 935.000000
879.000000 1156.000000 837.000000 2317.000000 710.000000
672.000000 598.000000 1196.000000 1755.000000 1145.000000
969.000000 664.000000 595.000000 1797.000000 530.000000
996.000000 1705.000000 1075.000000 3032.000000 925.000000
959.000000 821.000000 830.000000 1978.000000 749.000000
540.000000 59.000000 491.000000 1032.195068 523.300964
1514.000000 222.000000 1254.000000 1291.000000 1214.000000
1076.000000 1638.000000 816.000000 2920.000000 597.000000
781.000000 653.000000 1049.000000 1806.000000 994.000000
1474.000000 232.000000 1477.000000 1287.000000 1423.000000
1065.000000 435.000000 1447.000000 1594.000000 1397.000000
1164.000000 267.000000 599.000000 1318.000000 597.000000
1138.000000 966.000000 1429.000000 2148.000000 1386.000000
1270.000000 30.000000 671.000000 1574.000000 1150.000000
1021.000000 856.000000 869.000000 2012.000000 785.000000
1026.000000 1117.000000 1492.000000 2307.000000 1461.000000
799.000000 649.000000 1217.000000 1809.000000 1165.000000
1283.000000 598.000000 1230.000000 1756.000000 1181.000000
798.000000 1309.000000 1198.000000 2508.000000 1114.000000
1461.000000 1390.000000 1086.000000 2604.000000 973.000000
734.000000 659.000000 774.000000 1801.000000 712.000000
1234.000000 1459.000000 803.000000 2676.000000 616.000000
815.000000 218.000000 1477.000000 1307.000000 1423.000000
678.000000 653.000000 1015.000000 1805.000000 959.000000
737.000000 1179.000000 1518.000000 2373.000000 1490.000000
613.000000 631.000000 902.000000 1776.000000 846.000000
1167.000000 627.000000 1072.000000 1779.000000 1019.000000
938.000000 838.000000 1395.000000 2021.000000 1349.000000
1190.000000 59.000000 679.000000 1057.000000 699.000000
856.000000 852.000000 1105.000000 2021.000000 1038.000000
1317.000000 1692.000000 793.000000 2996.000000 555.000000
1060.000000 384.000000 1566.000000 1555.000000 1511.000000
713.000000 222.000000 1411.000000 1308.000000 1361.000000
1485.000000 116.000000 1155.000000 1023.000000 1127.000000
1092.000000 1157.000000 816.000000 2318.000000 686.000000
1036.000000 1238.000000 982.000000 2412.000000 865.000000
117.000000 162.000000 939.000000 1197.898682 926.689575
689.000000 26.000000 369.000000 1000.000000 424.000000
1355.000000 270.000000 541.000000 1318.000000 542.000000
921.000000 604.000000 1026.000000 1753.000000 974.000000
833.000000 459.000000 805.000000 1589.000000 769.000000
1099.000000 1214.000000 818.000000 2376.000000 676.000000
1221.000000 1047.000000 1027.000000 2206.000000 937.000000
1482.000000 613.000000 812.000000 1748.000000 757.000000
827.000000 627.000000 1055.000000 1779.000000 1002.000000
764.000000 476.000000 1228.000000 1632.000000 1182.000000
1294.000000 694.000000 1235.000000 1858.000000 1182.000000
747.000000 660.000000 759.000000 1801.000000 697.000000
695.000000 462.000000 521.000000 1565.000000 482.000000
813.000000 588.000000 1334.000000 1748.000000 1286.000000
711.000000 637.000000 1185.000000 1796.000000 1133.000000
867.000000 615.000000 1041.000000 1765.000000 988.000000
1428.000000 1413.000000 588.000000 2628.000000 361.000000
1423.000000 243.000000 525.000000 1282.000000 531.000000
721.000000 983.000000 1429.000000 2164.000000 1386.000000
1008.000000 1706.000000 1101.000000 3035.000000 960.000000
1458.000000 1062.000000 1098.000000 2230.000000 1015.000000
1405.000000 338.000000 1201.000000 1439.000000 1161.000000
263.000000 116.000000 396.000000 1105.415527 446.624725
597.000000 610.000000 1210.000000 1769.000000 1160.000000
963.000000 274.000000 1158.000000 1352.000000 1122.000000
1567.000000 450.000000 1644.000000 1550.000000 1590.000000
853.000000 336.000000 1248.000000 1440.000000 1204.000000
1085.000000 397.000000 471.000000 1528.000000 455.000000
1154.000000 623.000000 749.000000 1761.000000 691.000000
1231.000000 444.000000 1475.000000 1607.000000 1425.000000
1029.000000 260.000000 730.000000 1318.000000 721.000000
1443.000000 1235.000000 1193.000000 2420.000000 1113.000000
1034.000000 1051.000000 1314.000000 2238.000000 1254.000000
1438.000000 449.000000 1354.000000 1607.000000 1306.000000
810.000000 612.000000 354.000000 1720.000000 296.000000
699.000000 178.000000 544.000000 1218.000000 569.000000
826.000000 236.000000 655.000000 1282.000000 654.000000
885.000000 1404.000000 845.000000 2608.000000 679.000000
1042.000000 94.000000 1153.000000 992.000000 1124.000000
1177.000000 799.000000 1050.000000 1968.000000 984.000000
1058.000000 1136.000000 817.000000 2297.000000 690.000000
794.000000 602.000000 1061.000000 1753.000000 1009.000000
915.000000 670.000000 879.000000 1816.000000 818.000000
902.000000 671.000000 369.000000 1783.000000 298.000000
910.000000 802.000000 851.000000 1961.000000 773.000000
675.000000 705.000000 720.000000 1848.000000 651.000000
1244.000000 1438.000000 804.000000 2651.000000 621.000000
703.000000 1101.000000 858.000000 2258.000000 741.000000
848.000000 635.000000 778.000000 1774.000000 720.000000
801.000000 816.000000 1157.000000 1986.000000 1095.000000
1366.000000 695.000000 799.000000 1836.000000 733.000000
1373.000000 614.000000 337.000000 1732.000000 279.000000
680.000000 247.000000 928.000000 1313.000000 908.000000
1303.000000 699.000000 644.000000 1832.000000 573.000000
1187.000000 1075.000000 1387.000000 2266.000000 1354.000000
1420.000000 431.000000 1651.000000 1507.000000 1594.000000
1535.000000 652.000000 596.000000 1785.000000 533.000000
1531.000000 34.000000 903.000000 1048.000000 903.000000
965.000000 639.000000 597.000000 1771.000000 536.000000
1488.000000 639.000000 613.000000 1771.000000 552.000000
784.000000 95.000000 892.000000 1111.000000 888.000000
1004.000000 983.000000 1388.000000 2163.000000 1340.000000
1384.000000 233.000000 215.000000 1281.000000 245.000000
1197.000000 281.000000 577.000000 1334.000000 574.000000
1393.000000 395.000000 483.000000 1448.000000 472.000000
692.000000 99.000000 1564.000000 1018.000000 1500.000000
1245.000000 663.000000 1179.000000 1822.000000 1127.000000
1543.000000 43.000000 1274.000000 1082.000000 1225.000000
822.000000 1067.000000 584.000000 2231.000000 439.000000
864.000000 188.000000 1445.000000 1270.000000 1392.000000
620.000000 611.000000 1193.000000 1768.000000 1142.000000
612.000000 603.000000 1043.000000 1753.000000 991.000000
645.000000 626.000000 629.000000 1758.000000 570.000000
1554.000000 222.000000 760.000000 1262.000000 752.000000
816.000000 610.000000 765.000000 1748.000000 710.000000
941.000000 457.000000 1067.000000 1603.000000 1025.000000
1069.000000 1396.000000 1159.000000 2611.000000 1061.000000
851.000000 1391.000000 1112.000000 2583.000000 1007.000000
962.000000 1098.000000 1387.000000 2306.000000 1341.000000
914.000000 661.000000 729.000000 1800.000000 666.000000
806.000000 607.000000 890.000000 1750.000000 836.000000
1158.000000 100.000000 1072.000000 997.000000 1052.000000
1341.000000 627.000000 1038.000000 1779.000000 985.000000
1117.000000 39.000000 690.000000 1034.000000 711.000000
1517.000000 1466.000000 1135.000000 2702.000000 1027.000000
878.000000 1084.000000 1123.000000 2254.000000 1041.000000
715.000000 856.000000 848.000000 2011.000000 764.000000
1422.000000 640.000000 1003.000000 1787.000000 948.000000
1037.000000 676.000000 1307.000000 1839.000000 1257.000000
1150.000000 874.000000 867.000000 2028.000000 782.000000
741.000000 446.000000 530.000000 1502.000000 503.000000
1427.000000 25.000000 389.000000 1001.000000 440.000000
1125.000000 599.000000 1179.000000 1756.000000 1128.000000
934.000000 611.000000 780.000000 1749.000000 726.000000
1111.000000 644.000000 898.000000 1791.000000 841.000000
642.000000 598.000000 1213.000000 1755.000000 1163.000000
805.000000 612.000000 734.000000 1748.000000 678.000000
874.000000 983.000000 1408.000000 2163.000000 1364.000000
1395.000000 633.000000 1387.000000 1803.000000 1348.000000
1521.000000 456.000000 1121.000000 1603.000000 1077.000000
1534.000000 636.000000 747.000000 1774.000000 688.000000
1047.000000 231.000000 1510.000000 1307.000000 1453.000000
1386.000000 1425.000000 1085.000000 2649.000000 968.000000
674.000000 1002.000000 1434.000000 2180.000000 1393.000000
1524.000000 640.000000 1051.000000 1793.000000 997.000000
1013.000000 664.000000 581.000000 1797.000000 514.000000
772.000000 1659.000000 835.000000 2950.000000 618.000000
745.000000 292.000000 793.000000 1353.000000 776.000000
1002.000000 1446.000000 1110.000000 2677.000000 997.000000
1291.000000 1118.000000 1445.000000 2307.000000 1406.000000
1240.000000 212.000000 305.000000 1278.000000 334.000000
616.000000 1082.000000 584.000000 2245.000000 436.000000
860.000000 838.000000 1476.000000 2024.000000 1432.000000
690.000000 607.000000 874.000000 1750.000000 820.000000
1480.000000 1108.000000 1502.000000 2299.000000 1471.000000
817.000000 677.000000 610.000000 1810.000000 542.000000
1557.000000 334.000000 556.000000 1479.000000 575.000000
1258.000000 459.000000 1005.000000 1601.000000 964.000000
991.000000 1218.000000 1031.000000 2392.000000 924.000000
1509.000000 458.000000 829.000000 1589.000000 793.000000
1180.000000 489.000000 1295.000000 1653.000000 1246.000000
979.000000 624.000000 1172.000000 1781.000000 1121.000000
1116.000000 57.000000 669.000000 1044.000000 689.000000
1205.000000 191.000000 464.000000 1207.000000 484.000000
1290.000000 636.000000 1157.000000 1790.000000 1104.000000
428.000000 1468.000000 739.000000 2676.912354 534.521912
759.000000 1383.000000 826.000000 2584.000000 659.000000
1094.000000 860.000000 626.000000 1953.000000 540.000000
250.000000 85.000000 645.000000 1087.863403 666.634216
1449.000000 581.000000 746.000000 1716.000000 695.000000
1419.000000 408.000000 1405.000000 1546.000000 1355.000000
974.000000 1296.000000 1420.000000 2506.000000 1395.000000
1388.000000 470.000000 783.000000 1602.000000 747.000000
899.000000 1715.000000 833.000000 3032.000000 603.000000
614.000000 461.000000 752.000000 1589.000000 718.000000
978.000000 260.000000 932.000000 1329.000000 911.000000
576.000000 211.000000 1089.000000 1291.260498 1063.314575
1148.000000 294.000000 959.000000 1368.000000 933.000000
1324.000000 974.000000 1439.000000 2154.000000 1396.000000
1463.000000 1068.000000 1286.000000 2241.000000 1226.000000
821.000000 857.000000 1451.000000 2039.000000 1409.000000
1410.000000 249.000000 1005.000000 1323.000000 980.000000
790.000000 611.000000 750.000000 1748.000000 694.000000
1259.000000 644.000000 852.000000 1784.000000 794.000000
685.000000 693.000000 374.000000 1807.000000 299.000000
1056.000000 685.000000 1246.000000 1845.000000 1193.000000
1501.000000 1074.000000 1412.000000 2256.000000 1368.000000
718.000000 278.000000 647.000000 1334.000000 640.000000
872.000000 641.000000 1068.000000 1794.000000 1014.000000
1433.000000 967.000000 1366.000000 2144.000000 1315.000000
1091.000000 1023.000000 1025.000000 2181.000000 937.000000
778.000000 648.000000 363.000000 1759.000000 298.000000
712.000000 1228.000000 924.000000 2398.000000 798.000000
1176.000000 48.000000 942.000000 1067.000000 937.000000
955.000000 897.000000 487.000000 2079.000000 390.000000
1319.000000 676.000000 624.000000 1810.000000 557.000000
569.000000 918.000000 1356.000000 2056.920654 1305.083862
1024.000000 264.000000 751.000000 1316.000000 741.000000
585.000000 1062.000000 1040.000000 2225.933838 960.031799
749.000000 683.000000 1376.000000 1838.000000 1330.000000
267.000000 405.000000 1522.000000 1555.445190 1459.986694
970.000000 648.000000 760.000000 1788.000000 700.000000
986.000000 836.000000 869.000000 1994.000000 788.000000
1114.000000 801.000000 871.000000 1962.000000 794.000000
1161.000000 1439.000000 844.000000 2656.000000 670.000000
1483.000000 312.000000 1504.000000 1370.000000 1451.000000
1360.000000 275.000000 1473.000000 1395.000000 1384.000000
637.000000 631.000000 918.000000 1776.000000 862.000000
1198.000000 16.000000 573.000000 995.000000 605.000000
1186.000000 640.000000 1034.000000 1793.000000 979.000000
1113.000000 566.000000 308.000000 1708.000000 256.000000
1328.000000 275.000000 707.000000 1334.000000 697.000000
1309.000000 457.000000 1094.000000 1603.000000 1051.000000
804.000000 951.000000 1439.000000 2132.000000 1396.000000
62.000000 497.000000 683.000000 1636.100464 639.913574
660.000000 1082.000000 859.000000 2239.000000 745.000000
1132.000000 648.000000 775.000000 1788.000000 715.000000
940.000000 1055.000000 1202.000000 2224.000000 1133.000000
716.000000 1098.000000 1470.000000 2287.000000 1434.000000
1441.000000 808.000000 1212.000000 1979.000000 1153.000000
1391.000000 1686.000000 1102.000000 3004.000000 963.000000
649.000000 63.000000 444.000000 1057.000000 487.000000
694.000000 1404.000000 1213.000000 2625.000000 1128.000000
182.000000 211.000000 842.000000 1256.819946 820.001099
1080.000000 1250.000000 620.000000 2401.000000 446.000000
742.000000 459.000000 778.000000 1589.000000 743.000000
663.000000 645.000000 913.000000 1791.000000 857.000000
610.000000 1082.000000 839.000000 2238.000000 722.000000
1496.000000 327.000000 571.000000 1471.000000 590.000000
994.000000 248.000000 1149.000000 1318.000000 1114.000000
1135.000000 1670.000000 1102.000000 2981.000000 966.000000
1389.000000 275.000000 1142.000000 1340.000000 1122.000000
845.000000 1082.000000 820.000000 2238.000000 699.000000
997.000000 1138.000000 1120.000000 2333.000000 1033.000000
1257.000000 636.000000 1203.000000 1796.000000 1150.000000
1350.000000 798.000000 1158.000000 1971.000000 1097.000000
1352.000000 377.000000 1306.000000 1497.000000 1259.000000
670.000000 501.000000 390.000000 1627.000000 344.000000
993.000000 666.000000 1029.000000 1818.000000 973.000000
1267.000000 652.000000 611.000000 1785.000000 548.000000
1274.000000 449.000000 1578.000000 1614.000000 1526.000000
1119.000000 209.000000 477.000000 1229.000000 493.000000
626.000000 631.000000 886.000000 1776.000000 830.000000
757.000000 463.000000 692.000000 1589.000000 658.000000
873.000000 649.000000 1166.000000 1808.000000 1112.000000
1041.000000 1084.000000 1148.000000 2255.000000 1070.000000
724.000000 619.000000 888.000000 1763.000000 833.000000
966.000000 89.000000 699.000000 1094.000000 713.000000
607.000000 627.000000 598.000000 1758.000000 539.000000
743.000000 201.000000 256.000000 1257.000000 290.000000
618.000000 241.000000 553.000000 1282.000000 558.000000
1479.000000 1062.000000 1124.000000 2231.000000 1044.000000
896.000000 259.000000 767.000000 1311.000000 756.000000
671.000000 666.000000 1046.000000 1819.000000 990.000000
1318.000000 614.000000 1091.000000 1766.000000 1039.000000
1105.000000 430.000000 1325.000000 1592.000000 1279.000000
539.000000 37.000000 620.000000 1028.689331 646.629395
1437.000000 825.000000 517.000000 2031.000000 418.000000
1054.000000 89.000000 681.000000 1102.000000 697.000000

7.000000 353.557159 1403.343140 389.327667 589.823853 1464.900146 1353.336426 1466.477417 566.646240
20.000000 1263.200684 680.036377 2050.069336 648.389221 2416.959717 507.953888 3070.575684 359.196320
8.000000 377.229584 580.168518 346.089264 1300.263306 1453.242798 566.664673 1453.726318 1353.333130
29.000000 174.773849 1146.559082 206.777222 583.339600 1223.640503 1116.671753 1232.230225 593.315247
49.000000 1268.541260 1216.597534 1261.278809 669.938721 2448.713135 940.290527 2421.402344 505.949707
11.000000 435.768677 513.425415 -0.753865 185.439728 1491.238281 490.099335 770.475220 214.131393
39.000000 397.962219 1183.234619 423.982147 646.375000 1518.201294 1139.995605 1519.394165 649.990417
32.000000 332.718262 630.130005 307.212830 1163.359497 1396.804932 616.685242 1394.059692 1130.003906
27.000000 717.911987 1239.954102 729.568604 709.990540 1898.160278 1190.117798 1885.552246 636.616150
28.000000 726.553467 704.164673 1246.695068 680.628845 1883.640137 631.318420 2400.258057 511.108612
43.000000 1251.389404 683.317871 1257.148315 1199.994629 2412.075439 523.402527 2437.565674 986.800537
31.000000 504.687531 693.380981 486.856934 1200.124023 1636.100464 639.913574 1643.467407 1159.950928
40.000000 337.649628 1166.710083 359.728546 666.654663 1434.762695 1133.329224 1435.820801 649.998169
35.000000 712.363098 723.459045 701.551880 1213.367554 1857.640991 659.904297 1868.674561 1156.622070
26.000000 134.948608 520.094055 106.607796 1006.663208 1140.422485 543.407654 1129.345337 1103.386353
86.000000 1.550323 305.942596 389.354095 570.945190 1060.984253 406.421204 1308.648193 495.849701
45.000000 1037.302734 431.520721 736.878418 557.172913 2309.631104 260.234833 1915.125854 487.323181
33.000000 1236.911987 630.910583 930.114136 648.642029 2373.820068 458.649506 1883.889282 578.931213
36.000000 385.690643 876.623535 372.425781 1176.773926 1481.410889 643.332764 1481.468018 1139.999878
16.000000 1403.289917 602.391663 1119.943604 615.441345 2633.351074 373.404083 1943.041382 545.495789
60.000000 1723.300171 589.192566 1463.328613 599.883972 3069.875977 266.169220 2726.305664 351.886017
91.000000 221.749222 854.060852 199.340958 1113.276367 1256.819946 820.001099 1254.981934 1073.345337
110.000000 29.618700 1526.646240 42.868935 1279.796143 1068.746460 1463.309448 1073.013550 1239.930176
117.000000 31.048664 1290.070923 14.603510 1533.419189 1064.419800 1253.364624 1058.184570 1470.043701
97.000000 41.841274 1506.569702 57.448505 1266.500732 1081.047852 1466.694580 1087.431274 1226.598389
92.000000 17.960083 346.749603 2.581968 586.618469 989.266968 396.735687 982.634888 646.648132
109.000000 235.144867 486.760132 222.932648 723.484619 1262.304443 493.357697 1259.907715 719.999023
47.000000 966.802979 638.360779 733.638062 657.120911 1873.963623 592.777100 2310.104004 493.791290
127.000000 500.909454 365.189087 727.357910 390.476593 1632.212402 329.804871 1836.013916 307.396576
134.000000 267.788300 1109.903076 277.140015 896.541321 1341.643433 1076.665649 1341.768555 876.663574
108.000000 432.645203 946.774902 423.916168 1160.160156 1552.873169 893.333374 1552.871094 1120.000000
143.000000 86.819183 430.010040 73.234985 636.660217 1082.993164 469.990723 1077.716064 663.270996
141.000000 507.443329 379.211151 710.998413 400.415955 1639.226807 342.930786 1832.436401 321.798981
142.000000 246.150864 1316.639404 235.419800 1520.109985 1331.405640 1270.014404 1329.424561 1463.361572
114.000000 564.480591 1206.606567 570.075195 1003.243713 1721.613037 1160.035278 1717.095581 939.991211
144.000000 289.356293 746.639160 297.905792 546.577148 1347.675537 733.335876 1348.158813 539.995422
137.000000 571.813171 953.287842 577.693481 756.697388 1716.678955 903.373718 1714.284668 706.614502
155.000000 510.027527 399.707733 703.839600 417.956940 1646.524048 362.133545 1823.074219 341.153198
120.000000 278.450897 1083.247192 289.204437 889.955750 1352.623291 1076.658203 1355.162476 863.315430
150.000000 513.944397 1010.018982 507.935760 1203.269165 1671.136963 966.652588 1673.490723 1156.706055
90.000000 173.128540 380.288513 327.009827 489.516541 1160.264648 409.274017 1400.003540 496.657013
125.000000 88.396423 606.755188 97.959541 419.895569 1087.863403 666.634216 1090.999390 459.964600
104.000000 75.886024 993.280701 88.252251 809.882141 1091.357544 1039.940674 1098.260742 809.947815
169.000000 288.355835 556.583069 279.029297 739.950623 1340.290161 553.335938 1338.736450 726.685242
119.000000 64.811417 990.072388 73.145805 819.827637 1080.751343 1040.006958 1082.775513 823.296997
178.000000 482.774292 843.322144 486.169434 673.256836 1616.205688 803.343323 1612.593506 636.610474
132.000000 1184.708618 1336.681274 1182.909302 1506.662231 2369.058350 1279.924683 2375.357422 1479.936279
19.000000 1426.662231 626.426636 1260.115479 629.531128 3069.536621 288.112915 2406.877930 450.859772
148.000000 1052.240723 1356.661133 1052.620117 1521.065918 2227.572998 1296.625488 2236.217773 1486.838501
204.000000 478.384552 679.944397 472.989319 836.654846 1606.415039 646.667664 1607.023193 799.998596
135.000000 153.519989 1615.033447 306.834991 1598.199707 1103.113403 1555.570190 1300.287109 1545.783203
243.000000 470.463837 1116.688477 477.669678 963.067688 1617.301270 1073.313965 1613.114624 936.571289
136.000000 1602.556885 999.904724 1609.073608 1153.514404 2874.322998 839.915161 2891.185303 1036.565063
128.000000 586.702209 624.538635 462.589294 534.357361 1716.173340 568.164856 1522.936401 504.538818
161.000000 1213.468384 1555.551270 1063.617920 1564.674438 2420.002930 1538.206055 2243.343506 1538.552856
191.000000 893.086670 1176.663818 894.823303 1026.645386 2061.674805 1113.145874 2043.868408 954.019470
201.000000 753.603638 1033.277466 750.928162 1180.016968 1921.413086 966.627258 1925.782104 1123.358032
190.000000 1000.616028 1603.319458 1000.101501 1456.666260 2186.521240 1573.512695 2178.274902 1413.594238
231.000000 599.822571 813.330505 602.097534 669.980408 1735.288452 756.595825 1730.218262 616.658752
166.000000 1609.073608 1153.514404 1750.049072 1147.827271 2896.666016 1039.992920 3070.331543 1023.487488
258.000000 49.364498 483.513672 40.017773 623.334534 1041.707397 523.374756 1038.555786 653.298279
126.000000 1599.854736 859.455444 1736.703979 854.328796 2857.831787 657.131958 3062.715088 623.024109
262.000000 753.187683 1183.009644 889.903076 1177.565430 1929.556519 1125.406738 2056.328857 1113.166992
140.000000 1743.370972 991.015381 1606.645020 996.080933 3070.281494 808.735168 2876.899658 835.046631
129.000000 1730.083374 718.819458 1596.562988 723.987061 3043.587891 444.537842 2846.561035 486.166656
157.000000 1741.322510 853.431885 1734.786255 720.092163 3065.801514 623.418945 3048.324707 446.832458
234.000000 1036.543457 884.390076 1169.847412 877.178833 2189.678711 778.363159 2326.314941 751.541016
175.000000 1477.026978 734.871887 1343.658081 740.728027 2690.644287 519.771667 2523.562500 554.437988
261.000000 759.860107 893.403564 894.293701 887.175171 1919.377930 823.098511 2046.905518 800.579712
216.000000 1176.693970 744.247437 1043.280396 748.227173 2330.339111 598.395874 2186.648438 626.573364
281.000000 890.012024 1023.686707 756.719421 1028.218506 2046.820435 947.817871 1926.299316 963.916077
123.000000 873.348511 1348.149414 739.994995 1349.513062 2010.012207 1287.427124 1799.798462 1290.809082
276.000000 893.374939 754.354492 763.319336 759.655884 2037.028442 658.395874 1916.715088 683.565063
176.000000 1592.137329 726.599243 1596.242188 856.680054 2843.801514 489.963959 2857.831787 657.131958
181.000000 1484.247925 863.398071 1480.764893 733.312866 2706.036621 683.378174 2694.412598 520.160522
173.000000 1349.973267 868.860535 1480.058105 865.811462 2536.245850 714.036255 2706.163086 686.852966
257.000000 758.918396 763.386902 755.903320 890.061157 1914.271729 689.975952 1917.604370 820.061401
217.000000 273.443665 463.175476 169.593887 390.580963 1296.819580 469.575775 1159.919800 420.222504
249.000000 1038.425781 750.011292 1037.613037 876.694092 2183.558105 629.868469 2188.492920 763.389038
229.000000 894.293701 887.175171 895.573181 759.998108 2046.905518 800.579712 2042.068115 660.054688
62.000000 126.379410 849.979797 135.055450 726.553406 1146.330322 1016.660278 1152.167114 709.977783
298.000000 237.951752 970.076965 230.555832 1093.566284 1301.827515 949.988586 1300.969360 1063.365845
199.000000 1373.111572 1160.752075 1493.317505 1156.245605 2580.191162 1065.308228 2736.681641 1050.155518
275.000000 410.049347 1527.945801 529.980103 1530.827148 1553.403442 1475.093384 1676.640747 1480.581299
130.000000 356.597412 1592.668701 473.385529 1580.500854 1476.516724 1536.813599 1676.700806 1527.393188
260.000000 1049.297485 1174.063965 1166.528931 1167.529297 2215.230957 1100.996582 2342.884033 1086.139893
179.000000 453.150696 1393.324585 447.515564 1510.201660 1611.656372 1293.328979 1612.093994 1460.003296
290.000000 444.518219 720.318604 436.299866 836.875854 1555.490723 686.739990 1551.522461 803.498352
165.000000 1733.404541 1002.018250 1616.765381 1006.132690 3067.074951 823.066162 2893.272461 846.209229
291.000000 194.918976 1380.888916 182.458298 1496.572388 1295.534058 1333.352539 1294.518921 1450.010376
255.000000 69.681290 307.121979 163.641418 372.893188 1026.718018 359.857971 1149.651001 404.298889
230.000000 713.472473 1283.860718 600.087402 1278.237793 1896.781860 1232.833008 1756.707886 1228.626343
264.000000 1641.232178 1250.452148 1555.782104 1325.176636 2917.622803 1177.686401 2828.813477 1268.934326
170.000000 1720.108765 729.394714 1606.689941 733.918091 3030.107666 460.515106 2860.540039 495.919891
285.000000 1052.620117 1521.065918 1166.634399 1518.874268 2236.739746 1490.740356 2356.680420 1492.217041
270.000000 1150.130005 1015.249756 1037.090942 1022.919556 2316.634033 913.136841 2194.461670 933.452332
184.000000 1723.444214 842.974060 1613.348633 847.077148 3040.351074 611.986877 2880.056641 640.320129
197.000000 1736.770996 1136.176025 1626.674561 1140.215942 3070.115723 1004.515625 2913.318848 1019.852234
280.000000 1163.322266 866.330078 1053.331055 869.932007 2323.376953 740.248779 2203.552979 761.253540
192.000000 463.704254 1043.346436 459.811066 1153.326660 1606.608521 950.000854 1608.934814 1110.015503
278.000000 1163.356689 753.938721 1053.392212 758.188721 2316.988281 611.579102 2197.205078 635.977173
223.000000 1606.690430 1423.911255 1716.642090 1419.399536 2893.345947 1390.447754 3036.658936 1386.392822
236.000000 1473.328003 1007.881104 1363.311768 1008.159668 2703.474854 871.066711 2566.564941 889.233154
286.000000 99.890335 656.895203 3.112502 610.460266 1103.161865 674.024048 987.033569 645.189026
224.000000 1466.800293 853.350708 1359.904785 857.612061 2684.289551 675.237915 2543.504395 700.937317
251.000000 477.944611 516.384094 492.073761 413.618469 1637.263550 503.244751 1641.574585 370.050964
268.000000 1019.883972 1543.333618 1019.634521 1440.000854 2202.887451 1523.350952 2197.869873 1396.751099
297.000000 707.450073 675.574036 607.055298 657.804443 1850.133423 605.922302 1736.703369 602.211792
