Keypoint Matches and Line Matches for pairs 0, 3 
0 corresponds to the image ./resources/Data/CastleP19/images/0000.png 
3 corresponds to the image ./resources/Data/CastleP19/images/0003.png 

21.000000 1039.823730 436.144409 2397.020020 337.608032
25.000000 389.327667 589.823853 1473.524536 696.664429
22.000000 1263.200684 680.036377 2387.610840 589.812683
28.000000 377.229584 580.168518 1461.340698 696.649597
29.000000 346.089264 1300.263306 1469.409180 1330.049927
58.000000 174.773849 1146.559082 1221.133911 1229.980713
59.000000 206.777222 583.339600 1225.423706 739.989136
2.000000 435.768677 513.425415 1493.961060 627.574036
70.000000 397.962219 1183.234619 1540.521484 1243.372803
60.000000 332.718262 630.130005 1400.896240 749.980530
61.000000 307.212830 1163.359497 1403.136353 1236.667603
44.000000 717.911987 1239.954102 1938.316406 1280.212402
45.000000 729.568604 709.990540 1915.443726 739.910645
64.000000 726.553467 704.164673 1913.684814 734.479187
65.000000 1246.695068 680.628845 2367.278564 595.327637
52.000000 1251.389404 683.317871 2384.352539 606.586670
75.000000 486.856934 1200.124023 1678.077515 1253.298828
68.000000 337.649628 1166.710083 1448.077026 1236.684448
69.000000 359.728546 666.654663 1443.843628 779.995239
73.000000 701.551880 1213.367554 1902.661621 1246.694458
48.000000 134.948608 520.094055 1128.937866 700.029175
55.000000 736.878418 557.172913 1964.286377 589.488708
148.000000 1093.371948 617.687927 2223.329590 566.654602
149.000000 776.653748 629.657410 1982.282593 643.365051
1051.000000 1236.911987 630.910583 2341.000000 538.000000
67.000000 372.425781 1176.773926 1498.598389 1243.311401
184.000000 1403.289917 602.391663 2579.472656 448.356049
185.000000 1119.943604 615.441345 2373.671387 514.387329
12.000000 264.439362 1653.873901 1127.145508 1692.862793
93.000000 1463.328613 599.883972 2672.157715 419.677612
175.000000 199.340958 1113.276367 1254.004395 1186.674438
198.000000 29.618700 1526.646240 1063.930176 1556.670898
199.000000 42.868935 1279.796143 1065.385742 1349.990967
216.000000 31.048664 1290.070923 1058.641968 1363.301880
217.000000 14.603510 1533.419189 1054.004395 1563.348877
172.000000 17.960083 346.749603 971.860962 576.707520
200.000000 235.144867 486.760132 1255.611694 646.660400
201.000000 222.932648 723.484619 1256.182495 853.334656
505.000000 727.357910 390.476593 1853.466309 418.936157
158.000000 900.203308 1605.616577 2130.020508 1658.047485
256.000000 267.788300 1109.903076 1347.633911 1186.693604
257.000000 277.140015 896.541321 1345.508911 999.975220
222.000000 432.645203 946.774902 1576.569702 1019.957581
223.000000 423.916168 1160.160156 1577.862061 1219.970703
282.000000 86.819183 430.010040 1070.508057 636.676025
283.000000 73.234985 636.660217 1067.254517 813.344177
286.000000 507.443329 379.211151 1671.568726 469.622925
287.000000 710.998413 400.415955 1845.539673 440.039307
186.000000 564.480591 1206.606567 1755.564087 1256.708252
187.000000 570.075195 1003.243713 1747.517822 1043.175659
270.000000 289.356293 746.639160 1348.516357 863.339233
271.000000 297.905792 546.577148 1347.797363 683.328796
408.000000 890.069336 1572.064331 2103.337402 1622.937134
409.000000 689.959229 1578.785400 1959.984985 1621.480103
220.000000 571.813171 953.287842 1746.228882 1006.744751
298.000000 510.027527 399.707733 1678.440796 487.590942
299.000000 703.839600 417.956940 1845.891602 458.822113
225.000000 289.204437 889.955750 1358.016235 986.674561
293.000000 507.935760 1203.269165 1712.596680 1253.352051
1098.000000 190.506653 1619.820068 1072.000000 1654.000000
144.000000 173.128540 380.288513 1143.102295 574.266296
366.000000 88.396423 606.755188 1076.386841 779.997253
367.000000 97.959541 419.895569 1077.887085 626.645996
183.000000 88.252251 809.882141 1087.023071 946.596924
324.000000 288.355835 556.583069 1339.955078 696.667053
325.000000 279.029297 739.950623 1341.411499 859.987427
264.000000 896.563049 1614.260498 2080.004150 1668.663574
265.000000 1069.862061 1606.796997 2263.346436 1669.249146
278.000000 735.729675 1353.323608 1960.987671 1393.289429
279.000000 733.932068 1526.672852 1968.837158 1570.051636
227.000000 73.145805 819.827637 1068.575684 963.432007
334.000000 482.774292 843.322144 1643.937256 913.311218
335.000000 486.169434 673.256836 1638.076660 753.281677
197.000000 1182.909302 1506.662231 2375.879883 1550.232178
432.000000 883.328918 1563.112793 2096.673584 1612.812500
433.000000 716.662415 1566.453369 1959.986694 1611.008423
17.000000 1260.115479 629.531128 2369.187256 534.140564
234.000000 1052.240723 1356.661133 2235.617188 1376.748657
235.000000 1052.620117 1521.065918 2250.735352 1570.203003
382.000000 478.384552 679.944397 1632.363525 763.358215
383.000000 472.989319 836.654846 1636.208740 913.345093
250.000000 153.519989 1615.033447 1050.080444 1645.276245
267.000000 477.669678 963.067688 1654.530396 1030.042847
192.000000 1754.643921 1146.768066 3053.500244 1073.752319
193.000000 1746.952515 993.319031 3025.677734 863.464172
210.000000 1602.556885 999.904724 2825.524414 899.748047
211.000000 1609.073608 1153.514404 2848.568848 1100.164551
1522.000000 703.413025 1562.697754 1901.000000 1610.000000
362.000000 753.603638 1033.277466 1954.506958 1059.946167
363.000000 750.928162 1180.016968 1961.544312 1213.262451
326.000000 1000.616028 1603.319458 2206.094971 1659.824707
327.000000 1000.101501 1456.666260 2195.758789 1496.935791
1452.000000 599.822571 813.330505 1757.000000 869.000000
203.000000 1750.049072 1147.827271 3052.981445 1077.369507
518.000000 49.364498 483.513672 1019.500366 686.655212
281.000000 40.017773 623.334534 1027.149048 803.399780
374.000000 910.009949 1456.670166 2116.193604 1499.559326
375.000000 909.862610 1596.670044 2126.913086 1650.219604
57.000000 140.122650 1620.925171 1036.755371 1655.368164
559.000000 519.969971 341.008209 1685.030762 430.882507
560.000000 656.912231 345.085693 1792.526001 400.479034
229.000000 1736.703979 854.328796 2998.638184 674.029053
527.000000 753.187683 1183.009644 1962.809448 1216.082642
340.000000 889.903076 1177.565430 2076.952148 1200.558350
236.000000 1743.370972 991.015381 3020.217041 861.177856
237.000000 1606.645020 996.080933 2829.925049 896.260071
546.000000 736.646729 1529.294922 1973.329712 1572.500000
547.000000 873.298340 1525.429932 2086.662842 1572.401001
238.000000 1730.083374 718.819458 2973.681396 494.581238
239.000000 1596.562988 723.987061 2787.545410 546.484619
276.000000 1741.322510 853.431885 3001.777588 673.532410
277.000000 1734.786255 720.092163 2979.162598 496.773804
468.000000 1036.543457 884.390076 2189.120605 866.661499
469.000000 1169.847412 877.178833 2311.187012 834.506042
342.000000 1477.026978 734.871887 2640.463379 588.351074
343.000000 1343.658081 740.728027 2486.834473 630.610352
552.000000 759.860107 893.403564 1949.199707 919.917908
430.000000 894.293701 887.175171 2059.593262 893.877197
434.000000 1176.693970 744.247437 2315.364746 687.359558
557.000000 890.012024 1023.686707 2066.824951 1037.541138
558.000000 756.719421 1028.218506 1956.811646 1057.467285
538.000000 873.348511 1348.149414 2076.806152 1382.667480
539.000000 739.994995 1349.513062 1963.434204 1388.595947
431.000000 893.374939 754.354492 2047.269043 757.531006
307.000000 1592.137329 726.599243 2785.495117 549.768311
228.000000 1596.242188 856.680054 2804.426514 717.374756
314.000000 1484.247925 863.398071 2662.544922 753.410461
315.000000 1480.764893 733.312866 2646.564453 590.010010
348.000000 1349.973267 868.860535 2505.563232 788.242249
349.000000 1480.058105 865.811462 2659.608154 754.858398
129.000000 84.843231 1218.449219 945.683167 1300.242676
452.000000 758.918396 763.386902 1943.603027 789.700928
453.000000 755.903320 890.061157 1947.771362 916.765320
384.000000 273.443665 463.175476 1286.720093 619.784180
385.000000 169.593887 390.580963 1143.116699 584.207825
368.000000 1038.425781 750.011292 2182.110596 719.880127
561.000000 895.573181 759.998108 2051.794189 759.777954
576.000000 237.951752 970.076965 1303.902100 1066.669922
577.000000 230.555832 1093.566284 1303.277344 1176.685303
473.000000 589.646057 1499.943115 1796.245361 1539.544312
474.000000 590.756958 1623.326538 1802.137085 1663.390259
400.000000 1373.111572 1160.752075 2556.461914 1138.440674
401.000000 1493.317505 1156.245605 2699.946045 1119.588745
479.000000 356.597412 1592.668701 1656.622925 1616.976562
555.000000 1049.297485 1174.063965 2221.428467 1184.051270
556.000000 1166.528931 1167.529297 2332.421387 1167.292725
551.000000 453.150696 1393.324585 1642.353149 1440.003540
313.000000 447.515564 1510.201660 1651.540283 1549.960938
231.000000 436.299866 836.875854 1573.819580 916.589844
466.000000 658.638611 1616.741333 1875.866211 1663.355469
467.000000 660.281982 1500.004028 1872.362427 1536.785767
300.000000 1733.404541 1002.018250 3010.108398 877.267883
301.000000 1616.765381 1006.132690 2843.449707 907.312805
394.000000 713.472473 1283.860718 1936.680542 1322.311890
395.000000 600.087402 1278.237793 1790.004761 1321.846313
370.000000 1641.232178 1250.452148 2901.356445 1228.128662
371.000000 1555.782104 1325.176636 2794.105957 1337.556519
328.000000 1720.108765 729.394714 2960.418213 511.512848
329.000000 1606.689941 733.918091 2803.745605 554.824463
980.000000 1166.634399 1518.874268 2359.000000 1572.000000
341.000000 880.031189 1034.132080 2063.448486 1040.875610
572.000000 593.331116 1278.908203 1780.049805 1324.257812
573.000000 479.998260 1279.137939 1669.831055 1330.199707
1171.000000 590.001587 1320.148682 1793.000000 1360.000000
308.000000 1037.090942 1022.919556 2199.686768 1016.438904
580.000000 264.663025 986.751770 1340.060669 1076.667725
344.000000 1723.444214 842.974060 2977.207764 662.193054
345.000000 1613.348633 847.077148 2823.369629 700.146790
346.000000 1736.770996 1136.176025 3026.826416 1061.144775
347.000000 1626.674561 1140.215942 2869.959473 1083.043457
584.000000 1163.322266 866.330078 2309.940918 823.086060
585.000000 1053.331055 869.932007 2203.755371 848.435059
689.000000 753.365479 1361.146973 1970.000000 1398.000000
365.000000 459.811066 1153.326660 1642.241211 1210.029053
1463.000000 1716.642090 1419.399536 2940.000000 1459.000000
418.000000 1473.328003 1007.881104 2667.145752 939.381470
419.000000 1363.311768 1008.159668 2530.043457 963.578918
471.000000 99.890335 656.895203 1092.953247 822.319824
472.000000 3.112502 610.460266 970.184509 802.207153
438.000000 1466.800293 853.350708 2643.885498 742.256531
439.000000 1359.904785 857.612061 2513.534180 774.154480
581.000000 249.711502 1096.650513 1338.085693 1186.632324
948.000000 873.328674 1166.500977 2062.000000 1178.000000
900.000000 766.746826 1169.507690 1972.000000 1203.000000
523.000000 413.781433 412.912476 1562.013550 527.639099
1515.000000 492.073761 413.618469 1675.000000 495.000000
1514.000000 576.691345 1437.416870 1797.000000 1504.000000
807.000000 753.333557 1516.677856 1980.000000 1561.000000
536.000000 1019.883972 1543.333618 2220.026611 1593.331665
537.000000 1019.634521 1440.000854 2212.886230 1480.028198
332.000000 1764.692383 1262.807495 3070.476074 1227.445923
515.000000 707.450073 675.574036 1876.608276 712.863892
516.000000 607.055298 657.804443 1759.969116 714.653259
1384.000000 925.000000 635.000000 2064.000000 628.000000
803.000000 656.000000 912.000000 1831.000000 955.000000
812.000000 615.000000 599.000000 1769.000000 656.000000
639.000000 649.000000 1200.000000 1842.000000 1241.000000
787.000000 262.000000 700.000000 1320.000000 827.000000
714.000000 55.000000 558.000000 1043.000000 747.000000
914.000000 614.000000 1058.000000 1797.000000 1103.000000
1239.000000 820.000000 850.000000 2001.000000 866.000000
1174.000000 622.000000 764.000000 1787.000000 814.000000
749.000000 653.000000 1032.000000 1835.000000 1074.000000
697.000000 424.000000 385.000000 1562.000000 501.000000
1215.000000 652.000000 1066.000000 1836.000000 1107.000000
1029.000000 1136.000000 857.000000 2289.000000 819.000000
892.000000 225.000000 1335.000000 1317.000000 1390.000000
1466.000000 220.000000 918.000000 1264.000000 1022.000000
928.000000 264.000000 670.000000 1320.000000 800.000000
814.000000 595.000000 1347.000000 1794.000000 1389.000000
764.000000 967.000000 1388.000000 2167.000000 1424.000000
602.000000 32.000000 938.000000 1039.000000 1065.000000
1256.000000 967.000000 1409.000000 2168.000000 1447.000000
1144.000000 51.000000 626.000000 1042.000000 805.000000
1248.000000 875.000000 827.000000 2047.000000 833.000000
1208.000000 265.000000 640.000000 1320.000000 773.000000
635.000000 614.000000 1075.000000 1797.000000 1121.000000
1095.000000 663.000000 625.000000 1820.000000 671.000000
634.000000 657.000000 880.000000 1830.000000 923.000000
629.000000 798.000000 1133.000000 2003.000000 1161.000000
799.000000 246.000000 959.000000 1317.000000 1056.000000
926.000000 615.000000 1024.000000 1795.000000 1070.000000
545.000000 223.000000 1380.000000 1293.483276 1430.001343
920.000000 594.000000 1400.000000 1796.000000 1442.000000
774.000000 633.000000 1351.000000 1835.000000 1393.000000
985.000000 626.000000 614.000000 1781.000000 667.000000
1477.000000 594.000000 1364.000000 1794.000000 1407.000000
1537.000000 856.000000 1499.000000 2071.000000 1544.000000
1433.000000 507.000000 1642.000000 1412.000000 1689.000000
919.000000 852.000000 1048.000000 2043.000000 1068.000000
668.000000 623.000000 1190.000000 1814.000000 1233.000000
898.000000 627.000000 583.000000 1781.000000 637.000000
751.000000 249.000000 898.000000 1317.000000 1001.000000
679.000000 1412.000000 569.000000 2598.000000 408.000000
998.000000 618.000000 904.000000 1791.000000 952.000000
762.000000 1083.000000 1097.000000 2255.000000 1096.000000
784.000000 622.000000 779.000000 1787.000000 830.000000
1034.000000 1136.000000 838.000000 2287.000000 796.000000
1375.000000 820.000000 869.000000 2000.000000 887.000000
674.000000 609.000000 1228.000000 1802.000000 1271.000000
673.000000 638.000000 628.000000 1794.000000 679.000000
1006.000000 606.000000 906.000000 1778.000000 955.000000
1111.000000 1383.000000 846.000000 2554.000000 754.000000
1343.000000 836.000000 829.000000 2014.000000 841.000000
613.000000 618.000000 920.000000 1792.000000 967.000000
663.000000 657.000000 896.000000 1830.000000 939.000000
844.000000 1137.000000 951.000000 2289.000000 924.000000
872.000000 852.000000 1156.000000 2049.000000 1180.000000
1090.000000 235.000000 686.000000 1281.000000 819.000000
1037.000000 1061.000000 840.000000 2215.000000 813.000000
731.000000 607.000000 921.000000 1779.000000 971.000000
720.000000 950.000000 1388.000000 2152.000000 1425.000000
1402.000000 782.000000 831.000000 1970.000000 852.000000
1431.000000 623.000000 1207.000000 1815.000000 1250.000000
610.000000 1063.000000 1351.000000 2248.000000 1381.000000
1065.000000 1291.000000 1315.000000 2479.000000 1331.000000
728.000000 677.000000 595.000000 1831.000000 638.000000
1109.000000 798.000000 1108.000000 2001.000000 1135.000000
1088.000000 588.000000 1115.000000 1768.000000 1162.000000
1332.000000 1447.000000 1136.000000 2652.000000 1099.000000
1274.000000 190.000000 1411.000000 1262.000000 1458.000000
710.000000 220.000000 1444.000000 1317.000000 1488.000000
648.000000 53.000000 593.000000 1043.000000 776.000000
789.000000 58.000000 524.000000 1044.000000 719.000000
1475.000000 907.000000 1438.000000 2111.000000 1479.000000
769.000000 1446.000000 1084.000000 2645.000000 1035.000000
597.000000 802.000000 831.000000 1987.000000 848.000000
737.000000 637.000000 1220.000000 1829.000000 1262.000000
931.000000 1138.000000 1095.000000 2309.000000 1087.000000
1341.000000 238.000000 625.000000 1266.000000 763.000000
869.000000 269.000000 570.000000 1319.000000 711.000000
1164.000000 223.000000 1368.000000 1276.000000 1418.000000
897.000000 781.000000 1397.000000 2006.000000 1436.000000
599.000000 856.000000 828.000000 2031.000000 837.000000
1284.000000 950.000000 1409.000000 2153.000000 1448.000000
601.000000 649.000000 1183.000000 1841.000000 1224.000000
570.000000 1618.000000 837.000000 2833.739990 689.974548
725.000000 614.000000 614.000000 1769.000000 671.000000
1532.000000 1649.000000 1103.000000 2908.000000 1029.000000
840.000000 1648.000000 1077.000000 2904.000000 995.000000
1339.000000 1156.000000 837.000000 2304.000000 792.000000
664.000000 598.000000 1196.000000 1788.000000 1240.000000
694.000000 664.000000 595.000000 1819.000000 641.000000
1247.000000 1705.000000 1075.000000 2983.000000 983.000000
1364.000000 632.000000 1370.000000 1836.000000 1411.000000
1143.000000 821.000000 830.000000 2000.000000 845.000000
1494.000000 222.000000 1254.000000 1004.000000 1305.000000
860.000000 1638.000000 816.000000 2866.000000 654.000000
625.000000 653.000000 1049.000000 1836.000000 1091.000000
936.000000 852.000000 1131.000000 2048.000000 1154.000000
1194.000000 435.000000 1447.000000 1630.000000 1489.000000
1027.000000 966.000000 1429.000000 2170.000000 1469.000000
1468.000000 743.000000 448.000000 1926.000000 462.000000
1297.000000 799.000000 1478.000000 2024.000000 1520.000000
1359.000000 780.000000 1478.000000 2010.000000 1521.000000
1253.000000 1117.000000 1492.000000 2315.000000 1542.000000
865.000000 649.000000 1217.000000 1842.000000 1258.000000
1059.000000 872.000000 1048.000000 2059.000000 1064.000000
982.000000 598.000000 1230.000000 1789.000000 1275.000000
876.000000 1309.000000 1198.000000 2490.000000 1190.000000
979.000000 1390.000000 1086.000000 2579.000000 1045.000000
735.000000 659.000000 774.000000 1826.000000 818.000000
671.000000 1459.000000 803.000000 2635.000000 685.000000
606.000000 218.000000 1477.000000 1317.000000 1516.000000
1321.000000 653.000000 1015.000000 1834.000000 1057.000000
937.000000 838.000000 1452.000000 2057.000000 1494.000000
986.000000 1179.000000 1518.000000 2374.000000 1571.000000
1081.000000 180.000000 1604.000000 1059.000000 1638.000000
688.000000 631.000000 902.000000 1804.000000 948.000000
1136.000000 627.000000 1072.000000 1810.000000 1117.000000
1038.000000 619.000000 872.000000 1790.000000 920.000000
1349.000000 59.000000 679.000000 1044.000000 848.000000
594.000000 852.000000 1105.000000 2047.000000 1128.000000
994.000000 593.000000 1383.000000 1795.000000 1424.000000
1456.000000 607.000000 1421.000000 1797.000000 1458.000000
1101.000000 1098.000000 1445.000000 2296.000000 1488.000000
677.000000 222.000000 1411.000000 1317.000000 1458.000000
1014.000000 1157.000000 816.000000 2305.000000 768.000000
99.000000 162.000000 939.000000 1192.393799 1053.357666
1258.000000 412.000000 463.000000 1575.000000 577.000000
1499.000000 26.000000 369.000000 985.000000 600.000000
1264.000000 604.000000 1026.000000 1783.000000 1074.000000
619.000000 459.000000 805.000000 1616.000000 883.000000
1030.000000 1214.000000 818.000000 2356.000000 758.000000
1358.000000 1627.000000 1078.000000 2875.000000 1000.000000
908.000000 627.000000 1055.000000 1809.000000 1100.000000
785.000000 800.000000 1396.000000 2020.000000 1435.000000
587.000000 1419.000000 845.000000 2580.243652 753.755371
1110.000000 660.000000 759.000000 1825.000000 803.000000
1317.000000 273.000000 1231.000000 1086.000000 1278.000000
1445.000000 588.000000 1334.000000 1781.000000 1377.000000
667.000000 637.000000 1185.000000 1828.000000 1227.000000
842.000000 615.000000 1041.000000 1796.000000 1086.000000
1234.000000 1413.000000 588.000000 2600.000000 430.000000
642.000000 983.000000 1429.000000 2183.000000 1469.000000
1483.000000 284.000000 1266.000000 1381.000000 1325.000000
1276.000000 1706.000000 1101.000000 2988.000000 1017.000000
574.000000 250.000000 725.000000 1297.002319 853.335327
1302.000000 595.000000 1479.000000 1917.000000 1492.000000
188.000000 116.000000 396.000000 1098.855225 599.960022
649.000000 610.000000 1210.000000 1802.000000 1254.000000
1047.000000 274.000000 1158.000000 1358.000000 1230.000000
1147.000000 336.000000 1248.000000 1455.000000 1306.000000
811.000000 397.000000 471.000000 1560.000000 586.000000
1404.000000 1017.000000 1435.000000 2210.000000 1476.000000
1157.000000 444.000000 1475.000000 1644.000000 1515.000000
1294.000000 214.000000 1024.000000 1264.000000 1116.000000
880.000000 260.000000 730.000000 1320.000000 852.000000
946.000000 449.000000 1354.000000 1643.000000 1400.000000
506.000000 612.000000 354.000000 1736.420288 425.794678
98.000000 178.000000 544.000000 1195.818115 716.624146
1527.000000 236.000000 655.000000 1281.000000 792.000000
691.000000 1404.000000 845.000000 2571.000000 751.000000
1159.000000 1388.000000 1029.000000 2573.000000 975.000000
164.000000 94.000000 1153.000000 940.011475 1246.471802
435.000000 1047.000000 757.000000 2185.163574 723.297180
801.000000 799.000000 1050.000000 1998.000000 1076.000000
839.000000 801.000000 1373.000000 2067.000000 1409.000000
657.000000 1136.000000 817.000000 2286.000000 773.000000
954.000000 602.000000 1061.000000 1783.000000 1107.000000
1275.000000 670.000000 879.000000 1843.000000 920.000000
1450.000000 671.000000 369.000000 1797.000000 420.000000
636.000000 802.000000 851.000000 1988.000000 869.000000
718.000000 705.000000 720.000000 1872.000000 756.000000
1182.000000 756.000000 1434.000000 2132.000000 1456.000000
940.000000 1438.000000 804.000000 2613.000000 690.000000
829.000000 1101.000000 858.000000 2251.000000 827.000000
905.000000 635.000000 778.000000 1800.000000 826.000000
713.000000 816.000000 1157.000000 2016.000000 1185.000000
1008.000000 614.000000 337.000000 1752.000000 404.000000
660.000000 247.000000 928.000000 1318.000000 1029.000000
397.000000 699.000000 644.000000 1874.479004 682.580139
788.000000 722.000000 399.000000 1855.000000 434.000000
1295.000000 692.000000 934.000000 1865.000000 971.000000
1003.000000 652.000000 596.000000 1807.000000 644.000000
513.000000 34.000000 903.000000 1023.779175 1036.675293
1290.000000 1152.000000 1338.000000 2347.000000 1363.000000
1220.000000 639.000000 597.000000 1793.000000 649.000000
1141.000000 639.000000 613.000000 1794.000000 664.000000
1497.000000 95.000000 892.000000 1102.000000 1019.000000
971.000000 983.000000 1388.000000 2181.000000 1424.000000
993.000000 233.000000 215.000000 1284.000000 409.000000
1118.000000 635.000000 1403.000000 1837.000000 1444.000000
831.000000 663.000000 1179.000000 1854.000000 1220.000000
1227.000000 43.000000 1274.000000 1064.000000 1344.000000
1289.000000 1067.000000 584.000000 2235.000000 529.000000
1231.000000 611.000000 1193.000000 1801.000000 1236.000000
624.000000 603.000000 1043.000000 1783.000000 1090.000000
614.000000 626.000000 629.000000 1782.000000 682.000000
656.000000 610.000000 765.000000 1774.000000 818.000000
843.000000 457.000000 1067.000000 1635.000000 1128.000000
1076.000000 1396.000000 1159.000000 2584.000000 1134.000000
682.000000 1098.000000 1387.000000 2297.000000 1423.000000
1447.000000 661.000000 729.000000 1825.000000 772.000000
923.000000 607.000000 890.000000 1778.000000 940.000000
952.000000 100.000000 1072.000000 948.000000 1177.000000
681.000000 627.000000 1038.000000 1809.000000 1083.000000
1071.000000 1466.000000 1135.000000 2669.000000 1097.000000
747.000000 1084.000000 1123.000000 2258.000000 1124.000000
922.000000 856.000000 848.000000 2032.000000 858.000000
935.000000 676.000000 1307.000000 1871.000000 1348.000000
1004.000000 874.000000 867.000000 2045.000000 875.000000
1127.000000 446.000000 530.000000 1499.000000 636.000000
1495.000000 1727.000000 1099.000000 3017.000000 1013.000000
1540.000000 1138.000000 1518.000000 2335.000000 1572.000000
1488.000000 1229.000000 940.000000 2382.000000 896.000000
1271.000000 25.000000 389.000000 985.000000 612.000000
832.000000 599.000000 1179.000000 1788.000000 1223.000000
796.000000 611.000000 780.000000 1775.000000 833.000000
792.000000 644.000000 898.000000 1818.000000 942.000000
941.000000 233.000000 716.000000 1268.000000 843.000000
849.000000 612.000000 734.000000 1773.000000 787.000000
1032.000000 983.000000 1408.000000 2182.000000 1447.000000
1338.000000 633.000000 1387.000000 1836.000000 1428.000000
1492.000000 456.000000 1121.000000 1636.000000 1179.000000
608.000000 207.000000 1411.000000 1276.000000 1458.000000
1500.000000 636.000000 747.000000 1799.000000 796.000000
273.000000 231.000000 1510.000000 1302.896118 1543.344482
913.000000 1638.000000 836.000000 2870.000000 679.000000
947.000000 1425.000000 1085.000000 2621.000000 1055.000000
396.000000 861.000000 638.000000 2015.036743 641.138306
772.000000 950.000000 1429.000000 2155.000000 1470.000000
617.000000 780.000000 1453.000000 2009.000000 1496.000000
822.000000 1002.000000 1434.000000 2196.000000 1475.000000
626.000000 640.000000 1051.000000 1823.000000 1094.000000
1388.000000 857.000000 1476.000000 2072.000000 1519.000000
1451.000000 664.000000 581.000000 1819.000000 626.000000
1548.000000 1628.000000 1104.000000 2857.000000 1042.000000
1574.000000 1465.000000 1027.000000 2662.000000 960.000000
644.000000 1659.000000 835.000000 2892.000000 675.000000
1281.000000 817.000000 1107.000000 2015.000000 1133.000000
859.000000 459.000000 979.000000 1618.000000 1043.000000
721.000000 1446.000000 1110.000000 2648.000000 1067.000000
1270.000000 212.000000 1057.000000 1264.000000 1145.000000
1538.000000 1118.000000 1445.000000 2315.000000 1487.000000
824.000000 212.000000 305.000000 1240.000000 493.000000
1179.000000 1082.000000 584.000000 2246.000000 525.000000
1232.000000 838.000000 1476.000000 2058.000000 1520.000000
1128.000000 1108.000000 1502.000000 2309.000000 1553.000000
813.000000 677.000000 610.000000 1832.000000 653.000000
855.000000 1102.000000 819.000000 2251.000000 782.000000
1296.000000 459.000000 1005.000000 1633.000000 1070.000000
1205.000000 395.000000 1282.000000 1493.000000 1332.000000
1053.000000 782.000000 1373.000000 2005.000000 1411.000000
1387.000000 1218.000000 1031.000000 2378.000000 1004.000000
1203.000000 1116.000000 838.000000 2267.000000 801.000000
887.000000 458.000000 829.000000 1617.000000 906.000000
1333.000000 617.000000 1393.000000 1821.000000 1434.000000
1370.000000 1693.000000 814.000000 2942.000000 635.000000
745.000000 624.000000 1172.000000 1813.000000 1216.000000
875.000000 191.000000 464.000000 1197.000000 638.000000
575.000000 266.000000 612.000000 1297.649902 743.319519
1417.000000 447.000000 1419.000000 1644.000000 1461.000000
420.000000 1468.000000 739.000000 2633.872803 601.934265
1103.000000 860.000000 626.000000 2028.000000 621.000000
1525.000000 1669.000000 1076.000000 2933.000000 991.000000
221.000000 581.000000 746.000000 1742.086914 806.761536
970.000000 1296.000000 1420.000000 2494.000000 1457.000000
1413.000000 1112.000000 996.000000 2268.000000 978.000000
1526.000000 461.000000 752.000000 1583.000000 827.000000
1506.000000 211.000000 1089.000000 1266.000000 1170.000000
1072.000000 1695.000000 834.000000 2946.000000 661.000000
783.000000 294.000000 959.000000 1373.000000 1050.000000
1459.000000 974.000000 1439.000000 2175.000000 1479.000000
1093.000000 1068.000000 1286.000000 2248.000000 1308.000000
816.000000 857.000000 1451.000000 2072.000000 1494.000000
1391.000000 611.000000 750.000000 1773.000000 803.000000
1150.000000 693.000000 374.000000 1821.000000 419.000000
1012.000000 1074.000000 1412.000000 2267.000000 1450.000000
1249.000000 278.000000 647.000000 1336.000000 776.000000
723.000000 641.000000 1068.000000 1824.000000 1111.000000
1576.000000 1023.000000 1025.000000 2186.000000 1023.000000
973.000000 648.000000 363.000000 1774.000000 422.000000
1383.000000 1228.000000 924.000000 2380.000000 877.000000
1426.000000 435.000000 859.000000 1572.000000 937.000000
1442.000000 769.000000 882.000000 1958.000000 906.000000
1470.000000 48.000000 942.000000 1059.000000 1067.000000
1262.000000 897.000000 487.000000 2162.000000 463.000000
637.000000 676.000000 624.000000 1833.000000 667.000000
230.000000 447.000000 641.000000 1571.706543 719.910034
1254.000000 264.000000 751.000000 1315.000000 872.000000
1055.000000 662.000000 1414.000000 1863.000000 1455.000000
1535.000000 405.000000 1522.000000 1249.000000 1564.000000
696.000000 648.000000 760.000000 1813.000000 806.000000
1487.000000 801.000000 871.000000 1989.000000 889.000000
1085.000000 500.000000 733.000000 1662.000000 807.000000
884.000000 1439.000000 844.000000 2619.000000 739.000000
776.000000 631.000000 918.000000 1804.000000 964.000000
951.000000 16.000000 573.000000 980.000000 764.000000
1259.000000 1097.000000 1423.000000 2293.000000 1463.000000
1009.000000 640.000000 1034.000000 1823.000000 1077.000000
965.000000 566.000000 308.000000 1729.000000 385.000000
1092.000000 275.000000 707.000000 1336.000000 829.000000
1300.000000 951.000000 1439.000000 2165.000000 1480.000000
1062.000000 648.000000 775.000000 1814.000000 821.000000
1444.000000 808.000000 1212.000000 2010.000000 1242.000000
695.000000 63.000000 444.000000 1045.000000 652.000000
647.000000 193.000000 1333.000000 1261.000000 1389.000000
1279.000000 1404.000000 1213.000000 2600.000000 1200.000000
174.000000 211.000000 842.000000 1254.449585 956.668823
1145.000000 992.000000 1353.000000 2182.000000 1386.000000
687.000000 459.000000 778.000000 1616.000000 858.000000
866.000000 645.000000 913.000000 1818.000000 958.000000
685.000000 1082.000000 839.000000 2235.000000 808.000000
891.000000 634.000000 1335.000000 1834.000000 1376.000000
925.000000 1082.000000 820.000000 2233.000000 786.000000
862.000000 636.000000 1203.000000 1829.000000 1244.000000
1214.000000 798.000000 1158.000000 2004.000000 1186.000000
746.000000 77.000000 1579.000000 936.000000 1604.000000
1528.000000 377.000000 1306.000000 1518.000000 1357.000000
1465.000000 501.000000 390.000000 1657.000000 473.000000
621.000000 666.000000 1029.000000 1848.000000 1070.000000
921.000000 652.000000 611.000000 1807.000000 659.000000
1139.000000 645.000000 882.000000 1817.000000 927.000000
943.000000 209.000000 477.000000 1221.000000 645.000000
1420.000000 192.000000 1219.000000 1252.000000 1297.000000
1099.000000 631.000000 886.000000 1804.000000 933.000000
618.000000 463.000000 692.000000 1614.000000 777.000000
777.000000 649.000000 1166.000000 1840.000000 1206.000000
918.000000 1084.000000 1148.000000 2260.000000 1152.000000
1557.000000 1159.000000 1095.000000 2329.000000 1084.000000
630.000000 619.000000 888.000000 1791.000000 936.000000
1354.000000 470.000000 757.000000 1630.000000 836.000000
1199.000000 89.000000 699.000000 1083.000000 858.000000
1350.000000 627.000000 598.000000 1781.000000 653.000000
1255.000000 201.000000 256.000000 1264.000000 452.000000
1348.000000 612.000000 307.000000 1796.000000 374.000000
659.000000 211.000000 1334.000000 1276.000000 1389.000000
1223.000000 241.000000 553.000000 1266.000000 700.000000
1063.000000 1103.000000 1097.000000 2274.000000 1093.000000
959.000000 1062.000000 1124.000000 2237.000000 1127.000000
1083.000000 1232.000000 1520.000000 2450.000000 1587.000000
1044.000000 1166.000000 1443.000000 2353.000000 1486.000000
1552.000000 998.000000 1452.000000 2193.000000 1494.000000
981.000000 259.000000 767.000000 1310.000000 887.000000
680.000000 666.000000 1046.000000 1849.000000 1087.000000
1446.000000 1085.000000 1412.000000 2277.000000 1450.000000
1356.000000 619.000000 1375.000000 1820.000000 1417.000000
1524.000000 1460.000000 1244.000000 2669.000000 1234.000000
517.000000 37.000000 620.000000 1016.824402 803.260437
1089.000000 343.000000 1720.000000 934.000000 1738.000000
1507.000000 1467.000000 1107.000000 2669.000000 1063.000000
1365.000000 536.000000 1319.000000 1741.000000 1363.000000
1280.000000 687.000000 909.000000 1857.000000 947.000000
1347.000000 89.000000 681.000000 1090.000000 843.000000

12.000000 353.557159 1403.343140 389.327667 589.823853 1481.400269 1370.022583 1473.524536 696.664429
11.000000 1263.200684 680.036377 2050.069336 648.389221 2387.610840 589.812683 3070.467773 384.892303
14.000000 377.229584 580.168518 346.089264 1300.263306 1461.340698 696.649597 1469.409180 1330.049927
29.000000 174.773849 1146.559082 206.777222 583.339600 1221.133911 1229.980713 1225.423706 739.989136
23.000000 1268.541260 1216.597534 1261.278809 669.938721 2438.913330 1129.537964 2395.303955 602.894104
1.000000 435.768677 513.425415 -0.753865 185.439728 1493.961060 627.574036 3.690933 241.951355
35.000000 397.962219 1183.234619 423.982147 646.375000 1540.521484 1243.372803 1534.259888 796.653687
30.000000 332.718262 630.130005 307.212830 1163.359497 1400.896240 749.980530 1403.136353 1236.667603
22.000000 717.911987 1239.954102 729.568604 709.990540 1938.316406 1280.212402 1915.443726 739.910645
32.000000 726.553467 704.164673 1246.695068 680.628845 1913.684814 734.479187 2367.278564 595.327637
26.000000 1251.389404 683.317871 1257.148315 1199.994629 2384.352539 606.586670 2424.673828 1120.156494
37.000000 504.687531 693.380981 486.856934 1200.124023 1667.248535 809.822998 1678.077515 1253.298828
34.000000 337.649628 1166.710083 359.728546 666.654663 1448.077026 1236.684448 1443.843628 779.995239
36.000000 712.363098 723.459045 701.551880 1213.367554 1884.315552 803.017029 1902.661621 1246.694458
24.000000 134.948608 520.094055 106.607796 1006.663208 1128.937866 700.029175 1122.256104 1220.028931
43.000000 1.550323 305.942596 389.354095 570.945190 1045.147217 579.645386 1436.538696 673.864868
27.000000 1037.302734 431.520721 736.878418 557.172913 2389.090332 326.480347 1964.286377 589.488708
74.000000 1093.371948 617.687927 776.653748 629.657410 2223.329590 566.654602 1982.282593 643.365051
50.000000 1236.911987 630.910583 930.114136 648.642029 2336.969971 544.264099 2020.256714 647.454407
33.000000 385.690643 876.623535 372.425781 1176.773926 1493.384399 783.332764 1498.598389 1243.311401
92.000000 1403.289917 602.391663 1119.943604 615.441345 2579.472656 448.356049 2373.671387 514.387329
46.000000 1723.300171 589.192566 1463.328613 599.883972 3024.435791 306.395569 2672.157715 419.677612
87.000000 221.749222 854.060852 199.340958 1113.276367 1254.449585 956.668823 1254.004395 1186.674438
99.000000 29.618700 1526.646240 42.868935 1279.796143 1063.930176 1556.670898 1065.385742 1349.990967
108.000000 31.048664 1290.070923 14.603510 1533.419189 1058.641968 1363.301880 1054.004395 1563.348877
83.000000 41.841274 1506.569702 57.448505 1266.500732 1074.785522 1563.289062 1080.352417 1326.596558
86.000000 17.960083 346.749603 2.581968 586.618469 971.860962 576.707520 966.808838 806.742981
100.000000 235.144867 486.760132 222.932648 723.484619 1255.611694 646.660400 1256.182495 853.334656
254.000000 500.909454 365.189087 727.357910 390.476593 1853.466309 418.936157 1736.420288 425.794678
79.000000 900.203308 1605.616577 683.097168 1613.474976 2130.020508 1658.047485 1883.314941 1659.126465
128.000000 267.788300 1109.903076 277.140015 896.541321 1347.633911 1186.693604 1345.508911 999.975220
111.000000 432.645203 946.774902 423.916168 1160.160156 1576.569702 1019.957581 1577.862061 1219.970703
141.000000 86.819183 430.010040 73.234985 636.660217 1070.508057 636.676025 1067.254517 813.344177
143.000000 507.443329 379.211151 710.998413 400.415955 1671.568726 469.622925 1845.539673 440.039307
93.000000 564.480591 1206.606567 570.075195 1003.243713 1755.564087 1256.708252 1747.517822 1043.175659
135.000000 289.356293 746.639160 297.905792 546.577148 1348.516357 863.339233 1347.797363 683.328796
205.000000 890.069336 1572.064331 689.959229 1578.785400 2103.337402 1622.937134 1959.984985 1621.480103
110.000000 571.813171 953.287842 577.693481 756.697388 1746.228882 1006.744751 1742.086914 806.761536
149.000000 510.027527 399.707733 703.839600 417.956940 1678.440796 487.590942 1845.891602 458.822113
112.000000 278.450897 1083.247192 289.204437 889.955750 1358.813354 1186.671387 1358.016235 986.674561
146.000000 513.944397 1010.018982 507.935760 1203.269165 1708.187744 1080.046143 1712.596680 1253.352051
72.000000 173.128540 380.288513 327.009827 489.516541 1143.102295 574.266296 1396.573364 637.043335
184.000000 88.396423 606.755188 97.959541 419.895569 1076.386841 779.997253 1077.887085 626.645996
91.000000 75.886024 993.280701 88.252251 809.882141 1081.948120 1163.300903 1087.023071 946.596924
163.000000 288.355835 556.583069 279.029297 739.950623 1339.955078 696.667053 1341.411499 859.987427
132.000000 896.563049 1614.260498 1069.862061 1606.796997 2080.004150 1668.663574 2263.346436 1669.249146
139.000000 735.729675 1353.323608 733.932068 1526.672852 1960.987671 1393.289429 1968.837158 1570.051636
113.000000 64.811417 990.072388 73.145805 819.827637 1072.720215 1163.276978 1068.575684 963.432007
168.000000 482.774292 843.322144 486.169434 673.256836 1643.937256 913.311218 1638.076660 753.281677
98.000000 1184.708618 1336.681274 1182.909302 1506.662231 2364.215820 1343.283569 2375.879883 1550.232178
217.000000 883.328918 1563.112793 716.662415 1566.453369 2096.673584 1612.812500 1959.986694 1611.008423
8.000000 1426.662231 626.426636 1260.115479 629.531128 3069.617920 308.812225 2369.187256 534.140564
117.000000 1052.240723 1356.661133 1052.620117 1521.065918 2235.617188 1376.748657 2250.735352 1570.203003
299.000000 156.744568 1123.005249 2.602245 1086.412964 1086.461060 1172.518799 979.959778 1163.826172
192.000000 478.384552 679.944397 472.989319 836.654846 1632.363525 763.358215 1636.208740 913.345093
125.000000 153.519989 1615.033447 306.834991 1598.199707 1050.080444 1645.276245 1236.841064 1637.547974
133.000000 470.463837 1116.688477 477.669678 963.067688 1658.142578 1210.037231 1654.530396 1030.042847
96.000000 1754.643921 1146.768066 1746.952515 993.319031 3053.500244 1073.752319 3025.677734 863.464172
105.000000 1602.556885 999.904724 1609.073608 1153.514404 2825.524414 899.748047 2848.568848 1100.164551
171.000000 893.086670 1176.663818 894.823303 1026.645386 2076.952148 1200.558350 2063.448486 1040.875610
223.000000 703.413025 1562.697754 712.798584 1416.205322 1954.890503 1609.946899 1950.344116 1476.654907
182.000000 753.603638 1033.277466 750.928162 1180.016968 1954.506958 1059.946167 1961.544312 1213.262451
164.000000 1000.616028 1603.319458 1000.101501 1456.666260 2206.094971 1659.824707 2195.758789 1496.935791
101.000000 1609.073608 1153.514404 1750.049072 1147.827271 2849.718506 1104.563232 3052.981445 1077.369507
260.000000 49.364498 483.513672 40.017773 623.334534 1016.824402 803.260437 1019.500366 686.655212
188.000000 910.009949 1456.670166 909.862610 1596.670044 2116.193604 1499.559326 2126.913086 1650.219604
282.000000 519.969971 341.008209 656.912231 345.085693 1685.030762 430.882507 1792.526001 400.479034
114.000000 1599.854736 859.455444 1736.703979 854.328796 2804.426514 717.374756 2998.638184 674.029053
265.000000 753.187683 1183.009644 889.903076 1177.565430 1962.809448 1216.082642 2076.952148 1200.558350
118.000000 1743.370972 991.015381 1606.645020 996.080933 3020.217041 861.177856 2829.925049 896.260071
275.000000 736.646729 1529.294922 873.298340 1525.429932 1973.329712 1572.500000 2086.662842 1572.401001
119.000000 1730.083374 718.819458 1596.562988 723.987061 2973.681396 494.581238 2787.545410 546.484619
138.000000 1741.322510 853.431885 1734.786255 720.092163 3001.777588 673.532410 2979.162598 496.773804
235.000000 1036.543457 884.390076 1169.847412 877.178833 2189.120605 866.661499 2311.187012 834.506042
172.000000 1477.026978 734.871887 1343.658081 740.728027 2640.463379 588.351074 2486.834473 630.610352
278.000000 759.860107 893.403564 894.293701 887.175171 1949.199707 919.917908 2059.593262 893.877197
218.000000 1176.693970 744.247437 1043.280396 748.227173 2315.364746 687.359558 2185.163574 723.297180
281.000000 890.012024 1023.686707 756.719421 1028.218506 2066.824951 1037.541138 1956.811646 1057.467285
271.000000 873.348511 1348.149414 739.994995 1349.513062 2076.806152 1382.667480 1963.434204 1388.595947
283.000000 893.374939 754.354492 763.319336 759.655884 2051.794189 759.777954 1943.603027 789.700928
154.000000 1592.137329 726.599243 1596.242188 856.680054 2785.495117 549.768311 2804.426514 717.374756
158.000000 1484.247925 863.398071 1480.764893 733.312866 2662.544922 753.410461 2646.564453 590.010010
175.000000 1349.973267 868.860535 1480.058105 865.811462 2505.563232 788.242249 2659.608154 754.858398
227.000000 758.918396 763.386902 755.903320 890.061157 1943.603027 789.700928 1947.771362 916.765320
193.000000 273.443665 463.175476 169.593887 390.580963 1286.720093 619.784180 1143.116699 584.207825
185.000000 1038.425781 750.011292 1037.613037 876.694092 2182.110596 719.880127 2190.803467 872.908997
216.000000 894.293701 887.175171 895.573181 759.998108 2059.593262 893.877197 2047.269043 757.531006
225.000000 1188.389648 1186.837646 1175.220947 1062.779175 2356.888916 1216.855591 2349.174316 1089.847656
60.000000 126.379410 849.979797 135.055450 726.553406 1139.409302 1136.659180 1142.973755 853.328796
291.000000 237.951752 970.076965 230.555832 1093.566284 1303.902100 1066.669922 1303.277344 1176.685303
238.000000 589.646057 1499.943115 590.756958 1623.326538 1796.245361 1539.544312 1802.137085 1663.390259
201.000000 1373.111572 1160.752075 1493.317505 1156.245605 2556.461914 1138.440674 2699.946045 1119.588745
241.000000 356.597412 1592.668701 473.385529 1580.500854 1656.622925 1616.976562 1780.026855 1615.189819
280.000000 1049.297485 1174.063965 1166.528931 1167.529297 2221.428467 1184.051270 2332.421387 1167.292725
277.000000 453.150696 1393.324585 447.515564 1510.201660 1642.759766 1553.323486 1642.353149 1440.003540
115.000000 444.518219 720.318604 436.299866 836.875854 1571.706543 719.910034 1573.819580 916.589844
234.000000 658.638611 1616.741333 660.281982 1500.004028 1875.866211 1663.355469 1872.362427 1536.785767
150.000000 1733.404541 1002.018250 1616.765381 1006.132690 3010.108398 877.267883 2843.449707 907.312805
198.000000 713.472473 1283.860718 600.087402 1278.237793 1936.680542 1322.311890 1790.004761 1321.846313
186.000000 1641.232178 1250.452148 1555.782104 1325.176636 2901.356445 1228.128662 2794.105957 1337.556519
165.000000 1720.108765 729.394714 1606.689941 733.918091 2960.418213 511.512848 2803.745605 554.824463
289.000000 593.331116 1278.908203 479.998260 1279.137939 1780.049805 1324.257812 1669.831055 1330.199707
293.000000 264.663025 986.751770 257.622650 1096.727905 1340.060669 1076.667725 1338.085693 1186.632324
173.000000 1723.444214 842.974060 1613.348633 847.077148 2977.207764 662.193054 2823.369629 700.146790
174.000000 1736.770996 1136.176025 1626.674561 1140.215942 3026.826416 1061.144775 2869.959473 1083.043457
295.000000 1163.322266 866.330078 1053.331055 869.932007 2309.940918 823.086060 2203.755371 848.435059
183.000000 463.704254 1043.346436 459.811066 1153.326660 1638.165527 1056.626831 1642.241211 1210.029053
210.000000 1473.328003 1007.881104 1363.311768 1008.159668 2667.145752 939.381470 2530.043457 963.578918
237.000000 99.890335 656.895203 3.112502 610.460266 1092.953247 822.319824 970.184509 802.207153
220.000000 1466.800293 853.350708 1359.904785 857.612061 2643.885498 742.256531 2513.534180 774.154480
263.000000 413.781433 412.912476 310.263519 420.339447 1562.013550 527.639099 1456.757080 576.860046
270.000000 1019.883972 1543.333618 1019.634521 1440.000854 2220.026611 1593.331665 2212.886230 1480.028198
167.000000 1764.692383 1262.807495 1664.490845 1243.874146 3070.476074 1227.445923 2910.453125 1221.378906
259.000000 707.450073 675.574036 607.055298 657.804443 1876.608276 712.863892 1759.969116 714.653259
