Keypoint Matches and Line Matches for pairs 0, 6 
0 corresponds to the image ./resources/Data/CastleP19/images/0000.png 
6 corresponds to the image ./resources/Data/CastleP19/images/0006.png 

436.000000 353.557159 1403.343140 2343.330811 1329.722534
11.000000 389.327667 589.823853 2285.326660 383.409546
6.000000 377.229584 580.168518 2270.173096 373.873993
7.000000 346.089264 1300.263306 2316.371094 1213.532959
54.000000 174.773849 1146.559082 1918.894165 1113.362915
55.000000 206.777222 583.339600 1903.183228 526.670715
2.000000 435.768677 513.425415 2273.406738 302.000763
50.000000 397.962219 1183.234619 2437.643555 1093.473877
38.000000 332.718262 630.130005 2172.545166 489.578949
39.000000 307.212830 1163.359497 2200.445557 1099.979614
137.000000 729.568604 709.990540 3049.116699 269.548981
46.000000 504.687531 693.380981 2655.879883 490.060425
47.000000 486.856934 1200.124023 2701.696289 1086.792358
52.000000 337.649628 1166.710083 2275.152100 1096.742798
53.000000 359.728546 666.654663 2245.635986 509.884186
115.000000 701.551880 1213.367554 3042.367676 1053.089600
44.000000 134.948608 520.094055 1767.553955 509.863434
141.000000 46.330673 1550.195679 1981.895996 1506.591675
43.000000 372.425781 1176.773926 2362.783203 1096.697021
164.000000 221.749222 854.060852 1959.063843 800.013611
450.000000 199.340958 1113.276367 1966.561279 1065.209229
150.000000 29.618700 1526.646240 1729.129517 1506.677734
228.000000 31.048664 1290.070923 1707.568726 1279.989380
229.000000 14.603510 1533.419189 1710.226562 1506.664062
151.000000 57.448505 1266.500732 1725.693848 1236.721436
178.000000 17.960083 346.749603 1555.729858 419.969513
337.000000 222.932648 723.484619 1951.514038 656.715515
170.000000 267.788300 1109.903076 2127.419434 1043.430542
1113.000000 277.140015 896.541321 2110.000000 798.000000
142.000000 432.645203 946.774902 2484.608398 789.940918
422.000000 423.916168 1160.160156 2499.816895 1056.566406
300.000000 86.819183 430.010040 1693.451172 456.665253
222.000000 246.150864 1316.639404 2114.881348 1276.602905
223.000000 235.419800 1520.109985 2124.221924 1503.433960
34.000000 564.480591 1206.606567 2808.677979 1073.445557
171.000000 289.204437 889.955750 2117.879150 790.205505
332.000000 513.944397 1010.018982 2752.140381 826.763123
102.000000 173.128540 380.288513 1759.990967 363.067566
1390.000000 88.252251 809.882141 1711.000000 809.000000
398.000000 347.342072 1473.407227 2346.667480 1450.208130
401.000000 482.774292 843.322144 2637.994629 626.821594
595.000000 486.169434 673.256836 2606.652832 396.248688
1532.000000 716.662415 1566.453369 3037.000000 1598.000000
284.000000 478.384552 679.944397 2591.127930 426.576080
285.000000 472.989319 836.654846 2607.460205 629.936279
110.000000 153.519989 1615.033447 1660.000122 1600.500732
111.000000 306.834991 1598.199707 2010.001099 1600.395874
1374.000000 477.669678 963.067688 2637.000000 784.000000
82.000000 586.702209 624.538635 2743.783447 272.371033
83.000000 462.589294 534.357361 2310.517822 306.561279
330.000000 406.402527 580.369812 2533.379639 371.121277
331.000000 529.066284 667.974060 2716.675049 363.533844
95.000000 142.973221 1144.910400 1470.050171 1129.513306
76.000000 3.210872 1639.076294 1023.337097 1591.486938
272.000000 273.443665 463.175476 1973.359863 367.408875
273.000000 169.593887 390.580963 1763.390503 374.928833
123.000000 135.055450 726.553406 1793.970703 683.321960
1004.000000 230.555832 1093.566284 2069.000000 1040.000000
348.000000 589.646057 1499.943115 2896.947998 1496.637939
349.000000 590.756958 1623.326538 2914.695557 1670.201538
406.000000 410.049347 1527.945801 2533.330322 1522.281250
324.000000 529.980103 1530.827148 2673.331299 1532.323975
182.000000 356.597412 1592.668701 2363.332764 1598.220459
183.000000 473.385529 1580.500854 2613.333984 1598.308838
448.000000 453.150696 1393.324585 2662.430664 1346.727783
449.000000 447.515564 1510.201660 2673.038574 1503.353271
42.000000 444.518219 720.318604 2329.685303 496.684021
446.000000 436.299866 836.875854 2473.042969 651.706299
320.000000 658.638611 1616.741333 3020.660645 1679.954712
321.000000 660.281982 1500.004028 3007.636475 1489.933472
491.000000 194.918976 1380.888916 1993.298218 1353.335205
529.000000 182.458298 1496.572388 2067.386230 1496.639404
79.000000 163.641418 372.893188 1753.302612 362.564087
104.000000 713.472473 1283.860718 3070.324951 1156.720337
268.000000 600.087402 1278.237793 2859.938232 1178.839355
105.000000 479.998260 1279.137939 2689.989014 1193.218506
312.000000 476.681549 1321.375366 2693.610596 1249.805420
313.000000 590.001587 1320.148682 2886.908203 1232.733765
586.000000 463.704254 1043.346436 2627.179932 893.294922
587.000000 459.811066 1153.326660 2637.680664 1033.507080
404.000000 99.890335 656.895203 2636.692383 634.364502
495.000000 3.112502 610.460266 1563.205078 667.046509
387.000000 249.711502 1096.650513 2134.266846 1043.295044
526.000000 473.337585 1380.686768 2696.742188 1328.600830
527.000000 580.000183 1380.026733 2843.445312 1322.867432
514.000000 469.924042 1501.247070 2710.008545 1490.853638
515.000000 573.362976 1497.480591 2859.993408 1489.347290
338.000000 473.360229 1440.817505 2703.333496 1450.002563
501.000000 576.691345 1437.416870 2853.369385 1404.832031
263.000000 707.450073 675.574036 2962.151611 259.126251
262.000000 607.055298 657.804443 2758.934326 316.205658
630.000000 656.000000 912.000000 2900.000000 628.000000
1558.000000 615.000000 599.000000 2786.000000 220.000000
908.000000 649.000000 1200.000000 2940.000000 1047.000000
1440.000000 262.000000 700.000000 1998.000000 609.000000
1096.000000 645.000000 1383.000000 2963.000000 1294.000000
965.000000 55.000000 558.000000 1664.000000 588.000000
1554.000000 606.000000 1361.000000 2899.000000 1292.000000
816.000000 614.000000 1058.000000 2860.000000 854.000000
659.000000 622.000000 764.000000 2823.000000 440.000000
1001.000000 653.000000 1032.000000 2916.000000 802.000000
1357.000000 652.000000 1066.000000 2921.000000 851.000000
882.000000 225.000000 1335.000000 2082.000000 1299.000000
1458.000000 220.000000 918.000000 1981.000000 857.000000
1224.000000 605.000000 1379.000000 2902.000000 1317.000000
1419.000000 595.000000 1347.000000 2871.000000 1266.000000
1265.000000 32.000000 938.000000 1671.000000 944.000000
661.000000 265.000000 640.000000 2055.000000 542.000000
927.000000 614.000000 1075.000000 2862.000000 879.000000
1150.000000 245.000000 772.000000 2530.000000 681.000000
768.000000 663.000000 625.000000 2861.000000 218.000000
614.000000 657.000000 880.000000 2896.000000 582.000000
528.000000 223.000000 1380.000000 2061.817383 1349.931030
1181.000000 594.000000 1400.000000 2950.000000 1343.000000
626.000000 626.000000 614.000000 2804.000000 231.000000
798.000000 594.000000 1364.000000 2872.000000 1285.000000
1294.000000 623.000000 1190.000000 2897.000000 1040.000000
859.000000 618.000000 904.000000 2840.000000 636.000000
613.000000 622.000000 779.000000 2825.000000 461.000000
960.000000 609.000000 1228.000000 2883.000000 1098.000000
884.000000 638.000000 628.000000 2819.000000 244.000000
1208.000000 618.000000 920.000000 2842.000000 659.000000
701.000000 657.000000 896.000000 2898.000000 605.000000
1137.000000 255.000000 1295.000000 2116.000000 1253.000000
1377.000000 607.000000 921.000000 2844.000000 681.000000
1260.000000 623.000000 1207.000000 2899.000000 1066.000000
760.000000 677.000000 595.000000 2874.000000 166.000000
1287.000000 190.000000 1411.000000 1997.000000 1384.000000
1125.000000 382.000000 442.000000 2448.000000 201.000000
672.000000 220.000000 1444.000000 2087.000000 1420.000000
1045.000000 53.000000 593.000000 1607.000000 622.000000
814.000000 58.000000 524.000000 1664.000000 556.000000
793.000000 605.000000 1397.000000 2904.000000 1342.000000
1517.000000 238.000000 625.000000 1971.000000 545.000000
871.000000 269.000000 570.000000 1993.000000 468.000000
1176.000000 56.000000 822.000000 1700.000000 819.000000
706.000000 649.000000 1183.000000 2938.000000 1022.000000
1122.000000 614.000000 614.000000 2787.000000 241.000000
600.000000 618.000000 1603.000000 2972.000000 1649.000000
748.000000 664.000000 595.000000 2857.000000 176.000000
641.000000 653.000000 1049.000000 2919.000000 826.000000
1457.000000 221.000000 887.000000 1981.000000 824.000000
416.000000 370.000000 1438.000000 2346.675049 1410.814575
628.000000 435.000000 1447.000000 2568.000000 1419.000000
878.000000 649.000000 1217.000000 2942.000000 1073.000000
754.000000 659.000000 774.000000 2882.000000 429.000000
1179.000000 218.000000 1477.000000 2089.000000 1456.000000
800.000000 631.000000 902.000000 2858.000000 627.000000
623.000000 627.000000 1072.000000 2878.000000 872.000000
1539.000000 361.000000 575.000000 2234.000000 405.000000
1352.000000 222.000000 1411.000000 2023.000000 1384.000000
1402.000000 26.000000 369.000000 1563.000000 431.000000
583.000000 604.000000 1026.000000 2811.993164 800.596375
1312.000000 459.000000 805.000000 2573.000000 593.000000
977.000000 510.000000 1562.000000 2608.000000 1592.000000
1029.000000 627.000000 1055.000000 2878.000000 846.000000
584.000000 476.000000 1228.000000 2683.464600 1131.738770
1510.000000 439.000000 1565.000000 2625.000000 1572.000000
1362.000000 660.000000 759.000000 2879.000000 408.000000
1546.000000 273.000000 1231.000000 2139.000000 1180.000000
796.000000 462.000000 521.000000 2672.000000 192.000000
577.000000 588.000000 1334.000000 2851.227783 1256.474609
637.000000 615.000000 1041.000000 2858.000000 830.000000
397.000000 284.000000 1266.000000 2143.325439 1208.940186
993.000000 595.000000 1479.000000 2884.000000 1463.000000
278.000000 338.000000 1201.000000 2309.994629 1196.862671
207.000000 116.000000 396.000000 1714.246826 416.668701
1213.000000 610.000000 1210.000000 2880.000000 1072.000000
1270.000000 274.000000 1158.000000 2129.000000 1098.000000
1524.000000 450.000000 1644.000000 2404.000000 1669.000000
1171.000000 336.000000 1248.000000 2315.000000 1187.000000
678.000000 623.000000 749.000000 2821.000000 418.000000
1195.000000 214.000000 1024.000000 2066.000000 977.000000
671.000000 449.000000 1354.000000 2560.000000 1297.000000
1209.000000 178.000000 544.000000 2704.000000 476.000000
144.000000 94.000000 1153.000000 1410.020386 1158.308960
730.000000 670.000000 879.000000 2914.000000 573.000000
1226.000000 705.000000 720.000000 2963.000000 272.000000
914.000000 635.000000 778.000000 2840.000000 454.000000
860.000000 695.000000 799.000000 2922.000000 445.000000
686.000000 247.000000 928.000000 2066.000000 855.000000
964.000000 431.000000 1651.000000 2470.000000 1677.000000
1018.000000 34.000000 903.000000 2063.000000 911.000000
1210.000000 639.000000 597.000000 2819.000000 200.000000
645.000000 639.000000 613.000000 2821.000000 221.000000
1186.000000 95.000000 892.000000 1122.000000 917.000000
1261.000000 135.000000 498.000000 2169.000000 470.000000
1395.000000 635.000000 1403.000000 2938.000000 1345.000000
633.000000 281.000000 577.000000 2052.000000 466.000000
370.000000 277.000000 1402.000000 2149.990479 1371.431641
1314.000000 99.000000 1564.000000 1735.000000 1532.000000
835.000000 663.000000 1179.000000 2956.000000 1015.000000
1388.000000 43.000000 1274.000000 1708.000000 1258.000000
368.000000 188.000000 1445.000000 2153.324219 1411.539551
1085.000000 611.000000 1193.000000 2878.000000 1048.000000
632.000000 626.000000 629.000000 2806.000000 252.000000
1284.000000 420.000000 615.000000 2390.000000 401.000000
710.000000 457.000000 1067.000000 2596.000000 923.000000
500.000000 482.000000 1470.000000 2703.376221 1408.447754
621.000000 661.000000 729.000000 2878.000000 386.000000
854.000000 100.000000 1072.000000 1420.000000 1082.000000
342.000000 465.000000 1518.000000 2703.339355 1511.641113
1264.000000 627.000000 1038.000000 2876.000000 822.000000
576.000000 676.000000 1307.000000 2983.844727 1204.642090
1408.000000 446.000000 530.000000 2278.000000 311.000000
1052.000000 419.000000 1188.000000 2500.000000 1091.000000
309.000000 25.000000 389.000000 1578.937866 463.315552
581.000000 599.000000 1179.000000 2831.145508 1019.255920
405.000000 233.000000 716.000000 2473.376953 638.424622
1301.000000 456.000000 1121.000000 2601.000000 993.000000
734.000000 207.000000 1411.000000 2086.000000 1384.000000
755.000000 636.000000 747.000000 2839.000000 409.000000
592.000000 231.000000 1510.000000 2053.675781 1490.115845
1295.000000 459.000000 979.000000 2587.000000 809.000000
1064.000000 292.000000 793.000000 2110.000000 692.000000
574.000000 687.000000 847.000000 2916.683105 520.030273
951.000000 212.000000 1057.000000 2011.000000 1004.000000
575.000000 607.000000 874.000000 2790.714111 587.990112
875.000000 677.000000 610.000000 2876.000000 187.000000
1415.000000 116.000000 2002.000000 1975.000000 1872.000000
1565.000000 334.000000 556.000000 2319.000000 404.000000
813.000000 459.000000 1005.000000 2590.000000 843.000000
432.000000 395.000000 1282.000000 2500.023682 1204.813843
1506.000000 617.000000 1393.000000 2921.000000 1337.000000
1556.000000 624.000000 1172.000000 2894.000000 1017.000000
1146.000000 246.000000 851.000000 1972.000000 770.000000
1340.000000 191.000000 464.000000 1860.000000 420.000000
1371.000000 636.000000 1157.000000 2893.000000 990.000000
1163.000000 447.000000 1419.000000 2566.000000 1383.000000
865.000000 278.000000 799.000000 2093.000000 692.000000
238.000000 480.000000 824.000000 2629.382080 610.040955
301.000000 85.000000 645.000000 1695.855713 656.676392
35.000000 581.000000 746.000000 2755.209229 443.740112
415.000000 408.000000 1405.000000 2509.990479 1368.871582
1425.000000 700.000000 1800.000000 2710.000000 1826.000000
745.000000 470.000000 783.000000 2570.000000 559.000000
836.000000 461.000000 752.000000 2507.000000 528.000000
455.000000 211.000000 1089.000000 1969.939697 1053.367798
386.000000 294.000000 959.000000 2127.424805 876.635559
414.000000 390.000000 1406.000000 2346.668701 1370.236206
874.000000 79.000000 671.000000 2612.000000 656.000000
774.000000 249.000000 1005.000000 2009.000000 936.000000
1578.000000 641.000000 1068.000000 2901.000000 860.000000
441.000000 310.000000 1542.000000 1899.997681 1532.939331
773.000000 435.000000 859.000000 2478.000000 681.000000
738.000000 676.000000 624.000000 2875.000000 210.000000
554.000000 691.000000 710.000000 2897.945068 322.200653
594.000000 447.000000 641.000000 2466.585449 400.880676
1536.000000 264.000000 751.000000 2046.000000 663.000000
518.000000 662.000000 1414.000000 3003.603760 1354.057007
1269.000000 359.000000 1231.000000 2326.000000 1162.000000
343.000000 405.000000 1522.000000 2523.329834 1510.993652
1315.000000 648.000000 760.000000 2858.000000 396.000000
1087.000000 500.000000 733.000000 2483.000000 529.000000
1400.000000 312.000000 1504.000000 2090.000000 1492.000000
642.000000 631.000000 918.000000 2858.000000 651.000000
655.000000 275.000000 707.000000 2058.000000 607.000000
1497.000000 36.000000 659.000000 1621.000000 692.000000
555.000000 497.000000 683.000000 2773.878418 394.271515
503.000000 319.000000 1334.000000 1893.336548 1293.755249
456.000000 193.000000 1333.000000 2149.975098 1250.609253
1404.000000 611.000000 1595.000000 2958.000000 1635.000000
1032.000000 645.000000 913.000000 2880.000000 637.000000
788.000000 248.000000 1149.000000 2112.000000 1099.000000
1465.000000 634.000000 1335.000000 2933.000000 1262.000000
1490.000000 275.000000 1142.000000 1723.000000 1086.000000
689.000000 77.000000 1579.000000 1656.000000 1575.000000
482.000000 377.000000 1306.000000 2339.990967 1248.893433
1154.000000 666.000000 1029.000000 2934.000000 793.000000
872.000000 652.000000 611.000000 2843.000000 229.000000
1493.000000 607.000000 1343.000000 2881.000000 1273.000000
1416.000000 449.000000 1578.000000 2627.000000 1592.000000
1019.000000 463.000000 692.000000 2502.000000 452.000000
1202.000000 649.000000 1166.000000 2935.000000 998.000000
1299.000000 619.000000 888.000000 2839.000000 613.000000
920.000000 470.000000 757.000000 2568.000000 527.000000
1120.000000 89.000000 699.000000 2633.000000 678.000000
1051.000000 627.000000 598.000000 2802.000000 210.000000
995.000000 201.000000 256.000000 2004.000000 174.000000
918.000000 211.000000 1334.000000 2021.000000 1300.000000
959.000000 241.000000 553.000000 1968.000000 469.000000
1083.000000 646.000000 1408.000000 2966.000000 1357.000000
806.000000 688.000000 1092.000000 2952.000000 838.000000
832.000000 259.000000 767.000000 2038.000000 682.000000
1237.000000 666.000000 1046.000000 2937.000000 818.000000
830.000000 614.000000 1091.000000 2865.000000 903.000000
919.000000 430.000000 1325.000000 2527.000000 1250.000000
1366.000000 619.000000 1375.000000 2921.000000 1311.000000
1581.000000 44.000000 1195.000000 1696.000000 1183.000000
143.000000 417.000000 1171.000000 2497.264404 1063.151245
743.000000 594.000000 981.000000 2796.000000 755.000000
728.000000 9.000000 660.000000 2493.000000 681.000000
657.000000 687.000000 909.000000 2929.000000 610.000000
658.000000 89.000000 681.000000 2631.000000 661.000000

5.000000 353.557159 1403.343140 389.327667 589.823853 2331.385498 1193.254517 2285.326660 383.409546
3.000000 377.229584 580.168518 346.089264 1300.263306 2270.173096 373.873993 2316.371094 1213.532959
27.000000 174.773849 1146.559082 206.777222 583.339600 1918.894165 1113.362915 1903.183228 526.670715
1.000000 435.768677 513.425415 -0.753865 185.439728 2273.406738 302.000763 386.592987 371.328308
25.000000 397.962219 1183.234619 423.982147 646.375000 2437.643555 1093.473877 2402.426025 503.188599
19.000000 332.718262 630.130005 307.212830 1163.359497 2172.545166 489.578949 2200.445557 1099.979614
68.000000 717.911987 1239.954102 729.568604 709.990540 3072.015625 563.176147 3049.116699 269.548981
23.000000 504.687531 693.380981 486.856934 1200.124023 2655.879883 490.060425 2701.696289 1086.792358
26.000000 337.649628 1166.710083 359.728546 666.654663 2275.152100 1096.742798 2245.635986 509.884186
64.000000 712.363098 723.459045 701.551880 1213.367554 2975.938965 403.406189 3006.670898 710.333313
22.000000 134.948608 520.094055 106.607796 1006.663208 1767.553955 509.863434 1778.403809 1109.968628
74.000000 1.550323 305.942596 389.354095 570.945190 2159.950195 372.247833 1890.060425 384.647491
70.000000 66.596695 1239.777832 46.330673 1550.195679 1971.080444 1233.158691 1981.895996 1506.591675
9.000000 3.277546 1733.001953 303.741211 1682.422852 923.377625 1665.181519 1683.407593 1658.686157
21.000000 385.690643 876.623535 372.425781 1176.773926 2329.685303 496.684021 2362.783203 1096.697021
82.000000 221.749222 854.060852 199.340958 1113.276367 1959.063843 800.013611 1962.802246 1056.722900
114.000000 31.048664 1290.070923 14.603510 1533.419189 1707.568726 1279.989380 1710.226562 1506.664062
75.000000 41.841274 1506.569702 57.448505 1266.500732 1729.129517 1506.677734 1725.693848 1236.721436
89.000000 17.960083 346.749603 2.581968 586.618469 1555.729858 419.969513 1558.909790 670.013855
168.000000 235.144867 486.760132 222.932648 723.484619 1946.682373 476.666260 1951.514038 656.715515
71.000000 432.645203 946.774902 423.916168 1160.160156 2484.608398 789.940918 2497.264404 1063.151245
150.000000 86.819183 430.010040 73.234985 636.660217 1693.451172 456.665253 1695.855713 656.676392
111.000000 246.150864 1316.639404 235.419800 1520.109985 2114.881348 1276.602905 2124.221924 1503.433960
17.000000 564.480591 1206.606567 570.075195 1003.243713 2808.677979 1073.445557 2755.209229 443.740112
85.000000 278.450897 1083.247192 289.204437 889.955750 2127.419434 1043.430542 2117.879150 790.205505
166.000000 513.944397 1010.018982 507.935760 1203.269165 2752.140381 826.763123 2766.684570 1006.665222
51.000000 173.128540 380.288513 327.009827 489.516541 1759.990967 363.067566 2149.996338 349.889587
87.000000 75.886024 993.280701 88.252251 809.882141 1722.004272 1053.337036 1721.308350 800.005554
178.000000 288.355835 556.583069 279.029297 739.950623 2109.936523 470.130280 2116.578857 643.336731
276.000000 352.158386 1646.699341 347.342072 1473.407227 2331.444092 1449.942871 2337.120850 1593.315308
119.000000 482.774292 843.322144 486.169434 673.256836 2629.382080 610.040955 2614.581299 386.804932
142.000000 478.384552 679.944397 472.989319 836.654846 2591.127930 426.576080 2607.460205 629.936279
55.000000 153.519989 1615.033447 306.834991 1598.199707 1660.000122 1600.500732 2010.001099 1600.395874
84.000000 470.463837 1116.688477 477.669678 963.067688 2663.835693 1036.625854 2643.265381 783.338867
41.000000 586.702209 624.538635 462.589294 534.357361 2743.783447 272.371033 2310.517822 306.561279
165.000000 406.402527 580.369812 529.066284 667.974060 2533.379639 371.121277 2716.675049 363.533844
47.000000 2.349230 1100.801270 145.506378 1134.874878 1066.724854 1136.629639 1470.050171 1129.513306
212.000000 142.282837 1023.464966 4.812742 981.786987 1726.749146 1059.412720 1566.593262 1064.221680
38.000000 3.210872 1639.076294 140.122650 1620.925171 1023.337097 1591.486938 1493.334106 1590.294189
136.000000 273.443665 463.175476 169.593887 390.580963 1973.359863 367.408875 1763.390503 374.928833
61.000000 126.379410 849.979797 135.055450 726.553406 1799.874512 1013.395203 1793.970703 683.321960
174.000000 589.646057 1499.943115 590.756958 1623.326538 2896.947998 1496.637939 2914.695557 1670.201538
203.000000 410.049347 1527.945801 529.980103 1530.827148 2533.330322 1522.281250 2696.671875 1521.809814
91.000000 356.597412 1592.668701 473.385529 1580.500854 2363.332764 1598.220459 2613.333984 1598.308838
224.000000 453.150696 1393.324585 447.515564 1510.201660 2662.430664 1346.727783 2673.038574 1503.353271
160.000000 658.638611 1616.741333 660.281982 1500.004028 3020.660645 1679.954712 3007.636475 1489.933472
264.000000 194.918976 1380.888916 182.458298 1496.572388 2061.817383 1349.931030 2067.386230 1496.639404
39.000000 69.681290 307.121979 163.641418 372.893188 1290.043335 381.082825 1753.302612 362.564087
134.000000 713.472473 1283.860718 600.087402 1278.237793 2859.938232 1178.839355 3069.875488 1167.662964
52.000000 593.331116 1278.908203 479.998260 1279.137939 3070.324951 1156.720337 2689.989014 1193.218506
156.000000 476.681549 1321.375366 590.001587 1320.148682 2693.610596 1249.805420 2886.908203 1232.733765
193.000000 264.663025 986.751770 257.622650 1096.727905 2127.424805 876.635559 2134.266846 1043.295044
293.000000 463.704254 1043.346436 459.811066 1153.326660 2627.179932 893.294922 2637.680664 1033.507080
247.000000 99.890335 656.895203 3.112502 610.460266 1713.356323 660.528687 1563.205078 667.046509
263.000000 473.337585 1380.686768 580.000183 1380.026733 2696.742188 1328.600830 2843.445312 1322.867432
257.000000 469.924042 1501.247070 573.362976 1497.480591 2710.008545 1490.853638 2859.993408 1489.347290
250.000000 473.360229 1440.817505 576.691345 1437.416870 2703.376221 1408.447754 2853.369385 1404.832031
131.000000 707.450073 675.574036 607.055298 657.804443 2758.934326 316.205658 2962.151611 259.126251
