Keypoint Matches and Line Matches for pairs 10, 18 
10 corresponds to the image ./resources/Data/CastleP19/images/0010.png 
18 corresponds to the image ./resources/Data/CastleP19/images/0018.png 

9.000000 1706.527832 667.165222 1085.345703 637.377686
16.000000 1718.460205 676.649292 1094.858154 649.937744
4.000000 2322.542236 530.049255 2023.635742 473.246002
848.000000 2149.438965 726.693970 1606.000000 742.000000
72.000000 2495.063965 1339.867188 2067.759033 1246.636353
402.000000 2717.314941 299.929535 2310.332520 453.320496
239.000000 257.996307 566.460022 441.719269 603.200439
294.000000 2482.796387 893.376953 2084.700439 913.301086
359.000000 519.524109 1403.630737 1125.654297 1336.750488
97.000000 1936.306641 379.680237 1447.841187 398.178619
98.000000 2156.751953 368.320679 1660.927979 414.692535
768.000000 1687.614136 417.979309 1318.000000 470.000000
888.000000 451.792572 627.195557 1100.000000 405.000000
1258.000000 2077.808105 604.779968 1549.000000 617.000000
485.000000 2452.978027 483.362061 2080.273193 549.994690
190.000000 529.486084 1270.261475 849.486816 1134.559570
406.000000 130.991623 1449.722168 1536.306274 1486.752686
61.000000 2753.700195 749.454651 2462.698486 766.522522
102.000000 557.975647 1419.692383 1407.946655 1356.628784
232.000000 2194.294922 653.279907 1905.268921 589.945923
859.000000 2128.598145 237.817947 1646.000000 310.000000
189.000000 646.669922 1106.666992 856.625610 966.823486
527.000000 3029.672363 176.293137 2731.874756 316.553253
210.000000 978.185425 1306.584229 1003.758972 1143.347900
33.000000 1726.407471 669.755859 1103.177368 640.923706
34.000000 1906.815308 684.895752 1417.125366 693.950867
211.000000 1201.345093 1133.254883 1009.241089 983.307312
520.000000 2216.141113 999.888428 1892.689941 927.678406
278.000000 1002.889099 843.311584 744.433655 649.878235
226.000000 1087.763794 1130.056274 1141.268677 996.590454
254.000000 183.477982 1196.496460 1000.293091 1145.533203
162.000000 230.334885 805.691589 427.241241 759.405090
375.000000 230.064423 792.420715 716.488525 781.352722
753.000000 2050.760254 307.070129 1560.000000 349.000000
741.000000 1899.721313 338.669769 1421.000000 356.000000
200.000000 2079.216797 1583.339966 2005.734375 1486.686157
391.000000 2840.441406 490.778931 2357.956543 566.812256
392.000000 2708.064941 565.800720 2240.178467 610.481384
389.000000 2027.281128 296.843018 1546.484985 330.631439
390.000000 2170.279297 310.382233 1667.937866 365.582886
551.000000 1936.068726 656.005859 1446.645386 666.790039
39.000000 2190.732422 323.890717 1700.712769 376.645508
177.000000 2426.872803 463.315277 2053.864502 523.252380
104.000000 1783.307007 593.603882 1153.590698 575.154480
973.000000 2073.914062 999.982605 1547.000000 983.000000
281.000000 236.485107 578.897034 143.540344 418.792206
407.000000 189.901184 948.204773 1006.623962 696.943604
349.000000 633.442261 1303.671997 1140.021484 1156.326538
1261.000000 2232.043213 713.413086 1818.000000 690.000000
528.000000 753.347473 1296.260864 1259.850098 1152.010742
318.000000 2701.747314 282.399933 2230.894287 452.068970
516.000000 2540.904297 661.604004 2166.930420 637.380737
271.000000 999.943420 840.749268 1019.667480 688.740601
350.000000 973.491028 1315.852417 1270.343994 1164.542603
274.000000 990.206848 1023.427917 1010.638367 831.915283
403.000000 2062.158447 686.591736 1553.519653 740.001221
549.000000 2065.980469 796.690491 1546.617554 800.268433
1462.000000 2198.210449 506.171173 1674.000000 552.000000
266.000000 983.253052 1121.613037 1006.538086 978.015747
346.000000 876.518982 1116.301514 1146.428223 992.208130
778.000000 1999.915649 238.225571 1515.000000 280.000000
11.000000 2639.931152 140.431473 1741.549805 443.494720
950.000000 1935.000000 297.000000 1463.000000 313.000000
589.000000 2005.000000 1268.000000 1475.000000 1202.000000
548.000000 1945.000000 792.000000 1446.316162 781.915283
630.000000 2031.000000 746.000000 1518.000000 741.000000
591.000000 2003.000000 1228.000000 1475.000000 1169.000000
586.000000 2000.000000 1063.000000 1477.000000 1025.000000
626.000000 2027.000000 1046.000000 1503.000000 1016.000000
672.000000 1991.000000 762.000000 1481.000000 750.000000
935.000000 2033.000000 1253.000000 1501.000000 1192.000000
640.000000 1994.000000 898.000000 1479.000000 871.000000
1468.000000 909.000000 1323.000000 1276.000000 1198.000000
737.000000 2047.000000 1275.000000 1514.000000 1211.000000
634.000000 2030.000000 729.000000 1518.000000 725.000000
1101.000000 882.000000 1502.000000 1311.000000 1421.000000
903.000000 2053.000000 1068.000000 1527.000000 1036.000000
1391.000000 2051.000000 1407.000000 1513.000000 1323.000000
744.000000 2018.000000 745.000000 1506.000000 739.000000
1309.000000 2453.000000 662.000000 2070.000000 636.000000
995.000000 2009.000000 1419.000000 1475.000000 1332.000000
747.000000 2043.000000 764.000000 1529.000000 758.000000
763.000000 2016.000000 1230.000000 1487.000000 1171.000000
1119.000000 2059.000000 1277.000000 1526.000000 1214.000000
1389.000000 3033.000000 452.000000 65.000000 1260.000000
596.000000 2047.000000 902.000000 1529.000000 880.000000
636.000000 1981.000000 897.000000 1467.000000 870.000000
837.000000 2040.000000 1047.000000 1515.000000 1017.000000
760.000000 2033.000000 1273.000000 1501.000000 1208.000000
752.000000 1990.000000 744.000000 1481.000000 735.000000
891.000000 2245.000000 1101.000000 1846.000000 1033.000000
583.000000 2035.000000 901.000000 1517.000000 878.000000
944.000000 1907.000000 334.000000 1434.000000 354.000000
662.000000 2474.000000 500.000000 2155.000000 577.000000
678.000000 1742.000000 537.000000 1482.000000 565.000000
941.000000 1991.000000 1246.000000 1462.000000 1183.000000
824.000000 2053.000000 1088.000000 1526.000000 1052.000000
839.000000 2043.000000 747.000000 1529.000000 743.000000
800.000000 2225.000000 775.000000 1690.000000 784.000000
597.000000 1995.000000 917.000000 1479.000000 887.000000
600.000000 2036.000000 920.000000 1517.000000 894.000000
921.000000 2032.000000 764.000000 1518.000000 757.000000
766.000000 1999.000000 1024.000000 1477.000000 993.000000
595.000000 2004.000000 1248.000000 1475.000000 1185.000000
1231.000000 2012.000000 1064.000000 1488.000000 1028.000000
1040.000000 2005.000000 1288.000000 1475.000000 1217.000000
574.000000 1990.000000 727.000000 1481.000000 719.000000
1310.000000 2032.000000 1232.000000 1501.000000 1175.000000
594.000000 2035.000000 882.000000 1517.000000 862.000000
1444.000000 1991.000000 1266.000000 1462.000000 1199.000000
794.000000 1977.000000 727.000000 1468.000000 717.000000
1445.000000 2006.000000 918.000000 1491.000000 889.000000
1121.000000 2817.000000 363.000000 2359.000000 496.000000
628.000000 2040.000000 1067.000000 1515.000000 1034.000000
919.000000 2128.000000 284.000000 1625.000000 323.000000
789.000000 44.000000 1550.000000 917.000000 1452.000000
910.000000 2016.000000 1250.000000 1487.000000 1188.000000
1221.000000 1717.000000 624.000000 1100.000000 594.000000
860.000000 2058.000000 1257.000000 1526.000000 1197.000000
696.000000 2028.000000 1085.000000 1502.000000 1048.000000
1090.000000 2017.000000 1270.000000 1487.000000 1204.000000
1375.000000 2218.000000 650.000000 1736.000000 691.000000
1067.000000 1880.000000 356.000000 1405.000000 366.000000
1355.000000 2509.000000 964.000000 2159.000000 930.000000
1322.000000 2022.000000 900.000000 1504.000000 876.000000
612.000000 1933.000000 317.000000 1461.000000 336.000000
904.000000 2046.000000 1255.000000 1514.000000 1194.000000
881.000000 1737.000000 627.000000 1117.000000 598.000000
592.000000 2041.000000 1087.000000 1515.000000 1050.000000
717.000000 205.000000 938.000000 1257.000000 735.000000
1014.000000 2057.000000 1236.000000 1526.000000 1180.000000
823.000000 2046.000000 859.000000 1529.000000 848.000000
1326.000000 1960.000000 293.000000 1485.000000 311.000000
852.000000 1978.000000 744.000000 1468.000000 733.000000
1417.000000 2308.000000 385.000000 1784.000000 432.000000
588.000000 1981.000000 878.000000 1467.000000 854.000000
993.000000 2011.000000 1045.000000 1489.000000 1012.000000
873.000000 1178.000000 1149.000000 919.000000 997.000000
709.000000 2017.000000 1290.000000 1486.000000 1219.000000
1056.000000 2065.000000 1429.000000 1525.000000 1343.000000
708.000000 1999.000000 1043.000000 1477.000000 1009.000000
644.000000 2263.000000 460.000000 1984.000000 403.000000
1114.000000 2052.000000 1048.000000 1527.000000 1019.000000
1317.000000 2100.000000 282.000000 1605.000000 317.000000
1401.000000 1981.000000 916.000000 1466.000000 885.000000
1120.000000 1995.000000 935.000000 1464.000000 904.000000
916.000000 2047.000000 1295.000000 1514.000000 1226.000000
1167.000000 1992.000000 251.000000 1510.000000 295.000000
1153.000000 1978.000000 761.000000 1468.000000 748.000000
899.000000 2022.000000 881.000000 1504.000000 861.000000
787.000000 1987.000000 1062.000000 1465.000000 1023.000000
174.000000 1880.000000 434.000000 1384.828491 440.013855
1229.000000 2116.000000 245.000000 1625.000000 306.000000
676.000000 2060.000000 241.000000 1582.000000 295.000000
761.000000 2023.000000 919.000000 1504.000000 892.000000
1104.000000 2042.000000 729.000000 1529.000000 727.000000
1071.000000 2017.000000 281.000000 1533.000000 306.000000
1372.000000 2002.000000 728.000000 1493.000000 721.000000
1150.000000 2047.000000 921.000000 1528.000000 896.000000
1333.000000 1737.000000 610.000000 1119.000000 583.000000
1080.000000 2012.000000 1084.000000 1489.000000 1044.000000
1200.000000 2046.000000 883.000000 1528.000000 864.000000
598.000000 1986.000000 1042.000000 1465.000000 1007.000000
1239.000000 2002.000000 762.000000 1492.000000 752.000000
1163.000000 2042.000000 708.000000 1530.000000 711.000000
618.000000 1990.000000 1226.000000 1463.000000 1167.000000
812.000000 1993.000000 879.000000 1479.000000 856.000000
819.000000 1982.000000 1018.000000 1503.000000 999.000000
1123.000000 2158.000000 306.000000 1647.000000 355.000000
1450.000000 2459.000000 510.000000 2083.000000 605.000000
1105.000000 735.000000 1466.000000 1311.000000 1368.000000
75.000000 2981.000000 58.000000 2683.736816 240.906860
1432.000000 2066.000000 1471.000000 1524.000000 1377.000000
791.000000 1727.000000 575.000000 1141.000000 582.000000
969.000000 2053.000000 1427.000000 1512.000000 1341.000000
1016.000000 1958.000000 690.000000 1455.000000 683.000000
832.000000 2068.000000 829.000000 1686.000000 922.000000
971.000000 2028.000000 1066.000000 1503.000000 1032.000000
720.000000 2086.000000 243.000000 1602.000000 299.000000
796.000000 2045.000000 1234.000000 1514.000000 1178.000000
972.000000 2242.000000 635.000000 1743.000000 682.000000
1019.000000 2750.000000 350.000000 2339.000000 461.000000
1075.000000 2018.000000 729.000000 1506.000000 724.000000
615.000000 2000.000000 1082.000000 1477.000000 1042.000000
695.000000 1993.000000 861.000000 1479.000000 840.000000
748.000000 2003.000000 1209.000000 1475.000000 1153.000000
1452.000000 718.000000 1485.000000 1296.000000 1387.000000
701.000000 2039.000000 1028.000000 1515.000000 1001.000000
1410.000000 2005.000000 692.000000 1497.000000 691.000000
779.000000 2012.000000 1102.000000 1477.000000 1057.000000
1230.000000 2052.000000 1026.000000 1528.000000 1003.000000
312.000000 2177.000000 670.000000 1645.709229 703.166199
889.000000 2053.000000 692.000000 1537.000000 697.000000
927.000000 2019.000000 301.000000 1533.000000 332.000000
1425.000000 2047.000000 940.000000 1517.000000 909.000000
773.000000 1633.000000 584.000000 1032.000000 550.000000
745.000000 2834.000000 951.000000 119.000000 1146.000000
1051.000000 1779.000000 529.000000 1168.000000 524.000000
838.000000 2057.000000 843.000000 1536.000000 833.000000
1419.000000 2043.000000 239.000000 1557.000000 287.000000
806.000000 1960.000000 839.000000 1453.000000 820.000000

7.000000 1706.527832 667.165222 1716.039062 1729.974976 1085.345703 637.377686 1059.491577 1339.982056
8.000000 1728.567505 1719.981567 1718.460205 676.649292 1070.866821 1346.811279 1094.858154 649.937744
2.000000 2322.542236 530.049255 2382.501709 1493.385132 2023.635742 473.246002 2050.541260 1593.400391
1.000000 2384.861084 1306.369751 2337.038574 523.514221 2064.039062 1596.818237 2035.306885 466.955536
5.000000 2807.574219 0.435125 2279.025635 442.818512 2528.641846 0.917765 1741.549805 443.494720
57.000000 2969.532227 6.048941 2497.045898 363.834045 2239.717773 342.767700 2063.641602 430.618042
141.000000 3.035666 516.740356 397.435638 551.198669 2.871465 456.032257 146.729065 481.813812
3.000000 2749.046875 187.737625 2994.117188 0.005105 2026.185547 455.660522 2975.825195 1.573428
124.000000 234.242874 796.760498 257.996307 566.460022 429.086975 756.591492 441.719269 603.200439
153.000000 2501.491455 1123.483032 2482.796387 893.376953 2088.002441 1053.380371 2084.700439 913.301086
102.000000 2510.629395 1353.115234 2523.120361 1580.011719 2262.452393 1239.910889 2268.396240 1403.391602
50.000000 1936.306641 379.680237 2156.751953 368.320679 1447.841187 398.178619 1660.927979 414.692535
297.000000 1886.160034 511.080383 1687.614136 417.979309 1546.814331 545.840027 1449.674072 528.491638
13.000000 2247.424072 470.960083 2077.808105 604.779968 1969.179077 404.950439 1529.166382 628.258911
284.000000 2470.228271 696.648193 2452.978027 483.362061 1932.242310 719.971863 1930.945190 616.654785
98.000000 548.969849 1060.213623 529.486084 1270.261475 856.625610 966.823486 849.486816 1134.559570
28.000000 2615.553467 238.556564 2773.435791 116.799675 2166.988770 353.977081 2386.958984 243.917542
109.000000 978.185425 1306.584229 986.518005 1123.175171 1003.758972 1143.347900 1009.241089 983.307312
17.000000 1726.407471 669.755859 1906.815308 684.895752 1103.177368 640.923706 1417.125366 693.950867
83.000000 66.952286 792.992065 230.334885 805.691589 253.719879 734.023987 427.241241 759.405090
12.000000 2144.163574 644.490662 2276.395264 549.621704 1566.396729 679.441284 2010.716797 464.817322
138.000000 230.064423 792.420715 69.921303 781.114685 409.732849 742.051208 263.378174 722.989014
202.000000 979.986084 1366.350586 823.319702 1366.562256 980.349426 1247.651245 853.743774 1242.743774
20.000000 2050.760254 307.070129 1899.721313 338.669769 1700.712769 376.645508 1423.991699 347.155182
103.000000 2080.515381 1736.690552 2079.216797 1583.339966 2009.158081 1650.017700 2005.734375 1486.686157
205.000000 2840.441406 490.778931 2708.064941 565.800720 2357.956543 566.812256 2240.178467 610.481384
204.000000 2027.281128 296.843018 2170.279297 310.382233 1546.484985 330.631439 1667.937866 365.582886
4.000000 1573.076782 656.398010 1706.527832 667.165222 162.775696 483.320953 1085.345703 637.377686
147.000000 236.485107 578.897034 116.466415 569.126587 143.540344 418.792206 3.095624 394.720215
213.000000 189.901184 948.204773 69.967896 940.499695 1006.623962 696.943604 886.397156 678.415588
165.000000 2796.052490 213.734558 2701.747314 282.399933 2354.236572 398.756622 2230.894287 452.068970
272.000000 2540.904297 661.604004 2443.307129 716.620178 2166.930420 637.380737 2067.017334 674.282471
184.000000 863.143616 1311.657104 973.491028 1315.852417 1140.021484 1156.326538 1270.343994 1164.542603
143.000000 880.017700 1016.389587 990.206848 1023.427917 866.767151 812.585388 1010.638367 831.915283
211.000000 2062.158447 686.591736 2065.980469 796.690491 1553.519653 740.001221 1552.706787 863.329224
139.000000 983.253052 1121.613037 876.518982 1116.301514 1006.538086 978.015747 859.932617 964.040466
287.000000 2024.505005 134.400253 1999.915649 238.225571 1541.470947 228.511597 1477.443848 308.626495
