Keypoint Matches and Line Matches for pairs 11, 13 
11 corresponds to the image ./resources/Data/CastleP19/images/0011.png 
13 corresponds to the image ./resources/Data/CastleP19/images/0013.png 

12.000000 635.622192 593.271729 2350.014160 749.695496
19.000000 85.944199 412.964661 1784.393433 749.952148
14.000000 594.157532 1513.572144 2447.450928 1680.538940
56.000000 647.244873 580.873413 2357.114990 734.437744
10.000000 71.896309 404.115112 1772.988770 733.907227
25.000000 827.260925 317.408051 2639.608887 379.321350
29.000000 1003.375977 507.643982 2620.786865 549.170776
38.000000 105.980751 405.835327 1797.140747 737.351807
39.000000 402.437317 592.656616 2183.793457 805.978943
30.000000 966.950623 562.866089 2633.363525 619.709290
57.000000 973.019165 566.436523 2637.541016 620.608704
54.000000 600.000671 1590.652832 2436.666260 1763.648315
89.000000 469.412994 1276.637573 2317.673828 1444.169800
123.000000 355.290802 1276.630493 2237.779785 1456.376587
124.000000 336.788971 1497.193604 2245.622803 1666.705566
241.000000 623.399536 581.461670 2336.038574 741.834412
260.000000 377.758453 926.751709 2212.503662 1126.471436
493.000000 242.906326 1246.946533 2086.498535 1434.079590
121.000000 726.493958 919.989807 2471.679199 1053.178711
122.000000 714.091919 1130.241333 2491.016846 1263.239746
80.000000 846.074951 1126.644897 2609.199463 1256.388916
78.000000 1031.870605 940.209351 2806.587158 1006.273865
79.000000 1023.424744 1150.137817 2834.782715 1239.825073
233.000000 89.526215 847.385498 1853.056519 1113.473999
370.000000 67.160309 1047.598633 1856.804199 1284.520508
191.000000 401.797638 613.481567 2185.265869 826.538269
192.000000 385.281006 813.768860 2197.449463 1009.947998
113.000000 732.015015 800.281677 2460.907471 936.252380
181.000000 314.973541 1456.775146 2212.431396 1630.068726
182.000000 327.990295 1259.867188 2198.197754 1443.216675
235.000000 180.655945 1076.523560 1985.435425 1290.109741
236.000000 190.821884 886.354248 1970.572021 1123.282349
463.000000 1040.328247 626.854065 2766.416748 655.966736
407.000000 1035.236938 816.896240 2789.941650 870.767578
145.000000 709.678528 1272.620728 2510.019531 1423.090088
146.000000 699.059509 1460.131714 2529.368408 1623.396362
108.000000 833.378784 1460.130127 2651.251709 1623.574097
109.000000 840.297119 1272.366455 2625.209473 1410.892700
100.000000 1083.775269 1146.667969 2960.430664 1233.760010
517.000000 1083.696045 963.333191 2920.151367 1020.771118
244.000000 273.121399 916.968628 2070.842285 1131.439331
245.000000 256.034912 1093.594727 2085.072266 1295.978760
312.000000 28.756329 629.918457 1757.949219 943.617249
348.000000 40.361305 452.919922 1749.947266 793.650208
131.000000 1089.046265 836.732483 2907.665039 873.677185
549.000000 1091.043945 663.268555 2866.607666 673.981201
320.000000 121.681686 497.175110 1840.832275 810.318115
384.000000 104.935768 666.386108 1840.646606 954.918396
275.000000 344.474701 1116.749756 2196.345947 1303.363281
276.000000 356.859863 946.680725 2181.718262 1146.506470
183.000000 808.800964 1523.427246 2637.839111 1689.874023
184.000000 816.296753 1353.170288 2617.820557 1503.567505
199.000000 729.398804 1353.531494 2541.433838 1508.938965
200.000000 723.850159 1523.350220 2565.175537 1690.195312
287.000000 451.155487 799.853210 2245.974365 986.721558
288.000000 462.158295 636.587463 2233.806396 833.295837
404.000000 755.374512 789.937988 2482.801514 913.391296
456.000000 763.050049 629.986389 2456.710693 736.350281
8.000000 133.138672 333.611450 1797.263184 673.499756
717.000000 1020.117432 1295.317017 2870.000000 1416.000000
324.000000 208.812317 714.289673 1966.216187 970.036743
325.000000 218.446777 557.697144 1954.809937 830.151367
310.000000 410.222931 800.016235 2216.500000 993.345886
311.000000 421.420258 646.527100 2205.725586 850.070740
539.000000 265.571259 1286.588623 2131.947754 1483.110107
331.000000 298.480896 600.239868 2057.721924 846.357178
1299.000000 291.328796 753.705933 2071.000000 976.000000
387.000000 1074.953003 830.037476 2880.678223 869.910217
408.000000 300.335876 1293.356689 2174.798584 1473.227295
409.000000 290.134247 1439.777100 2183.247070 1590.006226
342.000000 369.993866 793.332947 2174.147217 996.857544
343.000000 378.693146 649.920715 2164.026367 863.280823
530.000000 566.667114 1582.618164 2426.621338 1752.152832
531.000000 429.999939 1582.628784 2326.665527 1750.052368
418.000000 161.913300 913.213806 1948.947632 1153.390137
419.000000 150.674896 1046.723511 1955.250366 1270.076538
555.000000 439.998657 1567.884033 2329.988770 1734.887695
369.000000 989.884033 536.854919 2636.712402 582.841614
475.000000 840.023682 1124.529907 2603.636475 1251.822021
476.000000 716.672607 1126.968384 2496.065186 1269.718018
482.000000 716.637268 1141.661865 2499.714111 1284.961670
483.000000 839.991028 1139.490234 2606.181152 1267.105591
88.000000 463.331696 1507.887207 2339.055664 1674.041260
412.000000 990.871460 528.608398 2640.099365 575.679321
496.000000 295.478973 963.247681 2115.242188 1173.435425
497.000000 286.817078 1083.344238 2122.880371 1280.032471
81.000000 850.108215 914.112549 2582.290771 1023.584473
474.000000 730.015991 917.273132 2474.415283 1050.876587
114.000000 483.328674 1143.136841 2306.082275 1310.915771
484.000000 736.606567 807.471924 2465.672607 936.610413
485.000000 856.617920 804.617493 2568.922852 906.327698
477.000000 856.670227 793.490784 2566.868164 893.989014
478.000000 736.656189 796.201477 2463.095947 925.894714
103.000000 863.423645 591.849670 2540.104492 683.033264
112.000000 746.547302 597.554749 2440.521729 722.697754
197.000000 506.826904 803.826782 2277.025146 976.641785
115.000000 496.800964 922.503479 2287.612793 1097.450073
371.000000 177.708786 1075.869751 1980.271240 1292.433960
366.000000 192.453659 882.414001 1970.057129 1119.408569
367.000000 86.495514 843.803040 1846.587280 1107.488525
1352.000000 169.264740 903.270630 1944.000000 1144.000000
382.000000 737.789734 1120.054810 2515.468994 1260.125244
383.000000 743.166748 1009.991882 2502.906738 1140.044678
198.000000 516.691711 607.220520 2264.327637 793.727112
490.000000 796.767151 790.004456 2518.198486 896.860657
491.000000 801.636230 679.924927 2506.730469 790.352051
542.000000 719.975220 1280.954468 2519.890625 1432.288086
543.000000 829.997986 1279.807739 2616.544434 1422.166138
352.000000 752.477478 451.098785 2493.494141 566.045837
353.000000 665.759094 383.552399 2369.018799 533.785522
360.000000 163.862549 1229.683594 1989.927246 1435.970093
546.000000 387.114685 1126.694092 2240.382812 1306.635376
547.000000 393.648804 1020.019348 2232.479004 1209.797729
486.000000 811.275330 680.049255 2516.629150 786.315369
487.000000 807.152161 786.814148 2528.021484 893.188904
428.000000 780.951721 1113.233032 2552.846436 1247.077515
429.000000 785.440002 1006.615051 2540.605469 1133.268188
971.000000 115.938148 933.269653 1911.000000 1180.000000
421.000000 106.894371 1036.686523 1904.916748 1266.752075
221.000000 11.157473 819.815369 1765.735962 1103.236816
1428.000000 827.453308 1110.036743 2590.000000 1241.000000
576.000000 190.434219 580.030701 1933.164185 860.011841
577.000000 183.136337 683.319397 1939.453613 950.038147
426.000000 1071.599487 1039.952026 2917.343262 1113.242432
427.000000 1068.737183 1143.390625 2932.599121 1226.765381
7.000000 85.908310 394.502075 1779.896973 733.910217
1003.000000 402.041260 1023.481628 2249.000000 1204.000000
572.000000 1049.347290 1033.317993 2874.725342 1106.480103
779.000000 1046.991821 1133.340942 2908.000000 1227.000000
982.000000 843.185364 783.170593 2554.000000 888.000000
553.000000 159.719452 1242.094238 1993.262817 1448.808228
504.000000 183.505310 892.862976 1959.986694 1130.136841
505.000000 92.293663 859.509888 1856.336304 1120.066528
430.000000 1056.126465 726.649536 2825.656738 753.033508
431.000000 1053.059570 823.324646 2840.261475 866.202759
645.000000 829.000000 643.000000 2526.000000 743.000000
820.000000 666.000000 467.000000 2391.000000 610.000000
1044.000000 438.000000 438.000000 2272.000000 640.000000
1415.000000 463.000000 977.000000 2262.000000 1158.000000
1261.000000 128.000000 539.000000 1861.000000 839.000000
799.000000 814.000000 965.000000 2561.000000 1084.000000
1330.000000 412.000000 1087.000000 2254.000000 1266.000000
1490.000000 478.000000 765.000000 2246.000000 954.000000
1512.000000 390.000000 1421.000000 2281.000000 1592.000000
1230.000000 295.000000 738.000000 2071.000000 965.000000
585.000000 825.000000 731.000000 2536.000000 835.000000
1525.000000 480.000000 733.000000 2243.000000 924.000000
861.000000 779.000000 732.000000 2496.000000 849.000000
760.000000 815.000000 937.000000 2557.000000 1055.000000
911.000000 345.000000 715.000000 2140.000000 932.000000
1164.000000 1073.000000 696.000000 2854.000000 716.000000
1334.000000 334.000000 647.000000 2107.000000 878.000000
879.000000 827.000000 1085.000000 2588.000000 1211.000000
1078.000000 668.000000 1395.000000 2482.000000 1554.000000
593.000000 826.000000 704.000000 2533.000000 807.000000
699.000000 764.000000 1031.000000 2526.000000 1162.000000
832.000000 760.000000 1114.000000 2536.000000 1251.000000
620.000000 778.000000 759.000000 2499.000000 876.000000
718.000000 119.000000 626.000000 1864.000000 916.000000
676.000000 844.000000 730.000000 2549.000000 831.000000
1091.000000 460.000000 1323.000000 2317.000000 1493.000000
1319.000000 824.000000 757.000000 2539.000000 863.000000
590.000000 783.000000 645.000000 2487.000000 758.000000
1096.000000 305.000000 1026.000000 2129.000000 1224.000000
740.000000 286.000000 1019.000000 2113.000000 1223.000000
1168.000000 1067.000000 999.000000 2904.000000 1064.000000
1055.000000 648.000000 468.000000 2377.000000 616.000000
1306.000000 329.000000 756.000000 2116.000000 971.000000
361.000000 59.000000 1228.000000 1863.081177 1432.468140
1327.000000 61.000000 1311.000000 1949.000000 1510.000000
744.000000 811.000000 1030.000000 2568.000000 1154.000000
682.000000 440.000000 1337.000000 2308.000000 1507.000000
519.000000 77.000000 1038.000000 1866.575928 1271.329590
816.000000 310.000000 721.000000 2097.000000 948.000000
1369.000000 763.000000 1058.000000 2529.000000 1192.000000
955.000000 669.000000 1531.000000 2505.000000 1704.000000
1048.000000 283.000000 1049.000000 2115.000000 1250.000000
732.000000 1040.000000 643.000000 2774.000000 671.000000
1302.000000 456.000000 1086.000000 2270.000000 1263.000000
701.000000 140.000000 608.000000 1882.000000 895.000000
934.000000 628.000000 538.000000 2319.000000 699.000000
1019.000000 441.000000 1323.000000 2307.000000 1493.000000
946.000000 843.000000 757.000000 2552.000000 860.000000
695.000000 808.000000 1086.000000 2574.000000 1214.000000
1455.000000 486.000000 631.000000 2251.000000 822.000000
789.000000 454.000000 1420.000000 2325.000000 1589.000000
650.000000 359.000000 778.000000 2159.000000 987.000000
656.000000 780.000000 706.000000 2493.000000 821.000000
581.000000 267.000000 1075.000000 2089.824707 1285.913086
518.000000 167.000000 1060.000000 1966.565430 1278.151123
660.000000 420.000000 978.000000 2246.000000 1162.000000
1424.000000 396.000000 1324.000000 2276.000000 1524.000000
1341.000000 768.000000 938.000000 2516.000000 1065.000000
1444.000000 321.000000 1030.000000 2160.000000 1226.000000
817.000000 762.000000 1086.000000 2533.000000 1221.000000
1105.000000 288.000000 409.000000 2041.000000 676.000000
1083.000000 823.000000 784.000000 2542.000000 891.000000
1465.000000 121.000000 1391.000000 2179.000000 1593.000000
795.000000 140.000000 1441.000000 2198.000000 1620.000000
1081.000000 391.000000 1391.000000 2279.000000 1563.000000
1459.000000 927.000000 419.000000 2786.000000 446.000000
1231.000000 152.000000 356.000000 1816.000000 689.000000
1165.000000 207.000000 1453.000000 2101.000000 1617.000000
1223.000000 1066.000000 1060.000000 2914.000000 1135.000000
1217.000000 432.000000 1471.000000 2285.000000 1641.000000
646.000000 715.000000 439.000000 2459.000000 512.000000
1448.000000 459.000000 1052.000000 2267.000000 1231.000000
606.000000 414.000000 1053.000000 2252.000000 1234.000000
758.000000 112.000000 595.000000 1846.000000 890.000000
860.000000 122.000000 600.000000 1863.000000 893.000000
728.000000 829.000000 1057.000000 2585.000000 1181.000000
698.000000 940.000000 430.000000 2658.000000 468.000000
1450.000000 414.000000 625.000000 2195.000000 832.000000
697.000000 343.000000 738.000000 2142.000000 954.000000
1013.000000 128.000000 1005.000000 1914.000000 1235.000000
1388.000000 415.000000 767.000000 2216.000000 964.000000
321.000000 99.000000 667.000000 1836.632446 953.332336
1036.000000 599.000000 1574.000000 2458.000000 1731.000000
1026.000000 241.000000 1342.000000 2156.000000 1524.000000
707.000000 437.000000 735.000000 2228.000000 929.000000
1080.000000 807.000000 1113.000000 2578.000000 1243.000000
863.000000 522.000000 456.000000 2174.000000 649.000000
1182.000000 421.000000 946.000000 2243.000000 1132.000000
929.000000 409.000000 409.000000 2151.000000 647.000000
797.000000 1056.000000 996.000000 2885.000000 1064.000000
833.000000 330.000000 732.000000 2124.000000 952.000000
1379.000000 417.000000 735.000000 2214.000000 933.000000
554.000000 571.000000 1567.000000 2426.674561 1735.587402
831.000000 1072.000000 754.000000 2864.000000 781.000000
1170.000000 817.000000 1304.000000 2613.000000 1450.000000
1070.000000 160.000000 673.000000 1902.000000 943.000000
1297.000000 366.000000 1382.000000 2294.000000 1581.000000
604.000000 830.000000 1029.000000 2582.000000 1151.000000
1337.000000 632.000000 381.000000 2444.000000 524.000000
704.000000 1067.000000 974.000000 2880.000000 1034.000000
1238.000000 1064.000000 1112.000000 2923.000000 1196.000000
1468.000000 312.000000 663.000000 2121.000000 900.000000
1433.000000 1065.000000 1086.000000 2919.000000 1165.000000
1524.000000 747.000000 966.000000 2501.000000 1098.000000
1399.000000 777.000000 785.000000 2503.000000 903.000000
1243.000000 118.000000 533.000000 1844.000000 835.000000
598.000000 11.000000 567.000000 1705.000000 893.000000
1385.000000 181.000000 629.000000 1931.000000 902.000000
845.000000 1043.000000 1054.000000 2850.000000 1133.000000
784.000000 312.000000 698.000000 2095.000000 926.000000
1393.000000 653.000000 1371.000000 2458.000000 1531.000000
667.000000 289.000000 1373.000000 2176.000000 1550.000000
823.000000 107.000000 964.000000 1896.000000 1205.000000
930.000000 623.000000 1575.000000 2463.000000 1746.000000
1320.000000 104.000000 997.000000 1898.000000 1233.000000
997.000000 743.000000 1059.000000 2511.000000 1195.000000
766.000000 1046.000000 967.000000 2836.000000 1032.000000
1335.000000 304.000000 1055.000000 2130.000000 1251.000000
942.000000 665.000000 486.000000 2393.000000 628.000000
822.000000 1063.000000 692.000000 2835.000000 714.000000
1220.000000 410.000000 1121.000000 2257.000000 1298.000000
1011.000000 647.000000 1544.000000 2480.000000 1717.000000
611.000000 438.000000 1489.000000 2325.000000 1656.000000
1116.000000 302.000000 637.000000 2075.000000 872.000000
616.000000 442.000000 664.000000 2223.000000 862.000000
877.000000 297.000000 716.000000 2080.000000 946.000000
1342.000000 1177.000000 1444.000000 1890.000000 1624.000000
1482.000000 305.000000 1277.000000 2152.000000 1462.000000
635.000000 846.000000 703.000000 2546.000000 803.000000
1475.000000 319.000000 1059.000000 2162.000000 1253.000000
1212.000000 744.000000 1031.000000 2508.000000 1166.000000
672.000000 137.000000 635.000000 1883.000000 918.000000
761.000000 308.000000 987.000000 2127.000000 1187.000000
1094.000000 67.000000 1250.000000 1876.000000 1455.000000
1496.000000 1071.000000 779.000000 2867.000000 809.000000
13.000000 577.000000 1554.000000 2438.593750 1723.461304
757.000000 399.000000 466.000000 2139.000000 688.000000
70.000000 1039.000000 1295.000000 2865.312012 1402.366455
769.000000 1029.000000 1104.000000 2842.000000 1194.000000
1031.000000 819.000000 1286.000000 2610.000000 1430.000000
1523.000000 742.000000 1087.000000 2514.000000 1224.000000
1446.000000 682.000000 1379.000000 2502.000000 1537.000000
706.000000 395.000000 1338.000000 2275.000000 1510.000000
985.000000 847.000000 1575.000000 2740.000000 1748.000000
989.000000 1030.000000 1130.000000 2848.000000 1225.000000
941.000000 330.000000 708.000000 2110.000000 929.000000
679.000000 392.000000 1381.000000 2278.000000 1552.000000
1507.000000 760.000000 706.000000 2475.000000 826.000000
895.000000 434.000000 767.000000 2231.000000 959.000000
869.000000 848.000000 642.000000 2539.000000 739.000000
1128.000000 394.000000 1053.000000 2237.000000 1237.000000
1051.000000 669.000000 1371.000000 2475.000000 1532.000000
1310.000000 287.000000 1401.000000 2177.000000 1577.000000
1359.000000 810.000000 1058.000000 2571.000000 1184.000000
580.000000 335.000000 1104.000000 2179.862305 1292.028564
938.000000 162.000000 620.000000 1897.000000 898.000000
678.000000 728.000000 1287.000000 2528.000000 1438.000000
1134.000000 399.000000 978.000000 2232.000000 1165.000000
952.000000 342.000000 762.000000 2143.000000 976.000000
889.000000 848.000000 1548.000000 2681.000000 1718.000000
401.000000 115.000000 493.000000 1836.549316 807.427185
1060.000000 210.000000 1162.000000 2034.000000 1363.000000
1246.000000 503.000000 631.000000 2258.000000 807.000000
783.000000 944.000000 1608.000000 2826.000000 1758.000000
705.000000 830.000000 617.000000 2523.000000 717.000000
824.000000 1118.000000 1321.000000 2962.000000 1437.000000
1252.000000 397.000000 1309.000000 2272.000000 1481.000000
1443.000000 125.000000 575.000000 1846.000000 870.000000
1370.000000 368.000000 1290.000000 2244.000000 1465.000000
1007.000000 1061.000000 775.000000 2848.000000 809.000000
458.000000 367.000000 1367.000000 2264.614746 1533.223389
1447.000000 133.000000 659.000000 1883.000000 940.000000
871.000000 126.000000 1037.000000 1931.000000 1264.000000
327.000000 9.000000 815.000000 1763.088867 1099.162720
1478.000000 483.000000 935.000000 2282.000000 1112.000000
1495.000000 423.000000 1554.000000 2324.000000 1709.000000
702.000000 236.000000 1399.000000 2160.000000 1577.000000
1242.000000 96.000000 885.000000 1873.000000 1138.000000
615.000000 1049.000000 769.000000 2805.000000 805.000000
749.000000 1062.000000 749.000000 2845.000000 780.000000
1365.000000 462.000000 1290.000000 2313.000000 1459.000000
756.000000 849.000000 608.000000 2534.000000 701.000000
1346.000000 836.000000 927.000000 2570.000000 1041.000000
1192.000000 179.000000 655.000000 1933.000000 924.000000
1264.000000 1038.000000 738.000000 2790.000000 804.000000
724.000000 417.000000 1011.000000 2249.000000 1193.000000
1331.000000 1030.000000 1341.000000 2889.000000 1471.000000
980.000000 148.000000 1010.000000 1949.000000 1237.000000
923.000000 833.000000 965.000000 2575.000000 1081.000000
1280.000000 594.000000 1538.000000 2451.000000 1708.000000
602.000000 1055.000000 1083.000000 2899.000000 1165.000000
949.000000 432.000000 798.000000 2233.000000 988.000000
1179.000000 281.000000 1262.000000 2138.000000 1447.000000
798.000000 131.000000 972.000000 1912.000000 1206.000000
944.000000 676.000000 1395.000000 2500.000000 1554.000000
562.000000 454.000000 1119.000000 2270.321045 1296.899536
1436.000000 1070.000000 804.000000 2871.000000 838.000000
745.000000 670.000000 1548.000000 2509.000000 1719.000000
563.000000 460.000000 1019.000000 2263.090820 1203.352051
1191.000000 316.000000 643.000000 2120.000000 880.000000
873.000000 455.000000 1391.000000 2323.000000 1560.000000
948.000000 1059.000000 823.000000 2856.000000 866.000000
1366.000000 273.000000 385.000000 2021.000000 661.000000
956.000000 1061.000000 1384.000000 2961.000000 1521.000000
1344.000000 763.000000 645.000000 2470.000000 764.000000
1087.000000 1052.000000 1314.000000 2949.000000 1436.000000
918.000000 437.000000 1391.000000 2313.000000 1560.000000
1239.000000 647.000000 488.000000 2378.000000 637.000000
1481.000000 392.000000 1087.000000 2239.000000 1269.000000
459.000000 360.000000 1458.000000 2274.079590 1643.555298

6.000000 635.622192 593.271729 577.400879 1580.239990 2350.014160 749.695496 2438.593750 1723.461304
9.000000 -1.614761 1376.216919 85.944199 412.964661 1823.212036 1610.005493 1784.393433 749.952148
7.000000 594.157532 1513.572144 647.244873 580.873413 2447.450928 1680.538940 2360.577881 732.364197
5.000000 71.896309 404.115112 -2.543279 1219.463501 1772.988770 733.907227 1820.665405 1870.251831
14.000000 1295.203125 710.276062 827.260925 317.408051 3071.004883 516.881714 2639.608887 379.321350
13.000000 827.260925 317.408051 260.343872 358.237732 2639.608887 379.321350 2205.727539 604.854980
23.000000 1003.375977 507.643982 556.832581 527.134949 2617.597656 558.794739 2324.878662 686.865601
20.000000 105.980751 405.835327 402.437317 592.656616 1797.140747 737.351807 2183.793457 805.978943
16.000000 966.950623 562.866089 1259.582520 740.687012 2633.363525 619.709290 3070.498779 665.208618
29.000000 647.244873 580.873413 973.019165 566.436523 2357.114990 734.437744 2637.541016 620.608704
28.000000 600.000671 1590.652832 846.670532 1590.395874 2436.666260 1763.648315 2743.332275 1764.108521
45.000000 468.790039 1503.348267 469.412994 1276.637573 2339.055664 1674.041260 2317.673828 1444.169800
63.000000 355.290802 1276.630493 336.788971 1497.193604 2237.779785 1456.376587 2245.622803 1666.705566
123.000000 402.437317 592.656616 623.399536 581.461670 2183.793457 805.978943 2336.038574 741.834412
133.000000 377.758453 926.751709 361.362122 1137.291870 2212.503662 1126.471436 2215.916992 1286.753662
62.000000 726.493958 919.989807 714.091919 1130.241333 2471.679199 1053.178711 2491.016846 1263.239746
58.000000 489.338837 1133.468872 500.009552 923.164673 2306.082275 1310.915771 2287.612793 1097.450073
41.000000 846.074951 1126.644897 853.792847 916.561096 2609.199463 1256.388916 2582.290771 1023.584473
40.000000 1031.870605 940.209351 1023.424744 1150.137817 2806.587158 1006.273865 2834.782715 1239.825073
52.000000 859.851074 796.766541 866.236511 593.215271 2561.592773 904.515320 2540.104492 683.033264
119.000000 89.526215 847.385498 67.160309 1047.598633 1853.056519 1113.473999 1849.317261 1283.318359
97.000000 401.797638 613.481567 385.281006 813.768860 2185.265869 826.538269 2197.449463 1009.947998
57.000000 742.564941 599.959534 732.015015 800.281677 2440.521729 722.697754 2460.907471 936.252380
92.000000 314.973541 1456.775146 327.990295 1259.867188 2212.431396 1630.068726 2198.197754 1443.216675
100.000000 509.783081 806.853821 521.611755 609.896606 2277.025146 976.641785 2264.327637 793.727112
120.000000 180.655945 1076.523560 190.821884 886.354248 1985.435425 1290.109741 1970.572021 1123.282349
49.000000 1040.328247 626.854065 1035.236938 816.896240 2759.913574 656.681763 2798.534180 877.928406
74.000000 709.678528 1272.620728 699.059509 1460.131714 2510.019531 1423.090088 2529.368408 1623.396362
55.000000 833.378784 1460.130127 840.297119 1272.366455 2651.251709 1623.574097 2625.209473 1410.892700
51.000000 1083.775269 1146.667969 1083.696045 963.333191 2960.430664 1233.760010 2928.074463 1013.616333
125.000000 273.121399 916.968628 256.034912 1093.594727 2070.842285 1131.439331 2085.072266 1295.978760
160.000000 28.756329 629.918457 40.361305 452.919922 1757.949219 943.617249 1753.767822 799.984619
67.000000 1089.046265 836.732483 1091.043945 663.268555 2907.665039 873.677185 2876.807861 666.737976
164.000000 121.681686 497.175110 104.935768 666.386108 1840.832275 810.318115 1836.632446 953.332336
141.000000 344.474701 1116.749756 356.859863 946.680725 2196.345947 1303.363281 2181.718262 1146.506470
93.000000 808.800964 1523.427246 816.296753 1353.170288 2637.839111 1689.874023 2617.820557 1503.567505
101.000000 729.398804 1353.531494 723.850159 1523.350220 2541.433838 1508.938965 2565.175537 1690.195312
147.000000 451.155487 799.853210 462.158295 636.587463 2245.974365 986.721558 2233.806396 833.295837
207.000000 755.374512 789.937988 763.050049 629.986389 2482.801514 913.391296 2470.081787 796.657776
4.000000 133.138672 333.611450 2.038554 241.849854 1797.263184 673.499756 623.504822 452.422791
217.000000 1180.082397 1294.090820 1020.117432 1295.317017 2976.648682 1403.658936 2859.968506 1403.084717
166.000000 208.812317 714.289673 218.446777 557.697144 1966.216187 970.036743 1954.809937 830.151367
159.000000 410.222931 800.016235 421.420258 646.527100 2216.500000 993.345886 2205.725586 850.070740
278.000000 265.571259 1286.588623 254.644302 1439.855835 2143.099854 1580.408813 2131.947754 1483.110107
170.000000 298.480896 600.239868 291.328796 753.705933 2057.721924 846.357178 2063.202637 983.723022
198.000000 1078.349243 683.295105 1074.953003 830.037476 2864.834961 750.242493 2880.678223 869.910217
209.000000 300.335876 1293.356689 290.134247 1439.777100 2174.798584 1473.227295 2183.247070 1590.006226
176.000000 369.993866 793.332947 378.693146 649.920715 2174.147217 996.857544 2164.026367 863.280823
274.000000 566.667114 1582.618164 429.999939 1582.628784 2426.621338 1752.152832 2326.665527 1750.052368
214.000000 161.913300 913.213806 150.674896 1046.723511 1948.947632 1153.390137 1955.250366 1270.076538
223.000000 840.297119 1272.366455 709.678528 1272.620728 2625.209473 1410.892700 2510.019531 1423.090088
286.000000 566.667358 1567.803711 439.998657 1567.884033 2426.674561 1735.587402 2329.988770 1734.887695
189.000000 1096.977417 602.828796 989.884033 536.854919 2759.912842 594.272949 2636.712402 582.841614
245.000000 840.023682 1124.529907 716.672607 1126.968384 2603.636475 1251.822021 2496.065186 1269.718018
249.000000 716.637268 1141.661865 839.991028 1139.490234 2499.714111 1284.961670 2606.181152 1267.105591
211.000000 990.871460 528.608398 1093.584229 592.932617 2640.099365 575.679321 2756.593262 587.397400
257.000000 295.478973 963.247681 286.817078 1083.344238 2115.242188 1173.435425 2122.880371 1280.032471
247.000000 386.495972 818.893738 506.574768 814.276672 2063.202637 983.723022 2170.471191 1000.157776
244.000000 850.108215 914.112549 730.015991 917.273132 2582.290771 1023.584473 2474.415283 1050.876587
224.000000 363.238190 1145.977661 483.328674 1143.136841 2080.145508 1297.993530 2193.607422 1306.222412
251.000000 736.606567 807.471924 856.617920 804.617493 2465.672607 936.610413 2568.922852 906.327698
246.000000 856.670227 793.490784 736.656189 796.201477 2566.868164 893.989014 2463.095947 925.894714
205.000000 218.446777 557.697144 116.491035 499.299774 1953.517212 825.474976 1836.549316 807.427185
250.000000 863.423645 591.849670 746.547302 597.554749 2540.104492 683.033264 2440.521729 722.697754
299.000000 483.396698 1129.479736 366.639099 1132.109863 2179.862305 1292.028564 2089.824707 1285.913086
197.000000 104.935768 666.386108 208.812317 714.289673 1840.646606 954.918396 1960.404053 970.157959
237.000000 496.800964 922.503479 383.374298 925.113281 2179.946045 1140.572632 2070.842285 1131.439331
190.000000 67.160309 1047.598633 177.708786 1075.869751 1856.804199 1284.520508 1980.271240 1292.433960
188.000000 192.453659 882.414001 86.495514 843.803040 1970.057129 1119.408569 1846.587280 1107.488525
196.000000 737.789734 1120.054810 743.166748 1009.991882 2515.468994 1260.125244 2502.906738 1140.044678
231.000000 516.691711 607.220520 406.615356 612.198608 2162.382080 866.222961 2052.404053 849.413086
254.000000 796.767151 790.004456 801.636230 679.924927 2518.198486 896.860657 2506.730469 790.352051
280.000000 719.975220 1280.954468 829.997986 1279.807739 2519.890625 1432.288086 2616.544434 1422.166138
181.000000 752.477478 451.098785 665.759094 383.552399 2493.494141 566.045837 2369.018799 533.785522
185.000000 163.862549 1229.683594 56.552090 1214.123535 1989.927246 1435.970093 1863.081177 1432.468140
282.000000 387.114685 1126.694092 393.648804 1020.019348 2240.382812 1306.635376 2232.479004 1209.797729
252.000000 811.275330 680.049255 807.152161 786.814148 2516.629150 786.315369 2528.021484 893.188904
219.000000 780.951721 1113.233032 785.440002 1006.615051 2552.846436 1247.077515 2540.605469 1133.268188
215.000000 115.938148 933.269653 106.894371 1036.686523 1899.221680 1150.037964 1904.916748 1266.752075
112.000000 2.379782 923.252441 11.157473 819.815369 1772.701050 1276.692017 1765.735962 1103.236816
297.000000 190.434219 580.030701 183.136337 683.319397 1933.164185 860.011841 1939.453613 950.038147
218.000000 1071.599487 1039.952026 1068.737183 1143.390625 2917.343262 1113.242432 2932.599121 1226.765381
295.000000 1049.347290 1033.317993 1046.991821 1133.340942 2874.725342 1106.480103 2886.808838 1196.647583
261.000000 183.505310 892.862976 92.293663 859.509888 1959.986694 1130.136841 1856.336304 1120.066528
290.000000 445.841064 1020.171448 439.231659 1116.842041 2270.321045 1296.899536 2263.090820 1203.352051
220.000000 1056.126465 726.649536 1053.059570 823.324646 2825.656738 753.033508 2840.261475 866.202759
