Keypoint Matches and Line Matches for pairs 11, 15 
11 corresponds to the image ./resources/Data/CastleP19/images/0011.png 
15 corresponds to the image ./resources/Data/CastleP19/images/0015.png 

9.000000 85.944199 412.964661 2402.357178 350.055237
41.000000 32.452358 1453.595947 2547.208496 1489.966553
38.000000 151.226349 1454.057129 2773.583252 1490.651123
39.000000 168.520721 1236.308228 2755.224365 1227.004150
57.000000 361.362122 1137.291870 2897.165039 1036.892090
37.000000 222.721039 1456.607666 2925.829834 1490.328979
56.000000 89.526215 847.385498 2879.369385 813.118408
54.000000 180.655945 1076.523560 2735.457520 1040.101074
180.000000 28.756329 629.918457 2705.654541 613.408020
126.000000 40.361305 452.919922 2356.681885 427.525604
150.000000 104.935768 666.386108 2873.292725 609.611938
60.000000 344.474701 1116.749756 2389.989990 1043.510620
156.000000 136.801666 1266.677368 2719.996094 1270.000244
157.000000 123.826683 1430.039185 2734.164307 1463.516479
16.000000 133.138672 333.611450 2393.315918 265.556396
487.000000 254.644302 1439.855835 3016.887207 1466.942749
75.000000 183.376740 1571.167847 2850.016846 1632.102173
195.000000 378.693146 649.920715 2358.467041 430.077698
489.000000 150.674896 1046.723511 2693.949951 1013.528442
74.000000 133.371429 1574.145752 3070.021240 1635.106934
267.000000 363.238190 1145.977661 2899.995850 1041.463989
189.000000 116.491035 499.299774 2854.399902 423.245789
127.000000 746.547302 597.554749 2156.626465 431.055084
303.000000 506.826904 803.826782 2680.093262 597.271484
76.000000 36.686115 1452.354004 2553.332031 1490.680664
210.000000 86.495514 843.803040 2883.328613 809.436340
336.000000 56.552090 1214.123535 2909.998535 1223.713257
511.000000 106.894371 1036.686523 2990.392090 1013.583374
61.000000 11.157473 819.815369 2378.134033 819.922180
472.000000 84.712738 1326.499023 2636.294189 1343.353271
550.000000 402.041260 1023.481628 2996.171875 899.615967
213.000000 159.719452 1242.094238 2736.683350 1238.180298
239.000000 183.505310 892.862976 2360.045166 830.854797
1329.000000 128.000000 539.000000 2992.000000 451.000000
1396.000000 62.000000 656.000000 2431.000000 898.000000
1510.000000 295.000000 738.000000 2519.000000 590.000000
621.000000 193.000000 1458.000000 2864.000000 1493.000000
633.000000 207.000000 1471.000000 2888.000000 1499.000000
659.000000 179.000000 1340.000000 2804.000000 1350.000000
1295.000000 121.000000 508.000000 2869.000000 430.000000
1349.000000 159.000000 1204.000000 2729.000000 1193.000000
393.000000 59.000000 1228.000000 2923.329102 1239.491699
872.000000 61.000000 1311.000000 2974.000000 1417.000000
636.000000 77.000000 1038.000000 2918.000000 1024.000000
1481.000000 140.000000 608.000000 2575.000000 529.000000
1385.000000 628.000000 538.000000 2424.000000 276.000000
704.000000 172.000000 1427.000000 2812.000000 1457.000000
325.000000 359.000000 778.000000 2343.395752 603.559814
261.000000 167.000000 1060.000000 2706.689697 1023.135925
1090.000000 288.000000 409.000000 2865.000000 186.000000
1124.000000 140.000000 1441.000000 2746.000000 1476.000000
1284.000000 607.000000 538.000000 3047.000000 183.000000
1070.000000 112.000000 595.000000 2885.000000 524.000000
947.000000 122.000000 600.000000 2998.000000 521.000000
1052.000000 101.000000 1390.000000 2661.000000 1416.000000
1100.000000 128.000000 1005.000000 2998.000000 931.000000
1480.000000 16.000000 1156.000000 2447.000000 1171.000000
887.000000 160.000000 673.000000 2602.000000 588.000000
721.000000 235.000000 1429.000000 2935.000000 1294.000000
1059.000000 174.000000 1457.000000 2832.000000 1520.000000
459.000000 233.000000 1446.000000 2946.666016 1473.418457
1383.000000 82.000000 1281.000000 2626.000000 1294.000000
184.000000 115.000000 493.000000 1751.339355 439.971710
1446.000000 426.000000 533.000000 1890.000000 268.000000
989.000000 126.000000 1037.000000 2977.000000 581.000000
98.000000 9.000000 815.000000 2376.702148 815.106323
1343.000000 236.000000 1399.000000 2941.000000 1380.000000
51.000000 173.000000 1565.000000 2829.894287 1623.417603
599.000000 201.000000 1330.000000 2846.000000 1337.000000
895.000000 177.000000 1530.000000 2843.000000 1560.000000
1338.000000 193.000000 1342.000000 2815.000000 1272.000000

5.000000 635.622192 593.271729 577.400879 1580.239990 923.982178 376.692169 872.608643 1683.697876
4.000000 -1.614761 1376.216919 85.944199 412.964661 2476.298340 1656.687500 2402.357178 350.055237
3.000000 71.896309 404.115112 -2.543279 1219.463501 2388.221680 343.976379 2460.251465 1663.319580
10.000000 1269.930908 750.527100 1820.089600 736.972229 2413.246826 342.409027 3070.048584 329.053497
20.000000 57.739906 1217.495605 32.452358 1453.595947 2531.143799 1229.723633 2547.208496 1489.966553
19.000000 151.226349 1454.057129 168.520721 1236.308228 2773.583252 1490.651123 2755.224365 1227.004150
18.000000 242.906326 1246.946533 222.721039 1456.607666 2905.015381 1226.533936 2925.829834 1490.328979
28.000000 89.526215 847.385498 67.160309 1047.598633 2879.369385 813.118408 2897.165039 1036.892090
27.000000 180.655945 1076.523560 190.821884 886.354248 2735.457520 1040.101074 2716.519775 813.624329
103.000000 28.756329 629.918457 40.361305 452.919922 2367.252686 617.055786 2358.467041 430.077698
100.000000 121.681686 497.175110 104.935768 666.386108 2854.399902 423.245789 2869.729980 610.022156
30.000000 344.474701 1116.749756 356.859863 946.680725 2389.989990 1043.510620 2378.134033 819.922180
83.000000 136.801666 1266.677368 123.826683 1430.039185 2719.996094 1270.000244 2734.164307 1463.516479
8.000000 133.138672 333.611450 2.038554 241.849854 2393.315918 265.556396 1566.644165 278.572571
180.000000 161.913300 913.213806 150.674896 1046.723511 2346.057373 863.362122 2353.459961 1019.994019
49.000000 363.238190 1145.977661 483.328674 1143.136841 2519.946045 1041.719482 2729.993896 1039.430542
53.000000 104.935768 666.386108 208.812317 714.289673 2496.582275 615.473877 2703.239014 611.616272
38.000000 36.686115 1452.354004 151.226349 1454.057129 2553.332031 1490.680664 2773.583252 1490.651123
50.000000 192.453659 882.414001 86.495514 843.803040 2713.350586 811.030334 2502.868652 815.541870
261.000000 150.327530 556.695007 141.120026 663.141907 1586.098389 486.670502 1586.885498 603.331848
265.000000 115.938148 933.269653 106.894371 1036.686523 2980.730957 899.937866 2990.392090 1013.583374
246.000000 84.712738 1326.499023 76.121193 1426.619873 2636.294189 1343.353271 2642.727783 1463.365845
125.000000 183.505310 892.862976 92.293663 859.509888 2700.038330 826.661438 2520.023682 828.730469
