Keypoint Matches and Line Matches for pairs 11, 14 
11 corresponds to the image ./resources/Data/CastleP19/images/0011.png 
14 corresponds to the image ./resources/Data/CastleP19/images/0014.png 

8.000000 635.622192 593.271729 2499.925537 633.336975
15.000000 85.944199 412.964661 1849.531616 636.666870
10.000000 594.157532 1513.572144 2565.852539 1690.205078
38.000000 647.244873 580.873413 2507.580322 618.561157
12.000000 71.896309 404.115112 1837.658081 623.327087
32.000000 827.260925 317.408051 2905.211426 212.849030
1380.000000 1003.375977 507.643982 2792.000000 386.000000
27.000000 105.980751 405.835327 1862.887939 626.008850
28.000000 402.437317 592.656616 2331.308594 704.069763
52.000000 966.950623 562.866089 2803.310303 473.608856
39.000000 973.019165 566.436523 2807.148193 474.086945
1241.000000 846.670532 1590.395874 2872.000000 1802.000000
108.000000 57.739906 1217.495605 1907.467163 1383.329224
109.000000 32.452358 1453.595947 1908.613159 1606.656738
64.000000 468.790039 1503.348267 2456.516602 1673.664673
65.000000 469.412994 1276.637573 2444.192383 1420.120239
110.000000 355.290802 1276.630493 2365.849609 1430.089600
259.000000 623.399536 581.461670 2485.510010 627.684692
120.000000 151.226349 1454.057129 2073.047607 1612.887817
121.000000 168.520721 1236.308228 2069.518066 1393.387207
222.000000 377.758453 926.751709 2350.418213 1056.777710
137.000000 242.906326 1246.946533 2172.616211 1399.944092
138.000000 222.721039 1456.607666 2177.174072 1613.393677
79.000000 714.091919 1130.241333 2626.658447 1220.000366
91.000000 489.338837 1133.468872 2436.688232 1256.955322
56.000000 846.074951 1126.644897 2750.203125 1209.987061
57.000000 853.792847 916.561096 2733.438721 946.659973
48.000000 1031.870605 940.209351 2999.815186 923.085876
49.000000 1023.424744 1150.137817 3021.588867 1200.137085
54.000000 636.666687 1576.666626 2573.086182 1770.687988
55.000000 843.333313 1576.666626 2839.974121 1787.088135
66.000000 859.851074 796.766541 2726.236084 803.381653
212.000000 89.526215 847.385498 1903.390137 1036.647949
316.000000 67.160309 1047.598633 1906.840942 1224.592041
170.000000 401.797638 613.481567 2334.796875 726.631653
171.000000 385.281006 813.768860 2339.659668 930.008118
87.000000 732.015015 800.281677 2607.626221 836.792053
160.000000 314.973541 1456.775146 2323.257568 1616.772583
161.000000 327.990295 1259.867188 2316.835449 1409.994751
139.000000 509.783081 806.853821 2421.684814 900.179077
210.000000 180.655945 1076.523560 2061.509277 1237.093262
211.000000 190.821884 886.354248 2057.786133 1050.056274
495.000000 1040.328247 626.854065 2966.351807 513.504272
63.000000 1035.236938 816.896240 2984.520996 770.174561
84.000000 709.678528 1272.620728 2640.104004 1400.337158
85.000000 699.059509 1460.131714 2653.597900 1633.159424
70.000000 833.378784 1460.130127 2781.052979 1636.830933
71.000000 840.297119 1272.366455 2763.283447 1390.243774
922.000000 273.121399 916.968628 2179.000000 1073.000000
233.000000 256.034912 1093.594727 2173.701416 1246.660034
308.000000 28.756329 629.918457 1811.059448 850.003906
312.000000 40.361305 452.919922 1809.717163 688.461548
44.000000 356.698395 1554.026978 2383.252930 1731.009766
346.000000 121.681686 497.175110 1909.972168 703.523010
320.000000 104.935768 666.386108 1906.132812 864.030640
230.000000 344.474701 1116.749756 2321.524414 1260.074951
231.000000 356.859863 946.680725 2314.055908 1079.970093
118.000000 808.800964 1523.427246 2764.329346 1713.268921
119.000000 816.296753 1353.170288 2750.116455 1493.541382
147.000000 729.398804 1353.531494 2670.921143 1499.284180
148.000000 723.850159 1523.350220 2690.791992 1709.925293
282.000000 136.801666 1266.677368 2040.067749 1426.665894
283.000000 123.826683 1430.039185 2042.076172 1590.015503
524.000000 451.155487 799.853210 2390.531738 906.649658
410.000000 755.374512 789.937988 2634.059570 816.621399
279.000000 763.050049 629.986389 2612.685791 616.530884
953.000000 133.138672 333.611450 2174.000000 545.000000
1462.000000 2.038554 241.849854 1722.000000 530.000000
42.000000 1020.117432 1295.317017 3038.031738 1389.882568
306.000000 208.812317 714.289673 2057.692139 883.381287
307.000000 218.446777 557.697144 2053.798340 725.621948
284.000000 410.222931 800.016235 2361.024658 913.302063
285.000000 421.420258 646.527100 2356.041260 750.019104
541.000000 254.644302 1439.855835 2236.033447 1596.683350
376.000000 298.480896 600.239868 2169.855225 744.323242
1409.000000 291.328796 753.705933 2186.000000 892.000000
327.000000 300.335876 1293.356689 2287.984375 1446.622925
328.000000 290.134247 1439.777100 2292.973877 1596.789429
329.000000 369.993866 793.332947 2312.019775 920.049011
330.000000 378.693146 649.920715 2306.422607 770.009094
126.000000 1000.005188 556.658203 2853.477539 448.308350
1419.000000 429.999939 1582.628784 2435.000000 1757.000000
412.000000 161.913300 913.213806 2029.384399 1086.674438
413.000000 150.674896 1046.723511 2030.972656 1213.362915
278.000000 1099.786011 597.006348 2966.614502 434.008514
558.000000 566.667358 1567.803711 2536.822998 1751.376099
559.000000 439.998657 1567.884033 2443.552246 1743.926758
176.000000 1096.977417 602.828796 3003.257324 444.340271
177.000000 989.884033 536.854919 2803.391357 429.232483
446.000000 840.023682 1124.529907 2743.361572 1206.837158
447.000000 716.672607 1126.968384 2629.820557 1225.579712
448.000000 716.637268 1141.661865 2633.216797 1242.597900
449.000000 839.991028 1139.490234 2746.347412 1224.653320
574.000000 463.339020 1494.107056 2456.683594 1662.370117
575.000000 339.987854 1495.012085 2366.652832 1660.791138
277.000000 990.871460 528.608398 2803.225586 421.396942
420.000000 295.478973 963.247681 2230.819336 1106.639648
421.000000 286.817078 1083.344238 2234.892090 1230.058594
568.000000 386.495972 818.893738 2339.211670 941.188416
569.000000 506.574768 814.276672 2425.277100 909.552917
433.000000 850.108215 914.112549 2730.913086 943.207642
78.000000 730.015991 917.273132 2616.071777 976.069580
360.000000 483.328674 1143.136841 2317.027100 1259.365112
429.000000 736.606567 807.471924 2608.625000 845.907898
430.000000 856.617920 804.617493 2722.538330 807.633911
438.000000 856.670227 793.490784 2720.297607 794.178223
439.000000 736.656189 796.201477 2609.901367 833.052917
319.000000 116.491035 499.299774 1904.909668 709.999695
67.000000 863.423645 591.849670 2699.071777 550.890381
86.000000 746.547302 597.554749 2596.198242 602.067871
92.000000 496.800964 922.503479 2426.695557 1026.955078
291.000000 36.686115 1452.354004 1913.312012 1607.345459
333.000000 192.453659 882.414001 2053.274902 1047.221802
334.000000 86.495514 843.803040 1906.483032 1031.740845
379.000000 737.789734 1120.054810 2654.451172 1213.469360
380.000000 743.166748 1009.991882 2646.254639 1080.025269
140.000000 516.691711 607.220520 2414.018555 686.881653
396.000000 796.767151 790.004456 2672.599121 806.503967
397.000000 801.636230 679.924927 2664.479248 676.803589
518.000000 716.635437 1341.973389 2656.692627 1483.886475
519.000000 826.653992 1339.448242 2756.628174 1479.180054
504.000000 719.975220 1280.954468 2649.839844 1411.416748
505.000000 829.997986 1279.807739 2753.286865 1402.775635
349.000000 752.477478 451.098785 2679.797607 424.169464
350.000000 665.759094 383.552399 2539.924072 390.313965
317.000000 163.862549 1229.683594 2063.565186 1389.184937
318.000000 56.552090 1214.123535 1909.966553 1380.597412
488.000000 387.114685 1126.694092 2373.414307 1259.996704
489.000000 393.648804 1020.019348 2369.110840 1153.234863
408.000000 811.275330 680.049255 2675.144287 673.007263
409.000000 807.152161 786.814148 2683.181396 799.798340
520.000000 150.327530 556.695007 1969.530884 753.336243
521.000000 141.120026 663.141907 1970.154419 853.332397
377.000000 780.951721 1113.233032 2694.381348 1200.146729
378.000000 785.440002 1006.615051 2685.816162 1066.721313
899.000000 115.938148 933.269653 1981.000000 1112.000000
395.000000 106.894371 1036.686523 1969.921631 1210.000000
207.000000 11.157473 819.815369 1809.952881 1026.666382
516.000000 190.434219 580.030701 2026.109985 760.014465
517.000000 183.136337 683.319397 2028.708130 860.033569
7.000000 85.908310 394.502075 1843.476807 622.469177
1190.000000 84.712738 1326.499023 1990.000000 1487.000000
287.000000 76.121193 1426.619873 1977.114868 1586.679199
961.000000 402.041260 1023.481628 2386.000000 1147.000000
474.000000 394.778839 1123.438354 2403.647705 1253.441772
528.000000 613.150574 1513.006958 2575.287354 1691.479126
1346.000000 843.185364 783.170593 2708.000000 788.000000
381.000000 159.719452 1242.094238 2056.588135 1401.490356
351.000000 63.002251 1229.138184 1923.131836 1395.511719
402.000000 183.505310 892.862976 2043.423218 1059.186279
403.000000 92.293663 859.509888 1916.464600 1045.162720
405.000000 1056.126465 726.649536 3031.194336 626.846313
1301.000000 1053.059570 823.324646 3020.000000 757.000000
1361.000000 829.000000 643.000000 2686.000000 622.000000
606.000000 438.000000 438.000000 2411.000000 501.000000
1314.000000 128.000000 539.000000 1941.000000 738.000000
1032.000000 814.000000 965.000000 2709.000000 1014.000000
801.000000 767.000000 966.000000 2666.000000 1024.000000
612.000000 412.000000 1087.000000 2389.000000 1218.000000
1445.000000 342.000000 441.000000 2248.000000 587.000000
1431.000000 390.000000 1421.000000 2403.000000 1571.000000
1204.000000 295.000000 738.000000 2186.000000 879.000000
1312.000000 332.000000 442.000000 2192.000000 586.000000
1474.000000 480.000000 733.000000 2391.000000 835.000000
584.000000 779.000000 732.000000 2651.000000 744.000000
1051.000000 274.000000 1373.000000 2247.000000 1529.000000
1481.000000 815.000000 937.000000 2706.000000 981.000000
794.000000 345.000000 715.000000 2276.000000 845.000000
1327.000000 681.000000 467.000000 2572.000000 474.000000
904.000000 1073.000000 696.000000 3060.000000 583.000000
562.000000 334.000000 647.000000 2226.001465 793.348328
760.000000 827.000000 1085.000000 2731.000000 1160.000000
1133.000000 668.000000 1395.000000 2601.000000 1549.000000
695.000000 273.000000 1401.000000 2208.000000 1557.000000
1464.000000 826.000000 704.000000 2692.000000 695.000000
1037.000000 179.000000 1340.000000 2098.000000 1496.000000
634.000000 764.000000 1031.000000 2670.000000 1103.000000
1064.000000 760.000000 1114.000000 2676.000000 1205.000000
1252.000000 121.000000 508.000000 1914.000000 715.000000
591.000000 778.000000 759.000000 2653.000000 776.000000
962.000000 119.000000 626.000000 1921.000000 819.000000
832.000000 844.000000 730.000000 2705.000000 723.000000
1085.000000 159.000000 1204.000000 2052.000000 1364.000000
751.000000 824.000000 757.000000 2696.000000 760.000000
607.000000 783.000000 645.000000 2645.000000 640.000000
1013.000000 268.000000 343.000000 2435.000000 478.000000
937.000000 305.000000 1026.000000 2244.000000 1167.000000
1113.000000 286.000000 1019.000000 2227.000000 1165.000000
994.000000 648.000000 468.000000 2551.000000 485.000000
579.000000 329.000000 756.000000 2242.000000 887.000000
855.000000 59.000000 1228.000000 1918.000000 1393.000000
1463.000000 61.000000 1311.000000 1924.000000 1470.000000
971.000000 811.000000 1030.000000 2714.000000 1094.000000
1018.000000 440.000000 1337.000000 2435.000000 1487.000000
417.000000 77.000000 1038.000000 1919.922974 1210.897583
764.000000 310.000000 721.000000 2222.000000 861.000000
673.000000 763.000000 1058.000000 2672.000000 1137.000000
786.000000 669.000000 1531.000000 2645.000000 1707.000000
800.000000 443.000000 633.000000 2371.000000 734.000000
1052.000000 283.000000 1049.000000 2228.000000 1195.000000
1389.000000 1040.000000 643.000000 2980.000000 532.000000
1245.000000 294.000000 1307.000000 2283.000000 1460.000000
1228.000000 393.000000 1353.000000 2401.000000 1505.000000
1239.000000 140.000000 608.000000 1964.000000 801.000000
1146.000000 628.000000 538.000000 2461.000000 577.000000
915.000000 441.000000 1323.000000 2420.000000 1473.000000
1109.000000 280.000000 1306.000000 2245.000000 1459.000000
647.000000 843.000000 757.000000 2707.000000 756.000000
1042.000000 1038.000000 814.000000 3001.000000 756.000000
815.000000 272.000000 1430.000000 2267.000000 1589.000000
784.000000 808.000000 1086.000000 2718.000000 1163.000000
1128.000000 172.000000 1427.000000 2100.000000 1585.000000
496.000000 359.000000 778.000000 2293.301025 903.582581
706.000000 780.000000 706.000000 2649.000000 712.000000
845.000000 267.000000 1075.000000 2207.000000 1224.000000
416.000000 167.000000 1060.000000 2043.207031 1221.472900
841.000000 420.000000 978.000000 2385.000000 1101.000000
934.000000 396.000000 1324.000000 2400.000000 1474.000000
1127.000000 768.000000 938.000000 2664.000000 992.000000
1417.000000 321.000000 1030.000000 2283.000000 1170.000000
624.000000 762.000000 1086.000000 2674.000000 1171.000000
1402.000000 151.000000 977.000000 2025.000000 1145.000000
418.000000 140.000000 1441.000000 2053.352539 1596.144287
1415.000000 391.000000 1391.000000 2403.000000 1548.000000
1189.000000 152.000000 356.000000 1881.000000 574.000000
686.000000 207.000000 1453.000000 2156.000000 1611.000000
1504.000000 432.000000 1471.000000 2443.000000 1636.000000
1099.000000 370.000000 1308.000000 2384.000000 1474.000000
1357.000000 459.000000 1052.000000 2403.000000 1178.000000
692.000000 414.000000 1053.000000 2388.000000 1181.000000
1278.000000 607.000000 538.000000 2447.000000 584.000000
1250.000000 112.000000 595.000000 1920.000000 795.000000
747.000000 122.000000 600.000000 1941.000000 797.000000
1046.000000 829.000000 1057.000000 2729.000000 1126.000000
1452.000000 940.000000 430.000000 3046.000000 274.000000
1089.000000 414.000000 625.000000 2345.000000 733.000000
1091.000000 343.000000 738.000000 2277.000000 869.000000
603.000000 101.000000 1390.000000 2012.000000 1548.000000
744.000000 623.000000 1561.000000 2589.000000 1735.000000
710.000000 128.000000 1005.000000 1982.000000 1173.000000
667.000000 421.000000 1337.000000 2421.000000 1488.000000
1443.000000 241.000000 1342.000000 2207.000000 1498.000000
623.000000 437.000000 735.000000 2375.000000 841.000000
1054.000000 975.000000 1333.000000 3063.000000 1472.000000
980.000000 522.000000 456.000000 2376.000000 537.000000
1242.000000 303.000000 1084.000000 2249.000000 1227.000000
1437.000000 421.000000 946.000000 2383.000000 1067.000000
703.000000 409.000000 409.000000 2275.000000 520.000000
635.000000 1056.000000 996.000000 3043.000000 990.000000
831.000000 330.000000 732.000000 2239.000000 864.000000
967.000000 259.000000 1303.000000 2227.000000 1458.000000
1065.000000 417.000000 735.000000 2361.000000 846.000000
1034.000000 571.000000 1567.000000 2542.000000 1750.000000
1344.000000 76.000000 1356.000000 1971.000000 1515.000000
1440.000000 817.000000 1304.000000 2747.000000 1435.000000
998.000000 160.000000 673.000000 1984.000000 852.000000
622.000000 682.000000 446.000000 2527.000000 453.000000
1454.000000 235.000000 1429.000000 2195.000000 1570.000000
1055.000000 830.000000 1029.000000 2727.000000 1091.000000
1309.000000 632.000000 381.000000 2670.000000 386.000000
352.000000 53.000000 1388.000000 1925.318848 1540.075928
1328.000000 759.000000 760.000000 2634.000000 782.000000
828.000000 56.000000 1355.000000 1946.000000 1514.000000
1479.000000 747.000000 966.000000 2646.000000 1029.000000
461.000000 233.000000 1446.000000 2193.412354 1601.463013
960.000000 777.000000 785.000000 2656.000000 807.000000
1095.000000 118.000000 533.000000 1920.000000 734.000000
1399.000000 11.000000 567.000000 1776.000000 799.000000
1039.000000 181.000000 629.000000 2022.000000 808.000000
775.000000 1043.000000 1054.000000 3051.000000 1074.000000
719.000000 312.000000 698.000000 2221.000000 837.000000
1188.000000 243.000000 1256.000000 2182.000000 1409.000000
862.000000 653.000000 1371.000000 2572.000000 1521.000000
1277.000000 289.000000 1373.000000 2286.000000 1530.000000
1349.000000 107.000000 964.000000 1965.000000 1140.000000
1143.000000 104.000000 997.000000 1965.000000 1171.000000
1444.000000 392.000000 1365.000000 2402.000000 1521.000000
1306.000000 1046.000000 967.000000 3039.000000 956.000000
681.000000 304.000000 1055.000000 2245.000000 1197.000000
824.000000 1063.000000 692.000000 3004.000000 578.000000
938.000000 379.000000 1307.000000 2420.000000 1455.000000
1281.000000 410.000000 1121.000000 2391.000000 1253.000000
902.000000 647.000000 1544.000000 2617.000000 1721.000000
860.000000 438.000000 1489.000000 2444.000000 1655.000000
587.000000 254.000000 1371.000000 2208.000000 1527.000000
913.000000 442.000000 664.000000 2373.000000 766.000000
665.000000 297.000000 716.000000 2201.000000 859.000000
991.000000 129.000000 1287.000000 2035.000000 1446.000000
1236.000000 251.000000 1400.000000 2230.000000 1558.000000
715.000000 1177.000000 1444.000000 1404.000000 1600.000000
1348.000000 305.000000 1277.000000 2226.000000 1430.000000
1315.000000 637.000000 796.000000 2526.000000 858.000000
1147.000000 846.000000 703.000000 2703.000000 691.000000
765.000000 319.000000 1059.000000 2262.000000 1199.000000
1492.000000 744.000000 1031.000000 2650.000000 1107.000000
1049.000000 423.000000 665.000000 2359.000000 771.000000
846.000000 139.000000 347.000000 1862.000000 570.000000
859.000000 137.000000 635.000000 1964.000000 826.000000
1050.000000 308.000000 987.000000 2243.000000 1126.000000
944.000000 67.000000 1250.000000 1946.000000 1413.000000
1153.000000 1177.000000 1646.000000 1478.000000 1885.000000
1396.000000 577.000000 1554.000000 2551.000000 1736.000000
939.000000 399.000000 466.000000 2311.000000 578.000000
1006.000000 82.000000 1281.000000 1970.000000 1443.000000
873.000000 1029.000000 1104.000000 3035.000000 1145.000000
1494.000000 819.000000 1286.000000 2745.000000 1412.000000
776.000000 1030.000000 1130.000000 3040.000000 1182.000000
720.000000 330.000000 708.000000 2238.000000 840.000000
870.000000 392.000000 1381.000000 2402.000000 1537.000000
1184.000000 760.000000 706.000000 2630.000000 719.000000
770.000000 434.000000 767.000000 2376.000000 875.000000
847.000000 848.000000 642.000000 2698.000000 617.000000
1366.000000 394.000000 1053.000000 2373.000000 1184.000000
628.000000 669.000000 1371.000000 2591.000000 1523.000000
990.000000 287.000000 1401.000000 2287.000000 1560.000000
736.000000 810.000000 1058.000000 2716.000000 1128.000000
470.000000 335.000000 1104.000000 2303.294189 1243.785645
1132.000000 162.000000 620.000000 1979.000000 803.000000
901.000000 728.000000 1287.000000 2659.000000 1418.000000
1496.000000 372.000000 1412.000000 2388.000000 1571.000000
1382.000000 399.000000 978.000000 2370.000000 1104.000000
1258.000000 342.000000 762.000000 2277.000000 893.000000
996.000000 848.000000 1548.000000 2809.000000 1749.000000
598.000000 64.000000 1280.000000 1946.000000 1442.000000
298.000000 426.000000 533.000000 2329.355713 630.538025
464.000000 503.000000 631.000000 2293.254150 773.860168
1322.000000 944.000000 1608.000000 2975.000000 1804.000000
1371.000000 830.000000 617.000000 2685.000000 592.000000
992.000000 397.000000 1309.000000 2399.000000 1458.000000
1393.000000 125.000000 575.000000 1980.000000 780.000000
617.000000 571.000000 506.000000 2434.000000 561.000000
1456.000000 73.000000 1389.000000 1971.000000 1547.000000
814.000000 368.000000 1290.000000 2369.000000 1439.000000
1405.000000 133.000000 659.000000 1963.000000 849.000000
1195.000000 126.000000 1037.000000 2003.000000 1206.000000
1174.000000 361.000000 1542.000000 2388.000000 1712.000000
288.000000 9.000000 815.000000 1806.617676 1020.462952
1363.000000 483.000000 935.000000 2420.000000 1044.000000
1079.000000 423.000000 1554.000000 2441.000000 1715.000000
613.000000 236.000000 1399.000000 2191.000000 1556.000000
1208.000000 96.000000 885.000000 1941.000000 1065.000000
651.000000 1049.000000 769.000000 3014.000000 689.000000
738.000000 1062.000000 749.000000 3011.000000 656.000000
1012.000000 462.000000 1290.000000 2439.000000 1434.000000
1070.000000 849.000000 608.000000 2694.000000 572.000000
1495.000000 433.000000 1555.000000 2436.000000 1741.000000
511.000000 836.000000 927.000000 2723.216797 956.237000
1205.000000 179.000000 655.000000 2023.000000 833.000000
795.000000 1038.000000 738.000000 2991.000000 654.000000
1293.000000 417.000000 1011.000000 2386.000000 1135.000000
1031.000000 833.000000 965.000000 2721.000000 1011.000000
1308.000000 432.000000 798.000000 2378.000000 908.000000
916.000000 401.000000 453.000000 2255.000000 608.000000
1210.000000 1054.000000 1110.000000 3058.000000 1146.000000
741.000000 864.000000 1548.000000 2850.000000 1769.000000
45.000000 173.000000 1565.000000 2083.232422 1725.463013
849.000000 131.000000 972.000000 1981.000000 1141.000000
1427.000000 807.000000 644.000000 2664.000000 632.000000
1384.000000 158.000000 1150.000000 2043.000000 1311.000000
897.000000 670.000000 1548.000000 2649.000000 1724.000000
475.000000 460.000000 1019.000000 2399.693115 1143.344360
1271.000000 316.000000 643.000000 2199.000000 777.000000
1016.000000 277.000000 1334.000000 2247.000000 1487.000000
1428.000000 455.000000 1391.000000 2437.000000 1569.000000
883.000000 334.000000 676.000000 2237.000000 805.000000
539.000000 476.000000 797.000000 2398.962646 899.911194
699.000000 273.000000 385.000000 2151.000000 544.000000
1376.000000 60.000000 1324.000000 1925.000000 1484.000000
979.000000 607.000000 525.000000 2445.000000 572.000000
1285.000000 123.000000 1359.000000 2036.000000 1517.000000
1117.000000 392.000000 1087.000000 2374.000000 1220.000000
682.000000 360.000000 1458.000000 2425.000000 1620.000000
959.000000 193.000000 1342.000000 2117.000000 1501.000000
879.000000 412.000000 1338.000000 2400.000000 1489.000000

4.000000 635.622192 593.271729 577.400879 1580.239990 2499.925537 633.336975 2554.135010 1740.124023
7.000000 -1.614761 1376.216919 85.944199 412.964661 1850.016846 1656.666626 1849.531616 636.666870
5.000000 594.157532 1513.572144 647.244873 580.873413 2565.852539 1690.205078 2513.272949 626.999329
6.000000 71.896309 404.115112 -2.543279 1219.463501 1837.658081 623.327087 1837.132690 1656.668579
17.000000 827.260925 317.408051 260.343872 358.237732 2905.211426 212.849030 2591.512451 400.302032
18.000000 1003.375977 507.643982 556.832581 527.134949 2776.831055 400.313202 2467.930908 562.409363
14.000000 105.980751 405.835327 402.437317 592.656616 1862.887939 626.008850 2331.308594 704.069763
27.000000 966.950623 562.866089 1259.582520 740.687012 2803.310303 473.608856 3070.333740 496.024170
20.000000 647.244873 580.873413 973.019165 566.436523 2507.580322 618.561157 2807.148193 474.086945
19.000000 600.000671 1590.652832 846.670532 1590.395874 2533.171631 1786.026733 2876.667480 1806.652344
56.000000 57.739906 1217.495605 32.452358 1453.595947 1907.467163 1383.329224 1908.613159 1606.656738
33.000000 468.790039 1503.348267 469.412994 1276.637573 2456.516602 1673.664673 2444.192383 1420.120239
57.000000 355.290802 1276.630493 336.788971 1497.193604 2365.849609 1430.089600 2363.669922 1653.336670
133.000000 402.437317 592.656616 623.399536 581.461670 2331.308594 704.069763 2485.510010 627.684692
62.000000 151.226349 1454.057129 168.520721 1236.308228 2073.047607 1612.887817 2069.518066 1393.387207
114.000000 377.758453 926.751709 361.362122 1137.291870 2350.418213 1056.777710 2347.546631 1239.961548
71.000000 242.906326 1246.946533 222.721039 1456.607666 2172.616211 1399.944092 2177.174072 1613.393677
40.000000 726.493958 919.989807 714.091919 1130.241333 2616.071777 976.069580 2626.658447 1220.000366
47.000000 489.338837 1133.468872 500.009552 923.164673 2436.688232 1256.955322 2426.695557 1026.955078
29.000000 846.074951 1126.644897 853.792847 916.561096 2750.203125 1209.987061 2733.438721 946.659973
25.000000 1031.870605 940.209351 1023.424744 1150.137817 2999.815186 923.085876 3021.588867 1200.137085
28.000000 636.666687 1576.666626 843.333313 1576.666626 2573.086182 1770.687988 2839.974121 1787.088135
34.000000 859.851074 796.766541 866.236511 593.215271 2726.236084 803.381653 2699.071777 550.890381
109.000000 89.526215 847.385498 67.160309 1047.598633 1903.390137 1036.647949 1902.325439 1223.327637
88.000000 401.797638 613.481567 385.281006 813.768860 2334.796875 726.631653 2339.659668 930.008118
44.000000 742.564941 599.959534 732.015015 800.281677 2596.198242 602.067871 2607.626221 836.792053
83.000000 314.973541 1456.775146 327.990295 1259.867188 2323.257568 1616.772583 2316.835449 1409.994751
72.000000 509.783081 806.853821 521.611755 609.896606 2421.684814 900.179077 2414.018555 686.881653
108.000000 180.655945 1076.523560 190.821884 886.354248 2061.509277 1237.093262 2057.786133 1050.056274
32.000000 1040.328247 626.854065 1035.236938 816.896240 2963.869629 516.351807 2984.520996 770.174561
43.000000 709.678528 1272.620728 699.059509 1460.131714 2640.104004 1400.337158 2653.597900 1633.159424
36.000000 833.378784 1460.130127 840.297119 1272.366455 2781.052979 1636.830933 2763.283447 1390.243774
119.000000 273.121399 916.968628 256.034912 1093.594727 2170.474365 1066.598389 2173.701416 1246.660034
160.000000 28.756329 629.918457 40.361305 452.919922 1811.059448 850.003906 1811.635254 693.327087
23.000000 356.698395 1554.026978 183.270599 1561.962402 2383.252930 1731.009766 2083.232422 1725.463013
166.000000 121.681686 497.175110 104.935768 666.386108 1904.909668 709.999695 1906.132812 864.030640
118.000000 344.474701 1116.749756 356.859863 946.680725 2321.524414 1260.074951 2314.055908 1079.970093
61.000000 808.800964 1523.427246 816.296753 1353.170288 2764.329346 1713.268921 2750.116455 1493.541382
76.000000 729.398804 1353.531494 723.850159 1523.350220 2670.921143 1499.284180 2690.791992 1709.925293
146.000000 136.801666 1266.677368 123.826683 1430.039185 2040.067749 1426.665894 2042.076172 1590.015503
272.000000 451.155487 799.853210 462.158295 636.587463 2390.531738 906.649658 2387.335449 806.751892
213.000000 755.374512 789.937988 763.050049 629.986389 2634.059570 816.621399 2626.166992 690.031128
21.000000 133.138672 333.611450 2.038554 241.849854 1923.424683 559.301697 1596.254517 516.482666
159.000000 208.812317 714.289673 218.446777 557.697144 2057.692139 883.381287 2053.798340 725.621948
147.000000 410.222931 800.016235 421.420258 646.527100 2361.024658 913.302063 2356.041260 750.019104
281.000000 265.571259 1286.588623 254.644302 1439.855835 2233.494629 1499.995728 2236.033447 1596.683350
177.000000 298.480896 600.239868 291.328796 753.705933 2167.303223 749.987427 2170.196045 896.728516
155.000000 556.756470 512.018127 409.787506 518.557068 2329.355713 630.538025 2173.673340 604.624146
170.000000 300.335876 1293.356689 290.134247 1439.777100 2287.984375 1446.622925 2292.973877 1596.789429
171.000000 369.993866 793.332947 378.693146 649.920715 2312.019775 920.049011 2306.422607 770.009094
65.000000 1000.005188 556.658203 1117.369751 628.857117 2853.477539 448.308350 3069.992188 466.759003
214.000000 161.913300 913.213806 150.674896 1046.723511 2029.384399 1086.674438 2030.972656 1213.362915
158.000000 133.371429 1574.145752 3.188742 1580.249390 2083.422363 1728.696289 1926.685425 1725.688599
222.000000 840.297119 1272.366455 709.678528 1272.620728 2760.379639 1391.575195 2640.104004 1400.337158
290.000000 566.667358 1567.803711 439.998657 1567.884033 2536.822998 1751.376099 2443.552246 1743.926758
91.000000 1096.977417 602.828796 989.884033 536.854919 3003.257324 444.340271 2803.391357 429.232483
232.000000 840.023682 1124.529907 716.672607 1126.968384 2743.361572 1206.837158 2629.820557 1225.579712
234.000000 716.637268 1141.661865 839.991028 1139.490234 2633.216797 1242.597900 2746.347412 1224.653320
298.000000 463.339020 1494.107056 339.987854 1495.012085 2456.683594 1662.370117 2366.652832 1660.791138
190.000000 339.998444 1507.982300 463.331696 1507.887207 2180.051270 1617.622559 2320.058105 1620.642944
143.000000 990.871460 528.608398 1093.584229 592.932617 2803.225586 421.396942 2966.614502 434.008514
218.000000 295.478973 963.247681 286.817078 1083.344238 2230.819336 1106.639648 2234.892090 1230.058594
295.000000 386.495972 818.893738 506.574768 814.276672 2339.211670 941.188416 2425.277100 909.552917
225.000000 850.108215 914.112549 730.015991 917.273132 2730.913086 943.207642 2616.071777 976.069580
187.000000 363.238190 1145.977661 483.328674 1143.136841 2176.971436 1246.643433 2317.027100 1259.365112
223.000000 736.606567 807.471924 856.617920 804.617493 2608.625000 845.907898 2722.538330 807.633911
228.000000 856.670227 793.490784 736.656189 796.201477 2720.297607 794.178223 2609.901367 833.052917
215.000000 218.446777 557.697144 116.491035 499.299774 2043.118652 734.815491 1919.482422 716.906921
233.000000 863.423645 591.849670 746.547302 597.554749 2699.071777 550.890381 2596.198242 602.067871
258.000000 506.826904 803.826782 389.946442 808.720825 2293.301025 903.582581 2189.978516 890.164856
245.000000 483.396698 1129.479736 366.639099 1132.109863 2303.294189 1243.785645 2193.251709 1234.277466
174.000000 104.935768 666.386108 208.812317 714.289673 1906.132812 864.030640 2053.790527 883.003540
188.000000 496.800964 922.503479 383.374298 925.113281 2313.041992 1076.058472 2173.215332 1061.103271
151.000000 36.686115 1452.354004 151.226349 1454.057129 1913.312012 1607.345459 2073.047607 1612.887817
164.000000 67.160309 1047.598633 177.708786 1075.869751 1906.840942 1224.592041 2061.509277 1237.093262
173.000000 192.453659 882.414001 86.495514 843.803040 2053.274902 1047.221802 1906.483032 1031.740845
197.000000 737.789734 1120.054810 743.166748 1009.991882 2654.451172 1213.469360 2646.254639 1080.025269
195.000000 516.691711 607.220520 406.615356 612.198608 2303.259033 763.841064 2169.855225 744.323242
206.000000 796.767151 790.004456 801.636230 679.924927 2672.599121 806.503967 2664.479248 676.803589
269.000000 716.635437 1341.973389 826.653992 1339.448242 2656.692627 1483.886475 2756.628174 1479.180054
262.000000 719.975220 1280.954468 829.997986 1279.807739 2649.839844 1411.416748 2753.286865 1402.775635
182.000000 752.477478 451.098785 665.759094 383.552399 2679.797607 424.169464 2539.924072 390.313965
165.000000 163.862549 1229.683594 56.552090 1214.123535 2063.565186 1389.184937 1909.966553 1380.597412
254.000000 387.114685 1126.694092 393.648804 1020.019348 2373.414307 1259.996704 2369.110840 1153.234863
212.000000 811.275330 680.049255 807.152161 786.814148 2675.144287 673.007263 2683.181396 799.798340
270.000000 150.327530 556.695007 141.120026 663.141907 1969.530884 753.336243 1970.154419 853.332397
196.000000 780.951721 1113.233032 785.440002 1006.615051 2694.381348 1200.146729 2685.816162 1066.721313
205.000000 115.938148 933.269653 106.894371 1036.686523 1969.942261 1080.000000 1969.921631 1210.000000
106.000000 2.379782 923.252441 11.157473 819.815369 1808.568237 1216.656250 1809.952881 1026.666382
268.000000 190.434219 580.030701 183.136337 683.319397 2026.109985 760.014465 2028.708130 860.033569
148.000000 84.712738 1326.499023 76.121193 1426.619873 1976.402100 1423.334473 1977.114868 1586.679199
274.000000 700.448242 1464.133911 613.150574 1513.006958 2653.597900 1633.159424 2575.287354 1691.479126
198.000000 159.719452 1242.094238 63.002251 1229.138184 2056.588135 1401.490356 1923.131836 1395.511719
209.000000 183.505310 892.862976 92.293663 859.509888 2043.423218 1059.186279 1916.464600 1045.162720
247.000000 445.841064 1020.171448 439.231659 1116.842041 2403.647705 1253.441772 2399.693115 1143.344360
210.000000 1056.126465 726.649536 1053.059570 823.324646 3041.850342 753.737793 3031.194336 626.846313
