Keypoint Matches and Line Matches for pairs 12, 18 
12 corresponds to the image ./resources/Data/CastleP19/images/0012.png 
18 corresponds to the image ./resources/Data/CastleP19/images/0018.png 

3.000000 2997.025391 402.665497 2035.306885 466.955536
33.000000 999.996826 633.342041 1103.177368 640.923706
62.000000 307.034454 1046.701660 2475.595703 1002.572083
68.000000 69.519394 579.945862 2697.303711 462.225220
391.000000 248.938965 613.705017 2357.956543 566.812256
263.000000 95.758507 569.837891 2470.174561 527.151917
408.000000 579.040833 566.255920 886.397156 678.415588
571.000000 176.000000 584.000000 2812.000000 394.000000
581.000000 431.000000 658.000000 1201.000000 835.000000
1024.000000 13.000000 377.000000 14.000000 547.000000
1468.000000 2425.000000 1232.000000 1276.000000 1198.000000
1164.000000 2966.000000 218.000000 2110.000000 233.000000
1477.000000 91.000000 987.000000 2620.000000 945.000000
976.000000 2991.000000 350.000000 170.000000 435.000000
850.000000 36.000000 1438.000000 2317.000000 1459.000000
795.000000 405.000000 937.000000 1210.000000 1060.000000
1287.000000 2964.000000 355.000000 146.000000 432.000000

4.000000 3.298016 270.096863 983.088440 627.338379 162.775696 483.320953 1085.345703 637.377686
2.000000 2981.636719 410.161957 3074.503906 1382.903320 2023.635742 473.246002 2050.541260 1593.400391
12.000000 2143.138916 778.684631 2699.964111 696.423401 1566.396729 679.441284 2010.716797 464.817322
17.000000 999.996826 633.342041 1304.740723 743.675049 1103.177368 640.923706 1417.125366 693.950867
124.000000 11.422194 563.131836 31.452818 373.135071 429.086975 756.591492 441.719269 603.200439
