Keypoint Matches and Line Matches for pairs 12, 13 
12 corresponds to the image ./resources/Data/CastleP19/images/0012.png 
13 corresponds to the image ./resources/Data/CastleP19/images/0013.png 

4.000000 1273.904663 548.712585 2193.083984 607.789307
5.000000 164.855591 56.569595 993.027039 341.379700
8.000000 1010.681030 569.771667 1797.263184 673.499756
7.000000 983.088440 627.338379 1779.896973 733.910217
10.000000 973.693848 639.741150 1772.988770 733.907227
19.000000 984.800659 643.257812 1784.393433 749.952148
15.000000 1481.833618 706.764526 2360.577881 732.364197
12.000000 1471.408936 719.976379 2350.014160 749.695496
29.000000 1733.151245 593.918518 2620.786865 549.170776
25.000000 1701.442383 430.508240 2639.608887 379.321350
26.000000 1285.953735 547.447937 2205.727539 604.854980
38.000000 999.996826 633.342041 1797.140747 737.351807
39.000000 1304.740723 743.675049 2183.793457 805.978943
20.000000 316.697906 1594.507446 1146.799316 1770.569580
32.000000 293.329102 1582.890625 1123.362061 1757.630981
46.000000 930.094177 1605.306885 1806.753052 1771.517822
47.000000 649.936768 1618.674438 1489.973633 1789.535522
42.000000 929.957153 1583.737305 1806.706421 1748.040405
43.000000 649.968323 1587.832153 1486.685059 1757.300659
74.000000 191.498947 1463.478394 1016.515015 1643.329346
75.000000 215.394440 1216.543579 1022.819702 1403.319824
72.000000 349.687744 1379.183472 1166.828003 1556.156860
73.000000 321.492615 1620.174683 1154.363770 1796.720093
129.000000 61.125702 783.455933 852.044128 1010.082886
130.000000 36.452244 1009.976624 843.534973 1220.008179
147.000000 242.139832 1039.891357 1037.166138 1230.010742
148.000000 261.266693 829.811829 1041.491821 1029.960205
177.000000 213.039673 1212.766479 1019.988464 1400.271973
178.000000 6.576443 1190.849976 829.906128 1392.214966
155.000000 326.323761 843.617371 1104.823242 1039.958740
156.000000 307.034454 1046.701660 1100.421265 1236.676147
319.000000 805.346680 1270.925537 1633.303467 1417.516846
117.000000 783.758057 1473.378662 1634.073730 1633.400513
70.000000 1830.162231 1316.566895 2865.312012 1402.366455
397.000000 1833.134888 1519.905396 2893.331055 1653.205811
185.000000 40.576496 1009.410583 846.797791 1221.109131
186.000000 237.401031 1038.336304 1033.601318 1232.121460
203.000000 74.439064 579.385620 850.807922 820.795715
231.000000 266.661804 633.156433 1034.365356 846.605652
189.000000 259.585480 825.233948 1039.660645 1026.762451
190.000000 66.009026 783.015320 856.472046 1008.633545
316.000000 10.158859 1198.449707 833.349365 1399.533325
163.000000 480.584167 1076.441040 1274.200439 1247.666992
164.000000 496.726929 879.731384 1277.015991 1053.297974
209.000000 282.814453 451.528687 1036.674561 673.285522
210.000000 96.156380 388.170013 859.905823 643.900024
95.000000 543.298523 1618.959717 1386.561279 1790.661987
396.000000 1907.051758 1523.685547 3013.352295 1651.062134
424.000000 1899.844360 1326.916504 2976.648682 1403.658936
315.000000 914.664124 1477.002441 1780.010986 1634.177124
140.000000 922.613770 1283.938599 1776.730103 1426.664673
80.000000 1653.152832 1183.333740 2609.199463 1256.388916
439.000000 1828.008545 993.366699 2809.637451 1006.475037
423.000000 1827.203247 1186.682739 2839.968262 1237.612183
218.000000 66.623192 790.199463 860.092468 1015.734741
219.000000 253.840881 831.004639 1033.373535 1032.927612
222.000000 11.422194 563.131836 794.242920 816.564209
223.000000 31.452818 373.135071 801.567200 643.258667
224.000000 90.913200 390.102905 855.460388 646.764954
225.000000 69.519394 579.945862 847.453735 820.036377
121.000000 1552.648438 999.990601 2471.679199 1053.178711
102.000000 1653.512817 883.371582 2561.592773 904.515320
463.000000 1821.833252 699.924500 2766.416748 655.966736
97.000000 1824.608398 889.883972 2798.534180 877.928406
179.000000 540.744934 893.123840 1322.349487 1059.996948
180.000000 525.604675 1080.183838 1321.767700 1250.005371
100.000000 1907.161987 1196.750854 2960.430664 1233.760010
101.000000 1901.623535 1010.050720 2928.074463 1013.616333
114.000000 1375.348267 1206.585815 2306.082275 1310.915771
115.000000 1378.594727 1019.859680 2287.612793 1097.450073
123.000000 1294.919067 1333.339966 2237.779785 1456.376587
166.000000 186.806030 1463.604736 1013.308105 1643.909912
113.000000 1553.349976 896.703308 2460.907471 936.252380
195.000000 521.949463 1613.534546 1382.351807 1786.643433
196.000000 540.545532 1433.389648 1386.697876 1603.334106
193.000000 677.394043 1103.380249 1483.984619 1260.042358
194.000000 689.006958 923.269287 1481.085938 1076.649536
406.000000 1899.721680 900.106262 2906.693115 879.653198
132.000000 1894.423462 720.066040 2876.807861 666.737976
232.000000 284.758514 456.485840 1038.869751 676.636719
260.000000 1301.534180 1033.425781 2212.503662 1126.471436
328.000000 822.070129 949.244141 1626.427246 1085.778198
493.000000 1179.513062 1306.946045 2086.498535 1434.079590
262.000000 196.469131 1225.316406 1003.328918 1413.453125
263.000000 23.194929 1208.056030 843.300171 1407.569092
252.000000 357.012207 483.363251 1109.541992 693.289917
253.000000 341.988068 656.838867 1107.669800 856.678162
197.000000 1380.095093 919.930786 2277.025146 976.641785
198.000000 1383.803833 746.462952 2264.327637 793.727112
295.000000 269.657959 461.016052 1023.175598 684.278687
296.000000 105.816223 405.859558 872.909851 659.204346
655.000000 96.966667 395.765289 867.000000 658.000000
191.000000 1305.173340 763.283203 2185.265869 826.538269
192.000000 1299.460815 933.427124 2197.449463 1009.947998
108.000000 1655.427979 1486.678711 2651.251709 1623.574097
109.000000 1653.641846 1315.378418 2625.209473 1410.892700
230.000000 310.647125 1049.273804 1103.617432 1236.139160
242.000000 493.454681 876.103821 1273.329102 1050.043579
243.000000 329.822510 840.823120 1109.916382 1034.195190
240.000000 508.538269 703.231201 1274.678955 879.590698
266.000000 520.194580 536.447327 1275.161255 719.997009
269.000000 169.958588 1447.990845 996.681396 1628.889771
270.000000 3.246490 1442.776611 836.688354 1629.948486
220.000000 933.787048 1143.341919 1772.701050 1276.692017
221.000000 936.923950 976.608765 1765.735962 1103.236816
181.000000 1263.223389 1483.331787 2212.431396 1630.068726
182.000000 1265.478882 1316.650635 2198.197754 1443.216675
285.000000 242.820206 835.745239 1023.437134 1038.939819
286.000000 79.774925 801.057983 869.943054 1023.915161
239.000000 344.958771 654.451660 1110.647461 855.529785
267.000000 566.360107 553.311951 1324.338623 726.664856
268.000000 554.958130 716.779968 1325.914185 886.378540
254.000000 517.084351 532.096191 1273.255859 713.799011
255.000000 363.277557 480.165192 1113.248413 687.177246
302.000000 219.860138 1020.886597 1016.480591 1216.247681
303.000000 59.640713 995.610779 866.453613 1206.670410
258.000000 332.923462 848.586609 1110.189819 1041.326050
259.000000 490.247772 882.172668 1270.021484 1056.438965
293.000000 314.126953 1423.094116 1132.683594 1606.586426
294.000000 299.038696 1583.242798 1129.593384 1759.991821
233.000000 1013.166870 993.753845 1853.056519 1113.473999
370.000000 1003.165222 1154.604248 1856.804199 1284.520508
306.000000 248.938965 613.705017 1016.274475 829.518677
307.000000 95.758507 569.837891 869.630615 809.352783
241.000000 1460.081665 710.385254 2336.038574 741.834412
508.000000 164.080566 1396.738159 989.224609 1580.027100
523.000000 179.077255 1239.911743 1007.415955 1416.641846
281.000000 700.989868 756.531189 1480.140869 906.722229
282.000000 710.049072 599.810181 1477.412964 750.045044
264.000000 575.446106 1603.425049 1414.840332 1776.633545
265.000000 582.255676 1446.619873 1411.318970 1616.564331
720.000000 1884.442871 730.051514 2863.000000 679.000000
183.000000 1637.874756 1546.665161 2637.839111 1689.874023
184.000000 1637.684570 1390.002808 2617.820557 1503.567505
235.000000 1109.697388 1170.000366 1985.435425 1290.109741
236.000000 1109.493652 1013.338318 1970.572021 1123.282349
471.000000 128.281677 1000.163635 930.900452 1203.363525
511.000000 207.065781 1010.035278 1005.911194 1210.026978
291.000000 845.996704 1309.964844 1691.259155 1459.966919
292.000000 838.303040 1456.577637 1695.293091 1613.369507
244.000000 1190.944458 1033.416748 2070.842285 1131.439331
245.000000 1188.084229 1180.157593 2085.072266 1295.978760
304.000000 842.269165 643.973999 1626.451660 777.255310
339.000000 831.040771 791.300232 1623.944214 925.557068
298.000000 686.114136 919.153748 1476.838257 1071.678955
299.000000 543.170654 887.398804 1326.382812 1056.068970
297.000000 697.870850 755.789062 1477.118286 906.717346
289.000000 530.550659 1083.197754 1326.816650 1251.121948
290.000000 673.973938 1105.964478 1480.348022 1261.534058
308.000000 706.873657 596.047852 1473.346802 746.582886
309.000000 569.922058 550.232971 1329.972778 723.502625
279.000000 896.724060 1313.336304 1749.452637 1460.018311
280.000000 889.210083 1456.799927 1754.692993 1616.732666
275.000000 1275.327881 1193.365845 2196.345947 1303.363281
276.000000 1277.661377 1049.961914 2181.718262 1146.506470
48.000000 1916.697632 1588.692749 3036.678955 1733.675171
592.000000 1773.326172 1587.736938 2823.000000 1739.000000
404.000000 1573.327637 880.000000 2482.801514 913.391296
322.000000 479.867767 887.290527 1260.056519 1062.745117
323.000000 339.801849 857.601501 1119.750854 1049.257935
337.000000 506.145355 541.529114 1259.842773 724.250244
338.000000 372.442200 495.947235 1126.431519 701.371399
387.000000 1880.791504 886.710144 2880.678223 869.910217
312.000000 947.225586 823.339783 1757.949219 943.617249
348.000000 948.531860 684.204834 1749.947266 793.650208
513.000000 390.887939 1304.281982 1192.609131 1488.215088
363.000000 308.986755 1416.884277 1127.829834 1600.280518
320.000000 1025.858398 706.987854 1840.832275 810.318115
384.000000 1018.201355 844.270996 1840.646606 954.918396
344.000000 462.963440 1058.958496 1253.409790 1232.260864
310.000000 1318.573486 920.034973 2216.500000 993.345886
311.000000 1321.019165 786.685364 2205.725586 850.070740
324.000000 1118.251099 870.010681 1966.216187 970.036743
325.000000 1118.807007 740.632935 1954.809937 830.151367
354.000000 489.934875 683.558960 1256.161987 863.576172
355.000000 365.426971 647.629211 1129.662598 845.724609
451.000000 1199.308105 767.556885 2052.404053 849.413086
332.000000 1198.216064 893.905762 2063.202637 983.723022
996.000000 1890.836304 1016.734558 2912.000000 1024.000000
116.000000 799.389526 1273.238037 1628.548218 1419.951294
539.000000 1208.244995 1343.298462 2131.947754 1483.110107
314.000000 790.032715 1474.975464 1636.615234 1636.039551
456.000000 1567.737671 726.636292 2456.710693 736.350281
364.000000 696.214172 604.712097 1463.291260 756.932800
365.000000 579.040833 566.255920 1339.880005 737.426086
408.000000 1243.832520 1346.675415 2174.798584 1473.227295
412.000000 1743.224121 617.016724 2640.099365 575.679321
208.000000 810.525085 1126.677124 1629.774414 1270.593994
326.000000 930.685120 1145.664429 1770.188721 1280.509399
472.000000 171.526886 459.821198 936.785400 700.004028
473.000000 159.634933 579.963867 933.033752 809.989807
356.000000 673.464722 929.404846 1466.655029 1083.446533
357.000000 555.905823 903.445679 1339.617310 1070.390137
500.000000 245.139771 486.533051 1007.159546 713.344727
501.000000 234.932526 603.181580 1004.696838 819.954468
349.000000 837.625977 646.861511 1619.671509 771.973999
394.000000 865.564697 996.608276 1685.234253 1133.281738
395.000000 859.374695 1113.476807 1688.497437 1253.374146
327.000000 936.793457 972.742004 1763.088867 1099.162720
374.000000 660.017395 1089.893555 1466.461914 1246.300293
375.000000 546.454529 1071.295288 1343.255249 1237.798706
380.000000 685.908997 739.364502 1463.053467 892.074524
381.000000 576.141724 708.535645 1342.990356 875.875549
44.000000 1730.745483 599.680847 2617.597656 558.794739
446.000000 478.288788 1303.058838 1288.614258 1474.069214
447.000000 375.863464 1351.639893 1188.620605 1527.414429
420.000000 1047.445557 1033.365967 1899.221680 1150.037964
421.000000 1042.836914 1143.312500 1904.916748 1266.752075
534.000000 591.897095 1449.325439 1418.622437 1615.853149
536.000000 555.534302 1347.069336 1380.889771 1521.658569
506.000000 392.092773 933.226135 1180.328247 1116.674438
507.000000 382.847504 1040.245972 1177.878418 1220.028687
418.000000 1087.571533 1043.274902 1948.947632 1153.390137
419.000000 1085.005981 1149.960083 1955.250366 1270.076538
352.000000 1593.717285 575.885254 2493.494141 566.045837
353.000000 1498.743774 529.223633 2369.018799 533.785522
360.000000 1103.093140 1302.711182 1989.927246 1435.970093
361.000000 999.392456 1293.524902 1863.081177 1432.468140
528.000000 456.807159 946.677673 1245.164673 1126.656372
529.000000 448.720642 1050.160522 1244.482300 1226.651733
382.000000 1570.184692 1180.008667 2515.468994 1260.125244
383.000000 1569.901733 1076.666992 2502.906738 1140.044678
426.000000 1886.316895 1083.338623 2917.343262 1113.242432
427.000000 1887.891846 1186.647949 2932.599121 1226.765381
366.000000 1108.703979 1016.321411 1970.057129 1119.408569
367.000000 1008.146973 995.704956 1846.587280 1107.488525
515.000000 1021.323853 709.467957 1846.199097 819.723511
434.000000 929.405212 982.777893 1753.346069 1109.863525
435.000000 829.694336 961.427551 1639.757202 1099.269775
371.000000 1103.752319 1170.546265 1980.271240 1292.433960
512.000000 489.188324 1280.180054 1288.386841 1449.357178
351.000000 590.734314 1073.381348 1393.227661 1233.335327
145.000000 1553.544189 1318.320679 2510.019531 1423.090088
448.000000 903.288452 1464.310059 1766.666992 1619.862305
449.000000 803.346375 1459.715942 1653.334106 1619.619019
496.000000 1220.126709 1070.000488 2115.242188 1173.435425
497.000000 1219.726685 1169.998901 2122.880371 1280.032471
1257.000000 136.877548 46.244488 967.000000 337.000000
385.000000 1114.006592 870.838989 1960.404053 970.157959
475.000000 1650.023682 1180.304810 2603.636475 1251.822021
476.000000 1553.421753 1187.805786 2496.065186 1269.718018
482.000000 1553.161499 1201.120605 2499.714111 1284.961670
483.000000 1649.763062 1193.616333 2606.181152 1267.105591
572.000000 1858.640503 1079.954468 2874.725342 1106.480103
1508.000000 1612.510620 1073.324097 2564.000000 1125.000000
428.000000 1603.979004 1170.001343 2552.846436 1247.077515
429.000000 1604.184204 1073.328003 2540.605469 1133.268188
1428.000000 1639.648804 1169.980225 2590.000000 1241.000000
55.000000 1719.986084 1604.991699 2743.332275 1764.108521
466.000000 916.660217 1130.039551 1756.523926 1265.440918
467.000000 823.096802 1114.783936 1646.576538 1257.997192
477.000000 1650.382690 875.947144 2566.868164 893.989014
478.000000 1556.619141 889.674988 2463.095947 925.894714
484.000000 1556.200806 900.047791 2465.672607 936.610413
485.000000 1650.011230 886.745667 2568.922852 906.327698
81.000000 1650.413086 986.736389 2582.290771 1023.584473
474.000000 1556.840088 998.095520 2474.415283 1050.876587
564.000000 880.419250 693.352722 1674.836670 819.942688
565.000000 876.098328 786.640320 1678.398682 913.394348
524.000000 653.655945 990.019653 1453.333374 1140.000000
525.000000 647.971741 1083.209595 1453.333374 1240.000000
1462.000000 1851.462402 1079.985840 2846.000000 1103.000000
502.000000 932.565918 809.404968 1742.921021 929.872131
503.000000 843.057007 784.319214 1639.582275 916.580994
103.000000 1647.066650 692.018005 2540.104492 683.033264
112.000000 1556.654175 709.936951 2440.521729 722.697754
389.000000 907.322937 1123.362305 1744.253784 1256.764282
490.000000 1605.497803 870.006775 2518.198486 896.860657
491.000000 1605.779785 779.997192 2506.730469 790.352051
486.000000 1614.858643 779.999451 2516.629150 786.315369
487.000000 1614.890259 869.999451 2528.021484 893.188904
982.000000 1640.618530 866.664368 2554.000000 888.000000
960.000000 1640.695312 776.664429 2530.000000 781.000000
462.000000 1275.506470 1052.461914 2179.946045 1140.572632
561.000000 1188.329834 1035.009521 2076.502686 1141.674438
436.000000 1184.011963 1182.388550 2080.145508 1297.993530
437.000000 1270.614502 1196.126587 2193.607422 1306.222412
450.000000 1281.473022 795.673584 2162.382080 866.222961
479.000000 1281.112183 919.638428 2170.471191 1000.157776
430.000000 1852.812500 789.952026 2825.656738 753.033508
431.000000 1854.292358 876.707153 2840.261475 866.202759
1121.000000 1016.000000 1340.000000 1876.000000 1480.000000
860.000000 1036.000000 787.000000 1863.000000 893.000000
736.000000 591.000000 678.000000 1362.000000 844.000000
591.000000 855.000000 732.000000 1650.000000 861.000000
647.000000 901.000000 746.000000 1704.000000 869.000000
841.000000 136.000000 1291.000000 956.000000 1479.000000
1056.000000 52.000000 1284.000000 877.000000 1477.000000
616.000000 1337.000000 800.000000 2223.000000 862.000000
699.000000 1588.000000 1098.000000 2526.000000 1162.000000
680.000000 120.000000 1290.000000 941.000000 1479.000000
1032.000000 820.000000 1324.000000 1664.000000 1475.000000
744.000000 1625.000000 1095.000000 2568.000000 1154.000000
1265.000000 607.000000 1006.000000 1402.000000 1167.000000
583.000000 630.000000 1575.000000 1464.000000 1745.000000
746.000000 537.000000 238.000000 1358.000000 438.000000
896.000000 1022.000000 1108.000000 1878.000000 1232.000000
796.000000 648.000000 695.000000 1423.000000 853.000000
613.000000 1210.000000 840.000000 2078.000000 924.000000
842.000000 887.000000 1057.000000 1715.000000 1191.000000
1359.000000 1625.000000 1120.000000 2571.000000 1184.000000
594.000000 35.000000 1283.000000 862.000000 1477.000000
585.000000 1626.000000 821.000000 2536.000000 835.000000
738.000000 176.000000 584.000000 947.000000 811.000000
606.000000 1329.000000 1136.000000 2252.000000 1234.000000
626.000000 84.000000 1304.000000 908.000000 1495.000000
649.000000 625.000000 1009.000000 1424.000000 1168.000000
656.000000 1590.000000 803.000000 2493.000000 821.000000
1207.000000 888.000000 742.000000 1686.000000 867.000000
685.000000 814.000000 1446.000000 1668.000000 1604.000000
622.000000 357.000000 960.000000 1147.000000 1146.000000
799.000000 1625.000000 1035.000000 2561.000000 1084.000000
953.000000 99.000000 912.000000 899.000000 1125.000000
970.000000 50.000000 1302.000000 877.000000 1495.000000
919.000000 67.000000 1304.000000 893.000000 1496.000000
1180.000000 857.000000 1327.000000 1704.000000 1476.000000
730.000000 567.000000 999.000000 1362.000000 1163.000000
861.000000 1590.000000 827.000000 2496.000000 849.000000
721.000000 885.000000 1085.000000 1716.000000 1221.000000
949.000000 1334.000000 916.000000 2233.000000 988.000000
1371.000000 546.000000 995.000000 1339.000000 1162.000000
695.000000 1625.000000 1146.000000 2574.000000 1214.000000
1368.000000 822.000000 1297.000000 1663.000000 1447.000000
1411.000000 408.000000 893.000000 1191.000000 1076.000000
684.000000 646.000000 720.000000 1423.000000 877.000000
826.000000 612.000000 935.000000 1402.000000 1095.000000
755.000000 815.000000 1418.000000 1667.000000 1575.000000
637.000000 54.000000 1265.000000 878.000000 1459.000000
1005.000000 164.000000 1347.000000 985.000000 1532.000000
1385.000000 1093.000000 804.000000 1931.000000 902.000000
629.000000 123.000000 1419.000000 953.000000 1603.000000
645.000000 1626.000000 741.000000 2526.000000 743.000000
832.000000 1588.000000 1173.000000 2536.000000 1251.000000
1073.000000 439.000000 340.000000 1242.000000 543.000000
817.000000 1588.000000 1149.000000 2533.000000 1221.000000
1177.000000 605.000000 1038.000000 1403.000000 1198.000000
1235.000000 1202.000000 1056.000000 2092.000000 1158.000000
597.000000 421.000000 1006.000000 1214.000000 1184.000000
609.000000 632.000000 715.000000 1405.000000 874.000000
846.000000 589.000000 703.000000 1363.000000 869.000000
1319.000000 1626.000000 846.000000 2539.000000 863.000000
663.000000 573.000000 647.000000 1340.000000 816.000000
676.000000 1640.000000 819.000000 2549.000000 831.000000
593.000000 1626.000000 797.000000 2533.000000 807.000000
670.000000 19.000000 1282.000000 846.000000 1477.000000
602.000000 1869.000000 1129.000000 2899.000000 1165.000000
628.000000 129.000000 510.000000 902.000000 750.000000
1422.000000 160.000000 50.000000 988.000000 338.000000
1136.000000 891.000000 1329.000000 1745.000000 1477.000000
797.000000 1867.000000 1046.000000 2885.000000 1064.000000
822.000000 1861.000000 755.000000 2835.000000 714.000000
1117.000000 835.000000 1419.000000 1689.000000 1575.000000
881.000000 99.000000 1344.000000 925.000000 1532.000000
1008.000000 1222.000000 883.000000 2082.000000 967.000000
590.000000 1591.000000 748.000000 2487.000000 758.000000
1369.000000 1588.000000 1123.000000 2529.000000 1192.000000
844.000000 923.000000 413.000000 1770.000000 533.000000
1330.000000 1329.000000 1165.000000 2254.000000 1266.000000
1123.000000 151.000000 922.000000 947.000000 1129.000000
1305.000000 43.000000 1339.000000 873.000000 1530.000000
1261.000000 1038.000000 736.000000 1861.000000 839.000000
897.000000 206.000000 533.000000 974.000000 760.000000
804.000000 301.000000 134.000000 1126.000000 386.000000
1048.000000 1214.000000 1141.000000 2115.000000 1250.000000
674.000000 964.000000 503.000000 1787.000000 614.000000
853.000000 525.000000 215.000000 1350.000000 418.000000
633.000000 450.000000 637.000000 1216.000000 824.000000
816.000000 1223.000000 863.000000 2097.000000 948.000000
1055.000000 1494.000000 603.000000 2377.000000 616.000000
753.000000 33.000000 1301.000000 861.000000 1495.000000
1263.000000 126.000000 1382.000000 953.000000 1567.000000
790.000000 836.000000 1076.000000 1661.000000 1217.000000
1455.000000 1367.000000 768.000000 2251.000000 822.000000
877.000000 1208.000000 860.000000 2080.000000 946.000000
701.000000 1052.000000 792.000000 1882.000000 895.000000
632.000000 623.000000 1040.000000 1424.000000 1200.000000
620.000000 1590.000000 851.000000 2499.000000 876.000000
595.000000 854.000000 756.000000 1651.000000 885.000000
977.000000 562.000000 1062.000000 1363.000000 1226.000000
1379.000000 1321.000000 863.000000 2214.000000 933.000000
1105.000000 1195.000000 605.000000 2041.000000 676.000000
638.000000 868.000000 1392.000000 1725.000000 1545.000000
625.000000 431.000000 658.000000 1196.000000 846.000000
1249.000000 632.000000 665.000000 1401.000000 825.000000
708.000000 122.000000 1272.000000 942.000000 1461.000000
852.000000 203.000000 562.000000 973.000000 788.000000
1491.000000 1119.000000 564.000000 1973.000000 649.000000
49.000000 1701.000000 1593.000000 2723.031982 1744.962646
635.000000 1640.000000 794.000000 2546.000000 803.000000
1197.000000 39.000000 1377.000000 872.000000 1565.000000
605.000000 649.000000 670.000000 1423.000000 828.000000
1083.000000 1626.000000 869.000000 2542.000000 891.000000
1047.000000 383.000000 965.000000 1173.000000 1148.000000
707.000000 1335.000000 861.000000 2228.000000 929.000000
950.000000 872.000000 760.000000 1672.000000 888.000000
967.000000 1023.000000 1081.000000 1877.000000 1204.000000
936.000000 102.000000 1307.000000 924.000000 1497.000000
902.000000 853.000000 778.000000 1652.000000 908.000000
740.000000 1215.000000 1115.000000 2113.000000 1223.000000
596.000000 592.000000 653.000000 1362.000000 819.000000
916.000000 839.000000 727.000000 1631.000000 858.000000
803.000000 200.000000 591.000000 972.000000 815.000000
1065.000000 431.000000 603.000000 1193.000000 795.000000
907.000000 1200.000000 1113.000000 2096.000000 1221.000000
1034.000000 1012.000000 1427.000000 1881.000000 1575.000000
749.000000 1862.000000 811.000000 2845.000000 780.000000
598.000000 900.000000 769.000000 1705.000000 893.000000
1433.000000 1882.000000 1130.000000 2919.000000 1165.000000
657.000000 1863.000000 858.000000 2852.000000 837.000000
660.000000 1331.000000 1072.000000 2246.000000 1162.000000
1116.000000 1211.000000 792.000000 2075.000000 872.000000
1201.000000 138.000000 1273.000000 957.000000 1461.000000
1071.000000 842.000000 982.000000 1658.000000 1118.000000
1172.000000 870.000000 783.000000 1672.000000 911.000000
599.000000 151.000000 1310.000000 971.000000 1497.000000
1061.000000 1216.000000 1059.000000 2109.000000 1160.000000
911.000000 1258.000000 854.000000 2140.000000 932.000000
880.000000 620.000000 1071.000000 1425.000000 1231.000000
712.000000 806.000000 1296.000000 1644.000000 1447.000000
68.000000 18.000000 1207.000000 826.226685 1396.647339
237.000000 13.000000 377.000000 783.486511 645.721008
807.000000 114.000000 1345.000000 940.000000 1532.000000
691.000000 1199.000000 1138.000000 2097.000000 1249.000000
820.000000 1508.000000 600.000000 2391.000000 610.000000
946.000000 1640.000000 843.000000 2552.000000 860.000000
859.000000 354.000000 994.000000 1146.000000 1179.000000
612.000000 452.000000 610.000000 1217.000000 798.000000
1399.000000 1590.000000 875.000000 2503.000000 903.000000
1409.000000 1255.000000 1642.000000 2068.000000 1814.000000
1451.000000 645.000000 1044.000000 1448.000000 1201.000000
752.000000 134.000000 1309.000000 955.000000 1497.000000
1308.000000 822.000000 1045.000000 1640.000000 1185.000000
1118.000000 153.000000 1292.000000 971.000000 1479.000000
776.000000 873.000000 1302.000000 1722.000000 1449.000000
837.000000 179.000000 41.000000 998.000000 325.000000
1482.000000 1225.000000 1335.000000 2152.000000 1462.000000
1092.000000 175.000000 963.000000 973.000000 1165.000000
1447.000000 1050.000000 834.000000 1883.000000 940.000000
991.000000 907.000000 401.000000 1753.000000 526.000000
607.000000 383.000000 644.000000 1151.000000 840.000000
959.000000 1065.000000 1088.000000 1928.000000 1208.000000
904.000000 424.000000 973.000000 1214.000000 1151.000000
1139.000000 1090.000000 846.000000 1933.000000 946.000000
725.000000 1075.000000 1429.000000 1948.000000 1577.000000
1466.000000 1689.000000 1581.000000 2704.000000 1733.000000
1341.000000 1588.000000 1015.000000 2516.000000 1065.000000
1524.000000 1572.000000 1041.000000 2501.000000 1098.000000
697.000000 1258.000000 874.000000 2142.000000 954.000000
1506.000000 631.000000 690.000000 1402.000000 850.000000
1143.000000 19.000000 1433.000000 856.000000 1620.000000
1286.000000 1176.000000 621.000000 2028.000000 698.000000
962.000000 23.000000 1247.000000 848.000000 1444.000000
1436.000000 1875.000000 861.000000 2871.000000 838.000000
1496.000000 1875.000000 837.000000 2867.000000 809.000000
765.000000 129.000000 1345.000000 954.000000 1532.000000
948.000000 1863.000000 881.000000 2856.000000 866.000000
1114.000000 103.000000 1289.000000 924.000000 1479.000000
1344.000000 1575.000000 750.000000 2470.000000 764.000000
978.000000 821.000000 1073.000000 1642.000000 1215.000000
997.000000 1572.000000 1125.000000 2511.000000 1195.000000
829.000000 401.000000 969.000000 1191.000000 1150.000000
890.000000 671.000000 676.000000 1446.000000 831.000000
631.000000 872.000000 1328.000000 1723.000000 1477.000000
1351.000000 418.000000 1039.000000 1214.000000 1217.000000
678.000000 1566.000000 1331.000000 2528.000000 1438.000000
1474.000000 63.000000 1417.000000 906.000000 1603.000000
518.000000 1095.000000 1158.000000 1966.565430 1278.151123
1024.000000 54.000000 1435.000000 888.000000 1620.000000
1325.000000 857.000000 677.000000 1648.000000 805.000000
639.000000 119.000000 1308.000000 940.000000 1497.000000
760.000000 1625.000000 1010.000000 2557.000000 1055.000000
1523.000000 1572.000000 1150.000000 2514.000000 1224.000000
672.000000 1051.000000 813.000000 1883.000000 918.000000
681.000000 1478.000000 574.000000 2355.000000 587.000000
1203.000000 148.000000 995.000000 946.000000 1198.000000
1374.000000 1654.000000 1557.000000 2660.000000 1704.000000
1525.000000 1351.000000 858.000000 2243.000000 924.000000
912.000000 367.000000 494.000000 1121.000000 699.000000
1460.000000 139.000000 1439.000000 968.000000 1622.000000
963.000000 72.000000 799.000000 864.000000 1022.000000
1358.000000 572.000000 926.000000 1362.000000 1090.000000
734.000000 31.000000 1316.000000 860.000000 1510.000000
1031.000000 1637.000000 1329.000000 2610.000000 1430.000000
1326.000000 66.000000 982.000000 870.000000 1158.000000
767.000000 673.000000 1383.000000 1493.000000 1545.000000
1066.000000 418.000000 284.000000 1163.000000 495.000000
1431.000000 854.000000 1392.000000 1706.000000 1546.000000
1287.000000 1078.000000 749.000000 1910.000000 847.000000
928.000000 1076.000000 799.000000 1912.000000 900.000000
1500.000000 836.000000 1391.000000 1688.000000 1545.000000
1210.000000 1013.000000 1016.000000 1856.000000 1137.000000
687.000000 109.000000 1419.000000 938.000000 1603.000000
779.000000 1870.000000 1177.000000 2908.000000 1227.000000
1425.000000 1702.000000 1581.000000 2721.000000 1733.000000
869.000000 1640.000000 739.000000 2539.000000 739.000000
1190.000000 613.000000 685.000000 1385.000000 847.000000
1214.000000 676.000000 1356.000000 1495.000000 1516.000000
742.000000 37.000000 1262.000000 862.000000 1458.000000
726.000000 179.000000 525.000000 948.000000 757.000000
1239.000000 1494.000000 622.000000 2378.000000 637.000000
1302.000000 1344.000000 1164.000000 2270.000000 1263.000000
1320.000000 1039.000000 1110.000000 1898.000000 1233.000000
1216.000000 575.000000 564.000000 1333.000000 735.000000
1254.000000 477.000000 617.000000 1241.000000 801.000000
1405.000000 90.000000 41.000000 928.000000 343.000000
1188.000000 1431.000000 1586.000000 1968.000000 1761.000000
925.000000 622.000000 1586.000000 1456.000000 1756.000000
908.000000 124.000000 1401.000000 953.000000 1585.000000
757.000000 1257.000000 626.000000 2139.000000 688.000000
1397.000000 340.000000 878.000000 1124.000000 1068.000000
705.000000 1626.000000 718.000000 2523.000000 717.000000
917.000000 97.000000 1420.000000 925.000000 1604.000000
1415.000000 1346.000000 1070.000000 2262.000000 1158.000000
1381.000000 545.000000 1027.000000 1340.000000 1194.000000
1444.000000 1251.000000 1122.000000 2160.000000 1226.000000
1164.000000 1873.000000 758.000000 2854.000000 716.000000
889.000000 1671.000000 1568.000000 2681.000000 1718.000000
1022.000000 55.000000 1248.000000 879.000000 1444.000000
1147.000000 110.000000 1402.000000 938.000000 1587.000000
1186.000000 1009.000000 1105.000000 1861.000000 1230.000000
643.000000 1199.000000 837.000000 2063.000000 922.000000
1345.000000 448.000000 663.000000 1216.000000 849.000000
771.000000 859.000000 1300.000000 1703.000000 1449.000000
906.000000 126.000000 540.000000 900.000000 777.000000
923.000000 1639.000000 1034.000000 2575.000000 1081.000000
1205.000000 1252.000000 1066.000000 2155.000000 1164.000000
1486.000000 292.000000 1365.000000 1096.000000 1543.000000
981.000000 1869.000000 1104.000000 2895.000000 1134.000000
1424.000000 1324.000000 1393.000000 2276.000000 1524.000000
667.000000 1238.000000 1413.000000 2176.000000 1550.000000
580.000000 1264.000000 1184.000000 2179.862305 1292.028564
931.000000 904.000000 1087.000000 1738.000000 1222.000000
924.000000 916.000000 796.000000 1725.000000 918.000000
1104.000000 364.000000 582.000000 1128.000000 784.000000
650.000000 1270.000000 906.000000 2159.000000 987.000000
1113.000000 178.000000 926.000000 973.000000 1131.000000
615.000000 1848.000000 831.000000 2805.000000 805.000000
509.000000 170.000000 1293.000000 990.319458 1476.670044
1242.000000 1026.000000 1019.000000 1873.000000 1138.000000
1225.000000 1198.000000 593.000000 2042.000000 663.000000
288.000000 1337.000000 774.000000 2233.806396 833.295837
1067.000000 101.000000 1323.000000 926.000000 1513.000000
942.000000 1508.000000 617.000000 2393.000000 628.000000
885.000000 667.000000 726.000000 1445.000000 880.000000
600.000000 839.000000 1047.000000 1660.000000 1186.000000
985.000000 1718.000000 1593.000000 2740.000000 1748.000000
727.000000 95.000000 949.000000 898.000000 1160.000000
952.000000 1257.000000 894.000000 2143.000000 976.000000
969.000000 105.000000 1271.000000 925.000000 1461.000000
1435.000000 887.000000 1421.000000 1748.000000 1574.000000
345.000000 326.000000 1040.000000 1119.804932 1222.735229
1258.000000 1033.000000 1341.000000 1887.000000 1483.000000
1000.000000 888.000000 1393.000000 1747.000000 1545.000000
1080.000000 1625.000000 1170.000000 2578.000000 1243.000000
455.000000 1847.000000 778.000000 2814.981689 750.626587
1243.000000 1025.000000 732.000000 1844.000000 835.000000
786.000000 1590.000000 725.000000 2484.000000 732.000000
772.000000 1068.000000 1028.000000 1924.000000 1142.000000
1366.000000 1180.000000 588.000000 2021.000000 661.000000
1272.000000 841.000000 1299.000000 1685.000000 1448.000000
870.000000 1075.000000 821.000000 1914.000000 922.000000
929.000000 1254.000000 583.000000 2151.000000 647.000000
732.000000 1825.000000 713.000000 2774.000000 671.000000
1192.000000 1092.000000 825.000000 1933.000000 924.000000
1098.000000 168.000000 1311.000000 987.000000 1497.000000
1494.000000 430.000000 897.000000 1215.000000 1077.000000
1189.000000 873.000000 737.000000 1671.000000 864.000000
623.000000 39.000000 1247.000000 863.000000 1444.000000
758.000000 1023.000000 784.000000 1846.000000 890.000000
794.000000 752.000000 338.000000 1579.000000 491.000000
823.000000 1040.000000 1083.000000 1896.000000 1205.000000
454.000000 1848.000000 855.000000 2828.710693 860.577209
1168.000000 1880.000000 1047.000000 2904.000000 1064.000000
1375.000000 142.000000 1402.000000 968.000000 1586.000000
1478.000000 1362.000000 1041.000000 2282.000000 1112.000000
1310.000000 1238.000000 1437.000000 2177.000000 1577.000000
1337.000000 1529.000000 522.000000 2444.000000 524.000000
1507.000000 1574.000000 805.000000 2475.000000 826.000000
1060.000000 1143.000000 1239.000000 2034.000000 1363.000000
775.000000 873.000000 1054.000000 1697.000000 1190.000000
718.000000 1034.000000 809.000000 1864.000000 916.000000
710.000000 182.000000 14.000000 999.000000 300.000000
764.000000 123.000000 1255.000000 942.000000 1446.000000
1193.000000 107.000000 1254.000000 926.000000 1447.000000
980.000000 1081.000000 1118.000000 1949.000000 1237.000000
1165.000000 1367.000000 1473.000000 2101.000000 1617.000000
1300.000000 892.000000 1304.000000 1744.000000 1450.000000
731.000000 143.000000 1383.000000 969.000000 1567.000000
458.000000 1324.000000 1404.000000 2264.614746 1533.223389
1088.000000 111.000000 1382.000000 938.000000 1568.000000
624.000000 1068.000000 765.000000 1896.000000 865.000000
1012.000000 1206.000000 563.000000 2091.000000 634.000000
1178.000000 332.000000 956.000000 1122.000000 1144.000000
1007.000000 1863.000000 835.000000 2848.000000 809.000000
833.000000 1242.000000 870.000000 2124.000000 952.000000
728.000000 1639.000000 1119.000000 2585.000000 1181.000000
1333.000000 149.000000 959.000000 946.000000 1164.000000
831.000000 1874.000000 813.000000 2864.000000 781.000000
669.000000 386.000000 617.000000 1151.000000 813.000000
1107.000000 350.000000 281.000000 1115.000000 506.000000
1241.000000 330.000000 991.000000 1122.000000 1177.000000
610.000000 1853.000000 1043.000000 2840.000000 1062.000000
702.000000 1221.000000 1437.000000 2160.000000 1577.000000
849.000000 17.000000 1300.000000 846.000000 1494.000000
828.000000 564.000000 1031.000000 1362.000000 1195.000000
1182.000000 1331.000000 1044.000000 2243.000000 1132.000000
646.000000 1543.000000 515.000000 2459.000000 512.000000
89.000000 1378.000000 1324.000000 2317.673828 1444.169800
743.000000 131.000000 1326.000000 955.000000 1513.000000
690.000000 140.000000 1420.000000 969.000000 1603.000000
1025.000000 839.000000 749.000000 1633.000000 882.000000
839.000000 1454.000000 1600.000000 1990.000000 1778.000000
1418.000000 1404.000000 1608.000000 1939.000000 1787.000000
868.000000 605.000000 1069.000000 1406.000000 1229.000000
895.000000 1335.000000 889.000000 2231.000000 959.000000
1372.000000 615.000000 659.000000 1385.000000 823.000000
1268.000000 1177.000000 605.000000 2019.000000 674.000000
1161.000000 800.000000 1463.000000 1651.000000 1623.000000
350.000000 594.000000 931.000000 1390.724976 1103.319336
1144.000000 69.000000 1612.000000 912.000000 1790.000000
1481.000000 1315.000000 1166.000000 2239.000000 1269.000000
1220.000000 1329.000000 1193.000000 2257.000000 1298.000000
784.000000 1224.000000 843.000000 2095.000000 926.000000
1400.000000 748.000000 470.000000 1503.000000 615.000000
1406.000000 596.000000 593.000000 1362.000000 759.000000
933.000000 139.000000 1255.000000 957.000000 1445.000000
1134.000000 1317.000000 1073.000000 2232.000000 1165.000000
1443.000000 1037.000000 767.000000 1846.000000 870.000000
782.000000 68.000000 1285.000000 893.000000 1477.000000
1251.000000 890.000000 992.000000 1713.000000 1123.000000
1209.000000 44.000000 11.000000 892.000000 327.000000
939.000000 161.000000 1384.000000 984.000000 1567.000000
1323.000000 16.000000 1317.000000 846.000000 1511.000000
778.000000 804.000000 1279.000000 1639.000000 1429.000000
1187.000000 1574.000000 829.000000 2478.000000 854.000000
872.000000 399.000000 1002.000000 1191.000000 1183.000000
1281.000000 1480.000000 1507.000000 2079.000000 1723.000000
16.000000 78.000000 15.000000 921.169678 321.421692
1112.000000 1251.000000 594.000000 2173.000000 662.000000
1448.000000 1345.000000 1135.000000 2267.000000 1231.000000
618.000000 1063.000000 1115.000000 1929.000000 1236.000000
1231.000000 1026.000000 592.000000 1816.000000 689.000000
1238.000000 1883.000000 1155.000000 2923.000000 1196.000000
305.000000 825.000000 792.000000 1617.472656 926.514648
723.000000 610.000000 710.000000 1385.000000 872.000000
1296.000000 402.000000 263.000000 1144.000000 490.000000
719.000000 835.000000 1105.000000 1662.000000 1246.000000
865.000000 1210.000000 599.000000 2059.000000 668.000000
1266.000000 351.000000 1029.000000 1146.000000 1212.000000
621.000000 1831.000000 747.000000 2793.000000 711.000000
1128.000000 1315.000000 1137.000000 2237.000000 1237.000000
1318.000000 872.000000 1083.000000 1698.000000 1220.000000
1476.000000 551.000000 391.000000 1290.000000 573.000000
783.000000 1779.000000 1601.000000 2826.000000 1758.000000
1289.000000 410.000000 624.000000 1176.000000 817.000000
604.000000 1639.000000 1093.000000 2582.000000 1151.000000
603.000000 866.000000 1421.000000 1726.000000 1575.000000
1388.000000 1321.000000 890.000000 2216.000000 964.000000
847.000000 1769.000000 1603.000000 2810.000000 1759.000000
1346.000000 1638.000000 1001.000000 2570.000000 1041.000000
1062.000000 380.000000 999.000000 1173.000000 1181.000000
1490.000000 1350.000000 886.000000 2246.000000 954.000000
1191.000000 1245.000000 804.000000 2120.000000 880.000000
1313.000000 1866.000000 1389.000000 2918.000000 1488.000000
1487.000000 1260.000000 807.000000 2137.000000 882.000000
845.000000 1854.000000 1101.000000 2850.000000 1133.000000
1475.000000 1250.000000 1146.000000 2162.000000 1253.000000
974.000000 1833.000000 803.000000 2801.000000 776.000000
1403.000000 625.000000 1564.000000 1471.000000 1733.000000
1303.000000 70.000000 907.000000 871.000000 1123.000000
1395.000000 171.000000 999.000000 972.000000 1200.000000
662.000000 378.000000 292.000000 1144.000000 511.000000
722.000000 128.000000 1364.000000 954.000000 1550.000000
851.000000 321.000000 1632.000000 1155.000000 1807.000000
1094.000000 1004.000000 1314.000000 1876.000000 1455.000000
1489.000000 898.000000 511.000000 1672.000000 632.000000
879.000000 1639.000000 1144.000000 2588.000000 1211.000000
810.000000 101.000000 501.000000 874.000000 746.000000
1021.000000 156.000000 1420.000000 983.000000 1603.000000
1215.000000 1638.000000 1370.000000 2614.000000 1464.000000
1342.000000 1380.000000 1473.000000 1890.000000 1624.000000
1432.000000 36.000000 1438.000000 872.000000 1625.000000
1140.000000 840.000000 1325.000000 1686.000000 1476.000000
1378.000000 1426.000000 1493.000000 1968.000000 1646.000000
1167.000000 1396.000000 1346.000000 1918.000000 1471.000000
893.000000 1009.000000 1079.000000 1859.000000 1202.000000
1033.000000 1201.000000 1079.000000 2093.000000 1184.000000
558.000000 1105.000000 859.000000 1949.881958 957.576904
1526.000000 799.000000 1389.000000 1648.000000 1544.000000
1077.000000 134.000000 18.000000 971.000000 318.000000
1223.000000 1882.000000 1106.000000 2914.000000 1135.000000
390.000000 913.000000 1290.000000 1763.300659 1434.371460
538.000000 1201.000000 1435.000000 2143.099854 1580.408813
915.000000 550.000000 902.000000 1333.000000 1068.000000
1307.000000 647.000000 1013.000000 1448.000000 1169.000000
1290.000000 232.000000 570.000000 1000.000000 791.000000
711.000000 1882.000000 1365.000000 2964.000000 1454.000000
321.000000 1012.000000 845.000000 1836.632446 953.332336
756.000000 1639.000000 706.000000 2534.000000 701.000000
199.000000 1568.000000 1389.000000 2541.433838 1508.938965
1503.000000 1221.000000 1413.000000 2158.000000 1551.000000
1376.000000 574.000000 698.000000 1343.000000 866.000000
855.000000 41.000000 1353.000000 873.000000 1543.000000
1450.000000 1323.000000 777.000000 2195.000000 832.000000
1370.000000 1302.000000 1341.000000 2244.000000 1465.000000

2.000000 1273.904663 548.712585 164.855591 56.569595 2193.083984 607.789307 993.027039 341.379700
4.000000 1010.681030 569.771667 3.398742 183.163223 1797.263184 673.499756 623.504822 452.422791
3.000000 3.298016 270.096863 983.088440 627.338379 600.019043 523.226624 1779.896973 733.910217
5.000000 973.693848 639.741150 934.012695 1606.557739 1772.988770 733.907227 1820.665405 1870.251831
9.000000 947.159363 1573.488159 984.800659 643.257812 1823.212036 1610.005493 1784.393433 749.952148
7.000000 1474.619629 1333.309814 1481.833618 706.764526 2447.450928 1680.538940 2360.577881 732.364197
6.000000 1471.408936 719.976379 1463.875977 1333.339966 2350.014160 749.695496 2438.593750 1723.461304
15.000000 2149.909912 723.622986 1733.151245 593.918518 3070.035156 596.331848 2620.786865 549.170776
13.000000 1701.442383 430.508240 1285.953735 547.447937 2639.608887 379.321350 2205.727539 604.854980
14.000000 2053.819824 642.528687 1701.442383 430.508240 3071.004883 516.881714 2639.608887 379.321350
18.000000 303.549103 289.465332 2.763110 168.079636 1080.389648 524.782104 684.123169 442.846741
20.000000 999.996826 633.342041 1304.740723 743.675049 1797.140747 737.351807 2183.793457 805.978943
10.000000 316.697906 1594.507446 3.320454 1602.849487 1146.799316 1770.569580 513.291504 1792.102051
17.000000 293.329102 1582.890625 3.323777 1585.669312 1123.362061 1757.630981 686.685852 1770.643799
24.000000 930.094177 1605.306885 649.936768 1618.674438 1806.753052 1771.517822 1489.973633 1789.535522
22.000000 929.957153 1583.737305 649.968323 1587.832153 1806.706421 1748.040405 1486.685059 1757.300659
38.000000 191.498947 1463.478394 215.394440 1216.543579 1016.515015 1643.329346 1022.819702 1403.319824
37.000000 349.687744 1379.183472 321.492615 1620.174683 1166.828003 1556.156860 1154.363770 1796.720093
66.000000 61.125702 783.455933 36.452244 1009.976624 852.044128 1010.082886 843.534973 1220.008179
75.000000 242.139832 1039.891357 261.266693 829.811829 1037.166138 1230.010742 1041.491821 1029.960205
90.000000 213.039673 1212.766479 6.576443 1190.849976 1019.988464 1400.271973 829.906128 1392.214966
79.000000 326.323761 843.617371 307.034454 1046.701660 1104.823242 1039.958740 1100.421265 1236.676147
59.000000 805.346680 1270.925537 783.758057 1473.378662 1628.548218 1419.951294 1634.073730 1633.400513
36.000000 1830.162231 1316.566895 1833.134888 1519.905396 2865.312012 1402.366455 2885.063721 1647.065063
94.000000 40.576496 1009.410583 237.401031 1038.336304 846.797791 1221.109131 1033.601318 1232.121460
103.000000 74.439064 579.385620 266.661804 633.156433 850.807922 820.795715 1030.613892 845.538940
96.000000 259.585480 825.233948 66.009026 783.015320 1039.660645 1026.762451 856.472046 1008.633545
162.000000 10.158859 1198.449707 206.810135 1218.599854 833.349365 1399.533325 976.628052 1404.457520
83.000000 480.584167 1076.441040 496.726929 879.731384 1274.200439 1247.666992 1277.015991 1053.297974
106.000000 282.814453 451.528687 96.156380 388.170013 1036.674561 673.285522 859.905823 643.900024
48.000000 346.406128 1625.553589 543.298523 1618.959717 1160.246826 1799.589966 1386.561279 1790.661987
32.000000 1907.051758 1523.685547 1899.844360 1326.916504 3019.040771 1657.306519 2981.158447 1403.160645
71.000000 914.664124 1477.002441 922.613770 1283.938599 1783.293335 1630.108887 1776.730103 1426.664673
41.000000 1653.152832 1183.333740 1652.734131 990.001282 2609.199463 1256.388916 2582.290771 1023.584473
40.000000 1828.008545 993.366699 1827.203247 1186.682739 2806.587158 1006.273865 2834.782715 1239.825073
111.000000 66.623192 790.199463 253.840881 831.004639 860.092468 1015.734741 1033.373535 1032.927612
113.000000 11.422194 563.131836 31.452818 373.135071 794.242920 816.564209 801.567200 643.258667
114.000000 90.913200 390.102905 69.519394 579.945862 855.460388 646.764954 847.453735 820.036377
62.000000 1552.648438 999.990601 1550.037476 1190.046265 2471.679199 1053.178711 2491.016846 1263.239746
52.000000 1653.512817 883.371582 1651.208618 693.359070 2561.592773 904.515320 2540.104492 683.033264
49.000000 1821.833252 699.924500 1824.608398 889.883972 2759.913574 656.681763 2798.534180 877.928406
91.000000 540.744934 893.123840 525.604675 1080.183838 1322.349487 1059.996948 1321.767700 1250.005371
51.000000 1907.161987 1196.750854 1901.623535 1010.050720 2960.430664 1233.760010 2928.074463 1013.616333
58.000000 1375.348267 1206.585815 1378.594727 1019.859680 2306.082275 1310.915771 2287.612793 1097.450073
63.000000 1294.919067 1333.339966 1294.138794 1519.989380 2237.779785 1456.376587 2245.622803 1666.705566
84.000000 3.414504 1459.608398 186.806030 1463.604736 819.960449 1645.678345 1013.308105 1643.909912
57.000000 1555.355835 713.318970 1553.349976 896.703308 2440.521729 722.697754 2460.907471 936.252380
99.000000 521.949463 1613.534546 540.545532 1433.389648 1382.351807 1786.643433 1386.697876 1603.334106
98.000000 677.394043 1103.380249 689.006958 923.269287 1483.984619 1260.042358 1481.085938 1076.649536
67.000000 1899.721680 900.106262 1894.423462 720.066040 2907.665039 873.677185 2876.807861 666.737976
118.000000 266.661804 633.156433 284.758514 456.485840 1034.365356 846.605652 1038.869751 676.636719
133.000000 1301.534180 1033.425781 1290.876587 1210.253784 2212.503662 1126.471436 2215.916992 1286.753662
105.000000 822.070129 949.244141 815.239868 1126.953979 1624.153320 1089.977051 1629.774414 1270.593994
134.000000 196.469131 1225.316406 23.194929 1208.056030 1003.328918 1413.453125 843.300171 1407.569092
129.000000 357.012207 483.363251 341.988068 656.838867 1109.541992 693.289917 1107.669800 856.678162
100.000000 1380.095093 919.930786 1383.803833 746.462952 2277.025146 976.641785 2264.327637 793.727112
151.000000 269.657959 461.016052 105.816223 405.859558 1023.175598 684.278687 872.909851 659.204346
97.000000 1305.173340 763.283203 1299.460815 933.427124 2185.265869 826.538269 2197.449463 1009.947998
55.000000 1655.427979 1486.678711 1653.641846 1315.378418 2651.251709 1623.574097 2625.209473 1410.892700
117.000000 310.647125 1049.273804 477.329041 1075.844971 1103.617432 1236.139160 1274.200439 1247.666992
124.000000 493.454681 876.103821 329.822510 840.823120 1273.329102 1050.043579 1109.916382 1034.195190
136.000000 508.538269 703.231201 520.194580 536.447327 1274.678955 879.590698 1275.161255 719.997009
138.000000 169.958588 1447.990845 3.246490 1442.776611 996.681396 1628.889771 836.688354 1629.948486
112.000000 933.787048 1143.341919 936.923950 976.608765 1772.701050 1276.692017 1765.735962 1103.236816
92.000000 1263.223389 1483.331787 1265.478882 1316.650635 2212.431396 1630.068726 2198.197754 1443.216675
146.000000 242.820206 835.745239 79.774925 801.057983 1023.437134 1038.939819 869.943054 1023.915161
122.000000 344.958771 654.451660 504.902924 701.308960 1110.647461 855.529785 1274.678955 879.590698
137.000000 566.360107 553.311951 554.958130 716.779968 1324.338623 726.664856 1325.914185 886.378540
130.000000 517.084351 532.096191 363.277557 480.165192 1273.255859 713.799011 1113.248413 687.177246
155.000000 219.860138 1020.886597 59.640713 995.610779 1016.480591 1216.247681 866.453613 1206.670410
132.000000 332.923462 848.586609 490.247772 882.172668 1110.189819 1041.326050 1270.021484 1056.438965
150.000000 314.126953 1423.094116 299.038696 1583.242798 1132.683594 1606.586426 1129.593384 1759.991821
119.000000 1013.166870 993.753845 1003.165222 1154.604248 1853.056519 1113.473999 1849.317261 1283.318359
157.000000 248.938965 613.705017 95.758507 569.837891 1016.274475 829.518677 869.630615 809.352783
123.000000 1304.740723 743.675049 1460.081665 710.385254 2183.793457 805.978943 2336.038574 741.834412
263.000000 164.080566 1396.738159 179.077255 1239.911743 989.224609 1580.027100 990.319458 1476.670044
144.000000 700.989868 756.531189 710.049072 599.810181 1480.140869 906.722229 1477.412964 750.045044
135.000000 575.446106 1603.425049 582.255676 1446.619873 1414.840332 1776.633545 1411.318970 1616.564331
145.000000 1888.072510 886.711304 1884.442871 730.051514 2886.457764 836.697998 2863.455322 683.315002
93.000000 1637.874756 1546.665161 1637.684570 1390.002808 2637.839111 1689.874023 2617.820557 1503.567505
120.000000 1109.697388 1170.000366 1109.493652 1013.338318 1985.435425 1290.109741 1970.572021 1123.282349
242.000000 143.830872 846.717102 128.281677 1000.163635 934.588867 1093.375488 930.900452 1203.363525
264.000000 220.033432 863.336304 207.065781 1010.035278 1006.994751 1106.670166 1005.911194 1210.026978
149.000000 845.996704 1309.964844 838.303040 1456.577637 1691.259155 1459.966919 1695.293091 1613.369507
125.000000 1190.944458 1033.416748 1188.084229 1180.157593 2070.842285 1131.439331 2085.072266 1295.978760
156.000000 842.269165 643.973999 831.040771 791.300232 1626.451660 777.255310 1617.472656 926.514648
153.000000 686.114136 919.153748 543.170654 887.398804 1476.838257 1071.678955 1326.382812 1056.068970
152.000000 557.880249 715.756287 697.870850 755.789062 1325.914185 886.378540 1477.118286 906.717346
148.000000 530.550659 1083.197754 673.973938 1105.964478 1326.816650 1251.121948 1480.348022 1261.534058
158.000000 706.873657 596.047852 569.922058 550.232971 1473.346802 746.582886 1329.972778 723.502625
143.000000 896.724060 1313.336304 889.210083 1456.799927 1749.452637 1460.018311 1754.692993 1616.732666
141.000000 1275.327881 1193.365845 1277.661377 1049.961914 2196.345947 1303.363281 2181.718262 1146.506470
207.000000 1573.327637 880.000000 1573.385010 736.666687 2482.801514 913.391296 2470.081787 796.657776
165.000000 479.867767 887.290527 339.801849 857.601501 1260.056519 1062.745117 1119.750854 1049.257935
173.000000 506.145355 541.529114 372.442200 495.947235 1259.842773 724.250244 1126.431519 701.371399
198.000000 1878.397217 746.637085 1880.791504 886.710144 2864.834961 750.242493 2880.678223 869.910217
160.000000 947.225586 823.339783 948.531860 684.204834 1757.949219 943.617249 1753.767822 799.984619
186.000000 390.887939 1304.281982 308.986755 1416.884277 1188.608276 1490.712280 1127.829834 1600.280518
164.000000 1025.858398 706.987854 1018.201355 844.270996 1840.832275 810.318115 1836.632446 953.332336
177.000000 462.963440 1058.958496 329.869141 1037.477539 1253.409790 1232.260864 1119.804932 1222.735229
159.000000 1318.573486 920.034973 1321.019165 786.685364 2216.500000 993.345886 2205.725586 850.070740
166.000000 1118.251099 870.010681 1118.807007 740.632935 1966.216187 970.036743 1954.809937 830.151367
182.000000 489.934875 683.558960 365.426971 647.629211 1256.161987 863.576172 1129.662598 845.724609
170.000000 1199.308105 767.556885 1198.216064 893.905762 2057.721924 846.357178 2063.202637 983.723022
163.000000 922.613770 1283.938599 799.389526 1273.238037 1776.577637 1422.539917 1633.303467 1417.516846
278.000000 1208.244995 1343.298462 1205.789307 1466.715576 2143.099854 1580.408813 2131.947754 1483.110107
161.000000 790.032715 1474.975464 914.664124 1477.002441 1636.615234 1636.039551 1780.010986 1634.177124
234.000000 1567.737671 726.636292 1566.082520 849.992188 2456.710693 736.350281 2467.041504 846.631531
187.000000 696.214172 604.712097 579.040833 566.255920 1463.291260 756.932800 1339.880005 737.426086
209.000000 1243.832520 1346.675415 1241.685059 1469.971313 2174.798584 1473.227295 2183.247070 1590.006226
211.000000 1743.224121 617.016724 1859.965820 653.442688 2640.099365 575.679321 2756.593262 587.397400
167.000000 810.525085 1126.677124 930.685120 1145.664429 1629.774414 1270.593994 1770.188721 1280.509399
243.000000 171.526886 459.821198 159.634933 579.963867 936.785400 700.004028 933.033752 809.989807
183.000000 673.464722 929.404846 555.905823 903.445679 1466.655029 1083.446533 1339.617310 1070.390137
174.000000 831.040771 791.300232 944.046387 824.123352 1623.944214 925.557068 1757.949219 943.617249
259.000000 245.139771 486.533051 234.932526 603.181580 1007.159546 713.344727 1004.696838 819.954468
179.000000 948.531860 684.204834 837.625977 646.861511 1749.947266 793.650208 1619.671509 771.973999
202.000000 865.564697 996.608276 859.374695 1113.476807 1685.234253 1133.281738 1688.497437 1253.374146
168.000000 936.793457 972.742004 822.070129 949.244141 1763.088867 1099.162720 1626.427246 1085.778198
192.000000 660.017395 1089.893555 546.454529 1071.295288 1466.461914 1246.300293 1343.255249 1237.798706
195.000000 685.908997 739.364502 576.141724 708.535645 1463.053467 892.074524 1342.990356 875.875549
23.000000 1730.745483 599.680847 1620.094360 627.048340 2617.597656 558.794739 2324.878662 686.865601
229.000000 478.288788 1303.058838 375.863464 1351.639893 1288.614258 1474.069214 1188.620605 1527.414429
215.000000 1047.445557 1033.365967 1042.836914 1143.312500 1899.221680 1150.037964 1904.916748 1266.752075
276.000000 591.897095 1449.325439 555.534302 1347.069336 1418.622437 1615.853149 1380.806519 1524.944580
262.000000 392.092773 933.226135 382.847504 1040.245972 1180.328247 1116.674438 1177.878418 1220.028687
214.000000 1087.571533 1043.274902 1085.005981 1149.960083 1948.947632 1153.390137 1955.250366 1270.076538
181.000000 1593.717285 575.885254 1498.743774 529.223633 2493.494141 566.045837 2369.018799 533.785522
185.000000 1103.093140 1302.711182 999.392456 1293.524902 1989.927246 1435.970093 1863.081177 1432.468140
273.000000 456.807159 946.677673 448.720642 1050.160522 1245.164673 1126.656372 1244.482300 1226.651733
196.000000 1570.184692 1180.008667 1569.901733 1076.666992 2515.468994 1260.125244 2502.906738 1140.044678
218.000000 1886.316895 1083.338623 1887.891846 1186.647949 2917.343262 1113.242432 2932.599121 1226.765381
188.000000 1108.703979 1016.321411 1008.146973 995.704956 1970.057129 1119.408569 1846.587280 1107.488525
266.000000 1118.807007 740.632935 1021.323853 709.467957 1946.404297 835.048889 1846.199097 819.723511
222.000000 929.405212 982.777893 829.694336 961.427551 1753.346069 1109.863525 1639.757202 1099.269775
190.000000 1003.165222 1154.604248 1103.752319 1170.546265 1856.804199 1284.520508 1980.271240 1292.433960
265.000000 489.188324 1280.180054 390.887939 1304.281982 1288.386841 1449.357178 1192.609131 1488.215088
180.000000 597.272217 973.372925 590.734314 1073.381348 1390.724976 1103.319336 1393.227661 1233.335327
223.000000 1653.641846 1315.378418 1553.544189 1318.320679 2625.209473 1410.892700 2510.019531 1423.090088
230.000000 903.288452 1464.310059 803.346375 1459.715942 1766.666992 1619.862305 1653.334106 1619.619019
257.000000 1220.126709 1070.000488 1219.726685 1169.998901 2115.242188 1173.435425 2122.880371 1280.032471
197.000000 1018.201355 844.270996 1114.006592 870.838989 1840.646606 954.918396 1960.404053 970.157959
245.000000 1650.023682 1180.304810 1553.421753 1187.805786 2603.636475 1251.822021 2496.065186 1269.718018
249.000000 1553.161499 1201.120605 1649.763062 1193.616333 2499.714111 1284.961670 2606.181152 1267.105591
295.000000 1858.640503 1079.954468 1860.870728 1176.646606 2874.725342 1106.480103 2886.808838 1196.647583
219.000000 1603.979004 1170.001343 1604.184204 1073.328003 2552.846436 1247.077515 2540.605469 1133.268188
28.000000 1623.326050 1605.794556 1719.986084 1604.991699 2436.666260 1763.648315 2743.332275 1764.108521
240.000000 916.660217 1130.039551 823.096802 1114.783936 1756.523926 1265.440918 1646.576538 1257.997192
246.000000 1650.382690 875.947144 1556.619141 889.674988 2566.868164 893.989014 2463.095947 925.894714
251.000000 1556.200806 900.047791 1650.011230 886.745667 2465.672607 936.610413 2568.922852 906.327698
244.000000 1650.413086 986.736389 1556.840088 998.095520 2582.290771 1023.584473 2474.415283 1050.876587
291.000000 880.419250 693.352722 876.098328 786.640320 1674.836670 819.942688 1678.398682 913.394348
271.000000 653.655945 990.019653 647.971741 1083.209595 1453.333374 1140.000000 1453.333374 1240.000000
260.000000 932.565918 809.404968 843.057007 784.319214 1742.921021 929.872131 1639.582275 916.580994
250.000000 1647.066650 692.018005 1556.654175 709.936951 2540.104492 683.033264 2440.521729 722.697754
199.000000 911.297241 1033.243530 907.322937 1123.362305 1739.398193 1136.691040 1744.253784 1256.764282
254.000000 1605.497803 870.006775 1605.779785 779.997192 2518.198486 896.860657 2506.730469 790.352051
252.000000 1614.858643 779.999451 1614.890259 869.999451 2516.629150 786.315369 2528.021484 893.188904
237.000000 1275.506470 1052.461914 1188.329834 1035.009521 2179.946045 1140.572632 2070.842285 1131.439331
224.000000 1184.011963 1182.388550 1270.614502 1196.126587 2080.145508 1297.993530 2193.607422 1306.222412
231.000000 1281.473022 795.673584 1199.308105 767.556885 2162.382080 866.222961 2052.404053 849.413086
247.000000 1198.216064 893.905762 1281.112183 919.638428 2063.202637 983.723022 2170.471191 1000.157776
220.000000 1852.812500 789.952026 1854.292358 876.707153 2825.656738 753.033508 2840.261475 866.202759
