Keypoint Matches and Line Matches for pairs 14, 17 
14 corresponds to the image ./resources/Data/CastleP19/images/0014.png 
17 corresponds to the image ./resources/Data/CastleP19/images/0017.png 

13.000000 338.127777 1764.310425 826.333069 1783.317749
17.000000 1843.476807 622.469177 875.842834 790.092041
10.000000 2499.925537 633.336975 1864.570312 699.953918
12.000000 1837.658081 623.327087 872.610168 789.500671
15.000000 1849.531616 636.666870 883.452087 803.338806
24.000000 1039.629150 1702.298096 2416.705322 1741.834106
34.000000 1862.887939 626.008850 893.202271 793.874512
35.000000 2331.308594 704.069763 1170.556030 861.037231
78.000000 429.814301 1293.313110 1916.019775 1409.885132
62.000000 727.773071 1310.100830 2113.859131 1393.304932
107.000000 2963.869629 516.351807 2948.838867 449.714905
50.000000 1097.156494 1491.963623 2447.644531 1526.710327
362.000000 2596.198242 602.067871 2950.308350 444.365570
118.000000 459.636383 475.680481 239.735062 711.170593
410.000000 656.663696 1303.381714 1026.593506 1498.853271
254.000000 433.156586 1289.515991 1916.882568 1406.059082
178.000000 729.992065 1306.780273 2116.594971 1388.972900
48.000000 133.352005 840.480408 3002.490234 866.320740
160.000000 1037.291504 1150.044678 640.387756 1286.690552
71.000000 2316.835449 1409.994751 2066.077148 1399.871704
171.000000 780.561584 712.411804 370.754730 902.601807
169.000000 1478.137451 989.936829 797.823059 1133.222778
189.000000 133.946335 629.652100 225.984955 876.594482
269.000000 349.835785 878.207153 509.687531 1102.348633
316.000000 323.083649 1076.388794 493.343933 1259.882935
208.000000 208.066055 636.857788 368.203247 900.141174
88.000000 1030.767944 3.158911 2492.193115 3.094110
1342.000000 1008.553589 196.563324 2487.000000 209.000000
183.000000 443.255829 487.167725 225.978546 719.819519
193.000000 1257.056030 600.866821 543.166321 777.417542
252.000000 1290.333496 1172.923950 643.530762 1287.741821
241.000000 1063.602173 750.017334 660.614441 953.374634
346.000000 699.588989 686.386047 516.736755 916.295776
347.000000 529.529968 663.491516 389.571716 892.266602
279.000000 1252.262573 776.618530 804.646973 980.075684
170.000000 1913.312012 1607.345459 2129.882324 1624.371338
240.000000 1651.098511 669.947266 670.467102 806.698059
286.000000 1650.463501 829.898438 663.597717 955.244385
340.000000 2057.692139 883.381287 1037.010132 1020.010315
280.000000 1811.635254 693.327087 812.719360 839.964600
273.000000 1809.717163 688.461548 810.020813 836.576294
274.000000 1656.510986 664.321228 672.952454 804.985962
296.000000 1904.909668 709.999695 916.058411 863.309387
297.000000 1906.132812 864.030640 910.678711 1000.026733
341.000000 2306.422607 770.009094 1040.910034 889.927368
420.000000 1473.242554 647.267517 799.774231 844.366150
464.000000 1089.500000 740.284729 679.554565 945.721741
434.000000 1659.884277 1017.745422 666.503540 1124.614014
421.000000 1666.492310 677.800537 682.864929 818.809326
388.000000 1240.999146 1408.176636 2541.338135 1437.295410
138.000000 130.860107 627.526917 220.358917 878.151367
437.000000 1969.942261 1080.000000 712.404724 1156.611328
463.000000 1792.940186 836.344177 789.461792 966.219116
451.000000 2029.384399 1086.674438 768.245422 1166.573975
452.000000 2030.972656 1213.362915 762.243286 1280.118530
418.000000 2043.118652 734.815491 1035.230469 892.702271
382.000000 2720.297607 794.178223 2217.268555 812.472656
573.000000 2039.661011 869.281250 1022.904846 1009.018738
574.000000 1926.501465 854.607788 926.404663 991.438171
551.000000 876.033875 699.946899 444.920227 896.527527
1142.000000 2293.254150 773.860168 1301.000000 872.000000
576.000000 157.361053 936.758667 3058.052979 953.142395
215.000000 109.563248 606.881775 203.409424 859.595337
1100.000000 1456.028687 783.310120 774.000000 954.000000
1119.000000 283.432220 1690.011353 1868.000000 1730.000000
376.000000 1202.706787 1143.294922 483.394653 1253.578613
438.000000 1370.303467 1156.679810 705.439270 1273.458862
518.000000 2973.508301 524.398193 2970.700684 452.421204
87.000000 1046.876465 217.669266 2515.105713 213.139984
947.000000 2242.000000 887.000000 1650.000000 942.000000
853.000000 843.000000 1531.000000 2237.000000 1582.000000
659.000000 2000.000000 806.000000 943.000000 943.000000
875.000000 1752.000000 821.000000 753.000000 950.000000
1337.000000 147.000000 856.000000 3021.000000 874.000000
704.000000 887.000000 1384.000000 2253.000000 1442.000000
1270.000000 118.000000 1591.000000 2788.000000 1748.000000
780.000000 1661.000000 676.000000 679.000000 817.000000
658.000000 1036.000000 176.000000 2485.000000 182.000000
1247.000000 1216.000000 275.000000 2712.000000 164.000000
676.000000 1331.000000 763.000000 680.000000 936.000000
900.000000 292.000000 560.000000 166.000000 791.000000
808.000000 1733.000000 818.000000 976.000000 992.000000
901.000000 1775.000000 824.000000 1007.000000 997.000000
971.000000 2374.000000 809.000000 1632.000000 882.000000
961.000000 1195.000000 270.000000 652.000000 504.000000
758.000000 1471.000000 326.000000 864.000000 572.000000
748.000000 248.000000 457.000000 2966.000000 453.000000
1032.000000 802.000000 1363.000000 2184.000000 1431.000000
1241.000000 1862.000000 570.000000 1823.000000 642.000000
920.000000 1964.000000 826.000000 960.000000 968.000000
1181.000000 566.000000 1348.000000 2014.000000 1440.000000
585.000000 2000.000000 831.000000 990.000000 974.000000
1381.000000 1050.000000 180.000000 2520.000000 179.000000
1406.000000 1727.000000 1151.000000 979.000000 1269.000000
959.000000 903.000000 1403.000000 2268.000000 1459.000000
1103.000000 1942.000000 823.000000 942.000000 965.000000
682.000000 1752.000000 796.000000 754.000000 928.000000
1382.000000 472.000000 1540.000000 2182.000000 1602.000000
1257.000000 1921.000000 819.000000 926.000000 961.000000
1238.000000 69.000000 560.000000 87.000000 802.000000
1050.000000 132.000000 1577.000000 2800.000000 1736.000000
757.000000 2618.000000 1674.000000 2870.000000 1713.000000
1079.000000 1384.000000 1152.000000 718.000000 1270.000000
964.000000 1731.000000 793.000000 736.000000 925.000000
1161.000000 953.000000 654.000000 507.000000 857.000000
953.000000 1753.000000 770.000000 756.000000 906.000000
1495.000000 347.000000 473.000000 144.000000 702.000000
779.000000 1709.000000 1148.000000 965.000000 1267.000000
645.000000 2022.000000 808.000000 1009.000000 956.000000
739.000000 2359.000000 771.000000 1230.000000 903.000000
949.000000 2361.000000 846.000000 1473.000000 943.000000
708.000000 1899.000000 409.000000 1036.000000 618.000000
1438.000000 138.000000 39.000000 3041.000000 18.000000
1076.000000 662.000000 613.000000 481.000000 853.000000
1408.000000 1726.000000 1118.000000 980.000000 1242.000000
669.000000 1979.000000 803.000000 975.000000 950.000000
726.000000 1055.000000 119.000000 2481.000000 120.000000
927.000000 1921.000000 856.000000 675.000000 947.000000
104.000000 1033.000000 199.000000 2504.584961 203.554794
1157.000000 893.000000 675.000000 459.000000 873.000000
657.000000 979.000000 228.000000 2447.000000 241.000000
1271.000000 1881.000000 574.000000 914.000000 753.000000
1268.000000 1776.000000 774.000000 776.000000 910.000000
936.000000 2186.000000 879.000000 927.000000 982.000000
1020.000000 2023.000000 833.000000 1008.000000 977.000000
1199.000000 127.000000 1605.000000 2801.000000 1764.000000
1000.000000 1713.000000 815.000000 958.000000 988.000000
198.000000 102.000000 1052.000000 1716.199585 1266.678711
1446.000000 1331.000000 737.000000 681.000000 915.000000
1465.000000 326.000000 566.000000 196.000000 797.000000
1296.000000 1964.000000 801.000000 961.000000 947.000000
1508.000000 2249.000000 1227.000000 1392.000000 1300.000000
593.000000 1920.000000 795.000000 925.000000 940.000000
970.000000 1914.000000 715.000000 924.000000 871.000000
741.000000 1730.000000 767.000000 736.000000 902.000000
1370.000000 1058.000000 1141.000000 655.000000 1277.000000
1471.000000 1709.000000 1115.000000 966.000000 1240.000000
1447.000000 108.000000 1577.000000 2777.000000 1734.000000
1215.000000 68.000000 1282.000000 1721.000000 1432.000000
733.000000 1728.000000 1182.000000 981.000000 1295.000000
698.000000 2572.000000 1471.000000 2789.000000 1440.000000
956.000000 1333.000000 710.000000 680.000000 892.000000
1433.000000 348.000000 569.000000 140.000000 786.000000
719.000000 625.000000 667.000000 136.000000 838.000000
830.000000 527.000000 338.000000 1838.000000 637.000000
892.000000 1383.000000 744.000000 720.000000 922.000000
1449.000000 2186.000000 892.000000 2327.000000 788.000000
897.000000 378.000000 603.000000 163.000000 817.000000
1420.000000 1522.000000 494.000000 697.000000 678.000000
833.000000 1722.000000 530.000000 784.000000 700.000000
819.000000 704.000000 174.000000 2549.000000 233.000000
1229.000000 811.000000 692.000000 392.000000 884.000000
1211.000000 894.000000 556.000000 464.000000 771.000000

5.000000 2499.925537 633.336975 2554.135010 1740.124023 1864.570312 699.953918 1903.062744 1733.467529
3.000000 2565.852539 1690.205078 2513.272949 626.999329 1916.960205 1789.988892 1875.673706 696.326660
6.000000 1837.658081 623.327087 1837.132690 1656.668579 872.610168 789.500671 826.333069 1783.317749
7.000000 1850.016846 1656.666626 1849.531616 636.666870 840.932129 1730.195679 883.452087 803.338806
11.000000 1063.392090 1716.316040 373.301758 1705.312988 2436.834717 1756.762817 1919.994629 1743.541626
8.000000 2.803634 319.892242 500.778198 402.124817 2.520668 580.045532 875.842834 790.092041
13.000000 499.650909 322.031128 3.322517 236.729599 613.268433 666.921997 266.936981 578.935913
17.000000 1862.887939 626.008850 2331.308594 704.069763 893.202271 793.874512 1170.556030 861.037231
36.000000 1049.643188 401.798065 603.352600 313.236206 784.162109 689.902954 570.419434 638.263855
1.000000 2507.580322 618.561157 2807.148193 474.086945 1867.384399 685.651367 3070.935791 313.022278
0.000000 3070.055176 412.617828 2777.179199 390.022675 3069.987793 223.295380 1486.046631 731.400330
24.000000 2999.815186 923.085876 3021.588867 1200.137085 3002.490234 866.320740 3036.739258 1112.860229
39.000000 429.814301 1293.313110 402.064880 1560.397705 1916.019775 1409.885132 1925.283936 1626.583252
54.000000 2963.869629 516.351807 2984.520996 770.174561 2948.838867 449.714905 2974.723389 646.921753
25.000000 1097.156494 1491.963623 1071.085449 1736.426880 2447.644531 1526.710327 2452.159424 1770.083618
15.000000 1190.134766 462.552124 1409.922241 500.451111 2293.538574 500.639038 2619.750977 395.891174
61.000000 773.776428 913.075867 755.888672 1127.744141 354.939575 1073.177979 339.312225 1260.456055
81.000000 1052.088379 943.006104 1037.291504 1150.044678 651.053833 1113.398193 640.387756 1286.690552
85.000000 755.888672 1127.744141 963.716125 1145.208374 339.312225 1260.456055 511.406525 1274.332031
35.000000 2323.257568 1616.772583 2316.835449 1409.994751 2076.366943 1620.014038 2066.077148 1399.871704
74.000000 1233.461060 1166.855713 1244.581055 963.219421 511.406525 1274.332031 523.955505 1096.489746
89.000000 780.561584 712.411804 981.793091 739.407593 370.754730 902.601807 535.319946 933.006104
98.000000 133.946335 629.652100 159.068298 433.214172 225.984955 876.594482 242.961868 716.274353
107.000000 234.477203 443.489563 208.066055 636.857788 382.585938 743.570862 368.203247 900.141174
44.000000 1017.606628 196.730576 1030.767944 3.158911 2515.105713 213.139984 2492.193115 3.094110
52.000000 1022.364929 3.264140 1008.553589 196.563324 2483.246826 2.987897 2504.584961 203.554794
95.000000 443.255829 487.167725 253.163513 457.764526 225.978546 719.819519 66.309105 684.971619
111.000000 416.524384 647.749817 236.564728 624.109253 203.409424 859.595337 49.864136 830.722534
120.000000 981.793091 739.407593 995.343628 563.237610 535.319946 933.006104 547.170105 783.134094
159.000000 976.767578 569.366699 812.816467 543.244141 532.675720 786.358643 399.823181 757.480042
163.000000 943.198730 1128.261108 779.903748 1114.473145 493.343933 1259.882935 359.898254 1247.789307
144.000000 1484.693726 807.315552 1489.576782 643.235779 804.646973 980.075684 812.719360 839.964600
191.000000 1642.187256 1203.569214 1803.834595 1217.447876 916.708435 1312.854248 1040.264648 1323.632568
88.000000 1913.312012 1607.345459 2073.047607 1612.887817 2129.882324 1624.371338 2297.809326 1620.474854
124.000000 1651.098511 669.947266 1647.322632 830.015503 670.467102 806.698059 660.614441 953.374634
178.000000 959.793335 721.529907 802.838562 700.329529 516.736755 916.295776 389.571716 892.266602
148.000000 1650.463501 829.898438 1807.421021 851.075867 663.597717 955.244385 800.491333 980.690063
223.000000 1226.485229 971.697693 1069.826782 954.953735 783.396606 1139.503296 666.503540 1124.614014
175.000000 2057.692139 883.381287 2053.798340 725.621948 1037.010132 1020.010315 1040.910034 889.927368
141.000000 1809.717163 688.461548 1656.510986 664.321228 810.020813 836.576294 672.952454 804.985962
153.000000 1904.909668 709.999695 1906.132812 864.030640 916.058411 863.309387 910.678711 1000.026733
235.000000 1209.874390 1151.396118 1063.195435 1138.199341 773.096313 1286.005249 660.061157 1275.977661
238.000000 1466.368774 792.219543 1326.209473 773.406433 789.461792 966.219116 679.554565 945.721741
216.000000 1796.494263 697.787781 1666.492310 677.800537 799.774231 844.366150 682.864929 818.809326
200.000000 1240.999146 1408.176636 1121.368774 1462.326538 2541.338135 1437.295410 2450.993408 1520.801758
70.000000 2.081515 608.450684 130.860107 627.526917 40.660801 843.263123 220.358917 878.151367
225.000000 1969.942261 1080.000000 1969.921631 1210.000000 712.404724 1156.611328 705.439270 1273.458862
232.000000 2029.384399 1086.674438 2030.972656 1213.362915 768.245422 1166.573975 762.243286 1280.118530
215.000000 2043.118652 734.815491 1919.482422 716.906921 1035.230469 892.702271 918.810425 864.999207
262.000000 339.255798 626.577759 353.573303 506.695343 133.033173 729.965515 121.147621 833.465149
265.000000 42.905567 433.238770 17.075384 550.090332 136.831177 810.012085 144.416382 706.746216
249.000000 704.645935 560.130493 693.061707 676.639648 206.514435 746.650879 195.470322 853.209351
239.000000 2720.297607 794.178223 2609.901367 833.052917 2020.857910 860.134949 1913.348877 886.729553
20.000000 6.862978 232.152130 119.845558 250.929276 259.792389 577.495422 3.353995 513.250854
297.000000 2039.661011 869.281250 1926.501465 854.607788 1022.904846 1009.018738 926.404663 991.438171
284.000000 885.545837 586.572632 876.033875 699.946899 452.878113 796.630432 444.920227 896.527527
180.000000 864.108765 1003.395386 855.584900 1109.913452 427.265289 1120.047852 417.148376 1246.705200
186.000000 3070.343018 522.848938 2966.351807 513.504272 3070.535156 408.458099 2950.308350 444.365570
193.000000 1209.037842 1039.941040 1202.706787 1143.294922 492.328156 1129.927368 483.394653 1253.578613
266.000000 2973.508301 524.398193 3070.114502 531.847534 3070.093506 423.656525 2970.700684 452.421204
