Keypoint Matches and Line Matches for pairs 15, 17 
15 corresponds to the image ./resources/Data/CastleP19/images/0015.png 
17 corresponds to the image ./resources/Data/CastleP19/images/0017.png 

2.000000 933.354065 371.053314 1867.384399 685.651367
8.000000 1476.660034 76.410805 2442.496582 244.470840
9.000000 129.861420 111.320122 1451.586304 622.082153
10.000000 923.982178 376.692169 1864.570312 699.953918
6.000000 888.144592 1680.179199 1916.960205 1789.988892
7.000000 936.804382 373.586731 1875.673706 696.326660
20.000000 3.268101 393.745056 1329.589722 855.354004
21.000000 913.409790 373.423950 1850.765991 692.450439
1096.000000 1566.644165 278.572571 2316.000000 465.000000
958.000000 896.693970 297.940796 1821.000000 631.000000
57.000000 1960.007080 1628.979126 2836.622314 1765.093018
417.000000 1970.003174 1667.040771 2846.668945 1810.940430
312.000000 2175.093262 1226.602051 3055.955566 1316.350708
78.000000 922.810303 1236.543945 1916.019775 1409.885132
257.000000 915.708801 1489.789551 1929.952393 1626.664062
70.000000 1124.859131 1486.705933 2076.366943 1620.014038
71.000000 1131.290771 1236.614136 2066.077148 1399.871704
157.000000 1846.646729 345.578644 2606.458252 449.321259
48.000000 2165.466797 823.243286 3002.490234 866.320740
49.000000 2174.894287 1046.600830 3036.739258 1112.860229
54.000000 1970.961670 1046.731689 2803.931152 1140.281494
55.000000 1964.840210 823.383423 2778.645508 906.821472
115.000000 1212.702026 829.633606 2099.997070 1033.130615
116.000000 1208.860107 1052.483276 2111.781982 1226.761108
74.000000 1756.502686 826.632690 2567.133545 949.645874
75.000000 1758.860718 1046.678833 2587.350098 1166.603027
97.000000 1418.089966 1050.001099 2279.886963 1206.675171
98.000000 1417.476074 828.894531 2264.540527 1003.493896
95.000000 1491.571655 830.003662 2326.179688 993.116394
128.000000 1492.183838 1049.485107 2345.990723 1197.626221
1104.000000 562.026306 1463.451416 1693.000000 1610.000000
122.000000 1127.187378 1053.379883 2050.752686 1236.819092
123.000000 1129.802490 836.624084 2039.711182 1049.820190
149.000000 837.526611 1056.604370 1849.736450 1263.360107
76.000000 1697.880859 1047.289307 2530.518066 1176.360596
77.000000 1698.109619 829.993225 2511.411621 959.869141
108.000000 2159.404053 621.879944 2974.723389 646.921753
338.000000 586.667480 1682.788940 1723.384521 1785.280273
339.000000 793.338562 1683.092163 1853.453369 1790.079102
258.000000 1123.339111 1489.878296 2073.304199 1624.619751
132.000000 1755.949951 628.755371 2548.901611 749.781677
92.000000 1960.634521 623.385010 2755.336426 699.711548
177.000000 1403.323242 1231.382812 2280.062256 1377.559814
178.000000 1199.976440 1229.897583 2116.594971 1388.972900
188.000000 1413.312134 1050.224365 2276.268799 1207.041748
354.000000 599.968750 1391.476562 1716.509888 1550.085449
355.000000 804.785278 1390.117554 1843.203247 1543.971191
86.000000 1763.308960 1047.587524 2592.500244 1166.668823
253.000000 1126.668457 1231.808594 2060.109375 1394.714844
254.000000 923.335266 1232.005737 1916.882568 1406.059082
265.000000 919.993958 1054.662964 1906.215576 1256.229492
266.000000 1123.327026 1054.433228 2046.205933 1239.482056
362.000000 2156.626465 431.055084 2950.308350 444.365570
180.000000 1202.183350 633.872437 2078.614502 859.899109
206.000000 1403.194946 630.140381 2235.482910 821.806396
288.000000 1126.701782 833.086670 2033.625854 1044.934692
289.000000 926.689819 835.365784 1896.659180 1069.958862
89.000000 1960.017090 821.598999 2773.849365 906.149536
90.000000 1760.004395 823.739075 2566.806396 944.095398
394.000000 810.005249 1231.994995 1836.826904 1412.066406
395.000000 609.997864 1232.519287 1716.516479 1421.396240
135.000000 1693.344849 824.469360 2506.892334 954.523254
136.000000 1493.365601 826.506470 2327.042480 988.647766
385.000000 353.407990 840.067871 1541.319824 1140.122070
213.000000 156.689758 844.385437 1442.390747 1160.024048
369.000000 636.588440 1059.473267 1719.800537 1281.915405
370.000000 833.309448 1055.487549 1843.040039 1264.581787
143.000000 1493.239624 629.265808 2310.661865 803.532959
144.000000 1689.959229 626.776550 2485.828369 763.076477
153.000000 1496.629272 834.246338 2332.961182 994.695251
154.000000 1693.300537 831.209778 2506.405029 961.947998
224.000000 945.812500 638.935791 1897.845459 902.947388
285.000000 1143.260010 634.949524 2035.214722 870.499695
217.000000 1403.356445 441.141785 2223.152588 649.367493
179.000000 1206.285278 445.930450 2070.147949 696.486267
101.000000 1763.326782 830.285278 2573.229492 949.418457
102.000000 1959.999756 829.864441 2772.812500 913.751648
105.000000 1950.004639 433.592651 2726.564941 506.314972
106.000000 1756.614014 437.072632 2533.035889 562.305481
197.000000 642.777466 840.151489 1712.088013 1106.613037
198.000000 632.242188 1033.273804 1716.199585 1266.678711
147.000000 1686.688232 437.897369 2470.026367 580.092590
148.000000 1493.355591 441.276154 2299.624756 628.683777
302.000000 1146.695801 448.107422 2023.921997 708.743286
303.000000 953.373962 452.012238 1893.096191 745.830261
380.000000 693.269958 641.256348 1735.585571 942.236633
381.000000 886.615845 638.992371 1855.750732 912.913391
365.000000 893.367676 451.494476 1847.098633 758.159241
242.000000 699.255127 456.344299 1726.247803 796.579529
282.000000 433.194794 648.384888 1581.109497 980.138550
475.000000 626.469971 642.973999 1689.236084 953.608459
357.000000 806.666443 1239.889282 1834.507690 1416.794922
225.000000 1220.005859 837.101379 2106.545898 1036.014771
226.000000 1413.304443 834.511475 2256.938232 1008.130920
476.000000 396.672150 840.373169 1570.019043 1130.100098
131.000000 1751.339355 439.971710 2531.003418 566.568665
306.000000 933.314819 841.925659 1899.885620 1076.041992
307.000000 1123.325806 839.425659 2033.619141 1051.561279
422.000000 836.695862 836.087341 1833.628906 1081.595825
423.000000 646.681885 838.103394 1716.653198 1103.260864
283.000000 384.473663 649.877991 1549.180298 987.144897
284.000000 394.120300 463.368591 1544.601685 846.939636
107.000000 2152.233154 436.586884 2948.838867 449.714905
117.000000 1954.552490 436.744293 2732.616943 510.087311
321.000000 193.247314 650.940796 1452.036621 1010.527771
139.000000 1693.712280 626.715271 2491.305176 763.525085
140.000000 1690.642822 440.044250 2474.292480 583.557739
235.000000 889.989258 459.194122 1844.410156 763.942261
424.000000 649.986816 845.590515 1716.078247 1110.148682
150.000000 836.666382 843.308105 1832.436157 1087.847656
109.000000 1760.016846 443.974060 2536.107666 568.069214
110.000000 1946.642456 439.077606 2726.550049 512.930847
166.000000 1405.043579 633.323181 2239.274414 823.385498
167.000000 1406.212891 446.642944 2227.041260 653.306396
243.000000 689.915710 640.151184 1730.636230 943.314331
223.000000 952.398438 456.629150 1890.737549 749.971558
234.000000 889.900513 640.097839 1860.675293 913.259766
244.000000 628.586731 646.609985 1694.949097 953.185486
165.000000 1490.344604 446.641510 2297.019775 633.063965
479.000000 630.014038 457.437805 1683.915039 805.317749
480.000000 446.680756 460.773621 1580.659790 835.584229
211.000000 1146.706055 636.667114 2040.167480 869.979004
212.000000 1148.893555 453.320129 2020.627808 714.090271
322.000000 143.828552 653.373962 1422.333740 1016.716675
281.000000 450.031799 467.865051 1580.825928 840.006897
245.000000 629.993469 463.087677 1681.612061 807.434204
1337.000000 2183.363037 832.761475 3021.000000 874.000000
292.000000 1386.671143 1245.839722 2266.829590 1392.329468
293.000000 1213.324829 1244.905762 2130.132568 1401.894653
155.000000 1946.694824 837.232056 2760.175537 924.322632
156.000000 1776.655518 838.460022 2586.970703 955.046875
517.000000 2340.015137 440.770050 3070.093506 423.656525
518.000000 2170.015137 444.109863 2970.700684 452.421204
227.000000 1680.041260 839.604736 2493.785400 972.449585
228.000000 1510.027954 841.993408 2343.370850 1000.203308
304.000000 1400.026733 841.955566 2250.551758 1016.332764
305.000000 1230.012939 844.281006 2116.837646 1040.929565
377.000000 1113.348877 1246.521851 2053.501465 1408.784424
378.000000 943.336670 1247.347656 1930.151855 1418.578491
161.000000 1936.683960 447.444092 2716.728271 523.546936
162.000000 1770.025513 451.147797 2550.427979 571.484802
310.000000 1390.040527 456.160736 2213.914307 665.419250
311.000000 1223.360352 458.549316 2083.793701 701.652954
541.000000 826.679443 851.049072 1827.154663 1095.987915
542.000000 659.996826 853.074646 1726.866699 1114.421509
546.000000 793.362305 1246.535645 1826.833252 1425.441528
547.000000 626.679138 1248.044434 1726.668579 1433.358154
412.000000 1103.341309 1473.352417 2060.067871 1610.062378
413.000000 936.675537 1473.748169 1940.049194 1612.460693
426.000000 943.370239 849.733765 1910.150146 1080.814331
548.000000 786.682312 1374.468628 1830.091919 1531.666992
549.000000 620.047241 1376.764160 1730.028687 1537.186768
427.000000 1133.352905 460.814056 2017.137451 721.633545
428.000000 970.033447 464.728394 1903.625977 754.348816
348.000000 1393.383667 1033.788940 2256.886230 1194.930542
349.000000 1230.034790 1035.956665 2130.320557 1212.331543
1454.000000 1673.364990 452.467529 2462.000000 595.000000
239.000000 1510.015869 454.566376 2313.521729 637.349609
163.000000 1946.679077 1030.040894 2780.344238 1125.900269
164.000000 1783.335693 1030.641846 2610.272949 1148.703125
250.000000 1676.682739 1032.188232 2506.901123 1161.718262
1439.000000 1513.358276 1033.388306 2359.000000 1183.000000
443.000000 1103.346924 1038.414429 2033.715332 1226.248901
444.000000 940.023621 1039.689575 1920.148193 1241.130493
487.000000 816.702087 1039.856934 1833.603394 1251.939941
488.000000 653.388916 1041.671387 1727.598999 1266.697388
507.000000 876.714600 465.998108 1840.590454 772.061768
508.000000 716.646484 468.877563 1740.229980 800.803040
465.000000 1126.717896 620.012573 2020.857910 860.134949
466.000000 966.704285 622.460083 1913.348877 886.729553
173.000000 1936.708374 609.782715 2730.844482 690.095276
174.000000 1776.692383 611.921936 2569.933838 729.731140
382.000000 1383.371216 616.118713 2217.268555 812.472656
383.000000 1226.688232 618.249878 2097.086182 841.723511
31.000000 1850.000000 300.000000 2619.750977 395.891174
271.000000 1670.034790 613.289307 2467.493652 753.447632
272.000000 1516.648071 614.910278 2330.702637 786.262695
1170.000000 163.313431 1045.223267 1451.000000 1302.000000
529.000000 30.411850 1040.035522 1389.672363 1303.331665
530.000000 43.355865 890.001953 1390.207153 1200.001099
527.000000 182.222214 1036.582031 1466.453247 1290.007568
528.000000 193.636124 886.689697 1466.705566 1186.666748
408.000000 668.629028 1033.435669 1744.359619 1256.733032
409.000000 676.456665 883.322388 1740.907471 1136.640625
406.000000 607.019897 1236.531616 1711.419556 1426.623291
407.000000 600.213501 1386.676392 1715.084473 1546.714966
261.000000 1920.322876 1586.656860 2800.158447 1720.356323
318.000000 1034.375366 1030.029541 1987.987305 1226.747803
319.000000 1038.630249 879.961182 1982.609985 1093.362549
323.000000 153.354782 467.621063 1420.795654 883.401062
473.000000 260.548126 1036.479858 1507.211792 1286.678345
474.000000 270.591400 886.706299 1506.751343 1176.666260
1350.000000 1503.510498 456.666962 2309.000000 637.000000
329.000000 1503.250610 606.666504 2319.443848 780.037415
1329.000000 800.632324 473.207733 1787.000000 801.000000
221.000000 796.023193 1680.032471 1854.718384 1786.748779
1287.000000 1298.641235 606.570312 2152.000000 818.000000
459.000000 496.852997 1030.010742 1640.586304 1269.986938
460.000000 505.081909 886.575745 1638.069580 1156.635498
1507.000000 584.822571 980.071289 1682.000000 1223.000000
405.000000 591.692078 836.588074 1678.353027 1109.849365
62.000000 1192.272217 1233.381836 2113.859131 1393.304932
334.000000 1219.114258 463.231354 2082.002441 706.577759
335.000000 1215.647705 606.642029 2087.774414 836.617493
330.000000 1225.579590 846.642944 2112.329346 1043.196655
331.000000 1222.448120 989.980652 2119.967285 1173.335205
414.000000 964.073730 476.692261 1899.801270 760.007324
415.000000 959.351990 613.310913 1904.219482 879.967346
33.000000 350.000000 303.333344 1506.987183 740.961426
817.000000 1052.913574 466.648193 1957.000000 753.000000
67.000000 1868.091309 1394.983032 2728.640137 1504.363159
1153.000000 450.005524 1062.359741 1632.000000 1293.000000
495.000000 90.770279 99.177010 1412.375732 613.335510
1013.000000 65.072990 633.497498 1392.000000 1005.000000
557.000000 227.604782 630.072144 1464.878540 990.040344
1391.000000 468.414581 626.791504 1606.000000 953.000000
947.000000 544.595093 623.410645 1650.000000 942.000000
519.000000 1056.744141 613.335327 1977.324097 866.643250
520.000000 1059.789429 493.328003 1973.646973 763.322144
493.000000 1233.792114 610.010071 2108.060059 833.269836
494.000000 1236.434082 489.994873 2103.201416 726.672668
441.000000 417.448547 1040.043701 1593.898926 1279.995483
1346.000000 423.972382 923.369080 1595.000000 1216.000000
1043.000000 303.240204 626.659790 1515.000000 976.000000
336.000000 955.059387 1033.370117 1931.784668 1233.392700
440.000000 120.019646 844.615234 1422.213135 1160.013306
453.000000 1519.192871 603.335876 2340.306885 776.646790
454.000000 1518.824219 486.659851 2332.961182 663.357483
489.000000 1313.211548 606.666199 2169.387451 816.704590
490.000000 1313.661621 490.001251 2162.782471 710.034119
23.000000 896.663269 1625.333862 1919.994629 1743.541626
492.000000 582.548096 1643.891602 1719.668457 1743.344727
181.000000 380.667328 1246.529541 1580.097046 1436.567139
402.000000 747.828552 1033.381714 1794.156128 1250.086792
1297.000000 752.409912 923.294922 1776.000000 1162.000000
436.000000 1855.404175 913.300781 2692.983398 1013.369690
435.000000 1857.134033 1023.325989 2705.107422 1130.161865
277.000000 1323.333374 1020.000000 2206.486084 1196.677979
379.000000 1721.140137 1276.325195 2568.642334 1400.574585
392.000000 1766.666626 463.333344 2545.736816 576.425049
393.000000 1766.666626 566.666687 2557.814209 696.551270
1119.000000 823.732605 1613.344360 1868.000000 1730.000000
545.000000 386.666656 470.000000 1548.792847 850.441223
873.000000 680.000000 1525.000000 1771.000000 1657.000000
613.000000 1067.000000 1316.000000 2029.000000 1472.000000
1062.000000 671.000000 1312.000000 1761.000000 1482.000000
602.000000 1324.000000 1316.000000 2241.000000 1460.000000
895.000000 752.000000 1326.000000 1814.000000 1492.000000
1424.000000 336.000000 596.000000 1473.000000 965.000000
757.000000 1984.000000 1581.000000 2870.000000 1713.000000
912.000000 1068.000000 1299.000000 2029.000000 1457.000000
738.000000 1241.000000 1296.000000 2172.000000 1446.000000
1270.000000 1930.000000 1615.000000 2788.000000 1748.000000
827.000000 1256.000000 1334.000000 2174.000000 1480.000000
909.000000 102.000000 571.000000 1406.000000 962.000000
1060.000000 1099.000000 1316.000000 2052.000000 1471.000000
1434.000000 984.000000 1316.000000 1970.000000 1476.000000
1290.000000 1050.000000 1334.000000 2017.000000 1488.000000
1417.000000 1984.000000 1601.000000 2872.000000 1735.000000
872.000000 1081.000000 1465.000000 2048.000000 1603.000000
607.000000 577.000000 591.000000 1666.000000 916.000000
887.000000 244.000000 128.000000 1572.000000 587.000000
1355.000000 263.000000 568.000000 1489.000000 940.000000
1046.000000 1067.000000 1334.000000 2030.000000 1487.000000
742.000000 1310.000000 1391.000000 2218.000000 1530.000000
1361.000000 261.000000 597.000000 1489.000000 961.000000
667.000000 1273.000000 1297.000000 2184.000000 1446.000000
904.000000 1257.000000 1280.000000 2172.000000 1431.000000
1455.000000 1274.000000 1419.000000 2204.000000 1557.000000
1227.000000 1068.000000 1279.000000 2028.000000 1439.000000
1127.000000 1324.000000 1334.000000 2228.000000 1478.000000
1038.000000 66.000000 998.000000 1407.000000 1273.000000
681.000000 1010.000000 612.000000 1946.000000 869.000000
725.000000 1038.000000 610.000000 1961.000000 865.000000
1260.000000 1002.000000 1280.000000 1968.000000 1443.000000
908.000000 1068.000000 1370.000000 2035.000000 1518.000000
704.000000 1358.000000 1297.000000 2253.000000 1442.000000
1196.000000 1900.000000 979.000000 2736.000000 1078.000000
1339.000000 1265.000000 607.000000 2134.000000 823.000000
702.000000 1266.000000 549.000000 2131.000000 771.000000
1491.000000 2213.000000 535.000000 3043.000000 536.000000
1156.000000 984.000000 1334.000000 1970.000000 1490.000000
700.000000 1240.000000 1334.000000 2161.000000 1481.000000
214.000000 151.000000 1063.000000 1444.291016 1316.643311
752.000000 1354.000000 983.000000 2231.000000 1151.000000
592.000000 532.000000 956.000000 1658.000000 1207.000000
691.000000 704.000000 955.000000 1763.000000 1191.000000
1319.000000 1813.000000 571.000000 2611.000000 678.000000
668.000000 1343.000000 1446.000000 2250.000000 1581.000000
771.000000 784.000000 615.000000 1789.000000 907.000000
683.000000 1550.000000 545.000000 2365.000000 711.000000
928.000000 1629.000000 574.000000 2437.000000 722.000000
870.000000 318.000000 1385.000000 1542.000000 1552.000000
740.000000 1504.000000 841.000000 2339.000000 1000.000000
907.000000 503.000000 564.000000 1604.000000 909.000000
1460.000000 985.000000 1370.000000 1974.000000 1522.000000
1016.000000 1034.000000 1335.000000 2005.000000 1488.000000
736.000000 1290.000000 1315.000000 2199.000000 1463.000000
1512.000000 952.000000 1278.000000 1943.000000 1443.000000
1474.000000 949.000000 1409.000000 1949.000000 1556.000000
320.000000 215.000000 479.000000 1451.434082 878.052002
809.000000 730.000000 118.000000 1872.000000 477.000000
622.000000 1550.000000 575.000000 2367.000000 739.000000
785.000000 1209.000000 1244.000000 2125.000000 1401.000000
791.000000 1035.000000 1298.000000 2004.000000 1457.000000
644.000000 1011.000000 583.000000 1945.000000 845.000000
1183.000000 1223.000000 1333.000000 2147.000000 1481.000000
968.000000 454.000000 957.000000 1612.000000 1214.000000
1225.000000 290.000000 568.000000 1542.000000 926.000000
1289.000000 967.000000 1334.000000 1957.000000 1491.000000
152.000000 946.000000 1466.000000 1947.217773 1606.653320
625.000000 989.000000 952.000000 1952.000000 1161.000000
595.000000 1273.000000 1316.000000 2186.000000 1463.000000
1215.000000 621.000000 1247.000000 1721.000000 1432.000000
678.000000 1099.000000 1334.000000 2052.000000 1486.000000
404.000000 545.000000 978.000000 1677.466797 1230.068359
425.000000 1114.000000 847.000000 2027.142578 1059.248535
612.000000 759.000000 558.000000 1776.000000 864.000000
1031.000000 1818.000000 943.000000 2648.000000 1053.000000
628.000000 1089.000000 582.000000 2000.000000 831.000000
1343.000000 1083.000000 1334.000000 2041.000000 1486.000000
883.000000 1893.000000 570.000000 2692.000000 658.000000
1445.000000 416.000000 688.000000 1573.000000 1012.000000
832.000000 294.000000 994.000000 1525.000000 1254.000000
1058.000000 1344.000000 1409.000000 2249.000000 1546.000000
606.000000 1273.000000 1334.000000 2187.000000 1480.000000
1097.000000 500.000000 621.000000 1621.000000 949.000000
666.000000 71.000000 599.000000 1391.000000 985.000000
807.000000 1553.000000 945.000000 2398.000000 1092.000000
972.000000 1290.000000 1297.000000 2198.000000 1446.000000
1167.000000 702.000000 991.000000 1764.000000 1220.000000
1201.000000 328.000000 1062.000000 1502.000000 1310.000000
1285.000000 745.000000 93.000000 1924.000000 439.000000
825.000000 1100.000000 1298.000000 2051.000000 1456.000000
703.000000 781.000000 990.000000 1814.000000 1213.000000
866.000000 1067.000000 1384.000000 2035.000000 1532.000000
826.000000 464.000000 1384.000000 1636.000000 1546.000000
1124.000000 444.000000 1302.000000 1624.000000 1483.000000
720.000000 1257.000000 1316.000000 2173.000000 1464.000000
620.000000 837.000000 557.000000 1825.000000 851.000000
1234.000000 1036.000000 1280.000000 2003.000000 1441.000000
787.000000 984.000000 1384.000000 1994.000000 1533.000000
1509.000000 1084.000000 1316.000000 2041.000000 1471.000000
1356.000000 99.000000 600.000000 1407.000000 982.000000
762.000000 479.000000 993.000000 1613.000000 1242.000000
853.000000 1328.000000 1446.000000 2237.000000 1582.000000
1200.000000 1017.000000 1299.000000 1991.000000 1460.000000
1345.000000 758.000000 587.000000 1777.000000 887.000000
767.000000 968.000000 1279.000000 1955.000000 1444.000000
1398.000000 1308.000000 1461.000000 2217.000000 1600.000000
1150.000000 1273.000000 1454.000000 2203.000000 1589.000000
1140.000000 765.000000 1355.000000 1826.000000 1515.000000
763.000000 1290.000000 1281.000000 2197.000000 1431.000000
1380.000000 1588.000000 252.000000 2411.000000 416.000000
860.000000 864.000000 556.000000 1842.000000 847.000000
1192.000000 488.000000 876.000000 1623.000000 1147.000000
838.000000 1036.000000 1261.000000 2002.000000 1425.000000
643.000000 1090.000000 552.000000 1999.000000 806.000000
1089.000000 670.000000 1327.000000 1761.000000 1496.000000
1086.000000 1296.000000 549.000000 2152.000000 766.000000
699.000000 1629.000000 544.000000 2435.000000 694.000000
926.000000 342.000000 698.000000 1531.000000 1027.000000
621.000000 578.000000 562.000000 1665.000000 893.000000
935.000000 1051.000000 1316.000000 2015.000000 1473.000000
898.000000 1325.000000 1282.000000 2226.000000 1429.000000
1247.000000 1735.000000 92.000000 2712.000000 164.000000
896.000000 1119.000000 552.000000 2019.000000 801.000000
932.000000 531.000000 563.000000 1633.000000 902.000000
692.000000 1308.000000 1317.000000 2214.000000 1478.000000
634.000000 297.000000 958.000000 1525.000000 1227.000000
701.000000 728.000000 1027.000000 1777.000000 1247.000000
636.000000 835.000000 586.000000 1826.000000 875.000000
878.000000 757.000000 616.000000 1777.000000 910.000000
886.000000 1659.000000 544.000000 2462.000000 687.000000
1009.000000 950.000000 1335.000000 1945.000000 1492.000000
639.000000 1274.000000 983.000000 2166.000000 1160.000000
1207.000000 968.000000 1316.000000 1956.000000 1475.000000
813.000000 1375.000000 1297.000000 2267.000000 1441.000000
917.000000 1116.000000 609.000000 2001.000000 856.000000
1305.000000 788.000000 558.000000 1790.000000 860.000000
1152.000000 1066.000000 1419.000000 2037.000000 1563.000000
1021.000000 936.000000 1247.000000 1926.000000 1417.000000
1503.000000 811.000000 953.000000 1831.000000 1180.000000
1513.000000 292.000000 1372.000000 1541.000000 1537.000000
1423.000000 1894.000000 599.000000 2695.000000 688.000000
879.000000 1899.000000 942.000000 2731.000000 1040.000000
1212.000000 1343.000000 1392.000000 2260.000000 1530.000000
1331.000000 1452.000000 88.000000 2428.000000 269.000000
1381.000000 1540.000000 31.000000 2520.000000 179.000000
1180.000000 1053.000000 1260.000000 2014.000000 1424.000000
1102.000000 1275.000000 864.000000 2159.000000 1052.000000
1092.000000 1041.000000 553.000000 1962.000000 816.000000
944.000000 834.000000 615.000000 1826.000000 898.000000
1333.000000 237.000000 1385.000000 1497.000000 1554.000000
1197.000000 228.000000 774.000000 1474.000000 1096.000000
1095.000000 265.000000 1465.000000 1537.000000 1614.000000
1382.000000 1327.000000 1464.000000 2182.000000 1602.000000
766.000000 530.000000 993.000000 1659.000000 1236.000000
1438.000000 2012.000000 63.000000 3041.000000 18.000000
723.000000 1012.000000 554.000000 1944.000000 820.000000
1401.000000 1329.000000 1408.000000 2234.000000 1546.000000
950.000000 1580.000000 603.000000 2392.000000 761.000000
652.000000 1770.000000 837.000000 2582.000000 955.000000
1278.000000 1070.000000 1261.000000 2027.000000 1423.000000
1181.000000 1052.000000 1280.000000 2014.000000 1440.000000
1323.000000 987.000000 988.000000 1954.000000 1193.000000
999.000000 1274.000000 946.000000 2164.000000 1127.000000
979.000000 1553.000000 982.000000 2401.000000 1127.000000
1220.000000 450.000000 1030.000000 1613.000000 1269.000000
1143.000000 1357.000000 1332.000000 2256.000000 1476.000000
984.000000 75.000000 881.000000 1406.000000 1188.000000
1035.000000 501.000000 592.000000 1649.000000 920.000000
670.000000 69.000000 961.000000 1406.000000 1247.000000
839.000000 1325.000000 1298.000000 2240.000000 1443.000000
994.000000 1068.000000 1351.000000 2033.000000 1503.000000
1032.000000 1273.000000 1281.000000 2184.000000 1431.000000
1172.000000 809.000000 990.000000 1831.000000 1210.000000
558.000000 340.000000 1371.000000 1561.716919 1543.317993
1026.000000 58.000000 505.000000 1369.000000 923.000000
748.000000 2166.000000 444.000000 2966.000000 453.000000
1202.000000 1016.000000 988.000000 1971.000000 1190.000000
1327.000000 753.000000 954.000000 1793.000000 1186.000000
1444.000000 786.000000 587.000000 1791.000000 884.000000
1179.000000 950.000000 1353.000000 1946.000000 1507.000000
1280.000000 368.000000 686.000000 1520.000000 1041.000000
1336.000000 1098.000000 950.000000 2029.000000 1149.000000
1010.000000 1633.000000 945.000000 2470.000000 1080.000000
1115.000000 452.000000 993.000000 1640.000000 1238.000000
734.000000 1917.000000 1580.000000 2797.000000 1712.000000
1044.000000 1343.000000 1428.000000 2250.000000 1564.000000
1164.000000 952.000000 1297.000000 1944.000000 1459.000000
934.000000 1580.000000 545.000000 2391.000000 705.000000
1315.000000 411.000000 714.000000 1571.000000 1030.000000
724.000000 1893.000000 540.000000 2688.000000 628.000000
959.000000 1375.000000 1316.000000 2268.000000 1459.000000
1425.000000 1035.000000 1316.000000 2005.000000 1473.000000
1443.000000 1262.000000 1419.000000 2182.000000 1558.000000
1403.000000 1659.000000 574.000000 2462.000000 716.000000
1486.000000 1882.000000 1649.000000 2767.000000 1788.000000
1468.000000 698.000000 1326.000000 1777.000000 1495.000000
789.000000 539.000000 1384.000000 1669.000000 1546.000000
605.000000 1069.000000 951.000000 2009.000000 1152.000000
1199.000000 1939.000000 1630.000000 2801.000000 1764.000000
185.000000 406.000000 853.000000 1568.421265 1133.327271
924.000000 1819.000000 980.000000 2652.000000 1090.000000
1224.000000 329.000000 875.000000 1537.000000 1162.000000
1130.000000 1266.000000 579.000000 2132.000000 797.000000
52.000000 1294.000000 1463.000000 2297.809326 1620.474854
1050.000000 1939.000000 1602.000000 2800.000000 1736.000000
1261.000000 1583.000000 982.000000 2500.000000 1112.000000
1458.000000 1198.000000 81.000000 2214.000000 328.000000
1499.000000 1118.000000 581.000000 2018.000000 826.000000
1273.000000 292.000000 1030.000000 1526.000000 1280.000000
1033.000000 1068.000000 987.000000 2011.000000 1185.000000
943.000000 1303.000000 983.000000 2188.000000 1157.000000
1128.000000 1021.000000 212.000000 1997.000000 519.000000
1347.000000 564.000000 874.000000 1671.000000 1139.000000
1365.000000 695.000000 1355.000000 1772.000000 1517.000000
1400.000000 439.000000 1384.000000 1625.000000 1547.000000
506.000000 1450.000000 1454.000000 2355.686523 1573.989502
1072.000000 1100.000000 1279.000000 2050.000000 1438.000000
869.000000 1240.000000 1280.000000 2158.000000 1432.000000
232.000000 1604.000000 862.000000 2434.128906 1013.270630
626.000000 33.000000 505.000000 1406.000000 913.000000
618.000000 1358.000000 1315.000000 2255.000000 1459.000000
236.000000 1223.000000 1258.000000 2145.813721 1413.253052
976.000000 1551.000000 604.000000 2370.000000 767.000000
1178.000000 1663.000000 944.000000 2498.000000 1076.000000
1208.000000 1385.000000 945.000000 2253.000000 1113.000000
170.000000 1204.000000 1483.000000 2129.882324 1624.371338
1265.000000 985.000000 1260.000000 1968.000000 1428.000000
559.000000 354.000000 1236.000000 1561.413940 1443.308838
587.000000 1344.000000 577.000000 2194.000000 782.000000
1325.000000 1343.000000 1462.000000 2238.000000 1597.000000
1085.000000 814.000000 873.000000 1811.000000 1116.000000
1450.000000 217.000000 995.000000 1468.000000 1262.000000
590.000000 780.000000 1027.000000 1815.000000 1242.000000
915.000000 606.000000 561.000000 1680.000000 890.000000
384.000000 317.000000 1009.000000 1545.126221 1263.545532
651.000000 1302.000000 1020.000000 2187.000000 1190.000000
151.000000 952.000000 1260.000000 1942.926270 1430.009888
1027.000000 732.000000 954.000000 1778.000000 1188.000000
792.000000 404.000000 1466.000000 1609.000000 1610.000000
1082.000000 300.000000 1420.000000 1542.000000 1578.000000
50.000000 1543.000000 1398.000000 2447.644531 1526.710327
1478.000000 1712.000000 93.000000 3007.000000 56.000000
888.000000 701.000000 1028.000000 1765.000000 1249.000000
1344.000000 1103.000000 1258.000000 2049.000000 1421.000000
572.000000 122.000000 860.000000 1428.324585 1161.934570
1308.000000 1290.000000 79.000000 2289.000000 300.000000
1109.000000 1017.000000 1280.000000 1990.000000 1442.000000
1003.000000 901.000000 89.000000 2053.000000 390.000000
850.000000 1000.000000 1334.000000 1981.000000 1489.000000
836.000000 1067.000000 1406.000000 2036.000000 1551.000000
617.000000 783.000000 954.000000 1813.000000 1183.000000
1004.000000 736.000000 874.000000 1761.000000 1125.000000
1480.000000 983.000000 1419.000000 1994.000000 1564.000000

1.000000 933.354065 371.053314 2393.378662 342.297272 1867.384399 685.651367 3070.935791 313.022278
4.000000 1476.660034 76.410805 129.861420 111.320122 2442.496582 244.470840 1451.586304 622.082153
5.000000 923.982178 376.692169 872.608643 1683.697876 1864.570312 699.953918 1903.062744 1733.467529
3.000000 888.144592 1680.179199 936.804382 373.586731 1916.960205 1789.988892 1875.673706 696.326660
10.000000 3.268101 393.745056 913.409790 373.423950 1329.589722 855.354004 1850.765991 692.450439
16.000000 896.693970 297.940796 100.036163 315.020233 1816.987793 637.629944 1506.987183 740.961426
39.000000 922.810303 1236.543945 915.708801 1489.789551 1916.019775 1409.885132 1925.283936 1626.583252
35.000000 1124.859131 1486.705933 1131.290771 1236.614136 2076.366943 1620.014038 2066.077148 1399.871704
80.000000 1846.646729 345.578644 1616.662720 349.785950 2606.458252 449.321259 2440.118408 500.385498
24.000000 2165.466797 823.243286 2174.894287 1046.600830 3002.490234 866.320740 3036.739258 1112.860229
27.000000 1970.961670 1046.731689 1964.840210 823.383423 2803.931152 1140.281494 2778.645508 906.821472
58.000000 1212.702026 829.633606 1208.860107 1052.483276 2099.997070 1033.130615 2111.781982 1226.761108
37.000000 1756.502686 826.632690 1758.860718 1046.678833 2567.133545 949.645874 2587.350098 1166.603027
49.000000 1418.089966 1050.001099 1417.476074 828.894531 2279.886963 1206.675171 2264.540527 1003.493896
48.000000 1491.571655 830.003662 1492.183838 1049.485107 2326.179688 993.116394 2341.702393 1196.791016
42.000000 562.026306 1463.451416 574.642944 1246.937256 1689.307739 1606.528687 1693.310303 1393.145386
62.000000 1127.187378 1053.379883 1129.802490 836.624084 2050.752686 1236.819092 2039.711182 1049.820190
76.000000 837.526611 1056.604370 842.986511 839.907288 1849.736450 1263.360107 1832.436157 1087.847656
38.000000 1697.880859 1047.289307 1698.109619 829.993225 2530.518066 1176.360596 2511.411621 959.869141
174.000000 586.667480 1682.788940 793.338562 1683.092163 1723.384521 1785.280273 1853.453369 1790.079102
133.000000 915.708801 1489.789551 1123.339111 1489.878296 1929.952393 1626.664062 2073.304199 1624.619751
46.000000 1755.949951 628.755371 1960.634521 623.385010 2552.068848 748.072998 2755.336426 699.711548
92.000000 1403.323242 1231.382812 1199.976440 1229.897583 2280.062256 1377.559814 2116.594971 1388.972900
101.000000 1417.476074 828.894531 1212.702026 829.633606 2260.733398 1000.592163 2103.333008 1029.998901
97.000000 1208.860107 1052.483276 1413.312134 1050.224365 2116.029541 1228.596436 2276.268799 1207.041748
182.000000 599.968750 1391.476562 804.785278 1390.117554 1716.509888 1550.085449 1843.203247 1543.971191
43.000000 1763.308960 1047.587524 1966.652832 1046.725586 2592.500244 1166.668823 2803.931152 1140.281494
131.000000 1126.668457 1231.808594 923.335266 1232.005737 2060.109375 1394.714844 1916.882568 1406.059082
137.000000 919.993958 1054.662964 1123.327026 1054.433228 1906.215576 1256.229492 2046.205933 1239.482056
65.000000 1492.183838 1049.485107 1697.880859 1047.289307 2345.990723 1197.626221 2530.518066 1176.360596
106.000000 1202.183350 633.872437 1403.194946 630.140381 2082.305664 859.113953 2235.482910 821.806396
149.000000 1126.701782 833.086670 926.689819 835.365784 2033.625854 1044.934692 1896.659180 1069.958862
45.000000 1960.017090 821.598999 1760.004395 823.739075 2773.849365 906.149536 2566.806396 944.095398
203.000000 810.005249 1231.994995 609.997864 1232.519287 1836.826904 1412.066406 1716.516479 1421.396240
69.000000 1693.344849 824.469360 1493.365601 826.506470 2506.892334 954.523254 2327.042480 988.647766
280.000000 353.407990 840.067871 156.689758 844.385437 1541.319824 1140.122070 1442.390747 1160.024048
190.000000 636.588440 1059.473267 833.309448 1055.487549 1719.800537 1281.915405 1843.040039 1264.581787
73.000000 1493.239624 629.265808 1689.959229 626.776550 2310.661865 803.532959 2485.828369 763.076477
78.000000 1496.629272 834.246338 1693.300537 831.209778 2332.961182 994.695251 2506.405029 961.947998
147.000000 945.812500 638.935791 1143.260010 634.949524 1897.845459 902.947388 2035.214722 870.499695
112.000000 1403.356445 441.141785 1206.285278 445.930450 2223.152588 649.367493 2073.035645 692.292053
51.000000 1763.326782 830.285278 1959.999756 829.864441 2573.229492 949.418457 2772.812500 913.751648
53.000000 1950.004639 433.592651 1756.614014 437.072632 2726.564941 506.314972 2533.035889 562.305481
102.000000 642.777466 840.151489 632.242188 1033.273804 1712.088013 1106.613037 1716.199585 1266.678711
75.000000 1686.688232 437.897369 1493.355591 441.276154 2470.026367 580.092590 2299.624756 628.683777
156.000000 1146.695801 448.107422 953.373962 452.012238 2023.921997 708.743286 1893.096191 745.830261
196.000000 693.269958 641.256348 886.615845 638.992371 1735.585571 942.236633 1855.750732 912.913391
188.000000 893.367676 451.494476 699.255127 456.344299 1847.098633 758.159241 1727.471680 792.781555
244.000000 433.194794 648.384888 626.469971 642.973999 1581.109497 980.138550 1689.236084 953.608459
116.000000 1220.005859 837.101379 1413.304443 834.511475 2106.545898 1036.014771 2256.938232 1008.130920
245.000000 586.729065 837.578674 396.672150 840.373169 1678.353027 1109.849365 1570.019043 1130.100098
67.000000 1751.339355 439.971710 1755.949951 628.755371 2531.003418 566.568665 2548.901611 749.781677
158.000000 933.314819 841.925659 1123.325806 839.425659 1899.885620 1076.041992 2033.619141 1051.561279
217.000000 836.695862 836.087341 646.681885 838.103394 1833.628906 1081.595825 1716.653198 1103.260864
146.000000 384.473663 649.877991 394.120300 463.368591 1549.180298 987.144897 1544.601685 846.939636
54.000000 2152.233154 436.586884 2159.404053 621.879944 2948.838867 449.714905 2974.723389 646.921753
59.000000 1960.634521 623.385010 1954.552490 436.744293 2755.336426 699.711548 2732.616943 510.087311
294.000000 193.247314 650.940796 379.971985 648.135803 1452.036621 1010.527771 1549.180298 987.144897
71.000000 1693.712280 626.715271 1690.642822 440.044250 2491.305176 763.525085 2474.292480 583.557739
218.000000 649.986816 845.590515 836.666382 843.308105 1716.078247 1110.148682 1832.436157 1087.847656
93.000000 1206.285278 445.930450 1202.183350 633.872437 2070.147949 696.486267 2078.614502 859.899109
55.000000 1760.016846 443.974060 1946.642456 439.077606 2536.107666 568.069214 2726.550049 512.930847
86.000000 1405.043579 633.323181 1406.212891 446.642944 2239.274414 823.385498 2227.041260 653.306396
165.000000 202.953903 469.719910 189.087830 653.515991 1451.434082 878.052002 1452.036621 1010.527771
125.000000 699.255127 456.344299 689.915710 640.151184 1726.247803 796.579529 1730.636230 943.314331
115.000000 952.398438 456.629150 945.812500 638.935791 1890.737549 749.971558 1897.845459 902.947388
121.000000 889.900513 640.097839 895.452637 456.629913 1860.675293 913.259766 1844.410156 763.942261
126.000000 628.586731 646.609985 635.939148 463.304138 1694.949097 953.185486 1681.612061 807.434204
84.000000 1490.344604 446.641510 1488.800293 630.017944 2297.019775 633.063965 2310.661865 803.532959
247.000000 630.014038 457.437805 446.680756 460.773621 1683.915039 805.317749 1580.659790 835.584229
109.000000 1146.706055 636.667114 1148.893555 453.320129 2040.167480 869.979004 2020.627808 714.090271
166.000000 143.828552 653.373962 158.614655 473.219635 1422.333740 1016.716675 1420.795654 883.401062
151.000000 1386.671143 1245.839722 1213.324829 1244.905762 2266.829590 1392.329468 2130.132568 1401.894653
79.000000 1946.694824 837.232056 1776.655518 838.460022 2760.175537 924.322632 2586.970703 955.046875
266.000000 2340.015137 440.770050 2170.015137 444.109863 3070.093506 423.656525 2970.700684 452.421204
117.000000 1680.041260 839.604736 1510.027954 841.993408 2493.785400 972.449585 2343.370850 1000.203308
157.000000 1400.026733 841.955566 1230.012939 844.281006 2250.551758 1016.332764 2116.837646 1040.929565
194.000000 1113.348877 1246.521851 943.336670 1247.347656 2053.501465 1408.784424 1930.151855 1418.578491
82.000000 1936.683960 447.444092 1770.025513 451.147797 2716.728271 523.546936 2550.427979 571.484802
160.000000 1390.040527 456.160736 1223.360352 458.549316 2213.914307 665.419250 2083.793701 701.652954
278.000000 826.679443 851.049072 659.996826 853.074646 1827.154663 1095.987915 1726.866699 1114.421509
282.000000 793.362305 1246.535645 626.679138 1248.044434 1826.833252 1425.441528 1726.668579 1433.358154
212.000000 1103.341309 1473.352417 936.675537 1473.748169 2060.067871 1610.062378 1940.049194 1612.460693
219.000000 1110.012817 847.727234 943.370239 849.733765 2027.142578 1059.248535 1910.150146 1080.814331
283.000000 786.682312 1374.468628 620.047241 1376.764160 1830.091919 1531.666992 1730.028687 1537.186768
220.000000 1133.352905 460.814056 970.033447 464.728394 2017.137451 721.633545 1903.625977 754.348816
179.000000 1393.383667 1033.788940 1230.034790 1035.956665 2256.886230 1194.930542 2130.320557 1212.331543
123.000000 1673.364990 452.467529 1510.015869 454.566376 2456.977051 597.792297 2313.521729 637.349609
83.000000 1946.679077 1030.040894 1783.335693 1030.641846 2780.344238 1125.900269 2610.272949 1148.703125
129.000000 1676.682739 1032.188232 1513.358276 1033.388306 2506.901123 1161.718262 2363.507568 1181.277344
228.000000 1103.346924 1038.414429 940.023621 1039.689575 2033.715332 1226.248901 1920.148193 1241.130493
251.000000 816.702087 1039.856934 653.388916 1041.671387 1833.603394 1251.939941 1727.598999 1266.697388
261.000000 876.714600 465.998108 716.646484 468.877563 1840.590454 772.061768 1740.229980 800.803040
239.000000 1126.717896 620.012573 966.704285 622.460083 2020.857910 860.134949 1913.348877 886.729553
90.000000 1936.708374 609.782715 1776.692383 611.921936 2730.844482 690.095276 2569.933838 729.731140
127.000000 1922.567871 1435.885864 1832.142822 1306.182251 2793.285889 1584.287842 2720.642822 1457.718018
281.000000 376.676697 477.348450 219.994949 479.656708 1548.792847 850.441223 1451.434082 878.052002
197.000000 1383.371216 616.118713 1226.688232 618.249878 2217.268555 812.472656 2097.086182 841.723511
15.000000 1693.333374 300.000000 1850.000000 300.000000 2293.538574 500.639038 2619.750977 395.891174
183.000000 804.785278 1390.117554 812.262695 1236.624756 1837.468018 1543.548218 1834.507690 1416.794922
140.000000 1670.034790 613.289307 1516.648071 614.910278 2467.493652 753.447632 2330.702637 786.262695
272.000000 30.411850 1040.035522 43.355865 890.001953 1389.672363 1303.331665 1390.207153 1200.001099
271.000000 182.222214 1036.582031 193.636124 886.689697 1466.453247 1290.007568 1466.705566 1186.666748
210.000000 668.629028 1033.435669 676.456665 883.322388 1744.359619 1256.733032 1740.907471 1136.640625
209.000000 607.019897 1236.531616 600.213501 1386.676392 1711.419556 1426.623291 1715.084473 1546.714966
135.000000 1920.322876 1586.656860 1915.765137 1436.592773 2800.158447 1720.356323 2784.352539 1579.511597
164.000000 1034.375366 1030.029541 1038.630249 879.961182 1987.987305 1226.747803 1982.609985 1093.362549
243.000000 260.548126 1036.479858 270.591400 886.706299 1507.211792 1286.678345 1506.751343 1176.666260
169.000000 1503.510498 456.666962 1503.250610 606.666504 2310.690674 649.953552 2319.443848 780.037415
195.000000 1713.208740 1273.097656 1581.257446 1339.202637 2568.642334 1400.574585 2458.569092 1455.285889
114.000000 796.023193 1680.032471 797.794922 1533.346924 1854.718384 1786.748779 1848.255371 1633.406860
236.000000 496.852997 1030.010742 505.081909 886.575745 1640.586304 1269.986938 1638.069580 1156.635498
208.000000 584.822571 980.071289 591.692078 836.588074 1677.466797 1230.068359 1678.353027 1109.849365
31.000000 1192.272217 1233.381836 1198.834229 1376.872437 2113.859131 1393.304932 2126.288330 1623.353760
172.000000 1219.114258 463.231354 1215.647705 606.642029 2082.002441 706.577759 2087.774414 836.617493
170.000000 1225.579590 846.642944 1222.448120 989.980652 2112.329346 1043.196655 2119.967285 1173.335205
256.000000 56.611668 1422.994263 70.649643 1282.731079 1455.787720 1486.658447 1454.786865 1593.315674
213.000000 964.073730 476.692261 959.351990 613.310913 1899.801270 760.007324 1904.219482 879.967346
162.000000 1868.091309 1394.983032 1766.781738 1309.258057 2679.347168 1461.956177 2548.743164 1431.186035
110.000000 157.783890 856.517334 149.003754 986.824158 1442.390747 1160.024048 1444.291016 1316.643311
25.000000 1543.979004 1386.641357 1548.827271 1510.437622 2447.644531 1526.710327 2452.159424 1770.083618
287.000000 227.604782 630.072144 236.838318 510.013214 1467.489746 890.021484 1464.878540 990.040344
267.000000 1056.744141 613.335327 1059.789429 493.328003 1977.324097 866.643250 1973.646973 763.322144
254.000000 1233.792114 610.010071 1236.434082 489.994873 2108.060059 833.269836 2103.201416 726.672668
227.000000 417.448547 1040.043701 423.972382 923.369080 1593.898926 1279.995483 1592.955566 1163.336426
173.000000 955.059387 1033.370117 957.548218 916.614380 1931.784668 1233.392700 1926.803711 1103.328125
233.000000 1519.192871 603.335876 1518.824219 486.659851 2340.306885 776.646790 2332.961182 663.357483
252.000000 1313.211548 606.666199 1313.661621 490.001251 2169.387451 816.704590 2162.782471 710.034119
231.000000 1586.098389 486.670502 1586.885498 603.331848 2410.420410 759.965149 2401.028564 646.581482
11.000000 1009.995850 1625.044800 896.663269 1625.333862 2436.834717 1756.762817 1919.994629 1743.541626
253.000000 593.044983 1533.305908 582.548096 1643.891602 1715.997070 1636.575073 1719.668457 1743.344727
94.000000 380.667328 1246.529541 374.981842 1357.094238 1580.097046 1436.567139 1582.501099 1600.012207
207.000000 747.828552 1033.381714 752.409912 923.294922 1794.156128 1250.086792 1790.002319 1129.999878
224.000000 1855.404175 913.300781 1857.134033 1023.325989 2705.107422 1130.161865 2692.983398 1013.369690
143.000000 1323.333374 1020.000000 1323.333374 910.000000 2206.486084 1196.677979 2197.676025 1056.603149
33.000000 1887.560303 1505.840942 1866.632812 1398.704346 2771.120361 1725.168457 2728.640137 1504.363159
113.000000 1824.833618 1308.498047 1721.140137 1276.325195 2717.484863 1452.528198 2573.616699 1397.252930
202.000000 1766.666626 463.333344 1766.666626 566.666687 2545.736816 576.425049 2557.814209 696.551270
167.000000 823.732605 1613.344360 826.414856 1516.567261 1872.792725 1729.685547 1858.089722 1599.089233
