Keypoint Matches and Line Matches for pairs 16, 17 
16 corresponds to the image ./resources/Data/CastleP19/images/0016.png 
17 corresponds to the image ./resources/Data/CastleP19/images/0017.png 

2.000000 1781.172363 643.185547 1867.384399 685.651367
8.000000 2316.379150 262.197968 2442.496582 244.470840
12.000000 614.673035 673.693298 872.610168 789.500671
14.000000 546.433105 1746.902344 840.932129 1730.195679
15.000000 627.553894 680.067444 883.452087 803.338806
10.000000 1771.237671 656.637329 1864.570312 699.953918
1096.000000 2319.945068 456.408264 2316.000000 465.000000
19.000000 2352.109131 255.110794 2508.174561 221.835327
20.000000 1099.682495 785.126953 1329.589722 855.354004
21.000000 1760.458130 648.888672 1850.765991 692.450439
17.000000 619.618042 664.320679 875.842834 790.092041
37.000000 2773.277832 1807.764404 2766.643555 1792.971069
34.000000 639.414856 671.510925 893.202271 793.874512
35.000000 917.041931 779.031006 1170.556030 861.037231
958.000000 1733.559448 587.695190 1821.000000 631.000000
64.000000 493.421234 1750.006958 793.838135 1730.022827
65.000000 514.713989 1480.636108 804.206055 1500.340332
44.000000 256.883789 1503.023926 575.577759 1526.446655
1493.000000 517.629822 1750.083984 814.000000 1732.000000
50.000000 2426.253174 1536.807861 2447.644531 1526.710327
51.000000 2435.680908 1787.080444 2452.159424 1770.083618
52.000000 2259.760742 1633.347168 2297.809326 1620.474854
53.000000 2245.440186 1386.544434 2283.470215 1383.104858
48.000000 3026.591064 899.554138 3002.490234 866.320740
49.000000 3059.446777 1139.619507 3036.739258 1112.860229
22.000000 2416.664307 1770.109131 2436.834717 1756.762817
87.000000 2381.376953 238.025696 2515.105713 213.139984
68.000000 793.309753 1749.579834 1073.401611 1731.380859
69.000000 559.963989 1762.692871 853.280884 1742.272705
24.000000 2393.072510 1756.300903 2416.705322 1741.834106
54.000000 2819.436035 1160.063110 2803.931152 1140.281494
55.000000 2793.676758 929.961548 2778.645508 906.821472
104.000000 2367.380127 233.272293 2504.584961 203.554794
86.000000 2589.483154 1176.933838 2592.500244 1166.668823
62.000000 2050.131104 1393.177002 2113.859131 1393.304932
63.000000 2060.372070 1620.133667 2126.288330 1623.353760
80.000000 780.047119 1741.075439 1066.671021 1723.442261
81.000000 553.377380 1751.005493 849.954895 1732.219604
89.000000 2789.993164 926.610657 2773.849365 906.149536
90.000000 2569.964355 953.036987 2566.806396 944.095398
74.000000 2566.400146 956.392090 2567.133545 949.645874
75.000000 2586.125732 1176.715088 2587.350098 1166.603027
126.000000 862.602417 478.496307 1122.055420 593.061035
127.000000 1082.334961 458.839966 1304.718628 559.422119
57.000000 2849.993652 1777.014038 2836.622314 1765.093018
132.000000 2550.881592 756.792480 2548.901611 749.781677
92.000000 2770.403320 723.397827 2755.336426 699.711548
76.000000 2524.666748 1183.504883 2530.518066 1176.360596
77.000000 2506.052490 966.433472 2511.411621 959.869141
133.000000 627.176086 1481.059570 911.381897 1500.875488
360.000000 604.345337 1697.790649 896.617371 1686.810547
101.000000 2573.234131 959.149963 2573.229492 949.418457
102.000000 2786.773682 934.251282 2772.812500 913.751648
145.000000 198.605179 1196.861084 511.406525 1274.332031
146.000000 220.049500 983.004028 523.955505 1096.489746
71.000000 1993.759766 1396.778687 2066.077148 1399.871704
105.000000 2743.557129 531.163330 2726.564941 506.314972
106.000000 2536.228516 571.055908 2533.035889 562.305481
99.000000 401.199524 1746.757324 732.784912 1726.802734
95.000000 2299.819336 989.784973 2326.179688 993.116394
96.000000 2315.269043 1199.862549 2341.702393 1196.791016
97.000000 2244.407959 1206.823242 2279.886963 1206.675171
98.000000 2230.051025 999.765320 2264.540527 1003.493896
159.000000 362.987030 1013.615112 651.053833 1113.398193
160.000000 343.516968 1220.017334 640.387756 1286.690552
141.000000 738.338806 1693.224243 1023.846863 1684.058105
142.000000 751.692505 1489.892212 1029.941162 1503.228760
109.000000 2539.990967 576.619934 2536.107666 568.069214
110.000000 2739.712891 538.495850 2726.550049 512.930847
115.000000 2040.889038 1023.288269 2099.997070 1033.130615
116.000000 2051.024170 1223.281372 2111.781982 1226.761108
143.000000 2285.090088 797.027161 2310.661865 803.532959
144.000000 2482.506592 767.805298 2485.828369 763.076477
135.000000 2500.137207 961.097717 2506.892334 954.523254
136.000000 2303.211914 985.695435 2327.042480 988.647766
122.000000 1979.090332 1230.041870 2050.752686 1236.819092
123.000000 1970.021729 1033.178833 2039.711182 1049.820190
107.000000 2974.518799 493.179932 2948.838867 449.714905
108.000000 2999.568359 686.722534 2974.723389 646.921753
153.000000 2306.561768 992.502869 2332.961182 994.695251
154.000000 2500.174316 968.045959 2506.405029 961.947998
171.000000 51.243023 732.499634 370.754730 902.601807
172.000000 238.179382 788.262146 535.319946 933.006104
168.000000 505.497894 1243.785278 788.142212 1300.122314
169.000000 522.452332 1049.928711 797.823059 1133.222778
147.000000 2466.756836 583.815735 2470.026367 580.092590
148.000000 2276.543213 619.338440 2299.624756 628.683777
149.000000 1737.795044 1253.412476 1849.736450 1263.360107
193.000000 257.092468 605.473328 543.166321 777.417542
194.000000 76.320724 540.969482 386.113586 742.486694
175.000000 216.397339 977.875854 523.076721 1091.880371
176.000000 29.357882 936.216248 359.603607 1069.571289
207.000000 71.443100 543.088928 382.585938 743.570862
208.000000 47.266315 730.077515 368.203247 900.141174
117.000000 2749.021729 536.379395 2732.616943 510.087311
155.000000 2773.413574 944.028931 2760.175537 924.322632
156.000000 2586.922607 965.551208 2586.970703 955.046875
177.000000 2240.058838 1381.330688 2280.062256 1377.559814
178.000000 2053.314941 1389.585815 2116.594971 1388.972900
195.000000 2226.847656 994.806580 2260.733398 1000.592163
196.000000 2043.417847 1017.354614 2103.333008 1029.998901
187.000000 2056.326416 1222.800659 2116.029541 1228.596436
188.000000 2239.705566 1206.655884 2276.268799 1207.041748
203.000000 652.039001 1080.151367 929.989319 1151.156250
204.000000 638.427612 1263.464111 911.626587 1309.802490
202.000000 1081.580688 1316.725830 1328.206909 1340.015259
161.000000 2730.233887 547.888733 2716.728271 523.546936
162.000000 2550.440430 582.301392 2550.427979 571.484802
205.000000 2022.720215 839.500549 2082.305664 859.113953
206.000000 2202.388184 810.759094 2235.482910 821.806396
233.000000 260.886993 609.736145 547.170105 783.134094
131.000000 2532.317627 576.446655 2531.003418 566.568665
163.000000 2790.334473 1143.974121 2780.344238 1125.900269
164.000000 2610.207520 1159.133423 2610.272949 1148.703125
139.000000 2486.173340 766.711426 2491.305176 763.525085
140.000000 2469.865967 586.981262 2474.292480 583.557739
217.000000 2190.206787 634.431274 2223.152588 649.367493
179.000000 2012.911133 668.804810 2070.147949 696.486267
157.000000 2616.426514 465.466248 2606.458252 449.321259
158.000000 2440.147461 500.736786 2440.118408 500.385498
225.000000 2046.691406 1023.536743 2106.545898 1036.014771
226.000000 2223.178467 1002.060913 2256.938232 1008.130920
166.000000 2204.918945 813.446533 2239.274414 823.385498
167.000000 2193.482666 636.872864 2227.041260 653.306396
181.000000 1402.407104 1429.997070 1580.097046 1436.567139
182.000000 1401.848145 1606.661987 1582.501099 1600.012207
219.000000 2725.937012 1466.124390 2717.484863 1452.528198
220.000000 2561.463623 1406.719116 2573.616699 1397.252930
165.000000 2272.383057 623.168091 2297.019775 633.063965
197.000000 1575.386719 1076.661133 1712.088013 1106.613037
198.000000 1575.849487 1250.002197 1716.199585 1266.678711
173.000000 2743.680176 712.118591 2730.844482 690.095276
174.000000 2573.335693 740.013672 2569.933838 729.731140
240.000000 397.254150 656.725098 670.467102 806.698059
241.000000 380.844177 827.787964 660.614441 953.374634
265.000000 1806.270996 1245.014526 1906.215576 1256.229492
266.000000 1976.258423 1231.523315 2046.205933 1239.482056
253.000000 1990.043945 1394.199829 2060.109375 1394.714844
254.000000 1819.974243 1402.824585 1916.882568 1406.059082
180.000000 2019.538696 840.019653 2078.614502 859.899109
120.000000 23.003567 939.539612 354.939575 1073.177979
288.000000 1966.922852 1028.794189 2033.625854 1044.934692
289.000000 1800.264648 1048.864258 1896.659180 1069.958862
227.000000 2486.830811 977.999146 2493.785400 972.449585
228.000000 2320.229736 998.531128 2343.370850 1000.203308
269.000000 203.390747 989.739258 509.687531 1102.348633
270.000000 39.910049 953.741821 369.943695 1083.756470
211.000000 1972.000854 850.065552 2040.167480 869.979004
212.000000 1963.801392 683.474365 2020.627808 714.090271
308.000000 246.140320 614.833252 532.675720 786.358643
309.000000 88.945740 559.670959 399.823181 757.480042
1454.000000 2453.380127 600.261475 2462.000000 595.000000
239.000000 2290.497070 629.441284 2313.521729 637.349609
224.000000 1804.763916 873.346924 1897.845459 902.947388
285.000000 1969.210205 848.212952 2035.214722 870.499695
185.000000 1393.538330 1103.294556 1568.421265 1133.327271
186.000000 1391.512207 1266.685425 1568.614502 1296.680176
306.000000 1803.167358 1055.296631 1899.885620 1076.041992
307.000000 1963.241455 1035.908325 2033.619141 1051.561279
350.000000 103.156425 999.979553 427.265289 1120.047852
351.000000 84.663292 1159.768188 417.148376 1246.705200
279.000000 535.693848 873.539246 804.646973 980.075684
280.000000 549.669617 713.304504 812.719360 839.964600
250.000000 2496.872070 1169.011353 2506.901123 1161.718262
251.000000 2336.932129 1183.029541 2363.507568 1181.277344
234.000000 1758.404053 883.381592 1860.675293 913.259766
235.000000 1753.559814 723.225647 1844.410156 763.942261
301.000000 2080.012451 1617.957520 2143.362061 1608.511597
302.000000 1960.041626 680.224792 2023.921997 708.743286
303.000000 1803.205322 709.309692 1893.096191 745.830261
316.000000 176.874176 1178.678589 493.343933 1259.882935
317.000000 19.890995 1154.027466 359.898254 1247.789307
252.000000 347.032806 1220.869629 643.530762 1287.741821
267.000000 520.059998 1046.391113 796.318726 1129.313843
268.000000 366.049164 1012.834045 656.543091 1110.939941
346.000000 222.823318 768.320068 516.736755 916.295776
347.000000 72.711777 722.014954 389.571716 892.266602
287.000000 531.777649 874.084961 800.491333 980.690063
292.000000 2226.789307 1396.138428 2266.829590 1392.329468
293.000000 2069.985107 1402.991211 2130.132568 1401.894653
223.000000 1799.669556 716.595764 1890.737549 749.971558
242.000000 1599.971680 749.952026 1726.247803 796.579529
243.000000 1602.246460 906.634033 1730.636230 943.314331
394.000000 1723.536377 1407.473877 1836.826904 1412.066406
395.000000 1567.082275 1415.143921 1716.516479 1421.396240
297.000000 645.395325 906.497620 910.678711 1000.026733
273.000000 548.888000 709.714783 810.020813 836.576294
274.000000 402.277222 656.228210 672.952454 804.985962
271.000000 2460.586182 757.078125 2467.493652 753.447632
272.000000 2306.845459 781.142944 2330.702637 786.262695
304.000000 2213.372559 1010.320557 2250.551758 1016.332764
305.000000 2059.890381 1029.104614 2116.837646 1040.929565
375.000000 178.531723 1016.514038 492.328156 1129.927368
376.000000 162.582703 1169.921997 483.394653 1253.578613
369.000000 1579.621460 1266.111572 1719.800537 1281.915405
370.000000 1733.122559 1251.168335 1843.040039 1264.581787
244.000000 1557.606445 913.260803 1694.949097 953.185486
245.000000 1545.821777 760.579773 1681.612061 807.434204
380.000000 1605.924438 905.363098 1735.585571 942.236633
381.000000 1755.818848 881.369995 1855.750732 912.913391
281.000000 1417.530273 786.692078 1580.825928 840.006897
282.000000 1412.749634 937.190063 1581.109497 980.138550
365.000000 1750.337769 718.433960 1847.098633 758.159241
366.000000 1603.307617 746.531799 1727.471680 792.781555
314.000000 2681.998535 1474.636353 2679.347168 1461.956177
315.000000 2536.139648 1441.120117 2548.743164 1431.186035
284.000000 1369.569336 794.165955 1544.601685 846.939636
310.000000 2176.757324 650.496094 2213.914307 665.419250
311.000000 2030.113770 677.289246 2083.793701 701.652954
957.000000 1113.594727 444.962616 1331.000000 541.000000
477.000000 966.349182 422.353912 1192.367065 537.795715
422.000000 1726.791138 1057.673706 1833.628906 1081.595825
423.000000 1579.896606 1075.830566 1716.653198 1103.260864
348.000000 2220.287842 1193.216675 2256.886230 1194.930542
349.000000 2073.306396 1206.364258 2130.320557 1212.331543
340.000000 776.200745 943.314697 1037.010132 1020.010315
341.000000 782.068176 796.482910 1040.910034 889.927368
358.000000 1097.705444 840.043579 1330.745117 909.967163
359.000000 1091.552368 986.731812 1329.137817 1036.697998
213.000000 1232.314941 1123.352539 1442.390747 1160.024048
298.000000 864.391602 653.367249 1133.783081 750.061340
299.000000 869.092407 506.744446 1130.873779 613.314758
320.000000 1248.899780 816.684448 1451.434082 878.052002
321.000000 1248.572754 963.180847 1452.036621 1010.527771
382.000000 2183.787598 799.451782 2217.268555 812.472656
383.000000 2040.462402 822.834595 2097.086182 841.723511
424.000000 1583.190308 1082.137207 1716.078247 1110.148682
150.000000 1726.467651 1065.002930 1832.436157 1087.847656
478.000000 827.706787 460.451935 1093.777222 581.012756
377.000000 1976.776367 1408.819946 2053.501465 1408.784424
378.000000 1833.306030 1416.130615 1930.151855 1418.578491
379.000000 2552.993652 1409.935181 2568.642334 1400.574585
323.000000 1211.074951 824.010742 1420.795654 883.401062
475.000000 1552.946655 914.332947 1689.236084 953.608459
425.000000 1953.398193 1043.862793 2027.142578 1059.248535
426.000000 1813.458618 1061.021362 1910.150146 1080.814331
437.000000 425.425140 1069.887695 712.404724 1156.611328
438.000000 412.733734 1210.247192 705.439270 1273.458862
246.000000 2801.772705 1593.505737 2793.285889 1584.287842
247.000000 2727.750244 1473.932373 2720.642822 1457.718018
261.000000 2808.342773 1730.182739 2800.158447 1720.356323
262.000000 2792.931152 1590.411865 2784.352539 1579.511597
294.000000 2081.727539 1200.075073 2142.129883 1203.404297
295.000000 2075.178223 1059.913818 2134.066162 1066.623413
481.000000 280.977051 302.152313 570.542969 514.171936
482.000000 153.369919 360.080597 480.448334 572.507202
405.000000 1533.817993 1080.502808 1678.353027 1109.849365
476.000000 1396.811523 1097.812866 1570.019043 1130.100098
451.000000 486.077148 1083.285645 768.245422 1166.573975
452.000000 475.013916 1220.135864 762.243286 1280.118530
334.000000 2025.516968 679.914917 2082.002441 706.577759
335.000000 2030.844849 816.633728 2087.774414 836.617493
318.000000 1901.289429 1216.734741 1987.987305 1226.747803
319.000000 1896.736328 1079.997681 1982.609985 1093.362549
465.000000 1953.835938 836.383728 2020.857910 860.134949
466.000000 1820.283691 858.388367 1913.348877 886.729553
427.000000 1946.799194 694.033142 2017.137451 721.633545
428.000000 1813.817505 719.222839 1903.625977 754.348816
443.000000 1956.786011 1218.080444 2033.715332 1226.248901
444.000000 1823.558350 1229.331543 1920.148193 1241.130493
433.000000 506.592590 1057.016602 783.396606 1139.503296
434.000000 376.090332 1029.389160 666.503540 1124.614014
479.000000 1546.783936 757.273560 1683.915039 805.317749
480.000000 1417.116577 782.328552 1580.659790 835.584229
388.000000 2530.792969 1447.023438 2541.338135 1437.295410
389.000000 2431.788330 1531.523071 2450.993408 1520.801758
402.000000 1667.068237 1236.678101 1794.156128 1250.086792
403.000000 1666.559570 1106.667114 1790.002319 1129.999878
457.000000 489.817963 1227.834717 773.096313 1286.005249
458.000000 363.111633 1208.089355 660.061157 1275.977661
283.000000 1376.008423 942.588379 1549.180298 987.144897
371.000000 640.607361 1265.979736 916.708435 1312.854248
372.000000 767.401672 1285.134521 1040.264648 1323.632568
532.000000 966.830078 728.126587 1209.770874 809.996826
541.000000 1716.980225 1072.566772 1827.154663 1095.987915
542.000000 1590.170044 1088.058960 1726.866699 1114.421509
368.000000 45.076035 1319.914185 392.649078 1378.108643
420.000000 533.575562 715.981689 799.774231 844.366150
421.000000 413.293640 673.445557 682.864929 818.809326
546.000000 1710.072754 1421.294067 1826.833252 1425.441528
547.000000 1583.431274 1428.409180 1726.668579 1433.358154
410.000000 749.928833 1484.545166 1026.593506 1498.853271
411.000000 623.307434 1477.108154 906.616272 1494.839966
414.000000 1810.127075 723.329834 1899.801270 760.007324
415.000000 1813.643677 849.991394 1904.219482 879.967346
408.000000 1606.790039 1240.004883 1744.359619 1256.733032
409.000000 1606.599609 1113.333374 1740.907471 1136.640625
418.000000 777.838623 799.053467 1035.230469 892.702271
419.000000 660.317566 754.647949 918.810425 864.999207
390.000000 650.439392 908.491150 913.793762 1000.747314
391.000000 770.901184 943.572083 1033.558105 1022.070923
572.000000 1214.493530 1125.696533 1428.324585 1161.934570
201.000000 1090.635132 1141.610107 1330.600098 1180.306885
430.000000 246.462875 1458.688965 556.792297 1486.804199
760.000000 1716.815308 1238.261475 1830.000000 1254.000000
488.000000 1593.619751 1249.740112 1727.598999 1266.697388
431.000000 776.824097 1106.001953 1043.169556 1164.459229
432.000000 656.470825 1077.493530 926.545837 1147.497192
328.000000 2286.916748 633.318420 2310.690674 649.953552
817.000000 1885.285522 716.703613 1957.000000 753.000000
441.000000 1420.581787 1260.004272 1593.898926 1279.995483
442.000000 1421.489136 1136.653076 1592.955566 1163.336426
363.000000 205.981277 1443.598633 530.102661 1474.504272
507.000000 1737.310913 733.433472 1840.590454 772.061768
508.000000 1616.558472 756.090088 1740.229980 800.803040
463.000000 519.996765 856.677429 789.461792 966.219116
464.000000 402.907623 821.413574 679.554565 945.721741
501.000000 959.671021 877.772156 1206.925903 948.859680
502.000000 1076.870117 912.649780 1310.224976 972.343689
125.000000 1100.148438 492.050446 1319.687134 577.940247
550.000000 147.933029 616.426453 452.878113 796.630432
551.000000 133.993851 736.356018 444.920227 896.527527
384.000000 1355.120483 1226.548218 1545.126221 1263.545532
385.000000 1364.337158 1106.232910 1541.319824 1140.122070
459.000000 1477.902222 1246.666748 1640.586304 1269.986938
460.000000 1477.899780 1126.666626 1638.069580 1156.635498
495.000000 1179.359741 533.324280 1412.375732 613.335510
496.000000 1179.086060 653.308411 1412.620117 720.001648
499.000000 1080.151611 789.500549 1313.250122 860.370422
500.000000 966.190979 754.900024 1209.890503 837.153992
322.000000 1213.147827 968.845032 1422.333740 1016.716675
537.000000 1068.439453 1112.215942 1309.072266 1154.237549
538.000000 954.725220 1080.237061 1208.771362 1132.278809
521.000000 959.722290 906.650574 1207.301758 976.681091
522.000000 952.950195 1023.311096 1204.952148 1080.036743
523.000000 1109.318970 1286.639160 1351.913574 1310.033936
524.000000 1114.035278 1170.028442 1353.746460 1206.673950
473.000000 1310.846558 1263.347412 1507.211792 1286.678345
474.000000 1312.780640 1146.657471 1506.751343 1176.666260
531.000000 971.821838 610.077271 1211.204468 706.683350
1507.000000 1538.317261 1200.098511 1682.000000 1223.000000
568.000000 1086.057129 645.147827 1313.160767 727.385132
569.000000 976.143677 608.223511 1216.467163 704.163879
539.000000 1073.544067 932.527283 1310.362305 991.525757
540.000000 963.242065 903.682312 1209.728271 971.355530
449.000000 2392.224854 756.757812 2410.420410 759.965149
450.000000 2382.898438 643.369080 2401.028564 646.581482
529.000000 1158.433472 1280.047607 1389.672363 1303.331665
530.000000 1161.487915 1166.616943 1390.207153 1200.001099
527.000000 1258.229126 1266.695312 1466.453247 1290.007568
528.000000 1260.303345 1153.338867 1466.705566 1186.666748
469.000000 1186.310913 652.659729 1412.405884 727.548767
470.000000 1086.244507 705.511719 1316.529785 782.267395
640.000000 1051.836304 1282.142944 1297.000000 1313.000000
489.000000 2120.768066 803.289978 2169.387451 816.704590
490.000000 2114.559814 693.264099 2162.782471 710.034119
715.000000 2159.763672 1500.017944 2216.000000 1495.000000
1398.000000 2168.116943 1609.889771 2217.000000 1600.000000
525.000000 739.878967 1495.690186 1016.687805 1508.754395
526.000000 629.997620 1490.046387 913.327698 1507.000244
545.000000 1366.869629 804.424683 1548.792847 850.441223
1170.000000 1243.294189 1279.568848 1451.000000 1302.000000
1404.000000 447.471436 826.737793 718.000000 944.000000
277.000000 2156.944824 1193.550903 2206.486084 1196.677979
82.000000 1906.672729 1916.792236 1513.330566 1882.378540
83.000000 1799.772583 1921.973755 1296.656006 1883.007080
493.000000 2050.244141 813.321899 2108.060059 833.269836
494.000000 2045.255249 706.576843 2103.201416 726.672668
519.000000 1896.843994 839.994324 1977.324097 866.643250
520.000000 1893.434937 733.330078 1973.646973 763.322144
562.000000 723.338318 1684.459595 1010.005920 1674.230103
1074.000000 616.673767 1684.932983 905.000000 1676.000000
398.000000 1039.461670 312.725983 1287.140991 420.482544
399.000000 960.125427 383.047546 1201.429077 504.729309
543.000000 769.270386 1116.523315 1033.260864 1173.868408
544.000000 666.002380 1092.904297 932.846497 1160.258423
557.000000 1260.437012 949.336975 1464.878540 990.040344
392.000000 2548.150146 586.528625 2545.736816 576.425049
1100.000000 506.381958 846.645813 774.000000 954.000000
336.000000 1834.065430 1223.320679 1931.784668 1233.392700
512.000000 1047.980103 317.941010 1296.353271 426.896759
649.000000 756.116333 1270.081909 1026.000000 1311.000000
573.000000 762.682068 928.875488 1022.904846 1009.018738
574.000000 666.513428 900.519653 926.404663 991.438171
554.000000 1831.629517 846.700684 1923.331909 880.000061
555.000000 1829.632080 746.674011 1919.905640 780.003235
1033.000000 1928.000000 1174.000000 2011.000000 1185.000000
693.000000 1034.000000 991.000000 1278.000000 1046.000000
1356.000000 1188.000000 930.000000 1407.000000 982.000000
884.000000 1347.000000 880.000000 1529.000000 929.000000
632.000000 1039.000000 845.000000 1279.000000 913.000000
1054.000000 976.000000 1339.000000 1234.000000 1362.000000
1307.000000 1217.000000 573.000000 1478.000000 639.000000
593.000000 662.000000 842.000000 925.000000 940.000000
604.000000 1046.000000 682.000000 1281.000000 764.000000
1059.000000 997.000000 1167.000000 1249.000000 1208.000000
582.000000 984.000000 1146.000000 1237.000000 1189.000000
1379.000000 1020.000000 1332.000000 1273.000000 1355.000000
741.000000 464.000000 778.000000 736.000000 902.000000
1258.000000 984.000000 846.000000 1229.000000 918.000000
751.000000 2838.000000 1454.000000 2807.000000 1440.000000
771.000000 1674.000000 871.000000 1789.000000 907.000000
580.000000 983.000000 1164.000000 1237.000000 1205.000000
919.000000 1027.000000 1158.000000 1275.000000 1198.000000
609.000000 1028.000000 1141.000000 1276.000000 1182.000000
946.000000 1006.000000 1347.000000 1260.000000 1369.000000
607.000000 1518.000000 874.000000 1666.000000 916.000000
769.000000 102.000000 1690.000000 409.000000 1682.000000
1294.000000 1014.000000 1138.000000 1263.000000 1180.000000
795.000000 1020.000000 1350.000000 1274.000000 1372.000000
1282.000000 1003.000000 702.000000 1243.000000 785.000000
853.000000 2185.000000 1591.000000 2237.000000 1582.000000
1008.000000 1013.000000 1189.000000 1263.000000 1227.000000
623.000000 998.000000 833.000000 1242.000000 905.000000
750.000000 991.000000 997.000000 1240.000000 1054.000000
1232.000000 1011.000000 837.000000 1254.000000 907.000000
775.000000 1006.000000 966.000000 1252.000000 1025.000000
695.000000 1007.000000 1311.000000 1261.000000 1337.000000
1189.000000 2824.000000 1476.000000 2789.000000 1463.000000
780.000000 406.000000 671.000000 679.000000 817.000000
975.000000 1347.000000 903.000000 1530.000000 951.000000
662.000000 1463.000000 860.000000 1621.000000 905.000000
1081.000000 1059.000000 686.000000 1293.000000 767.000000
890.000000 2088.000000 1556.000000 2152.000000 1549.000000
592.000000 1501.000000 1184.000000 1658.000000 1207.000000
584.000000 992.000000 963.000000 1240.000000 1023.000000
831.000000 1021.000000 988.000000 1266.000000 1044.000000
614.000000 992.000000 980.000000 1240.000000 1038.000000
710.000000 152.000000 739.000000 458.000000 897.000000
636.000000 1715.000000 841.000000 1826.000000 875.000000
1155.000000 654.000000 1211.000000 929.000000 1263.000000
664.000000 998.000000 1150.000000 1249.000000 1192.000000
1367.000000 991.000000 682.000000 1232.000000 769.000000
628.000000 1923.000000 806.000000 2000.000000 831.000000
880.000000 731.000000 807.000000 992.000000 903.000000
597.000000 721.000000 1223.000000 995.000000 1270.000000
914.000000 463.000000 831.000000 737.000000 947.000000
1103.000000 676.000000 871.000000 942.000000 965.000000
619.000000 2163.000000 1519.000000 2217.000000 1512.000000
591.000000 670.000000 1214.000000 946.000000 1265.000000
1271.000000 673.000000 625.000000 914.000000 753.000000
625.000000 1859.000000 1147.000000 1952.000000 1161.000000
776.000000 1170.000000 910.000000 1391.000000 964.000000
570.000000 1081.000000 421.000000 1304.413574 520.468872
1225.000000 1365.000000 877.000000 1542.000000 926.000000
965.000000 1053.000000 849.000000 1291.000000 915.000000
712.000000 1021.000000 1296.000000 1274.000000 1323.000000
642.000000 1016.000000 374.000000 1248.000000 485.000000
673.000000 559.000000 1732.000000 854.000000 1716.000000
968.000000 1444.000000 1190.000000 1612.000000 1214.000000
922.000000 978.000000 1285.000000 1235.000000 1314.000000
1121.000000 1012.000000 820.000000 1254.000000 893.000000
1419.000000 1139.000000 959.000000 1355.000000 1015.000000
655.000000 992.000000 1306.000000 1247.000000 1333.000000
784.000000 997.000000 850.000000 1241.000000 920.000000
1343.000000 1960.000000 1490.000000 2041.000000 1486.000000
828.000000 2196.000000 1519.000000 2247.000000 1512.000000
1169.000000 1033.000000 678.000000 1269.000000 761.000000
764.000000 990.000000 384.000000 1225.000000 497.000000
671.000000 1026.000000 858.000000 1267.000000 926.000000
785.000000 2063.000000 1402.000000 2125.000000 1401.000000
600.000000 97.000000 1744.000000 407.000000 1725.000000
659.000000 678.000000 847.000000 943.000000 943.000000
802.000000 988.000000 408.000000 1223.000000 519.000000
924.000000 2651.000000 1104.000000 2652.000000 1090.000000
1332.000000 2214.000000 1590.000000 2262.000000 1580.000000
643.000000 1922.000000 780.000000 1999.000000 806.000000
1070.000000 985.000000 1111.000000 1237.000000 1157.000000
691.000000 1631.000000 1171.000000 1763.000000 1191.000000
762.000000 1444.000000 1220.000000 1613.000000 1242.000000
861.000000 1048.000000 995.000000 1290.000000 1049.000000
585.000000 726.000000 887.000000 990.000000 974.000000
909.000000 1189.000000 907.000000 1406.000000 962.000000
1432.000000 515.000000 416.000000 848.000000 565.000000
1345.000000 1655.000000 850.000000 1777.000000 887.000000
979.000000 2375.000000 1130.000000 2401.000000 1127.000000
982.000000 982.000000 627.000000 1220.000000 720.000000
633.000000 1014.000000 1155.000000 1263.000000 1196.000000
606.000000 2130.000000 1485.000000 2187.000000 1480.000000
668.000000 2200.000000 1590.000000 2250.000000 1581.000000
846.000000 695.000000 1538.000000 980.000000 1547.000000
1323.000000 1860.000000 1180.000000 1954.000000 1193.000000
1361.000000 1295.000000 912.000000 1489.000000 961.000000
697.000000 967.000000 390.000000 1207.000000 504.000000
872.000000 1966.000000 1609.000000 2048.000000 1603.000000
579.000000 728.000000 863.000000 991.000000 953.000000
1183.000000 2084.000000 1485.000000 2147.000000 1481.000000
984.000000 1182.000000 1153.000000 1406.000000 1188.000000
720.000000 2114.000000 1468.000000 2173.000000 1464.000000
1118.000000 618.000000 1607.000000 908.000000 1607.000000
704.000000 2207.000000 1447.000000 2253.000000 1442.000000
731.000000 1004.000000 686.000000 1244.000000 771.000000
621.000000 1518.000000 850.000000 1665.000000 893.000000
588.000000 1005.000000 670.000000 1244.000000 756.000000
916.000000 1027.000000 1176.000000 1276.000000 1214.000000
670.000000 1180.000000 1218.000000 1406.000000 1247.000000
906.000000 1032.000000 711.000000 1269.000000 791.000000
938.000000 364.000000 1162.000000 659.000000 1235.000000
928.000000 2422.000000 724.000000 2437.000000 722.000000
630.000000 991.000000 1324.000000 1247.000000 1349.000000
627.000000 1045.000000 698.000000 1281.000000 779.000000
1038.000000 1180.000000 1246.000000 1407.000000 1273.000000
1273.000000 1333.000000 1259.000000 1526.000000 1280.000000
815.000000 1463.000000 884.000000 1622.000000 928.000000
1112.000000 1032.000000 726.000000 1270.000000 805.000000
1175.000000 213.000000 1616.000000 500.000000 1622.000000
1443.000000 2135.000000 1566.000000 2182.000000 1558.000000
1303.000000 1021.000000 1314.000000 1274.000000 1339.000000
1220.000000 1444.000000 1249.000000 1613.000000 1269.000000
682.000000 480.000000 810.000000 754.000000 928.000000
1130.000000 2077.000000 780.000000 2132.000000 797.000000
1471.000000 692.000000 1187.000000 966.000000 1240.000000
738.000000 2113.000000 1450.000000 2172.000000 1446.000000
594.000000 724.000000 910.000000 989.000000 994.000000
903.000000 1006.000000 1329.000000 1261.000000 1353.000000
783.000000 1068.000000 420.000000 1295.000000 522.000000
758.000000 535.000000 426.000000 864.000000 572.000000
1039.000000 1021.000000 971.000000 1266.000000 1029.000000
832.000000 1333.000000 1230.000000 1525.000000 1254.000000
1417.000000 2884.000000 1747.000000 2872.000000 1735.000000
826.000000 1469.000000 1549.000000 1636.000000 1546.000000
1285.000000 1690.000000 419.000000 1924.000000 439.000000
1484.000000 2119.000000 1519.000000 2179.000000 1513.000000
716.000000 990.000000 1342.000000 1247.000000 1365.000000
656.000000 451.000000 1142.000000 738.000000 1214.000000
725.000000 1880.000000 838.000000 1961.000000 865.000000
1052.000000 1041.000000 432.000000 1265.000000 539.000000
1137.000000 846.000000 477.000000 1109.000000 594.000000
960.000000 1045.000000 714.000000 1281.000000 794.000000
862.000000 985.000000 1129.000000 1237.000000 1173.000000
586.000000 672.000000 1184.000000 947.000000 1238.000000
1236.000000 127.000000 1158.000000 453.000000 1244.000000
583.000000 1035.000000 974.000000 1278.000000 1031.000000
1167.000000 1631.000000 1202.000000 1764.000000 1220.000000
1142.000000 1068.000000 802.000000 1301.000000 872.000000
616.000000 985.000000 813.000000 1230.000000 888.000000
599.000000 1039.000000 862.000000 1279.000000 928.000000
1293.000000 420.000000 791.000000 699.000000 917.000000
701.000000 1650.000000 1231.000000 1777.000000 1247.000000
728.000000 956.000000 1496.000000 1190.000000 1507.000000
803.000000 372.000000 1028.000000 660.000000 1123.000000
999.000000 2108.000000 1120.000000 2164.000000 1127.000000
610.000000 971.000000 1125.000000 1225.000000 1171.000000
635.000000 970.000000 1160.000000 1224.000000 1202.000000
1299.000000 641.000000 1536.000000 928.000000 1546.000000
1469.000000 439.000000 1065.000000 723.000000 1147.000000
1462.000000 1040.000000 829.000000 1279.000000 898.000000
755.000000 2839.000000 1476.000000 2812.000000 1462.000000
729.000000 1034.000000 1008.000000 1278.000000 1061.000000
696.000000 668.000000 1245.000000 945.000000 1291.000000
843.000000 1122.000000 918.000000 1354.000000 974.000000
953.000000 482.000000 784.000000 756.000000 906.000000
1021.000000 1828.000000 1415.000000 1926.000000 1417.000000
718.000000 2314.000000 1492.000000 2333.000000 1485.000000
684.000000 978.000000 1303.000000 1235.000000 1330.000000
589.000000 128.000000 1694.000000 430.000000 1685.000000
698.000000 2819.000000 1454.000000 2789.000000 1440.000000
811.000000 992.000000 666.000000 1232.000000 754.000000
1129.000000 1276.000000 937.000000 1475.000000 985.000000
859.000000 1000.000000 1115.000000 1249.000000 1160.000000
881.000000 1018.000000 673.000000 1255.000000 758.000000
688.000000 1048.000000 978.000000 1290.000000 1033.000000
926.000000 1351.000000 985.000000 1531.000000 1027.000000
973.000000 1074.000000 1084.000000 1314.000000 1128.000000
1097.000000 1463.000000 907.000000 1621.000000 949.000000
721.000000 2145.000000 1485.000000 2199.000000 1479.000000
839.000000 2191.000000 1448.000000 2240.000000 1443.000000
838.000000 1915.000000 1425.000000 2002.000000 1425.000000
1506.000000 962.000000 1353.000000 1222.000000 1376.000000
596.000000 95.000000 722.000000 412.000000 888.000000
711.000000 723.000000 1193.000000 996.000000 1243.000000
590.000000 1693.000000 1227.000000 1815.000000 1242.000000
1141.000000 718.000000 804.000000 976.000000 900.000000
674.000000 384.000000 1165.000000 679.000000 1237.000000
151.000000 1844.000000 1428.000000 1942.926270 1430.009888
708.000000 710.000000 503.000000 1036.000000 618.000000
1135.000000 2217.000000 1610.000000 2265.000000 1599.000000
773.000000 1026.000000 1192.000000 1275.000000 1229.000000
1186.000000 1450.000000 587.000000 1640.000000 643.000000
645.000000 746.000000 868.000000 1009.000000 956.000000
921.000000 1040.000000 416.000000 1270.000000 521.000000
617.000000 1692.000000 1164.000000 1813.000000 1183.000000
1360.000000 2182.000000 1112.000000 2229.000000 1116.000000
742.000000 2164.000000 1538.000000 2218.000000 1530.000000
548.000000 1710.000000 1536.000000 1830.091919 1531.666992
1120.000000 575.000000 552.000000 827.000000 699.000000
1098.000000 978.000000 976.000000 1228.000000 1036.000000
702.000000 2076.000000 753.000000 2131.000000 771.000000
1037.000000 1883.000000 1210.000000 1970.000000 1221.000000
1438.000000 2903.000000 114.000000 3041.000000 18.000000
730.000000 1011.000000 854.000000 1254.000000 922.000000
845.000000 78.000000 657.000000 394.000000 836.000000
1145.000000 83.000000 558.000000 393.000000 756.000000
626.000000 1190.000000 854.000000 1406.000000 913.000000
834.000000 999.000000 816.000000 1242.000000 890.000000
669.000000 714.000000 858.000000 975.000000 950.000000
1406.000000 707.000000 1221.000000 979.000000 1269.000000
1066.000000 1032.000000 694.000000 1269.000000 777.000000
1107.000000 367.000000 1127.000000 660.000000 1206.000000
1114.000000 1047.000000 1012.000000 1290.000000 1064.000000
1034.000000 1053.000000 832.000000 1291.000000 900.000000
988.000000 975.000000 774.000000 1218.000000 854.000000
867.000000 1098.000000 396.000000 1321.000000 496.000000
1466.000000 463.000000 1813.000000 770.000000 1785.000000
896.000000 1946.000000 776.000000 2019.000000 801.000000
1481.000000 1005.000000 1000.000000 1251.000000 1056.000000
837.000000 1147.000000 431.000000 1376.000000 521.000000
1188.000000 1918.000000 1526.000000 2007.000000 1522.000000
1287.000000 2103.000000 802.000000 2152.000000 818.000000
942.000000 1017.000000 706.000000 1255.000000 788.000000
1002.000000 675.000000 1609.000000 961.000000 1608.000000
1192.000000 1463.000000 1119.000000 1623.000000 1147.000000
1012.000000 64.000000 1809.000000 378.000000 1778.000000
829.000000 448.000000 1175.000000 737.000000 1243.000000
1071.000000 2456.000000 1122.000000 2473.000000 1116.000000
766.000000 1501.000000 1215.000000 1659.000000 1236.000000
866.000000 1950.000000 1537.000000 2035.000000 1532.000000
777.000000 105.000000 1155.000000 432.000000 1243.000000
714.000000 635.000000 1607.000000 926.000000 1608.000000
885.000000 1296.000000 834.000000 1488.000000 890.000000
1031.000000 2647.000000 1066.000000 2648.000000 1053.000000
781.000000 1043.000000 376.000000 1272.000000 484.000000
793.000000 2211.000000 1519.000000 2259.000000 1512.000000
740.000000 2314.000000 998.000000 2339.000000 1000.000000
944.000000 1716.000000 865.000000 1826.000000 898.000000
685.000000 1929.000000 1207.000000 2012.000000 1216.000000
870.000000 1346.000000 1553.000000 1542.000000 1552.000000
1202.000000 1884.000000 1178.000000 1971.000000 1190.000000
602.000000 2192.000000 1466.000000 2241.000000 1460.000000
801.000000 1033.000000 1024.000000 1278.000000 1076.000000
1447.000000 2798.000000 1746.000000 2777.000000 1734.000000
993.000000 2186.000000 1182.000000 2233.000000 1184.000000
1046.000000 1946.000000 1491.000000 2030.000000 1487.000000
611.000000 388.000000 1131.000000 681.000000 1208.000000
622.000000 2343.000000 736.000000 2367.000000 739.000000
700.000000 2099.000000 1486.000000 2161.000000 1481.000000
904.000000 2112.000000 1435.000000 2172.000000 1431.000000
1193.000000 1920.000000 1780.000000 1464.000000 1762.000000
618.000000 2208.000000 1464.000000 2255.000000 1459.000000
732.000000 2147.000000 741.000000 2192.000000 755.000000
624.000000 56.000000 1069.000000 391.000000 1176.000000
1279.000000 983.000000 1180.000000 1237.000000 1220.000000
1333.000000 1289.000000 1583.000000 1497.000000 1554.000000
1414.000000 2085.000000 1503.000000 2148.000000 1498.000000
1180.000000 1929.000000 1424.000000 2014.000000 1424.000000
813.000000 2222.000000 1447.000000 2267.000000 1441.000000
893.000000 1042.000000 1144.000000 1288.000000 1185.000000
1086.000000 2102.000000 749.000000 2152.000000 766.000000
1026.000000 1142.000000 863.000000 1369.000000 923.000000
612.000000 1655.000000 825.000000 1776.000000 864.000000
855.000000 135.000000 1083.000000 458.000000 1183.000000
1067.000000 1040.000000 1179.000000 1287.000000 1216.000000
1058.000000 2198.000000 1554.000000 2249.000000 1546.000000
667.000000 2128.000000 1450.000000 2184.000000 1446.000000
1239.000000 674.000000 1637.000000 961.000000 1633.000000
663.000000 924.000000 401.000000 1174.000000 518.000000
1412.000000 2679.000000 1063.000000 2679.000000 1048.000000
844.000000 963.000000 1317.000000 1222.000000 1344.000000
1213.000000 207.000000 1490.000000 530.000000 1516.000000
1182.000000 810.000000 1623.000000 1094.000000 1619.000000
679.000000 1059.000000 702.000000 1293.000000 781.000000
407.000000 1556.000000 1557.000000 1715.084473 1546.714966
1093.000000 1326.000000 1312.000000 1517.000000 1330.000000
1044.000000 2199.000000 1573.000000 2250.000000 1564.000000
910.000000 99.000000 694.000000 414.000000 865.000000
875.000000 478.000000 836.000000 753.000000 950.000000
1286.000000 2195.000000 1499.000000 2245.000000 1493.000000
637.000000 2193.000000 1483.000000 2242.000000 1478.000000
1359.000000 1020.000000 1005.000000 1266.000000 1059.000000
774.000000 674.000000 895.000000 940.000000 985.000000
804.000000 1497.000000 854.000000 1648.000000 897.000000
1207.000000 1888.000000 1476.000000 1956.000000 1475.000000
1276.000000 1006.000000 983.000000 1252.000000 1041.000000
858.000000 1015.000000 428.000000 1241.000000 538.000000
727.000000 418.000000 818.000000 697.000000 940.000000
1336.000000 1951.000000 1138.000000 2029.000000 1149.000000
1494.000000 574.000000 1731.000000 868.000000 1715.000000
1394.000000 1026.000000 842.000000 1267.000000 911.000000
1127.000000 2178.000000 1484.000000 2228.000000 1478.000000
739.000000 985.000000 830.000000 1230.000000 903.000000
879.000000 2736.000000 1057.000000 2731.000000 1040.000000
1390.000000 425.000000 704.000000 701.000000 842.000000
1040.000000 1036.000000 1300.000000 1286.000000 1326.000000
911.000000 1034.000000 1335.000000 1286.000000 1357.000000
765.000000 1034.000000 1353.000000 1286.000000 1374.000000
1352.000000 665.000000 544.000000 933.000000 676.000000
675.000000 979.000000 960.000000 1228.000000 1021.000000
1338.000000 655.000000 1181.000000 929.000000 1236.000000
1010.000000 2453.000000 1086.000000 2470.000000 1080.000000
1191.000000 1029.000000 1559.000000 1282.000000 1561.000000
989.000000 998.000000 1132.000000 1249.000000 1176.000000
757.000000 2882.000000 1725.000000 2870.000000 1713.000000
1035.000000 1497.000000 878.000000 1649.000000 920.000000
994.000000 1948.000000 1507.000000 2033.000000 1503.000000
1355.000000 1295.000000 889.000000 1489.000000 940.000000
647.000000 619.000000 1667.000000 909.000000 1659.000000
734.000000 2805.000000 1724.000000 2797.000000 1712.000000
1215.000000 1578.000000 1427.000000 1721.000000 1432.000000
1143.000000 2209.000000 1483.000000 2256.000000 1476.000000
1079.000000 429.000000 1207.000000 718.000000 1270.000000
1334.000000 2131.000000 1501.000000 2188.000000 1494.000000
1231.000000 1130.000000 400.000000 1356.000000 495.000000
692.000000 2162.000000 1484.000000 2214.000000 1478.000000
1264.000000 78.000000 688.000000 392.000000 861.000000
788.000000 137.000000 1707.000000 438.000000 1696.000000
1041.000000 1193.000000 609.000000 1430.000000 683.000000
991.000000 963.000000 1335.000000 1222.000000 1361.000000
683.000000 2342.000000 708.000000 2365.000000 711.000000
1174.000000 2225.000000 1518.000000 2270.000000 1511.000000
587.000000 2149.000000 768.000000 2194.000000 782.000000
789.000000 1507.000000 1548.000000 1669.000000 1546.000000
1415.000000 432.000000 1139.000000 719.000000 1213.000000
886.000000 2449.000000 691.000000 2462.000000 687.000000
639.000000 2109.000000 1154.000000 2166.000000 1160.000000
871.000000 196.000000 1604.000000 481.000000 1612.000000
634.000000 1333.000000 1200.000000 1525.000000 1227.000000
1240.000000 978.000000 993.000000 1227.000000 1051.000000
971.000000 1481.000000 835.000000 1632.000000 882.000000
1305.000000 1676.000000 822.000000 1790.000000 860.000000
1084.000000 860.000000 491.000000 1122.000000 604.000000
976.000000 2346.000000 765.000000 2370.000000 767.000000
1473.000000 642.000000 1518.000000 930.000000 1521.000000
713.000000 1019.000000 1368.000000 1273.000000 1387.000000
1270.000000 2811.000000 1761.000000 2788.000000 1748.000000
1125.000000 1037.000000 1047.000000 1279.000000 1097.000000
915.000000 1538.000000 846.000000 1680.000000 890.000000
1315.000000 1401.000000 992.000000 1571.000000 1030.000000
907.000000 1442.000000 863.000000 1604.000000 909.000000
707.000000 990.000000 698.000000 1231.000000 783.000000
1088.000000 740.000000 1226.000000 1014.000000 1272.000000
629.000000 2145.000000 1501.000000 2200.000000 1494.000000
1461.000000 990.000000 1012.000000 1227.000000 1068.000000
1502.000000 660.000000 1091.000000 928.000000 1158.000000
736.000000 2145.000000 1467.000000 2199.000000 1463.000000
1319.000000 2611.000000 693.000000 2611.000000 678.000000
1450.000000 1260.000000 1237.000000 1468.000000 1262.000000
1168.000000 365.000000 1197.000000 660.000000 1265.000000
1073.000000 969.000000 921.000000 1216.000000 987.000000
1043.000000 1328.000000 929.000000 1515.000000 976.000000
1065.000000 154.000000 681.000000 459.000000 849.000000
595.000000 2129.000000 1467.000000 2186.000000 1463.000000
1150.000000 2149.000000 1598.000000 2203.000000 1589.000000
1460.000000 1879.000000 1521.000000 1974.000000 1522.000000
78.000000 1815.000000 1403.000000 1916.019775 1409.885132
908.000000 1950.000000 1524.000000 2035.000000 1518.000000
1152.000000 1951.000000 1570.000000 2037.000000 1563.000000
1250.000000 24.000000 1142.000000 363.000000 1236.000000
1099.000000 1952.000000 1204.000000 2028.000000 1214.000000
877.000000 171.000000 744.000000 477.000000 900.000000
1509.000000 1959.000000 1474.000000 2041.000000 1471.000000
917.000000 1924.000000 832.000000 2001.000000 856.000000
1122.000000 830.000000 1531.000000 1113.000000 1538.000000
661.000000 2321.000000 1555.000000 2354.000000 1548.000000
1470.000000 1069.000000 436.000000 1289.000000 539.000000
1337.000000 3045.000000 909.000000 3021.000000 874.000000
970.000000 664.000000 763.000000 924.000000 871.000000
747.000000 1052.000000 866.000000 1291.000000 931.000000
1146.000000 2213.000000 1179.000000 2253.000000 1181.000000
1194.000000 633.000000 1638.000000 925.000000 1634.000000
927.000000 396.000000 822.000000 675.000000 947.000000
1378.000000 1016.000000 722.000000 1255.000000 804.000000
1439.000000 2333.000000 1185.000000 2359.000000 1183.000000
699.000000 2419.000000 696.000000 2435.000000 694.000000
1184.000000 963.000000 1300.000000 1222.000000 1328.000000
678.000000 1974.000000 1490.000000 2052.000000 1486.000000
722.000000 1059.000000 717.000000 1293.000000 795.000000
1373.000000 2097.000000 335.000000 2246.000000 335.000000
1117.000000 1070.000000 1055.000000 1309.000000 1102.000000
1075.000000 1015.000000 387.000000 1247.000000 497.000000
962.000000 1121.000000 940.000000 1354.000000 994.000000
1032.000000 2127.000000 1435.000000 2184.000000 1431.000000
1246.000000 979.000000 691.000000 1219.000000 778.000000
1322.000000 975.000000 1356.000000 1234.000000 1379.000000
929.000000 2229.000000 1591.000000 2272.000000 1582.000000
1028.000000 999.000000 800.000000 1242.000000 874.000000
1157.000000 155.000000 711.000000 459.000000 873.000000
836.000000 1964.000000 1559.000000 2036.000000 1551.000000
1344.000000 1971.000000 1421.000000 2049.000000 1421.000000
841.000000 1327.000000 883.000000 1513.000000 933.000000
1176.000000 1041.000000 812.000000 1280.000000 883.000000
1069.000000 2087.000000 1538.000000 2151.000000 1531.000000
1085.000000 1690.000000 1093.000000 1811.000000 1116.000000
1147.000000 793.000000 1540.000000 1064.000000 1547.000000
1053.000000 86.000000 1634.000000 391.000000 1637.000000
1201.000000 1307.000000 1289.000000 1502.000000 1310.000000
1013.000000 1170.000000 954.000000 1392.000000 1005.000000
300.000000 2236.000000 1618.000000 2280.047607 1606.376587
1512.000000 1845.000000 1440.000000 1943.000000 1443.000000
686.000000 1071.000000 377.000000 1296.000000 482.000000
1265.000000 1872.000000 1427.000000 1968.000000 1428.000000
1263.000000 1607.000000 1173.000000 1743.000000 1193.000000
644.000000 1857.000000 817.000000 1945.000000 845.000000
847.000000 970.000000 1143.000000 1225.000000 1187.000000
1269.000000 1952.000000 1172.000000 2029.000000 1182.000000
997.000000 472.000000 1179.000000 759.000000 1245.000000
959.000000 2224.000000 1465.000000 2268.000000 1459.000000
737.000000 1013.000000 412.000000 1245.000000 520.000000
1445.000000 1404.000000 969.000000 1573.000000 1012.000000
768.000000 445.000000 1209.000000 735.000000 1271.000000
1080.000000 1042.000000 1162.000000 1288.000000 1200.000000
948.000000 976.000000 1320.000000 1235.000000 1346.000000
1386.000000 1997.000000 1893.000000 1655.000000 1869.000000
237.000000 2088.000000 1574.000000 2150.666992 1563.311768
1110.000000 1039.000000 1196.000000 1287.000000 1232.000000
840.000000 429.000000 1173.000000 718.000000 1241.000000
1030.000000 1112.000000 1253.000000 1354.000000 1280.000000
985.000000 1655.000000 450.000000 1856.000000 486.000000
1261.000000 2486.000000 1120.000000 2500.000000 1112.000000
892.000000 443.000000 798.000000 720.000000 922.000000
1280.000000 1335.000000 999.000000 1520.000000 1041.000000
1208.000000 2209.000000 1110.000000 2253.000000 1113.000000
1296.000000 698.000000 853.000000 961.000000 947.000000
1060.000000 1973.000000 1474.000000 2052.000000 1471.000000
1072.000000 1972.000000 1439.000000 2050.000000 1438.000000
1499.000000 1946.000000 802.000000 2018.000000 826.000000
1212.000000 2212.000000 1537.000000 2260.000000 1530.000000
1325.000000 2186.000000 1607.000000 2238.000000 1597.000000
1138.000000 105.000000 1116.000000 433.000000 1211.000000
818.000000 623.000000 1535.000000 911.000000 1546.000000
601.000000 1035.000000 957.000000 1278.000000 1015.000000
1235.000000 118.000000 996.000000 439.000000 1112.000000
932.000000 1482.000000 856.000000 1633.000000 902.000000
1199.000000 2824.000000 1776.000000 2801.000000 1764.000000
865.000000 213.000000 1604.000000 500.000000 1612.000000
950.000000 2373.000000 760.000000 2392.000000 761.000000
800.000000 993.000000 945.000000 1240.000000 1007.000000
1260.000000 1887.000000 1443.000000 1968.000000 1443.000000
1216.000000 1056.000000 814.000000 1292.000000 884.000000
1468.000000 1649.000000 1495.000000 1777.000000 1495.000000
1391.000000 1443.000000 910.000000 1606.000000 953.000000
703.000000 1692.000000 1194.000000 1814.000000 1213.000000
705.000000 719.000000 1253.000000 995.000000 1296.000000
786.000000 682.000000 790.000000 945.000000 893.000000
1365.000000 1648.000000 1519.000000 1772.000000 1517.000000
864.000000 2111.000000 1189.000000 2168.000000 1193.000000
1166.000000 937.000000 1370.000000 1198.000000 1392.000000
1234.000000 1916.000000 1442.000000 2003.000000 1441.000000
920.000000 696.000000 877.000000 960.000000 968.000000
1366.000000 2640.000000 659.000000 2637.000000 642.000000
511.000000 1133.000000 420.000000 1357.963379 510.820587
689.000000 2224.000000 1499.000000 2269.000000 1491.000000
902.000000 1713.000000 1225.000000 1828.000000 1240.000000
792.000000 1448.000000 1617.000000 1609.000000 1610.000000
648.000000 174.000000 716.000000 479.000000 877.000000
918.000000 1013.000000 1172.000000 1263.000000 1211.000000
1266.000000 1047.000000 665.000000 1281.000000 748.000000
654.000000 2224.000000 1482.000000 2269.000000 1476.000000
1001.000000 1015.000000 358.000000 1250.000000 470.000000
1224.000000 1352.000000 1131.000000 1537.000000 1162.000000
1063.000000 1979.000000 402.000000 2120.000000 417.000000
1056.000000 1032.000000 659.000000 1256.000000 743.000000
1050.000000 2823.000000 1748.000000 2800.000000 1736.000000
1298.000000 1347.000000 825.000000 1528.000000 879.000000
1308.000000 2133.000000 306.000000 2289.000000 300.000000
485.000000 2695.000000 976.000000 2679.629150 949.814026
905.000000 827.000000 1583.000000 1112.000000 1583.000000
1029.000000 1074.000000 658.000000 1303.000000 740.000000
1162.000000 680.000000 1538.000000 964.000000 1547.000000
952.000000 1442.000000 887.000000 1604.000000 931.000000
796.000000 2567.000000 742.000000 2565.000000 732.000000
1268.000000 505.000000 790.000000 776.000000 910.000000
1124.000000 1452.000000 1480.000000 1624.000000 1483.000000
1429.000000 1707.000000 414.000000 1910.000000 445.000000
772.000000 298.000000 389.000000 592.000000 587.000000
1252.000000 175.000000 1793.000000 464.000000 1765.000000
823.000000 375.000000 1050.000000 665.000000 1140.000000
1330.000000 1082.000000 718.000000 1313.000000 795.000000
1242.000000 2190.000000 1433.000000 2239.000000 1428.000000
651.000000 2137.000000 1186.000000 2187.000000 1190.000000
613.000000 1945.000000 1475.000000 2029.000000 1472.000000
794.000000 1070.000000 393.000000 1296.000000 496.000000
1181.000000 1930.000000 1441.000000 2014.000000 1440.000000
1205.000000 131.000000 1120.000000 455.000000 1213.000000
1387.000000 1501.000000 1116.000000 1656.000000 1143.000000
1475.000000 2175.000000 1861.000000 1668.000000 1840.000000
1400.000000 1452.000000 1549.000000 1625.000000 1547.000000
1388.000000 911.000000 1372.000000 1179.000000 1394.000000
665.000000 109.000000 1078.000000 435.000000 1181.000000
852.000000 1063.000000 946.000000 1300.000000 1003.000000
972.000000 2144.000000 1450.000000 2198.000000 1446.000000
1408.000000 708.000000 1191.000000 980.000000 1242.000000
937.000000 1075.000000 975.000000 1312.000000 1029.000000
1380.000000 2374.000000 420.000000 2411.000000 416.000000
949.000000 1275.000000 892.000000 1473.000000 943.000000
1474.000000 1842.000000 1563.000000 1949.000000 1556.000000
1197.000000 1277.000000 1057.000000 1474.000000 1096.000000
1206.000000 1250.000000 624.000000 1456.000000 695.000000
1227.000000 1944.000000 1440.000000 2028.000000 1439.000000
1339.000000 2079.000000 807.000000 2134.000000 823.000000
1423.000000 2701.000000 708.000000 2695.000000 688.000000
1092.000000 1880.000000 787.000000 1962.000000 816.000000
745.000000 713.000000 882.000000 975.000000 971.000000
1426.000000 2211.000000 1144.000000 2254.000000 1147.000000
830.000000 1758.000000 590.000000 1838.000000 637.000000
1498.000000 743.000000 1196.000000 1015.000000 1245.000000
1165.000000 2363.000000 176.000000 2483.000000 151.000000
1503.000000 1714.000000 1162.000000 1831.000000 1180.000000
1403.000000 2451.000000 719.000000 2462.000000 716.000000
666.000000 1169.000000 932.000000 1391.000000 985.000000
1442.000000 2120.000000 746.000000 2168.000000 762.000000
603.000000 1017.000000 689.000000 1255.000000 773.000000
933.000000 1049.000000 960.000000 1290.000000 1017.000000
1347.000000 1521.000000 1112.000000 1671.000000 1139.000000
779.000000 690.000000 1217.000000 965.000000 1267.000000
1087.000000 639.000000 1565.000000 928.000000 1570.000000
827.000000 2114.000000 1485.000000 2174.000000 1480.000000
1351.000000 682.000000 1509.000000 965.000000 1523.000000
653.000000 52.000000 1107.000000 388.000000 1207.000000
1187.000000 1422.000000 1222.000000 1595.000000 1244.000000
878.000000 1655.000000 875.000000 1777.000000 910.000000
620.000000 1715.000000 816.000000 1825.000000 851.000000
1421.000000 1007.000000 1293.000000 1261.000000 1321.000000
955.000000 1518.000000 791.000000 1664.000000 840.000000
1144.000000 1520.000000 1213.000000 1672.000000 1233.000000
1082.000000 1345.000000 1582.000000 1542.000000 1578.000000
1140.000000 1704.000000 1516.000000 1826.000000 1515.000000
1313.000000 2858.000000 1724.000000 2847.000000 1712.000000
1477.000000 2119.000000 1533.000000 2180.000000 1526.000000
1254.000000 617.000000 1637.000000 908.000000 1633.000000
888.000000 1632.000000 1233.000000 1765.000000 1249.000000
854.000000 457.000000 1067.000000 741.000000 1150.000000
733.000000 708.000000 1251.000000 981.000000 1295.000000
1290.000000 1931.000000 1492.000000 2017.000000 1488.000000
1055.000000 2607.000000 1162.000000 2606.000000 1151.000000
1132.000000 622.000000 1564.000000 910.000000 1570.000000
1350.000000 2286.000000 629.000000 2309.000000 637.000000
889.000000 2204.000000 1032.000000 2246.000000 1038.000000
706.000000 946.000000 394.000000 1192.000000 508.000000
761.000000 1334.000000 1135.000000 1524.000000 1166.000000
1241.000000 1738.000000 595.000000 1823.000000 642.000000
1198.000000 2106.000000 1608.000000 2169.000000 1598.000000
723.000000 1856.000000 791.000000 1944.000000 820.000000
1218.000000 683.000000 1124.000000 969.000000 1179.000000
912.000000 1959.000000 1458.000000 2029.000000 1457.000000
1139.000000 1023.000000 789.000000 1260.000000 863.000000
923.000000 1113.000000 1224.000000 1354.000000 1254.000000
1401.000000 2183.000000 1555.000000 2234.000000 1546.000000
1511.000000 1052.000000 1223.000000 1297.000000 1257.000000
934.000000 2370.000000 704.000000 2391.000000 705.000000
1217.000000 935.000000 747.000000 1177.000000 843.000000
1064.000000 1282.000000 1141.000000 1482.000000 1173.000000
1346.000000 1422.000000 1192.000000 1595.000000 1216.000000
807.000000 2372.000000 1094.000000 2398.000000 1092.000000
605.000000 1927.000000 1141.000000 2009.000000 1152.000000
1230.000000 103.000000 664.000000 416.000000 840.000000
947.000000 1498.000000 901.000000 1650.000000 942.000000
746.000000 2645.000000 717.000000 2641.000000 701.000000
856.000000 1899.000000 1744.000000 1408.000000 1732.000000
1076.000000 178.000000 688.000000 481.000000 853.000000
1516.000000 770.000000 1323.000000 1042.000000 1357.000000
1372.000000 1084.000000 700.000000 1313.000000 777.000000
987.000000 2173.000000 736.000000 2215.000000 749.000000
1457.000000 178.000000 1850.000000 479.000000 1812.000000
814.000000 584.000000 524.000000 862.000000 666.000000
1478.000000 2884.000000 144.000000 3007.000000 56.000000

1.000000 1781.172363 643.185547 3070.644775 379.825531 1867.384399 685.651367 3070.935791 313.022278
4.000000 2316.379150 262.197968 1207.414307 543.126465 2442.496582 244.470840 1451.586304 622.082153
6.000000 614.673035 673.693298 531.473389 1753.703613 872.610168 789.500671 826.333069 1783.317749
7.000000 546.433105 1746.902344 627.553894 680.067444 840.932129 1730.195679 883.452087 803.338806
3.000000 1801.678589 1440.040161 1781.172363 643.185547 1916.960205 1789.988892 1875.673706 696.326660
5.000000 1771.237671 656.637329 1789.878052 1443.336182 1864.570312 699.953918 1903.062744 1733.467529
9.000000 3071.263672 75.046928 2352.109131 255.110794 3070.952881 9.188481 2508.174561 221.835327
10.000000 1099.682495 785.126953 1760.458130 648.888672 1329.589722 855.354004 1850.765991 692.450439
8.000000 2.467287 425.572021 619.618042 664.320679 2.520668 580.045532 875.842834 790.092041
15.000000 2350.143311 474.014435 2689.841064 402.577484 2293.538574 500.639038 2619.750977 395.891174
18.000000 2443.204590 1803.638794 2773.277832 1807.764404 2490.005127 1791.958008 2766.643555 1792.971069
17.000000 639.414856 671.510925 917.041931 779.031006 893.202271 793.874512 1170.556030 861.037231
16.000000 1733.559448 587.695190 1446.826904 650.729187 1816.987793 637.629944 1506.987183 740.961426
32.000000 493.421234 1750.006958 514.713989 1480.636108 793.838135 1730.022827 804.206055 1500.340332
22.000000 256.883789 1503.023926 230.696198 1766.735840 575.577759 1526.446655 562.469360 1789.957031
25.000000 2426.253174 1536.807861 2435.680908 1787.080444 2447.644531 1526.710327 2452.159424 1770.083618
26.000000 2259.760742 1633.347168 2245.440186 1386.544434 2297.809326 1620.474854 2283.470215 1383.104858
24.000000 3026.591064 899.554138 3059.446777 1139.619507 3002.490234 866.320740 3036.739258 1112.860229
34.000000 793.309753 1749.579834 559.963989 1762.692871 1073.401611 1731.380859 853.280884 1742.272705
108.000000 2393.653076 1523.273315 2393.072510 1756.300903 2411.625000 1586.543091 2423.542725 1743.317383
27.000000 2819.436035 1160.063110 2793.676758 929.961548 2803.931152 1140.281494 2778.645508 906.821472
43.000000 2589.483154 1176.933838 2816.285645 1158.615356 2592.500244 1166.668823 2803.931152 1140.281494
31.000000 2050.131104 1393.177002 2060.372070 1620.133667 2113.859131 1393.304932 2126.288330 1623.353760
40.000000 780.047119 1741.075439 553.377380 1751.005493 1066.671021 1723.442261 849.954895 1732.219604
45.000000 2789.993164 926.610657 2569.964355 953.036987 2773.849365 906.149536 2566.806396 944.095398
37.000000 2566.400146 956.392090 2586.125732 1176.715088 2567.133545 949.645874 2587.350098 1166.603027
64.000000 862.602417 478.496307 1082.334961 458.839966 1122.055420 593.061035 1304.718628 559.422119
46.000000 2550.881592 756.792480 2770.403320 723.397827 2552.068848 748.072998 2755.336426 699.711548
38.000000 2524.666748 1183.504883 2506.052490 966.433472 2530.518066 1176.360596 2511.411621 959.869141
68.000000 627.176086 1481.059570 604.345337 1697.790649 911.381897 1500.875488 891.517334 1683.498413
51.000000 2573.234131 959.149963 2786.773682 934.251282 2573.229492 949.418457 2772.812500 913.751648
74.000000 198.605179 1196.861084 220.049500 983.004028 511.406525 1274.332031 523.955505 1096.489746
35.000000 2001.981201 1610.052124 1993.759766 1396.778687 2076.366943 1620.014038 2066.077148 1399.871704
53.000000 2743.557129 531.163330 2536.228516 571.055908 2726.564941 506.314972 2533.035889 562.305481
50.000000 401.199524 1746.757324 417.067505 1536.696899 732.784912 1726.802734 742.724487 1523.303589
48.000000 2299.819336 989.784973 2315.269043 1199.862549 2326.179688 993.116394 2341.702393 1196.791016
21.000000 207.011063 1799.670654 229.786118 1592.942505 501.180634 1793.431030 522.967468 1530.245605
49.000000 2244.407959 1206.823242 2230.051025 999.765320 2279.886963 1206.675171 2264.540527 1003.493896
81.000000 362.987030 1013.615112 343.516968 1220.017334 651.053833 1113.398193 640.387756 1286.690552
65.000000 2315.269043 1199.862549 2519.763916 1183.683350 2345.990723 1197.626221 2530.518066 1176.360596
72.000000 738.338806 1693.224243 751.692505 1489.892212 1023.846863 1684.058105 1029.941162 1503.228760
55.000000 2539.990967 576.619934 2739.712891 538.495850 2536.107666 568.069214 2726.550049 512.930847
58.000000 2040.889038 1023.288269 2051.024170 1223.281372 2099.997070 1033.130615 2111.781982 1226.761108
73.000000 2285.090088 797.027161 2482.506592 767.805298 2310.661865 803.532959 2485.828369 763.076477
69.000000 2500.137207 961.097717 2303.211914 985.695435 2506.892334 954.523254 2327.042480 988.647766
62.000000 1979.090332 1230.041870 1970.021729 1033.178833 2050.752686 1236.819092 2039.711182 1049.820190
85.000000 3.314898 1173.460815 196.937546 1201.460083 339.312225 1260.456055 511.406525 1274.332031
54.000000 2974.518799 493.179932 2999.568359 686.722534 2948.838867 449.714905 2974.723389 646.921753
78.000000 2306.561768 992.502869 2500.174316 968.045959 2332.961182 994.695251 2506.405029 961.947998
89.000000 51.243023 732.499634 238.179382 788.262146 370.754730 902.601807 535.319946 933.006104
87.000000 505.497894 1243.785278 522.452332 1049.928711 788.142212 1300.122314 797.823059 1133.222778
75.000000 2466.756836 583.815735 2276.543213 619.338440 2470.026367 580.092590 2299.624756 628.683777
76.000000 1737.795044 1253.412476 1730.858032 1060.088867 1849.736450 1263.360107 1832.436157 1087.847656
100.000000 257.092468 605.473328 76.320724 540.969482 543.166321 777.417542 386.113586 742.486694
91.000000 216.397339 977.875854 29.357882 936.216248 523.076721 1091.880371 359.603607 1069.571289
107.000000 71.443100 543.088928 47.266315 730.077515 382.585938 743.570862 368.203247 900.141174
59.000000 2770.403320 723.397827 2749.021729 536.379395 2755.336426 699.711548 2732.616943 510.087311
79.000000 2773.413574 944.028931 2586.922607 965.551208 2760.175537 924.322632 2586.970703 955.046875
92.000000 2240.058838 1381.330688 2053.314941 1389.585815 2280.062256 1377.559814 2116.594971 1388.972900
101.000000 2226.847656 994.806580 2043.417847 1017.354614 2260.733398 1000.592163 2103.333008 1029.998901
97.000000 2056.326416 1222.800659 2239.705566 1206.655884 2116.029541 1228.596436 2276.268799 1207.041748
105.000000 652.039001 1080.151367 638.427612 1263.464111 929.989319 1151.156250 911.626587 1309.802490
104.000000 1088.438477 1133.524414 1081.580688 1316.725830 1330.600098 1180.306885 1328.206909 1340.015259
82.000000 2730.233887 547.888733 2550.440430 582.301392 2716.728271 523.546936 2550.427979 571.484802
106.000000 2022.720215 839.500549 2202.388184 810.759094 2082.305664 859.113953 2235.482910 821.806396
120.000000 241.465012 789.798462 260.886993 609.736145 535.319946 933.006104 547.170105 783.134094
67.000000 2532.317627 576.446655 2550.881592 756.792480 2531.003418 566.568665 2548.901611 749.781677
83.000000 2790.334473 1143.974121 2610.207520 1159.133423 2780.344238 1125.900269 2610.272949 1148.703125
71.000000 2486.173340 766.711426 2469.865967 586.981262 2491.305176 763.525085 2474.292480 583.557739
112.000000 2190.206787 634.431274 2012.911133 668.804810 2223.152588 649.367493 2073.035645 692.292053
80.000000 2616.426514 465.466248 2440.147461 500.736786 2606.458252 449.321259 2440.118408 500.385498
116.000000 2046.691406 1023.536743 2223.178467 1002.060913 2106.545898 1036.014771 2256.938232 1008.130920
42.000000 1535.320557 1596.342529 1542.477051 1419.426025 1689.307739 1606.528687 1693.310303 1393.145386
86.000000 2204.918945 813.446533 2193.482666 636.872864 2239.274414 823.385498 2227.041260 653.306396
94.000000 1402.407104 1429.997070 1401.848145 1606.661987 1580.097046 1436.567139 1582.501099 1600.012207
113.000000 2725.937012 1466.124390 2561.463623 1406.719116 2717.484863 1452.528198 2573.616699 1397.252930
84.000000 2272.383057 623.168091 2285.090088 797.027161 2297.019775 633.063965 2310.661865 803.532959
102.000000 1575.386719 1076.661133 1575.849487 1250.002197 1712.088013 1106.613037 1716.199585 1266.678711
90.000000 2743.680176 712.118591 2573.335693 740.013672 2730.844482 690.095276 2569.933838 729.731140
124.000000 397.254150 656.725098 380.844177 827.787964 670.467102 806.698059 660.614441 953.374634
137.000000 1806.270996 1245.014526 1976.258423 1231.523315 1906.215576 1256.229492 2046.205933 1239.482056
131.000000 1990.043945 1394.199829 1819.974243 1402.824585 2060.109375 1394.714844 1916.882568 1406.059082
93.000000 2012.911133 668.804810 2019.538696 840.019653 2070.147949 696.486267 2078.614502 859.899109
61.000000 23.003567 939.539612 2.018433 1106.501343 354.939575 1073.177979 339.312225 1260.456055
149.000000 1966.922852 1028.794189 1800.264648 1048.864258 2033.625854 1044.934692 1896.659180 1069.958862
117.000000 2486.830811 977.999146 2320.229736 998.531128 2493.785400 972.449585 2343.370850 1000.203308
139.000000 203.390747 989.739258 39.910049 953.741821 509.687531 1102.348633 369.943695 1083.756470
109.000000 1972.000854 850.065552 1963.801392 683.474365 2040.167480 869.979004 2020.627808 714.090271
88.000000 2090.663330 1633.910034 2256.670166 1632.882568 2129.882324 1624.371338 2297.809326 1620.474854
159.000000 246.140320 614.833252 88.945740 559.670959 532.675720 786.358643 399.823181 757.480042
123.000000 2453.380127 600.261475 2290.497070 629.441284 2456.977051 597.792297 2313.521729 637.349609
147.000000 1804.763916 873.346924 1969.210205 848.212952 1897.845459 902.947388 2035.214722 870.499695
96.000000 1393.538330 1103.294556 1391.512207 1266.685425 1568.421265 1133.327271 1568.614502 1296.680176
158.000000 1803.167358 1055.296631 1963.241455 1035.908325 1899.885620 1076.041992 2033.619141 1051.561279
180.000000 103.156425 999.979553 84.663292 1159.768188 427.265289 1120.047852 417.148376 1246.705200
144.000000 535.693848 873.539246 549.669617 713.304504 804.646973 980.075684 812.719360 839.964600
129.000000 2496.872070 1169.011353 2336.932129 1183.029541 2506.901123 1161.718262 2363.507568 1181.277344
121.000000 1758.404053 883.381592 1753.559814 723.225647 1860.675293 913.259766 1844.410156 763.942261
155.000000 2240.029785 1616.405151 2080.012451 1617.957520 2280.047607 1606.376587 2143.362061 1608.511597
156.000000 1960.041626 680.224792 1803.205322 709.309692 2023.921997 708.743286 1893.096191 745.830261
163.000000 176.874176 1178.678589 19.890995 1154.027466 493.343933 1259.882935 359.898254 1247.789307
130.000000 347.032806 1220.869629 505.497894 1243.785278 643.530762 1287.741821 788.142212 1300.122314
138.000000 520.059998 1046.391113 366.049164 1012.834045 796.318726 1129.313843 656.543091 1110.939941
178.000000 222.823318 768.320068 72.711777 722.014954 516.736755 916.295776 389.571716 892.266602
148.000000 380.844177 827.787964 531.777649 874.084961 663.597717 955.244385 800.491333 980.690063
151.000000 2226.789307 1396.138428 2069.985107 1402.991211 2266.829590 1392.329468 2130.132568 1401.894653
115.000000 1799.669556 716.595764 1804.763916 873.346924 1890.737549 749.971558 1897.845459 902.947388
125.000000 1599.971680 749.952026 1602.246460 906.634033 1726.247803 796.579529 1730.636230 943.314331
203.000000 1723.536377 1407.473877 1567.082275 1415.143921 1836.826904 1412.066406 1716.516479 1421.396240
153.000000 666.036255 751.245728 645.395325 906.497620 916.058411 863.309387 910.678711 1000.026733
141.000000 548.888000 709.714783 402.277222 656.228210 810.020813 836.576294 672.952454 804.985962
140.000000 2460.586182 757.078125 2306.845459 781.142944 2467.493652 753.447632 2330.702637 786.262695
157.000000 2213.372559 1010.320557 2059.890381 1029.104614 2250.551758 1016.332764 2116.837646 1040.929565
193.000000 178.531723 1016.514038 162.582703 1169.921997 492.328156 1129.927368 483.394653 1253.578613
190.000000 1579.621460 1266.111572 1733.122559 1251.168335 1719.800537 1281.915405 1843.040039 1264.581787
126.000000 1557.606445 913.260803 1545.821777 760.579773 1694.949097 953.185486 1681.612061 807.434204
196.000000 1605.924438 905.363098 1755.818848 881.369995 1735.585571 942.236633 1855.750732 912.913391
145.000000 1417.530273 786.692078 1412.749634 937.190063 1580.825928 840.006897 1581.109497 980.138550
188.000000 1750.337769 718.433960 1603.307617 746.531799 1847.098633 758.159241 1727.471680 792.781555
162.000000 2681.998535 1474.636353 2536.139648 1441.120117 2679.347168 1461.956177 2548.743164 1431.186035
146.000000 1381.467163 943.216248 1369.569336 794.165955 1549.180298 987.144897 1544.601685 846.939636
160.000000 2176.757324 650.496094 2030.113770 677.289246 2213.914307 665.419250 2083.793701 701.652954
217.000000 1726.791138 1057.673706 1579.896606 1075.830566 1833.628906 1081.595825 1716.653198 1103.260864
179.000000 2220.287842 1193.216675 2073.306396 1206.364258 2256.886230 1194.930542 2130.320557 1212.331543
175.000000 776.200745 943.314697 782.068176 796.482910 1037.010132 1020.010315 1040.910034 889.927368
184.000000 1097.705444 840.043579 1091.552368 986.731812 1330.745117 909.967163 1329.137817 1036.697998
110.000000 1232.314941 1123.352539 1235.086060 1270.092773 1442.390747 1160.024048 1444.291016 1316.643311
154.000000 864.391602 653.367249 869.092407 506.744446 1133.783081 750.061340 1130.873779 613.314758
165.000000 1248.899780 816.684448 1248.572754 963.180847 1451.434082 878.052002 1452.036621 1010.527771
197.000000 2183.787598 799.451782 2040.462402 822.834595 2217.268555 812.472656 2097.086182 841.723511
218.000000 1583.190308 1082.137207 1726.467651 1065.002930 1716.078247 1110.148682 1832.436157 1087.847656
246.000000 966.349182 422.353912 827.706787 460.451935 1192.367065 537.795715 1093.777222 581.012756
194.000000 1976.776367 1408.819946 1833.306030 1416.130615 2053.501465 1408.784424 1930.151855 1418.578491
195.000000 2552.993652 1409.935181 2427.356934 1478.489624 2568.642334 1400.574585 2458.569092 1455.285889
166.000000 1218.951660 966.540405 1211.074951 824.010742 1422.333740 1016.716675 1420.795654 883.401062
244.000000 1412.749634 937.190063 1552.946655 914.332947 1581.109497 980.138550 1689.236084 953.608459
219.000000 1953.398193 1043.862793 1813.458618 1061.021362 2027.142578 1059.248535 1910.150146 1080.814331
225.000000 425.425140 1069.887695 412.733734 1210.247192 712.404724 1156.611328 705.439270 1273.458862
127.000000 2801.772705 1593.505737 2727.750244 1473.932373 2793.285889 1584.287842 2720.642822 1457.718018
152.000000 2081.727539 1200.075073 2075.178223 1059.913818 2142.129883 1203.404297 2134.066162 1066.623413
248.000000 280.977051 302.152313 153.369919 360.080597 570.542969 514.171936 480.448334 572.507202
245.000000 1533.817993 1080.502808 1396.811523 1097.812866 1678.353027 1109.849365 1570.019043 1130.100098
232.000000 486.077148 1083.285645 475.013916 1220.135864 768.245422 1166.573975 762.243286 1280.118530
172.000000 2025.516968 679.914917 2030.844849 816.633728 2082.002441 706.577759 2087.774414 836.617493
164.000000 1901.289429 1216.734741 1896.736328 1079.997681 1987.987305 1226.747803 1982.609985 1093.362549
239.000000 1953.835938 836.383728 1820.283691 858.388367 2020.857910 860.134949 1913.348877 886.729553
220.000000 1946.799194 694.033142 1813.817505 719.222839 2017.137451 721.633545 1903.625977 754.348816
280.000000 1363.527954 1101.521362 1230.664062 1118.522705 1541.319824 1140.122070 1442.390747 1160.024048
228.000000 1956.786011 1218.080444 1823.558350 1229.331543 2033.715332 1226.248901 1920.148193 1241.130493
119.000000 2407.453857 996.634155 2412.964111 1130.152832 2445.980713 1163.650146 2434.128906 1013.270630
223.000000 506.592590 1057.016602 376.090332 1029.389160 783.396606 1139.503296 666.503540 1124.614014
185.000000 604.345337 1697.790649 736.603760 1696.177612 896.617371 1686.810547 1023.846863 1684.058105
99.000000 803.450623 659.688782 678.956909 612.767517 1093.357300 769.898926 936.801758 732.763916
247.000000 1546.783936 757.273560 1417.116577 782.328552 1683.915039 805.317749 1580.659790 835.584229
200.000000 2530.792969 1447.023438 2431.788330 1531.523071 2541.338135 1437.295410 2450.993408 1520.801758
207.000000 1667.068237 1236.678101 1666.559570 1106.667114 1794.156128 1250.086792 1790.002319 1129.999878
235.000000 489.817963 1227.834717 363.111633 1208.089355 773.096313 1286.005249 660.061157 1275.977661
294.000000 1248.572754 963.180847 1376.008423 942.588379 1452.036621 1010.527771 1549.180298 987.144897
191.000000 640.607361 1265.979736 767.401672 1285.134521 916.708435 1312.854248 1040.264648 1323.632568
278.000000 1716.980225 1072.566772 1590.170044 1088.058960 1827.154663 1095.987915 1726.866699 1114.421509
189.000000 168.772995 1351.838623 45.076035 1319.914185 511.572266 1414.920776 392.649078 1378.108643
216.000000 533.575562 715.981689 413.293640 673.445557 799.774231 844.366150 682.864929 818.809326
282.000000 1710.072754 1421.294067 1583.431274 1428.409180 1826.833252 1425.441528 1726.668579 1433.358154
211.000000 749.928833 1484.545166 623.307434 1477.108154 1026.593506 1498.853271 906.616272 1494.839966
213.000000 1810.127075 723.329834 1813.643677 849.991394 1899.801270 760.007324 1904.219482 879.967346
210.000000 1606.790039 1240.004883 1606.599609 1113.333374 1744.359619 1256.733032 1740.907471 1136.640625
215.000000 777.838623 799.053467 660.317566 754.647949 1035.230469 892.702271 918.810425 864.999207
201.000000 650.439392 908.491150 770.901184 943.572083 913.793762 1000.747314 1033.558105 1022.070923
296.000000 1214.493530 1125.696533 1090.635132 1141.610107 1428.324585 1161.934570 1330.600098 1180.306885
237.000000 407.566803 1346.540649 290.410553 1388.507324 756.787292 1401.731201 643.431519 1400.552856
242.000000 143.556137 740.036926 163.908707 617.314880 455.879242 886.831360 462.993835 776.860352
251.000000 1716.815308 1238.261475 1593.619751 1249.740112 1833.603394 1251.939941 1727.598999 1266.697388
222.000000 776.824097 1106.001953 656.470825 1077.493530 1043.169556 1164.459229 926.545837 1147.497192
169.000000 2286.916748 633.318420 2294.253906 756.611877 2310.690674 649.953552 2319.443848 780.037415
227.000000 1420.581787 1260.004272 1421.489136 1136.653076 1593.898926 1279.995483 1592.955566 1163.336426
187.000000 205.981277 1443.598633 112.893555 1363.015869 530.102661 1474.504272 424.046082 1408.196899
261.000000 1737.310913 733.433472 1616.558472 756.090088 1840.590454 772.061768 1740.229980 800.803040
238.000000 519.996765 856.677429 402.907623 821.413574 789.461792 966.219116 679.554565 945.721741
258.000000 959.671021 877.772156 1076.870117 912.649780 1206.925903 948.859680 1310.224976 972.343689
284.000000 147.933029 616.426453 133.993851 736.356018 452.878113 796.630432 444.920227 896.527527
198.000000 1355.120483 1226.548218 1364.337158 1106.232910 1545.126221 1263.545532 1541.319824 1140.122070
236.000000 1477.902222 1246.666748 1477.899780 1126.666626 1640.586304 1269.986938 1638.069580 1156.635498
255.000000 1179.359741 533.324280 1179.086060 653.308411 1412.375732 613.335510 1412.620117 720.001648
257.000000 1080.151611 789.500549 966.190979 754.900024 1313.250122 860.370422 1209.890503 837.153992
276.000000 1068.439453 1112.215942 954.725220 1080.237061 1309.072266 1154.237549 1208.771362 1132.278809
292.000000 373.409607 1382.048828 277.456268 1449.726929 695.575928 1417.782104 605.943848 1461.863525
268.000000 959.722290 906.650574 952.950195 1023.311096 1207.301758 976.681091 1204.952148 1080.036743
269.000000 1109.318970 1286.639160 1114.035278 1170.028442 1351.913574 1310.033936 1353.746460 1206.673950
243.000000 1310.846558 1263.347412 1312.780640 1146.657471 1507.211792 1286.678345 1506.751343 1176.666260
273.000000 971.821838 610.077271 966.830078 728.126587 1211.204468 706.683350 1209.770874 809.996826
208.000000 1538.317261 1200.098511 1531.498047 1083.635986 1677.466797 1230.068359 1678.353027 1109.849365
293.000000 1086.057129 645.147827 976.143677 608.223511 1313.160767 727.385132 1216.467163 704.163879
277.000000 1073.544067 932.527283 963.242065 903.682312 1310.362305 991.525757 1209.728271 971.355530
231.000000 2392.224854 756.757812 2382.898438 643.369080 2410.420410 759.965149 2401.028564 646.581482
272.000000 1158.433472 1280.047607 1161.487915 1166.616943 1389.672363 1303.331665 1390.207153 1200.001099
271.000000 1258.229126 1266.695312 1260.303345 1153.338867 1466.453247 1290.007568 1466.705566 1186.666748
241.000000 1186.310913 652.659729 1086.244507 705.511719 1412.405884 727.548767 1316.529785 782.267395
77.000000 1843.909058 1476.986450 1856.671631 1587.052612 1942.926270 1430.009888 1947.217773 1606.653320
206.000000 112.893555 1363.015869 2.678905 1369.866699 418.039886 1407.958984 305.135986 1449.136353
252.000000 2120.768066 803.289978 2114.559814 693.264099 2169.387451 816.704590 2162.782471 710.034119
270.000000 739.878967 1495.690186 629.997620 1490.046387 1016.687805 1508.754395 913.327698 1507.000244
281.000000 1366.869629 804.424683 1260.172729 824.262451 1548.792847 850.441223 1451.434082 878.052002
63.000000 872.855408 504.834778 978.597778 477.778931 1134.549561 606.062805 1319.687134 577.940247
143.000000 2156.944824 1193.550903 2149.335938 1086.713989 2206.486084 1196.677979 2197.676025 1056.603149
254.000000 2050.244141 813.321899 2045.255249 706.576843 2108.060059 833.269836 2103.201416 726.672668
267.000000 1896.843994 839.994324 1893.434937 733.330078 1977.324097 866.643250 1973.646973 763.322144
290.000000 723.338318 1684.459595 616.673767 1684.932983 1010.005920 1674.230103 910.010315 1674.891602
205.000000 1039.461670 312.725983 960.125427 383.047546 1287.140991 420.482544 1201.429077 504.729309
279.000000 769.270386 1116.523315 666.002380 1092.904297 1033.260864 1173.868408 932.846497 1160.258423
202.000000 2548.150146 586.528625 2557.766846 689.897644 2545.736816 576.425049 2557.814209 696.551270
173.000000 1834.065430 1223.320679 1832.275269 1119.960571 1931.784668 1233.392700 1926.803711 1103.328125
263.000000 1114.946411 395.742462 1047.980103 317.941010 1357.963379 510.820587 1296.353271 426.896759
23.000000 973.773987 409.873535 1073.848877 422.618927 1451.425415 575.695557 1194.981567 527.835449
297.000000 762.682068 928.875488 666.513428 900.519653 1022.904846 1009.018738 926.404663 991.438171
286.000000 1831.629517 846.700684 1829.632080 746.674011 1923.331909 880.000061 1919.905640 780.003235
