Keypoint Matches and Line Matches for pairs 1, 2 
1 corresponds to the image ./resources/Data/CastleP19/images/0001.png 
2 corresponds to the image ./resources/Data/CastleP19/images/0002.png 

22.000000 1141.903442 582.615295 1491.238281 490.099335
5.000000 960.611633 1723.008911 1227.002441 1641.034912
99.000000 1981.503540 669.097290 2421.402344 505.949707
10.000000 950.962341 1715.196167 1220.569702 1632.849487
39.000000 1976.658203 616.608643 2406.877930 450.859772
7.000000 50.775845 1741.218262 337.536713 1645.191162
8.000000 1000.884399 1644.261475 1337.098511 1562.805786
9.000000 114.319633 1699.238525 404.032654 1605.340820
0.000000 890.615540 1681.042114 1156.898560 1601.839233
12.000000 50.855640 1758.142456 340.663452 1659.674561
13.000000 920.456360 1707.898926 1187.017700 1625.313477
316.000000 347.724579 251.099380 603.224487 236.942200
2.000000 729.490295 437.650543 1026.078735 384.944550
20.000000 84.064217 1733.521362 373.866669 1637.404907
21.000000 890.356995 1689.937744 1153.630859 1607.851318
16.000000 1091.238037 650.025330 1453.242798 566.664673
17.000000 1075.271362 1430.039673 1453.726318 1353.333130
14.000000 1086.901245 1430.075928 1464.900146 1353.336426
15.000000 1103.420654 653.264282 1466.477417 566.646240
30.000000 117.264511 1711.285522 407.130157 1616.215332
31.000000 853.630554 1672.277100 1123.469116 1590.441895
34.000000 844.110291 1641.812744 1127.169434 1560.597900
46.000000 790.307190 1625.689819 1060.109497 1545.048706
47.000000 176.777161 1646.578613 466.765961 1557.913452
48.000000 326.599976 396.661133 584.880676 383.228943
49.000000 275.968536 1006.885315 551.167725 960.068237
52.000000 825.330627 606.877502 1140.422485 543.407654
53.000000 803.053101 1170.120728 1129.345337 1103.386353
44.000000 675.647705 368.562134 952.756165 321.528107
37.000000 56.941475 286.694427 304.548187 303.422791
86.000000 1972.562256 673.226562 2412.075439 523.402527
61.000000 237.815491 1129.528809 514.173096 1076.073364
58.000000 884.708557 1189.929199 1223.640503 1116.671753
59.000000 903.749512 663.227905 1232.230225 593.315247
54.000000 1467.520142 1273.355225 1898.160278 1190.117798
55.000000 1465.538574 746.670898 1885.552246 636.616150
78.000000 1133.063965 1219.993164 1518.201294 1139.995605
64.000000 1043.283203 696.751648 1396.804932 616.685242
65.000000 1030.173218 1203.424072 1394.059692 1130.003906
56.000000 1463.157104 742.101990 1883.640137 631.318420
57.000000 1963.409180 670.530212 2400.258057 511.108612
62.000000 1239.305908 740.047180 1636.100464 639.913574
63.000000 1235.329346 1243.349121 1643.467407 1159.950928
72.000000 1112.816406 730.055664 1481.410889 643.332764
73.000000 1103.200073 1216.664062 1481.468018 1139.999878
70.000000 1443.631470 763.281067 1857.640991 659.904297
71.000000 1446.083984 1246.669678 1868.674561 1156.622070
80.000000 1064.358276 1206.689575 1434.762695 1133.329224
81.000000 1074.929321 733.294556 1435.820801 649.998169
43.000000 820.163025 1652.458496 1090.224854 1573.694214
51.000000 503.838043 292.378235 757.335327 261.529755
89.000000 653.982300 332.144409 937.010376 292.432129
66.000000 1946.971680 622.150757 2373.820068 458.649506
100.000000 390.140717 1659.099365 630.089478 1572.211914
101.000000 780.185364 1636.538208 1053.538818 1555.078003
118.000000 495.829865 1193.088623 729.954285 1133.197388
119.000000 473.699188 1570.217041 715.594055 1490.090942
102.000000 790.136169 1162.414062 1057.585327 1091.328003
103.000000 418.056671 1107.285156 647.595581 1047.897583
91.000000 1474.751831 606.083740 1915.125854 487.323181
114.000000 424.755219 1580.335205 671.855042 1490.085571
122.000000 33.355965 1210.268066 310.881500 1153.556519
123.000000 5.668717 1556.853271 293.764343 1476.865967
227.000000 55.507393 980.197021 324.847137 943.441223
128.000000 99.476692 473.543365 353.436066 473.488647
129.000000 123.410271 153.339081 367.153809 170.022018
108.000000 838.290466 769.935791 1159.009155 703.316467
124.000000 819.386658 1086.643188 1146.330322 1016.660278
125.000000 831.229858 776.586304 1152.167114 709.977783
33.000000 1516.240601 663.687927 1943.041382 545.495789
140.000000 704.696228 1559.873291 981.868591 1480.069336
141.000000 724.225220 1256.295166 992.629211 1189.850342
139.000000 104.989685 476.814789 359.170776 473.481293
168.000000 368.167755 1319.888428 659.278564 1243.301880
176.000000 170.238159 1276.685547 455.887970 1216.622925
177.000000 147.571915 1563.404907 441.264069 1476.737793
164.000000 502.977875 1603.312622 804.682373 1519.887085
165.000000 519.102112 1326.614380 820.047668 1250.002686
170.000000 646.623230 823.034668 943.239136 766.754639
171.000000 658.631042 553.272400 950.394165 503.253510
149.000000 443.739197 313.353973 707.071350 290.011780
190.000000 255.531799 533.262329 515.185059 513.401794
191.000000 272.156036 269.246765 523.645325 265.461853
182.000000 923.635254 893.490662 1256.819946 820.001099
183.000000 912.240417 1156.763672 1254.981934 1073.345337
178.000000 449.454529 339.966614 713.673157 310.012878
179.000000 433.533722 600.012268 703.955566 566.690247
205.000000 2305.545410 1396.570435 2803.451172 1313.076904
194.000000 751.574829 1546.586426 1081.047852 1466.694580
195.000000 762.835571 1299.977295 1087.431274 1226.598389
184.000000 696.477844 453.483185 989.266968 396.735687
185.000000 684.726440 700.066406 982.634888 646.648132
69.000000 217.334457 188.762680 467.963165 192.545013
212.000000 546.785645 643.180908 828.053162 599.940613
213.000000 557.847351 409.897919 834.969116 373.281525
304.000000 476.644684 1009.019104 699.981201 956.397583
305.000000 243.353836 1014.247925 516.611267 969.207275
260.000000 1093.212036 1614.231812 1476.516724 1536.813599
216.000000 1167.004517 970.113647 1552.873169 893.333374
217.000000 1163.273071 1200.107178 1552.871094 1120.000000
167.000000 231.605179 727.044678 496.681580 700.007812
210.000000 558.626831 626.571777 841.012939 586.554810
211.000000 574.294189 399.836060 851.938599 359.932770
207.000000 69.590157 759.957886 332.396973 739.929749
134.000000 230.025803 1013.335754 503.097046 966.646912
218.000000 931.996277 570.062439 1262.304443 493.357697
219.000000 925.114868 790.055725 1259.907715 719.999023
112.000000 775.703674 1071.747070 1040.108032 1002.576721
248.000000 547.255676 423.171295 825.962341 386.638916
249.000000 534.656250 636.547974 817.820251 593.378784
228.000000 1309.685059 1243.332642 1721.613037 1160.035278
229.000000 1310.162476 1029.992920 1717.095581 939.991211
198.000000 726.281921 1195.845093 986.694031 1126.394531
199.000000 519.863037 1164.227417 753.039673 1102.923340
250.000000 777.197388 726.682251 1087.863403 666.634216
251.000000 783.265381 519.900208 1090.999390 459.964600
240.000000 995.409546 1149.956177 1352.623291 1076.658203
241.000000 1002.617493 943.308350 1355.162476 863.315430
254.000000 1236.620605 433.216736 1632.212402 329.804871
255.000000 1443.313354 432.274719 1836.013916 307.396576
154.000000 310.023376 1196.430664 577.486328 1139.774902
298.000000 325.939758 806.614502 597.745850 770.057190
299.000000 311.335541 1010.095825 587.680664 960.053711
223.000000 991.169800 1316.708252 1351.525879 1239.971802
278.000000 678.321960 833.558960 981.259827 790.049622
279.000000 669.131897 1036.778198 973.523438 986.542908
268.000000 986.149109 1153.321777 1341.643433 1076.665649
269.000000 990.633057 953.272827 1341.768555 876.663574
573.000000 1170.653442 886.775940 1551.522461 803.498352
284.000000 971.068726 1346.699951 1331.405640 1270.014404
285.000000 964.938293 1543.383301 1329.424561 1463.361572
266.000000 1160.057007 1340.029907 1554.186157 1259.973633
267.000000 1158.324829 1536.710571 1555.445190 1459.986694
317.000000 319.376709 1010.203552 595.991577 956.808411
318.000000 333.907928 816.709839 605.411499 780.110779
286.000000 774.654846 529.905884 1082.993164 469.990723
287.000000 765.606506 723.283752 1077.716064 663.270996
209.000000 782.871765 873.309387 1098.260742 809.947815
288.000000 998.210693 810.037476 1347.675537 733.335876
289.000000 1002.825867 619.906799 1348.158813 539.995422
282.000000 1239.906494 446.910278 1639.226807 342.930786
283.000000 1429.914795 444.145813 1832.436401 321.798981
214.000000 529.731018 307.190002 786.633850 273.424683
215.000000 696.803223 393.067688 999.957703 350.117584
75.000000 20.390385 266.382324 267.669952 286.492584
333.000000 185.016098 1523.202881 473.264526 1443.329346
334.000000 199.765549 1336.648071 483.316589 1269.999023
274.000000 1310.515137 990.002014 1716.678955 903.373718
275.000000 1311.240234 803.338135 1714.284668 706.614502
300.000000 1261.586548 1053.348145 1671.136963 966.652588
301.000000 1259.845947 1239.998535 1673.490723 1156.706055
319.000000 3.276176 1584.331543 296.641449 1498.405518
320.000000 186.744354 1579.840698 473.369354 1495.611328
290.000000 186.615326 1567.037476 476.629761 1483.553467
325.000000 275.380493 546.652222 530.140869 526.150391
326.000000 106.238937 481.103699 360.069397 479.745667
327.000000 233.525848 1019.028381 500.576294 972.546692
328.000000 56.542419 983.960388 326.910797 948.254761
485.000000 180.012253 1658.588867 469.988556 1568.368774
486.000000 360.004944 1657.441772 606.671448 1569.287354
310.000000 1246.428467 466.101166 1646.524048 362.133545
311.000000 1423.305786 462.113953 1823.074219 341.153198
337.000000 994.746826 629.944336 1340.290161 553.335938
338.000000 989.622986 806.655762 1338.736450 726.685242
374.000000 211.186172 829.795410 482.228485 803.261353
375.000000 194.607315 1003.772400 471.803619 963.233643
263.000000 797.031738 510.017517 1105.415527 446.624725
343.000000 105.320168 493.340820 358.770355 490.944611
344.000000 265.519867 557.908325 525.107727 538.756775
256.000000 1315.293335 672.708252 1716.173340 568.164856
257.000000 1162.398193 595.177490 1522.936401 504.538818
323.000000 55.529900 998.083313 326.056427 961.253906
324.000000 224.103333 1029.156006 501.168610 984.548767
245.000000 17.163755 1333.092896 299.072540 1269.938599
272.000000 2371.058350 989.924561 2874.322998 839.915161
273.000000 2383.179688 1160.010986 2891.185303 1036.565063
358.000000 271.782074 513.198669 531.344727 499.876495
359.000000 286.529907 343.321472 541.488708 336.552094
331.000000 2386.458740 1160.255493 2896.666016 1039.992920
239.000000 767.623596 889.932739 1082.775513 823.296997
771.000000 1999.958862 1368.274536 2453.000000 1290.000000
354.000000 1220.449829 893.330872 1616.205688 803.343323
355.000000 1219.538330 726.669189 1612.593506 636.610474
570.000000 390.008392 1117.059692 616.751770 1061.363770
571.000000 223.417419 1120.611084 500.123230 1068.641357
253.000000 2526.413330 814.203857 3062.715088 623.024109
280.000000 2536.720215 970.629517 3070.281494 808.735168
281.000000 2373.436768 984.546387 2876.899658 835.046631
352.000000 202.792267 1241.751587 483.207092 1181.713135
353.000000 39.884651 1224.417358 316.463287 1169.426880
364.000000 1217.364746 1176.682373 1624.222290 1090.003540
365.000000 1218.001831 1013.312561 1623.989136 926.660950
258.000000 2513.483154 661.151978 3043.587891 444.537842
259.000000 2353.160645 682.005066 2846.561035 486.166656
404.000000 253.410309 366.401367 511.298431 359.880981
405.000000 240.351196 526.695251 502.326202 513.274414
412.000000 198.953140 340.202179 454.470581 343.403046
413.000000 184.810715 500.130646 445.272583 493.452209
347.000000 648.251343 1433.000977 945.160522 1370.136230
348.000000 658.728333 1272.814087 957.892639 1199.345947
386.000000 139.932266 193.471054 386.415314 207.388382
387.000000 283.070953 263.866821 536.753845 259.749634
410.000000 171.271317 496.782410 431.576843 490.103851
411.000000 185.527893 340.199799 441.457886 340.096039
180.000000 852.606506 474.725220 1160.264648 409.274017
394.000000 43.192070 1231.250122 320.057312 1175.953247
395.000000 196.823715 1248.610229 476.783417 1188.547119
390.000000 96.771919 672.996887 356.293121 658.343689
391.000000 243.661499 718.951050 510.159973 692.615112
362.000000 1765.121826 1043.254150 2197.882812 933.197021
363.000000 1770.062012 1196.750000 2202.775391 1096.483643
380.000000 1627.782349 1207.041504 2061.674805 1113.145874
481.000000 284.226532 1006.741455 559.887451 956.660278
482.000000 296.786652 856.676697 567.660278 820.056519
314.000000 2529.303955 813.391357 3065.801514 623.418945
315.000000 2516.789795 663.323059 3048.324707 446.832458
276.000000 758.678162 909.935791 1074.832275 846.620300
406.000000 1213.160278 736.663574 1606.415039 646.667664
407.000000 1210.487061 886.675354 1607.023193 799.998596
400.000000 1495.281982 1063.325928 1921.413086 966.627258
401.000000 1495.850098 1213.336426 1925.782104 1123.358032
440.000000 380.526398 570.287109 647.503784 540.041870
441.000000 391.449860 423.441193 654.674316 396.733765
462.000000 396.871674 1003.348694 681.503357 953.343994
463.000000 407.836060 856.754150 681.812073 813.329956
117.000000 866.704590 1000.001160 1197.898682 926.689575
349.000000 2217.109863 700.254639 2690.644287 519.771667
350.000000 2073.496826 717.991211 2523.562500 554.437988
345.000000 2083.181152 861.726624 2536.245850 714.036255
346.000000 2226.492432 848.158691 2706.163086 686.852966
360.000000 2230.653564 846.817383 2706.036621 683.378174
361.000000 2222.574219 703.188538 2694.412598 520.160522
351.000000 2348.791504 686.525085 2843.801514 489.963959
252.000000 2358.343262 829.888306 2857.831787 657.131958
424.000000 613.306702 883.331848 908.508667 826.724243
425.000000 605.351318 1026.593628 903.923523 973.351807
468.000000 923.731201 344.752045 1264.895142 273.787750
312.000000 2360.604980 1473.024902 2841.872559 1399.508789
736.000000 2371.603271 1613.468872 2855.000000 1557.000000
329.000000 2526.946777 983.252136 3067.074951 823.066162
330.000000 2386.838379 995.325012 2893.272461 846.209229
499.000000 286.592010 186.803253 526.320679 184.226807
500.000000 163.576462 119.555237 403.355377 136.609756
335.000000 573.928650 476.700104 854.229736 429.891998
442.000000 1074.396606 1469.942383 1453.501343 1389.973633
443.000000 1070.838623 1610.021240 1452.305664 1533.380371
339.000000 2500.112793 674.214722 3030.107666 460.515106
340.000000 2363.547363 691.673279 2860.540039 495.919891
479.000000 23.049751 333.679016 272.437988 343.541229
480.000000 7.586457 470.104248 260.795013 480.067810
430.000000 1897.373291 748.998108 2330.339111 598.395874
550.000000 1761.163086 765.989929 2197.205078 635.977173
507.000000 481.715820 610.103210 760.279663 570.150452
508.000000 489.941254 473.329803 765.700745 439.959778
494.000000 1758.378296 763.290710 2183.558105 629.868469
466.000000 1762.336548 899.791016 2189.678711 778.363159
496.000000 102.768036 685.038269 365.508911 672.037476
467.000000 1896.281250 883.495911 2326.314941 751.541016
392.000000 2536.893555 1136.761841 3070.115723 1004.515625
393.000000 2403.263184 1145.608765 2913.318848 1019.852234
456.000000 1623.856567 913.086853 2046.905518 800.579712
457.000000 1620.970825 780.068176 2042.068115 660.054688
522.000000 2327.697266 1357.053223 2828.813477 1268.934326
432.000000 965.934204 544.745911 1296.819580 469.575775
433.000000 849.468872 484.357727 1159.919800 420.222504
408.000000 903.326111 1283.394653 1246.821045 1208.133911
409.000000 773.169250 1268.059082 1096.744751 1195.723145
366.000000 2510.311279 802.848938 3040.351074 611.986877
367.000000 2380.045654 817.084351 2880.056641 640.320129
396.000000 2119.535156 1176.710083 2580.191162 1065.308228
397.000000 2250.062012 1167.549194 2736.681641 1050.155518
492.000000 183.068451 1255.748413 463.177155 1195.298950
493.000000 53.168739 1241.500610 329.890656 1184.709473
511.000000 737.122864 580.021912 1041.707397 523.374756
512.000000 730.872375 710.041931 1038.555786 653.298279
416.000000 763.354980 1459.047485 1093.302490 1381.721436
417.000000 893.363525 1462.005981 1243.373779 1384.412354
444.000000 2380.015381 1467.097900 2893.345947 1390.447754
426.000000 763.320557 1535.828613 1093.331055 1456.478271
427.000000 893.341125 1533.845703 1240.016724 1454.741821
428.000000 2206.916016 711.964233 2676.912354 534.521912
429.000000 2080.177002 728.060913 2533.502930 564.154053
434.000000 903.486938 1272.211304 1246.624634 1197.097900
435.000000 776.910400 1254.886108 1103.031250 1183.098755
516.000000 1496.337280 927.084595 1919.377930 823.098511
381.000000 1623.885498 1057.052856 2043.868408 954.019470
436.000000 2205.487305 1620.079346 2734.252441 1563.524780
437.000000 2196.956299 1493.313843 2722.870850 1420.036743
517.000000 1499.707886 1215.322754 1929.556519 1125.406738
541.000000 500.568359 476.700989 776.771729 443.337402
542.000000 492.912354 603.509155 771.990112 566.614563
414.000000 769.978821 1383.689087 1093.401978 1308.328613
415.000000 896.791565 1391.234619 1243.422607 1314.492798
539.000000 720.897461 703.192627 1028.689331 646.629395
540.000000 728.211975 576.563354 1032.195068 523.300964
446.000000 2213.612793 835.838196 2684.289551 675.237915
447.000000 2089.958984 849.632263 2543.504395 700.937317
501.000000 456.500336 346.991760 719.646179 320.982849
502.000000 566.656311 403.353546 843.701172 365.644989
454.000000 773.356140 1346.373413 1099.887451 1272.156372
455.000000 896.721069 1355.967163 1240.027710 1279.468994
478.000000 341.529510 250.086487 596.439758 240.597443
452.000000 773.462341 1308.604248 1099.881348 1235.082031
453.000000 896.667297 1319.992798 1240.140259 1244.599609
509.000000 1493.088989 800.002441 1914.271729 689.975952
510.000000 1494.328491 923.356812 1917.604370 820.061401
871.000000 905.697144 1529.979736 1270.000000 1453.000000
535.000000 1147.505615 486.622681 1534.832764 393.755005
545.000000 1616.886719 778.346619 2037.028442 658.395874
546.000000 1496.335449 794.137634 1916.715088 683.565063
531.000000 153.123749 223.751343 399.801758 233.905182
532.000000 261.066711 277.872467 517.363342 274.656921
705.000000 56.251144 750.035645 324.000000 723.000000
574.000000 938.800354 1410.066284 1295.534058 1333.352539
575.000000 935.071533 1530.054077 1294.518921 1450.010376
985.000000 695.917725 613.303284 996.000000 573.000000
505.000000 740.368469 415.952271 1026.718018 359.857971
506.000000 846.347595 470.618530 1149.651001 404.298889
376.000000 123.994316 976.725342 399.200958 946.390503
551.000000 202.824036 828.633911 476.463562 797.808838
552.000000 89.330742 799.251831 356.119568 776.410217
458.000000 1463.455688 1316.955200 1896.781860 1232.833008
459.000000 1346.709717 1312.263306 1756.707886 1228.626343
588.000000 952.235718 1023.293091 1301.827515 949.988586
589.000000 947.957825 1140.047363 1300.969360 1063.365845
357.000000 1202.744751 1539.989136 1612.093994 1460.003296
526.000000 1332.970947 412.124817 1723.872314 298.071289
567.000000 1219.894165 432.773590 1610.893188 332.820618
525.000000 1447.029175 427.095551 1850.032349 301.194275
533.000000 1877.078613 1030.246338 2316.634033 913.136841
470.000000 2226.647705 1006.028442 2703.474854 871.066711
471.000000 2113.017822 1009.416504 2566.564941 889.233154
514.000000 1786.525513 1197.901001 2215.230957 1100.996582
515.000000 1899.794800 1190.282104 2342.884033 1086.139893
576.000000 939.811096 1133.326050 1291.260498 1063.314575
577.000000 944.180115 1019.904236 1292.315674 946.657471
578.000000 433.361511 769.871094 703.341858 729.944275
579.000000 323.509064 745.862671 590.111816 712.603149
498.000000 1238.764648 469.847107 1641.574585 370.050964
553.000000 1886.569214 872.423462 2323.376953 740.248779
554.000000 1776.757690 884.182983 2203.552979 761.253540
1472.000000 516.717224 1029.266235 780.000000 978.000000
270.000000 833.593323 1633.578369 1103.113403 1555.570190
271.000000 940.422607 1625.816040 1300.287109 1545.783203
519.000000 2393.116211 1665.839966 2879.664307 1619.862793
520.000000 2500.130615 1669.816650 3006.851807 1626.400146
490.000000 2473.556641 1126.650391 3003.979492 996.605103
491.000000 2465.785156 1020.064270 2991.275146 863.211914
565.000000 789.964844 736.764587 1103.161865 674.024048
566.000000 689.730408 700.750305 987.033569 645.189026
586.000000 1440.450439 715.944641 1850.133423 605.922302
587.000000 1336.913574 704.443420 1736.703369 602.211792
1057.000000 752.000000 334.000000 1152.000000 282.000000
693.000000 416.000000 1074.000000 660.000000 1019.000000
906.000000 973.000000 740.000000 1319.000000 665.000000
706.000000 1355.000000 822.000000 1761.000000 723.000000
799.000000 1392.000000 1251.000000 1809.000000 1165.000000
1071.000000 423.000000 925.000000 709.000000 876.000000
644.000000 1355.000000 807.000000 1761.000000 707.000000
636.000000 1540.000000 1139.000000 1970.000000 1044.000000
754.000000 2152.000000 534.000000 2627.000000 339.000000
594.000000 1587.000000 855.000000 2011.000000 742.000000
727.000000 1354.000000 1262.000000 1769.000000 1178.000000
623.000000 1355.000000 660.000000 1758.000000 555.000000
597.000000 1354.000000 1245.000000 1769.000000 1160.000000
593.000000 506.000000 668.000000 784.000000 627.000000
1032.000000 375.000000 738.000000 649.000000 704.000000
972.000000 1354.000000 1095.000000 1766.000000 1006.000000
856.000000 1591.000000 1135.000000 2021.000000 1038.000000
1150.000000 1604.000000 893.000000 2028.000000 782.000000
1345.000000 462.000000 569.000000 738.000000 534.000000
645.000000 1355.000000 675.000000 1758.000000 570.000000
715.000000 1587.000000 876.000000 2011.000000 764.000000
751.000000 700.000000 1535.000000 1034.000000 1455.000000
603.000000 118.000000 542.000000 374.000000 535.000000
648.000000 1536.000000 813.000000 1959.000000 701.000000
1215.000000 1605.000000 853.000000 2029.000000 738.000000
629.000000 950.000000 1367.000000 1308.000000 1290.000000
666.000000 1343.000000 962.000000 1751.000000 868.000000
951.000000 975.000000 645.000000 1319.000000 570.000000
894.000000 731.000000 999.000000 1048.000000 934.000000
1152.000000 1553.000000 899.000000 1976.000000 791.000000
1089.000000 617.000000 1106.000000 925.000000 1051.000000
631.000000 1354.000000 1112.000000 1766.000000 1023.000000
769.000000 1392.000000 1234.000000 1809.000000 1147.000000
988.000000 746.000000 649.000000 1054.000000 590.000000
596.000000 108.000000 1436.000000 398.000000 1362.000000
1090.000000 48.000000 1500.000000 340.000000 1422.000000
341.000000 644.000000 841.000000 936.527283 787.156982
696.000000 428.000000 170.000000 718.000000 155.000000
731.000000 103.000000 628.000000 362.000000 616.000000
777.000000 747.000000 617.000000 1055.000000 559.000000
723.000000 947.000000 1470.000000 1308.000000 1392.000000
653.000000 92.000000 1647.000000 384.000000 1556.000000
1154.000000 1355.000000 792.000000 1761.000000 691.000000
725.000000 518.000000 439.000000 796.000000 404.000000
634.000000 74.000000 1024.000000 346.000000 984.000000
1078.000000 1554.000000 880.000000 1978.000000 770.000000
1048.000000 424.000000 719.000000 697.000000 681.000000
683.000000 1392.000000 950.000000 1803.000000 854.000000
598.000000 113.000000 619.000000 372.000000 607.000000
640.000000 285.000000 260.000000 537.000000 255.000000
678.000000 1391.000000 1052.000000 1805.000000 959.000000
1107.000000 1124.000000 572.000000 1473.000000 481.000000
845.000000 1807.000000 831.000000 2238.000000 699.000000
604.000000 1392.000000 1102.000000 1806.000000 1011.000000
635.000000 68.000000 1042.000000 340.000000 1001.000000
1235.000000 1708.000000 1422.000000 2146.000000 1341.000000
1550.000000 751.000000 515.000000 1057.000000 458.000000
1146.000000 394.000000 610.000000 659.000000 578.000000
662.000000 728.000000 1059.000000 1046.000000 1000.000000
983.000000 2399.000000 1147.000000 2909.000000 1021.000000
1167.000000 1367.000000 1109.000000 1779.000000 1019.000000
1203.000000 44.000000 105.000000 286.000000 134.000000
1016.000000 90.000000 639.000000 349.000000 626.000000
1251.000000 1354.000000 1062.000000 1765.000000 970.000000
822.000000 1793.000000 589.000000 2231.000000 439.000000
870.000000 1367.000000 805.000000 1774.000000 704.000000
1446.000000 56.000000 1408.000000 346.000000 1337.000000
827.000000 1367.000000 1092.000000 1779.000000 1002.000000
1059.000000 31.000000 1142.000000 306.000000 1093.000000
880.000000 1170.000000 1299.000000 1565.000000 1219.000000
794.000000 1343.000000 1098.000000 1753.000000 1009.000000
975.000000 452.000000 842.000000 737.000000 796.000000
1021.000000 1587.000000 896.000000 2012.000000 785.000000
770.000000 493.000000 1591.000000 733.000000 1509.000000
779.000000 1392.000000 1217.000000 1809.000000 1130.000000
637.000000 1367.000000 957.000000 1776.000000 862.000000
682.000000 1191.000000 1107.000000 1590.000000 1023.000000
1283.000000 1342.000000 1265.000000 1756.000000 1181.000000
612.000000 1343.000000 1081.000000 1753.000000 991.000000
823.000000 709.000000 1349.000000 1038.000000 1276.000000
889.000000 520.000000 406.000000 797.000000 373.000000
23.000000 520.000000 239.000000 770.475220 214.131393
713.000000 948.000000 1439.000000 1308.000000 1361.000000
934.000000 1344.000000 824.000000 1749.000000 726.000000
914.000000 1392.000000 770.000000 1800.000000 666.000000
1031.000000 279.000000 1159.000000 544.000000 1103.000000
680.000000 963.000000 983.000000 1313.000000 908.000000
1332.000000 116.000000 1500.000000 408.000000 1422.000000
1530.000000 489.000000 966.000000 780.000000 913.000000
848.000000 1367.000000 820.000000 1774.000000 720.000000
1427.000000 705.000000 493.000000 1001.000000 440.000000
765.000000 729.000000 1032.000000 1047.000000 967.000000
788.000000 706.000000 665.000000 1010.000000 609.000000
1214.000000 2175.000000 1106.000000 2649.000000 984.000000
1341.000000 1367.000000 1075.000000 1779.000000 985.000000
659.000000 51.000000 1014.000000 322.000000 976.000000
694.000000 2155.000000 1233.000000 2625.000000 1128.000000
1455.000000 664.000000 1275.000000 964.000000 1200.000000
740.000000 328.000000 382.000000 587.000000 367.000000
1299.000000 66.000000 1302.000000 352.000000 1240.000000
832.000000 973.000000 712.000000 1319.000000 636.000000
735.000000 252.000000 1772.000000 453.000000 1677.000000
883.000000 459.000000 634.000000 729.000000 597.000000
790.000000 1344.000000 794.000000 1748.000000 694.000000
907.000000 1790.000000 1745.000000 2198.000000 1683.000000
902.000000 1388.000000 418.000000 1783.000000 298.000000
911.000000 243.000000 586.000000 503.000000 567.000000
1431.000000 352.000000 749.000000 616.000000 713.000000
966.000000 781.000000 776.000000 1094.000000 713.000000
1445.000000 464.000000 837.000000 750.000000 791.000000
1381.000000 122.000000 478.000000 378.000000 474.000000
836.000000 52.000000 1454.000000 343.000000 1379.000000
721.000000 1725.000000 1464.000000 2164.000000 1386.000000
1245.000000 1405.000000 1214.000000 1822.000000 1127.000000
815.000000 946.000000 1501.000000 1307.000000 1423.000000
1461.000000 2136.000000 1095.000000 2604.000000 973.000000
651.000000 420.000000 977.000000 707.000000 926.000000
1138.000000 1709.000000 1464.000000 2148.000000 1386.000000
1004.000000 1725.000000 1422.000000 2163.000000 1340.000000
838.000000 2169.000000 532.000000 2646.000000 335.000000
649.000000 750.000000 543.000000 1057.000000 487.000000
1007.000000 260.000000 592.000000 520.000000 571.000000
605.000000 509.000000 588.000000 791.000000 549.000000
1092.000000 1882.000000 822.000000 2318.000000 686.000000
904.000000 447.000000 563.000000 719.000000 529.000000
867.000000 1354.000000 1078.000000 1765.000000 988.000000
1534.000000 1367.000000 790.000000 1774.000000 688.000000
1109.000000 445.000000 599.000000 718.000000 563.000000
665.000000 953.000000 1214.000000 1304.000000 1139.000000
1141.000000 394.000000 1118.000000 621.000000 1062.000000
643.000000 743.000000 711.000000 1053.000000 652.000000
747.000000 1392.000000 800.000000 1801.000000 697.000000
1128.000000 1344.000000 662.000000 1746.000000 558.000000
801.000000 1557.000000 1188.000000 1986.000000 1095.000000
1049.000000 88.000000 621.000000 347.000000 611.000000
1218.000000 1518.000000 863.000000 1942.000000 755.000000
1355.000000 976.000000 618.000000 1318.000000 542.000000
959.000000 1554.000000 859.000000 1978.000000 749.000000
938.000000 1585.000000 1429.000000 2021.000000 1349.000000
622.000000 246.000000 689.000000 510.000000 664.000000
930.000000 1706.000000 1475.000000 2143.000000 1396.000000
620.000000 1354.000000 1228.000000 1768.000000 1142.000000
689.000000 706.000000 477.000000 1000.000000 424.000000
1162.000000 2342.000000 1393.000000 2846.000000 1305.000000
921.000000 1343.000000 1065.000000 1753.000000 974.000000
1318.000000 1354.000000 1128.000000 1766.000000 1039.000000
854.000000 712.000000 526.000000 1014.000000 473.000000
743.000000 913.000000 361.000000 1257.000000 290.000000
726.000000 200.000000 209.000000 447.000000 214.000000
1226.000000 108.000000 847.000000 380.000000 819.000000
878.000000 1816.000000 1145.000000 2254.000000 1041.000000
1001.000000 1392.000000 919.000000 1803.000000 821.000000
1321.000000 1239.000000 1466.000000 1653.000000 1387.000000
1525.000000 126.000000 438.000000 380.000000 436.000000
668.000000 760.000000 1080.000000 1027.000000 1012.000000
859.000000 1344.000000 647.000000 1746.000000 542.000000
1330.000000 399.000000 828.000000 671.000000 786.000000
1454.000000 132.000000 1307.000000 419.000000 1243.000000
1304.000000 273.000000 1039.000000 541.000000 991.000000
804.000000 1694.000000 1475.000000 2132.000000 1396.000000
1065.000000 1187.000000 1476.000000 1594.000000 1397.000000
703.000000 1825.000000 869.000000 2258.000000 741.000000
712.000000 1956.000000 929.000000 2398.000000 798.000000
609.000000 789.000000 1188.000000 1050.000000 1119.000000
912.000000 39.000000 1011.000000 310.000000 974.000000
760.000000 1343.000000 1115.000000 1753.000000 1026.000000
1024.000000 971.000000 816.000000 1316.000000 741.000000
1307.000000 1168.000000 1561.000000 1568.000000 1483.000000
658.000000 1367.000000 673.000000 1771.000000 567.000000
624.000000 204.000000 1066.000000 479.000000 1018.000000
1080.000000 1970.000000 613.000000 2401.000000 446.000000
1239.000000 382.000000 635.000000 648.000000 603.000000
595.000000 202.000000 56.000000 438.000000 71.000000
1196.000000 94.000000 745.000000 358.000000 724.000000
1041.000000 1817.000000 1171.000000 2255.000000 1070.000000
847.000000 672.000000 1347.000000 1018.000000 1275.000000
811.000000 471.000000 417.000000 744.000000 387.000000
1384.000000 940.000000 319.000000 1281.000000 245.000000
1047.000000 945.000000 1532.000000 1307.000000 1453.000000
1076.000000 2407.000000 782.000000 2920.000000 597.000000
1293.000000 482.000000 870.000000 770.000000 821.000000
936.000000 1609.000000 1184.000000 2038.000000 1090.000000
614.000000 1196.000000 807.000000 1589.000000 718.000000
1499.000000 205.000000 509.000000 468.000000 499.000000
1039.000000 220.000000 1165.000000 499.000000 1111.000000
1185.000000 324.000000 1074.000000 603.000000 1020.000000
952.000000 1330.000000 708.000000 1731.000000 606.000000
1326.000000 1392.000000 1267.000000 1809.000000 1182.000000
915.000000 1405.000000 917.000000 1816.000000 818.000000
1119.000000 903.000000 563.000000 1229.000000 493.000000
857.000000 439.000000 876.000000 724.000000 830.000000
1350.000000 1541.000000 1189.000000 1971.000000 1097.000000
741.000000 1147.000000 593.000000 1502.000000 503.000000
1523.000000 615.000000 1092.000000 911.000000 1037.000000
872.000000 1380.000000 1104.000000 1794.000000 1014.000000
1302.000000 707.000000 1383.000000 1037.000000 1309.000000
791.000000 147.000000 446.000000 406.000000 443.000000
753.000000 1405.000000 798.000000 1814.000000 694.000000
1271.000000 21.000000 1563.000000 311.000000 1479.000000
1272.000000 434.000000 996.000000 723.000000 943.000000
669.000000 223.000000 302.000000 480.000000 301.000000
646.000000 246.000000 715.000000 511.000000 688.000000
1029.000000 971.000000 795.000000 1318.000000 721.000000
949.000000 457.000000 410.000000 725.000000 381.000000
926.000000 1405.000000 1231.000000 1822.000000 1144.000000
1198.000000 696.000000 661.000000 995.000000 605.000000
764.000000 1225.000000 1264.000000 1632.000000 1182.000000
1489.000000 452.000000 491.000000 722.000000 460.000000
734.000000 1392.000000 815.000000 1801.000000 712.000000
961.000000 1392.000000 935.000000 1803.000000 837.000000
1414.000000 511.000000 553.000000 792.000000 516.000000
630.000000 1367.000000 1259.000000 1782.000000 1174.000000
1233.000000 1873.000000 1168.000000 2315.000000 1065.000000
1265.000000 1204.000000 1560.000000 1613.000000 1482.000000
1524.000000 1380.000000 1088.000000 1793.000000 997.000000
626.000000 1367.000000 926.000000 1776.000000 830.000000
1157.000000 1154.000000 460.000000 1538.000000 366.000000
786.000000 1871.000000 1114.000000 2311.000000 1006.000000
654.000000 37.000000 1162.000000 313.000000 1112.000000
236.000000 654.000000 1549.000000 1012.284668 1466.712646
996.000000 2497.000000 1068.000000 3032.000000 925.000000
608.000000 68.000000 227.000000 313.000000 246.000000
1331.000000 2142.000000 790.000000 2606.000000 630.000000
1285.000000 910.000000 1184.000000 1253.000000 1110.000000
667.000000 464.000000 533.000000 740.000000 500.000000
925.000000 449.000000 1008.000000 739.000000 957.000000
1438.000000 1200.000000 1386.000000 1607.000000 1306.000000
994.000000 966.000000 1190.000000 1318.000000 1114.000000
931.000000 2437.000000 1616.000000 2929.000000 1565.000000
981.000000 111.000000 749.000000 381.000000 728.000000
166.000000 208.000000 1008.000000 483.706024 963.178833
1098.000000 654.000000 1066.000000 899.000000 1000.000000
850.000000 1969.000000 1534.000000 1909.000000 1474.000000
1423.000000 945.000000 606.000000 1282.000000 531.000000
656.000000 745.000000 681.000000 1054.000000 622.000000
944.000000 1355.000000 630.000000 1758.000000 524.000000
676.000000 2437.000000 1545.000000 2934.000000 1482.000000
1011.000000 962.000000 1011.000000 1313.000000 936.000000
941.000000 1202.000000 1109.000000 1603.000000 1025.000000
1311.000000 29.000000 1454.000000 315.000000 1379.000000
1114.000000 1537.000000 901.000000 1962.000000 794.000000
1211.000000 1008.000000 1327.000000 1372.000000 1250.000000
1555.000000 1327.000000 1438.000000 1761.000000 1353.000000
489.000000 147.000000 206.000000 395.497498 220.030167
798.000000 2051.000000 1218.000000 2508.000000 1114.000000
1241.000000 963.000000 954.000000 1314.000000 879.000000
1127.000000 466.000000 497.000000 741.000000 466.000000
1056.000000 1427.000000 1279.000000 1845.000000 1193.000000
833.000000 1195.000000 857.000000 1589.000000 769.000000
935.000000 100.000000 933.000000 374.000000 899.000000
1158.000000 736.000000 1119.000000 997.000000 1052.000000
1023.000000 201.000000 640.000000 462.000000 621.000000
885.000000 2141.000000 833.000000 2608.000000 679.000000
1108.000000 1187.000000 1503.000000 1593.000000 1425.000000
1312.000000 428.000000 852.000000 711.000000 807.000000
895.000000 1813.000000 1021.000000 2245.000000 907.000000
733.000000 514.000000 518.000000 793.000000 481.000000
1117.000000 727.000000 771.000000 1034.000000 711.000000
958.000000 511.000000 696.000000 790.000000 652.000000
910.000000 1536.000000 882.000000 1961.000000 773.000000
600.000000 1190.000000 1159.000000 1590.000000 1076.000000
1217.000000 1206.000000 1303.000000 1609.000000 1222.000000
1297.000000 78.000000 928.000000 348.000000 895.000000
757.000000 1197.000000 749.000000 1589.000000 658.000000
939.000000 231.000000 1774.000000 434.000000 1678.000000
616.000000 1807.000000 587.000000 2245.000000 436.000000
1512.000000 431.000000 692.000000 702.000000 655.000000
1325.000000 689.000000 1023.000000 987.000000 957.000000
1171.000000 391.000000 1103.000000 618.000000 1048.000000
1061.000000 500.000000 1011.000000 794.000000 963.000000
991.000000 1949.000000 1043.000000 2392.000000 924.000000
806.000000 1343.000000 931.000000 1750.000000 836.000000
781.000000 1392.000000 1085.000000 1806.000000 994.000000
842.000000 460.000000 604.000000 737.000000 569.000000
1125.000000 1343.000000 1214.000000 1756.000000 1128.000000
780.000000 176.000000 767.000000 447.000000 741.000000
602.000000 1355.000000 944.000000 1763.000000 849.000000
868.000000 705.000000 1430.000000 1036.000000 1354.000000
688.000000 271.000000 575.000000 532.000000 554.000000
1497.000000 239.000000 676.000000 502.000000 651.000000
1070.000000 221.000000 1069.000000 468.000000 1019.000000
610.000000 1808.000000 852.000000 2238.000000 722.000000
969.000000 1391.000000 639.000000 1797.000000 530.000000
625.000000 139.000000 21.000000 371.000000 45.000000
1244.000000 2180.000000 785.000000 2651.000000 621.000000
617.000000 699.000000 1519.000000 1024.000000 1440.000000
1504.000000 173.000000 863.000000 446.000000 831.000000
695.000000 1158.000000 582.000000 1565.000000 482.000000
861.000000 123.000000 1411.000000 414.000000 1338.000000
986.000000 1570.000000 897.000000 1994.000000 788.000000
789.000000 708.000000 633.000000 1011.000000 577.000000
237.000000 748.000000 1310.000000 1016.642029 1249.999512
724.000000 1355.000000 928.000000 1763.000000 833.000000
971.000000 461.000000 359.000000 728.000000 332.000000
1135.000000 2456.000000 1101.000000 2981.000000 966.000000
978.000000 976.000000 986.000000 1329.000000 911.000000
615.000000 709.000000 600.000000 1012.000000 546.000000
1320.000000 620.000000 1070.000000 859.000000 1008.000000
1309.000000 1201.000000 1135.000000 1603.000000 1051.000000
613.000000 1367.000000 942.000000 1776.000000 846.000000
1019.000000 2134.000000 1234.000000 2601.000000 1129.000000
1562.000000 1367.000000 1242.000000 1782.000000 1156.000000
1468.000000 410.000000 609.000000 676.000000 576.000000
718.000000 987.000000 716.000000 1334.000000 640.000000
1175.000000 91.000000 594.000000 348.000000 585.000000
675.000000 1436.000000 759.000000 1848.000000 651.000000
1170.000000 2143.000000 812.000000 2607.000000 655.000000
809.000000 769.000000 346.000000 1168.000000 291.000000
1037.000000 1420.000000 1340.000000 1839.000000 1257.000000
1112.000000 1610.000000 1160.000000 2039.000000 1064.000000
956.000000 162.000000 275.000000 416.000000 281.000000
874.000000 1725.000000 1443.000000 2163.000000 1364.000000
627.000000 2423.000000 1583.000000 2917.000000 1525.000000
816.000000 1343.000000 809.000000 1748.000000 710.000000
1373.000000 1336.000000 393.000000 1732.000000 279.000000
1139.000000 168.000000 904.000000 443.000000 869.000000
607.000000 1355.000000 645.000000 1758.000000 539.000000
782.000000 1592.000000 1185.000000 2023.000000 1092.000000
639.000000 165.000000 946.000000 440.000000 909.000000
963.000000 994.000000 1199.000000 1352.000000 1122.000000
1337.000000 1006.000000 1396.000000 1371.000000 1318.000000
1306.000000 1863.000000 846.000000 2299.000000 713.000000
1247.000000 75.000000 972.000000 346.000000 935.000000
917.000000 1380.000000 401.000000 1779.000000 281.000000
807.000000 422.000000 950.000000 708.000000 900.000000
1260.000000 500.000000 1036.000000 730.000000 979.000000
1165.000000 1381.000000 684.000000 1785.000000 563.000000
1113.000000 1313.000000 369.000000 1708.000000 256.000000
1096.000000 120.000000 1455.000000 411.000000 1380.000000
748.000000 1228.000000 1668.000000 1606.000000 1592.000000
810.000000 1329.000000 410.000000 1720.000000 296.000000
1419.000000 1152.000000 1434.000000 1546.000000 1355.000000
1177.000000 1539.000000 1082.000000 1968.000000 984.000000
673.000000 2135.000000 536.000000 2606.000000 344.000000
619.000000 1191.000000 1046.000000 1589.000000 962.000000
805.000000 1344.000000 779.000000 1748.000000 678.000000
1569.000000 1405.000000 783.000000 1814.000000 679.000000
1000.000000 1777.000000 591.000000 2214.000000 443.000000
717.000000 446.000000 86.000000 730.000000 71.000000
1068.000000 1521.000000 1166.000000 1951.000000 1073.000000
1386.000000 2175.000000 1091.000000 2649.000000 968.000000
647.000000 1541.000000 1165.000000 1971.000000 1071.000000
1164.000000 974.000000 672.000000 1318.000000 597.000000
1182.000000 2068.000000 742.000000 2519.000000 582.000000
1527.000000 926.000000 809.000000 1263.000000 736.000000
993.000000 1405.000000 1066.000000 1818.000000 973.000000
1317.000000 2471.000000 751.000000 2996.000000 555.000000
1485.000000 756.000000 1196.000000 1023.000000 1127.000000
661.000000 1392.000000 1068.000000 1805.000000 976.000000
851.000000 2122.000000 1124.000000 2583.000000 1007.000000
1030.000000 402.000000 598.000000 667.000000 566.000000
1038.000000 1345.000000 691.000000 1747.000000 587.000000
638.000000 1191.000000 1133.000000 1590.000000 1050.000000
1554.000000 926.000000 825.000000 1262.000000 752.000000
1193.000000 104.000000 889.000000 377.000000 859.000000
783.000000 1585.000000 807.000000 2009.000000 691.000000
681.000000 896.000000 429.000000 1243.000000 359.000000
1511.000000 559.000000 853.000000 848.000000 801.000000
1060.000000 1181.000000 1589.000000 1555.000000 1511.000000
1353.000000 1240.000000 1408.000000 1654.000000 1329.000000
943.000000 434.000000 403.000000 699.000000 378.000000
1234.000000 2203.000000 783.000000 2676.000000 616.000000
1314.000000 1518.000000 883.000000 1942.000000 776.000000
905.000000 1346.000000 1350.000000 1760.000000 1268.000000
1374.000000 248.000000 1161.000000 523.000000 1106.000000
1382.000000 535.000000 848.000000 822.000000 797.000000
1034.000000 1800.000000 1342.000000 2238.000000 1254.000000
1567.000000 1174.000000 1667.000000 1550.000000 1590.000000
759.000000 2120.000000 815.000000 2584.000000 659.000000
1375.000000 1241.000000 1380.000000 1654.000000 1300.000000
711.000000 1380.000000 1220.000000 1796.000000 1133.000000
1426.000000 2298.000000 1373.000000 2793.000000 1283.000000
1005.000000 1343.000000 947.000000 1750.000000 852.000000
1261.000000 2315.000000 1394.000000 2814.000000 1307.000000
1456.000000 673.000000 1592.000000 952.000000 1511.000000
840.000000 330.000000 814.000000 601.000000 776.000000
1180.000000 1241.000000 1327.000000 1653.000000 1246.000000
1548.000000 405.000000 146.000000 690.000000 134.000000
113.000000 402.000000 1001.000000 678.903198 951.002930
999.000000 927.000000 1269.000000 1275.000000 1193.000000
1132.000000 1381.000000 817.000000 1788.000000 715.000000
655.000000 154.000000 366.000000 408.000000 405.000000
1258.000000 1202.000000 1049.000000 1601.000000 964.000000
913.000000 1354.000000 1278.000000 1769.000000 1194.000000
1210.000000 1828.000000 566.000000 2268.000000 410.000000
1087.000000 1239.000000 1525.000000 1655.000000 1448.000000
1228.000000 82.000000 885.000000 350.000000 855.000000
544.000000 1257.000000 1555.000000 1676.640747 1480.581299
1111.000000 1380.000000 937.000000 1791.000000 841.000000
732.000000 1207.000000 753.000000 1601.000000 662.000000
1103.000000 1786.000000 854.000000 2216.000000 726.000000
1402.000000 256.000000 564.000000 516.000000 545.000000
763.000000 584.000000 751.000000 868.000000 701.000000
1115.000000 435.000000 1158.000000 673.000000 1098.000000
1532.000000 204.000000 1194.000000 483.000000 1137.000000
831.000000 2120.000000 792.000000 2583.000000 634.000000
1249.000000 1329.000000 1152.000000 1738.000000 1064.000000
679.000000 2406.000000 1621.000000 2897.000000 1569.000000
853.000000 1066.000000 1283.000000 1440.000000 1204.000000
796.000000 90.000000 508.000000 345.000000 506.000000
684.000000 127.000000 645.000000 388.000000 619.000000
1433.000000 1691.000000 1400.000000 2144.000000 1315.000000
1269.000000 216.000000 1040.000000 491.000000 992.000000
1296.000000 868.000000 1210.000000 1206.000000 1137.000000
556.000000 1504.000000 1070.000000 1926.299316 963.916077
908.000000 2119.000000 1210.000000 2583.000000 1103.000000
714.000000 703.000000 522.000000 999.000000 468.000000
1458.000000 1794.000000 1120.000000 2230.000000 1015.000000
1467.000000 2052.000000 744.000000 2498.000000 587.000000
1280.000000 1198.000000 726.000000 1589.000000 634.000000
1236.000000 200.000000 734.000000 472.000000 709.000000
1351.000000 1604.000000 803.000000 2027.000000 686.000000
909.000000 473.000000 384.000000 745.000000 355.000000
1143.000000 785.000000 1200.000000 1110.000000 1129.000000
1520.000000 1188.000000 1449.000000 1593.000000 1370.000000
835.000000 1315.000000 397.000000 1712.000000 284.000000
701.000000 90.000000 666.000000 351.000000 652.000000
1074.000000 1650.000000 1473.000000 2085.000000 1395.000000
820.000000 452.000000 655.000000 724.000000 617.000000
1190.000000 749.000000 760.000000 1057.000000 699.000000
1541.000000 968.000000 1085.000000 1323.000000 1009.000000
1503.000000 194.000000 562.000000 448.000000 539.000000
1449.000000 1314.000000 792.000000 1716.000000 695.000000
1400.000000 1970.000000 628.000000 2401.000000 462.000000
860.000000 1586.000000 1511.000000 2024.000000 1432.000000
1377.000000 1001.000000 1591.000000 1371.000000 1513.000000
1035.000000 611.000000 892.000000 907.000000 836.000000
1053.000000 498.000000 351.000000 780.000000 325.000000
1487.000000 453.000000 25.000000 732.000000 12.000000
775.000000 778.000000 877.000000 1092.000000 813.000000
660.000000 1808.000000 871.000000 2239.000000 745.000000
1017.000000 86.000000 842.000000 353.000000 815.000000
1133.000000 407.000000 905.000000 686.000000 858.000000
1148.000000 1012.000000 1010.000000 1368.000000 933.000000
1025.000000 1255.000000 409.000000 1654.000000 303.000000
830.000000 2118.000000 1162.000000 2581.000000 1049.000000
1045.000000 2002.000000 1424.000000 2457.000000 1343.000000
1494.000000 1806.000000 780.000000 2237.000000 646.000000
1335.000000 42.000000 1301.000000 325.000000 1239.000000
1543.000000 758.000000 1298.000000 1082.000000 1225.000000
742.000000 1196.000000 832.000000 1589.000000 743.000000
903.000000 333.000000 649.000000 600.000000 620.000000
1002.000000 2199.000000 1119.000000 2677.000000 997.000000
1448.000000 408.000000 892.000000 687.000000 845.000000
1040.000000 545.000000 876.000000 833.000000 825.000000
989.000000 490.000000 940.000000 782.000000 888.000000
460.000000 1329.000000 857.000000 1735.288452 756.595825
792.000000 1189.000000 1183.000000 1590.000000 1101.000000
1282.000000 2091.000000 686.000000 2544.000000 517.000000
1470.000000 1150.000000 1373.000000 1543.000000 1293.000000
671.000000 1405.000000 1082.000000 1819.000000 990.000000
1531.000000 732.000000 967.000000 1048.000000 903.000000
1391.000000 2474.000000 1099.000000 3004.000000 963.000000
1410.000000 968.000000 1055.000000 1323.000000 980.000000
923.000000 202.000000 556.000000 460.000000 542.000000
1537.000000 1863.000000 963.000000 2297.000000 841.000000
1009.000000 730.000000 923.000000 1046.000000 860.000000
1295.000000 445.000000 179.000000 737.000000 161.000000
690.000000 1343.000000 915.000000 1750.000000 820.000000
1544.000000 439.000000 921.000000 726.000000 871.000000
1237.000000 74.000000 1648.000000 365.000000 1556.000000
896.000000 967.000000 831.000000 1311.000000 756.000000
1279.000000 1367.000000 1059.000000 1778.000000 968.000000
1259.000000 1377.000000 892.000000 1784.000000 794.000000
1334.000000 1520.000000 1141.000000 1950.000000 1046.000000
1216.000000 531.000000 687.000000 809.000000 642.000000
797.000000 1709.000000 1444.000000 2146.000000 1364.000000
1082.000000 493.000000 632.000000 767.000000 594.000000
225.000000 906.000000 1544.000000 1257.992432 1463.350342
995.000000 714.000000 497.000000 1014.000000 443.000000
745.000000 1003.000000 853.000000 1353.000000 776.000000
1422.000000 1376.000000 1041.000000 1787.000000 948.000000
965.000000 1367.000000 644.000000 1771.000000 536.000000
670.000000 1237.000000 457.000000 1627.000000 344.000000
1288.000000 2515.000000 1635.000000 3029.000000 1587.000000
1085.000000 1137.000000 546.000000 1528.000000 455.000000
758.000000 2063.000000 1311.000000 2522.000000 1216.000000
977.000000 61.000000 113.000000 302.000000 140.000000
1354.000000 1221.000000 1407.000000 1630.000000 1327.000000
632.000000 1354.000000 960.000000 1763.000000 865.000000
950.000000 429.000000 816.000000 707.000000 772.000000
121.000000 2253.000000 552.000000 2726.305664 351.886017
960.000000 2448.000000 1617.000000 2942.000000 1565.000000
1051.000000 312.000000 312.000000 567.000000 302.000000
1140.000000 335.000000 768.000000 605.000000 732.000000
1099.000000 1939.000000 818.000000 2376.000000 676.000000
858.000000 214.000000 730.000000 483.000000 704.000000
685.000000 1410.000000 420.000000 1807.000000 299.000000
1510.000000 1258.000000 1410.000000 1676.000000 1330.000000
1310.000000 47.000000 1039.000000 319.000000 999.000000
772.000000 2434.000000 801.000000 2950.000000 618.000000
1116.000000 725.000000 742.000000 1044.000000 689.000000
1058.000000 1862.000000 824.000000 2297.000000 690.000000
116.000000 883.000000 633.000000 1204.589233 566.628052
1160.000000 738.000000 1096.000000 878.000000 1009.000000
979.000000 1367.000000 1207.000000 1781.000000 1121.000000
1559.000000 1162.000000 1384.000000 1561.000000 1304.000000
687.000000 1392.000000 654.000000 1797.000000 545.000000
918.000000 1380.000000 1204.000000 1795.000000 1116.000000
720.000000 691.000000 989.000000 1003.000000 927.000000
1416.000000 436.000000 969.000000 724.000000 919.000000
1420.000000 1142.000000 1672.000000 1507.000000 1594.000000
1257.000000 1380.000000 1237.000000 1796.000000 1150.000000
819.000000 2277.000000 1213.000000 2767.000000 1101.000000
920.000000 950.000000 1337.000000 1308.000000 1260.000000
1396.000000 1852.000000 1516.000000 2308.000000 1433.000000
1044.000000 2095.000000 1037.000000 2554.000000 910.000000
1155.000000 512.000000 609.000000 790.000000 569.000000
719.000000 466.000000 1156.000000 695.000000 1095.000000
947.000000 142.000000 266.000000 390.000000 273.000000
1274.000000 1239.000000 1601.000000 1614.000000 1526.000000
933.000000 2398.000000 1645.000000 2889.000000 1596.000000
1018.000000 442.000000 859.000000 727.000000 813.000000
873.000000 1391.000000 1200.000000 1808.000000 1112.000000
1521.000000 1201.000000 1160.000000 1603.000000 1077.000000
1328.000000 986.000000 773.000000 1334.000000 697.000000
1145.000000 257.000000 672.000000 520.000000 646.000000
135.000000 261.000000 701.000000 527.652222 673.136902
1515.000000 473.000000 979.000000 764.000000 927.000000
1418.000000 1186.000000 1528.000000 1593.000000 1450.000000
1221.000000 1776.000000 1048.000000 2206.000000 937.000000
1197.000000 988.000000 651.000000 1334.000000 574.000000
1225.000000 692.000000 441.000000 984.000000 390.000000
750.000000 1344.000000 677.000000 1746.000000 573.000000
1205.000000 883.000000 552.000000 1207.000000 484.000000

11.000000 1141.903442 582.615295 77.992249 0.908913 1491.238281 490.099335 770.475220 214.131393
2.000000 14.774452 1782.797974 960.611633 1723.008911 236.994843 1684.194580 1227.002441 1641.034912
5.000000 950.962341 1715.196167 14.225597 1763.846680 1220.569702 1632.849487 303.982788 1665.115967
19.000000 2903.476318 480.977203 1976.658203 616.608643 3069.536621 288.112915 2406.877930 450.859772
3.000000 977.651245 1691.800049 50.775845 1741.218262 1320.506714 1606.064087 337.536713 1645.191162
4.000000 1000.884399 1644.261475 114.319633 1699.238525 1337.098511 1562.805786 404.032654 1605.340820
0.000000 890.615540 1681.042114 3.630167 1711.873047 1156.898560 1601.839233 3.286881 1616.292236
6.000000 50.855640 1758.142456 920.456360 1707.898926 340.663452 1659.674561 1187.017700 1625.313477
1.000000 729.490295 437.650543 2.728671 61.167236 1026.078735 384.944550 43.436443 26.384092
10.000000 84.064217 1733.521362 890.356995 1689.937744 373.866669 1637.404907 1153.630859 1607.851318
8.000000 1091.238037 650.025330 1075.271362 1430.039673 1453.242798 566.664673 1453.726318 1353.333130
7.000000 1086.901245 1430.075928 1103.420654 653.264282 1464.900146 1353.336426 1466.477417 566.646240
15.000000 117.264511 1711.285522 853.630554 1672.277100 407.130157 1616.215332 1123.469116 1590.441895
17.000000 844.110291 1641.812744 140.479233 1671.397705 1127.169434 1560.597900 433.550659 1580.796631
23.000000 790.307190 1625.689819 176.777161 1646.578613 1060.109497 1545.048706 466.765961 1557.913452
24.000000 326.599976 396.661133 275.968536 1006.885315 584.880676 383.228943 551.167725 960.068237
26.000000 825.330627 606.877502 803.053101 1170.120728 1140.422485 543.407654 1129.345337 1103.386353
22.000000 675.647705 368.562134 185.683273 105.162590 952.756165 321.528107 349.826111 93.793747
18.000000 1.062447 839.770569 56.941475 286.694427 253.758255 993.119141 304.548187 303.422791
43.000000 1972.562256 673.226562 1995.347778 1220.054932 2412.075439 523.402527 2437.565674 986.800537
30.000000 774.096863 1174.158203 237.815491 1129.528809 1033.691040 1107.400635 514.173096 1076.073364
29.000000 884.708557 1189.929199 903.749512 663.227905 1223.640503 1116.671753 1232.230225 593.315247
27.000000 1467.520142 1273.355225 1465.538574 746.670898 1898.160278 1190.117798 1885.552246 636.616150
14.000000 219.557114 114.156883 683.238037 363.510559 323.783203 75.474365 996.879150 329.436798
39.000000 1133.063965 1219.993164 1146.116089 709.815369 1518.201294 1139.995605 1519.394165 649.990417
32.000000 1043.283203 696.751648 1030.173218 1203.424072 1396.804932 616.685242 1394.059692 1130.003906
28.000000 1463.157104 742.101990 1963.409180 670.530212 1883.640137 631.318420 2400.258057 511.108612
31.000000 1239.305908 740.047180 1235.329346 1243.349121 1636.100464 639.913574 1643.467407 1159.950928
49.000000 2004.871582 1159.930664 1981.503540 669.097290 2448.713135 940.290527 2421.402344 505.949707
36.000000 1112.816406 730.055664 1103.200073 1216.664062 1481.410889 643.332764 1481.468018 1139.999878
35.000000 1443.631470 763.281067 1446.083984 1246.669678 1857.640991 659.904297 1868.674561 1156.622070
40.000000 1064.358276 1206.689575 1074.929321 733.294556 1434.762695 1133.329224 1435.820801 649.998169
21.000000 373.691223 1682.064087 820.163025 1652.458496 433.590576 1594.705566 1090.224854 1573.694214
25.000000 113.597641 86.166481 503.838043 292.378235 220.329437 62.444733 757.335327 261.529755
44.000000 293.912415 135.605743 653.982300 332.144409 511.246094 130.065796 937.010376 292.432129
33.000000 1946.971680 622.150757 1549.782959 678.469727 2373.820068 458.649506 1883.889282 578.931213
50.000000 390.140717 1659.099365 780.185364 1636.538208 630.089478 1572.211914 1053.538818 1555.078003
59.000000 495.829865 1193.088623 473.699188 1570.217041 729.954285 1133.197388 715.594055 1490.090942
51.000000 790.136169 1162.414062 418.056671 1107.285156 1057.585327 1091.328003 647.595581 1047.897583
57.000000 424.755219 1580.335205 450.157654 1220.011108 671.855042 1490.085571 688.604004 1126.755981
60.000000 2559.695557 507.938324 2209.937988 559.579895 3069.875977 266.169220 2726.305664 351.886017
61.000000 33.355965 1210.268066 5.668717 1556.853271 310.881500 1153.556519 293.764343 1476.865967
113.000000 84.790848 657.100891 55.507393 980.197021 340.493774 723.843506 324.847137 943.441223
64.000000 99.476692 473.543365 123.410271 153.339081 353.436066 473.488647 367.153809 170.022018
41.000000 476.216400 1126.025024 792.411438 1178.917725 571.170227 1064.572632 1046.869751 1100.656250
54.000000 838.290466 769.935791 826.266785 1089.984985 1159.009155 703.316467 1152.382446 1093.317139
16.000000 2156.323975 567.768188 1843.206177 615.838501 2633.351074 373.404083 1943.041382 545.495789
62.000000 819.386658 1086.643188 831.229858 776.586304 1146.330322 1016.660278 1152.167114 709.977783
70.000000 704.696228 1559.873291 724.225220 1256.295166 981.868591 1480.069336 992.629211 1189.850342
69.000000 131.249512 183.147003 104.989685 476.814789 376.303070 183.508789 359.170776 473.481293
84.000000 368.167755 1319.888428 350.293671 1613.351196 659.278564 1243.301880 647.777832 1506.715210
88.000000 170.238159 1276.685547 147.571915 1563.404907 455.887970 1216.622925 441.264069 1476.737793
82.000000 502.977875 1603.312622 519.102112 1326.614380 804.682373 1519.887085 820.047668 1250.002686
85.000000 646.623230 823.034668 658.631042 553.272400 943.239136 766.754639 950.394165 503.253510
74.000000 430.183929 580.009338 443.739197 313.353973 698.821777 573.396057 707.071350 290.011780
95.000000 255.531799 533.262329 272.156036 269.246765 515.185059 513.401794 523.645325 265.461853
91.000000 923.635254 893.490662 912.240417 1156.763672 1256.819946 820.001099 1254.981934 1073.345337
89.000000 449.454529 339.966614 433.533722 600.012268 713.673157 310.012878 703.955566 566.690247
102.000000 2316.571045 1649.859009 2305.545410 1396.570435 2820.578125 1543.538086 2803.451172 1313.076904
56.000000 683.895203 1042.652100 438.307098 1008.279358 1040.108032 1002.576721 678.903198 951.002930
97.000000 751.574829 1546.586426 762.835571 1299.977295 1081.047852 1466.694580 1087.431274 1226.598389
92.000000 696.477844 453.483185 684.726440 700.066406 989.266968 396.735687 982.634888 646.648132
80.000000 249.086136 1446.592407 268.358276 1209.595459 526.242004 1413.310547 541.051758 1136.723022
106.000000 546.785645 643.180908 557.847351 409.897919 828.053162 599.940613 834.969116 373.281525
152.000000 476.644684 1009.019104 243.353836 1014.247925 699.981201 956.397583 516.611267 969.207275
130.000000 1093.212036 1614.231812 1323.305420 1602.772217 1476.516724 1536.813599 1676.700806 1527.393188
108.000000 1167.004517 970.113647 1163.273071 1200.107178 1552.873169 893.333374 1552.871094 1120.000000
83.000000 213.706619 953.362366 231.605179 727.044678 483.706024 963.178833 496.681580 700.007812
105.000000 558.626831 626.571777 574.294189 399.836060 841.012939 586.554810 851.938599 359.932770
103.000000 46.634041 983.329956 69.590157 759.957886 315.129974 970.134766 332.396973 739.929749
67.000000 230.025803 1013.335754 250.580597 793.076416 503.097046 966.646912 527.652222 673.136902
109.000000 931.996277 570.062439 925.114868 790.055725 1262.304443 493.357697 1259.907715 719.999023
124.000000 547.255676 423.171295 534.656250 636.547974 825.962341 386.638916 817.820251 593.378784
114.000000 1309.685059 1243.332642 1310.162476 1029.992920 1721.613037 1160.035278 1717.095581 939.991211
99.000000 726.281921 1195.845093 519.863037 1164.227417 986.694031 1126.394531 753.039673 1102.923340
125.000000 777.197388 726.682251 783.265381 519.900208 1087.863403 666.634216 1090.999390 459.964600
120.000000 995.409546 1149.956177 1002.617493 943.308350 1352.623291 1076.658203 1355.162476 863.315430
127.000000 1236.620605 433.216736 1443.313354 432.274719 1632.212402 329.804871 1836.013916 307.396576
77.000000 310.023376 1196.430664 295.499420 1400.154419 577.486328 1139.774902 566.821655 1416.800903
149.000000 325.939758 806.614502 311.335541 1010.095825 597.745850 770.057190 587.680664 960.053711
111.000000 983.948730 1520.021851 991.169800 1316.708252 1348.035278 1463.302612 1351.525879 1239.971802
139.000000 678.321960 833.558960 669.131897 1036.778198 981.259827 790.049622 973.523438 986.542908
134.000000 986.149109 1153.321777 990.633057 953.272827 1341.643433 1076.665649 1341.768555 876.663574
290.000000 1173.639771 686.721008 1170.653442 886.775940 1555.490723 686.739990 1551.522461 803.498352
142.000000 971.068726 1346.699951 964.938293 1543.383301 1331.405640 1270.014404 1329.424561 1463.361572
133.000000 1160.057007 1340.029907 1158.324829 1536.710571 1554.186157 1259.973633 1555.445190 1459.986694
159.000000 319.376709 1010.203552 333.907928 816.709839 595.991577 956.808411 605.411499 780.110779
143.000000 774.654846 529.905884 765.606506 723.283752 1082.993164 469.990723 1077.716064 663.270996
104.000000 773.024658 1063.317383 782.871765 873.309387 1091.357544 1039.940674 1098.260742 809.947815
144.000000 998.210693 810.037476 1002.825867 619.906799 1347.675537 733.335876 1348.158813 539.995422
141.000000 1239.906494 446.910278 1429.914795 444.145813 1639.226807 342.930786 1832.436401 321.798981
107.000000 529.731018 307.190002 696.803223 393.067688 786.633850 273.424683 999.957703 350.117584
167.000000 185.016098 1523.202881 199.765549 1336.648071 473.264526 1443.329346 483.316589 1269.999023
137.000000 1310.515137 990.002014 1311.240234 803.338135 1716.678955 903.373718 1714.284668 706.614502
150.000000 1261.586548 1053.348145 1259.845947 1239.998535 1671.136963 966.652588 1673.490723 1156.706055
160.000000 3.276176 1584.331543 186.744354 1579.840698 296.641449 1498.405518 473.369354 1495.611328
145.000000 186.615326 1567.037476 3.221544 1570.215210 476.629761 1483.553467 283.323608 1485.845703
163.000000 275.380493 546.652222 106.238937 481.103699 530.140869 526.150391 360.069397 479.745667
164.000000 233.525848 1019.028381 56.542419 983.960388 500.576294 972.546692 326.910797 948.254761
244.000000 180.012253 1658.588867 360.004944 1657.441772 469.988556 1568.368774 606.671448 1569.287354
155.000000 1246.428467 466.101166 1423.305786 462.113953 1646.524048 362.133545 1823.074219 341.153198
169.000000 994.746826 629.944336 989.622986 806.655762 1340.290161 553.335938 1338.736450 726.685242
188.000000 211.186172 829.795410 194.607315 1003.772400 482.228485 803.261353 471.803619 963.233643
131.000000 788.724548 683.272156 797.031738 510.017517 1098.708984 646.623352 1105.415527 446.624725
172.000000 105.320168 493.340820 265.519867 557.908325 358.770355 490.944611 525.107727 538.756775
128.000000 1315.293335 672.708252 1162.398193 595.177490 1716.173340 568.164856 1522.936401 504.538818
162.000000 55.529900 998.083313 224.103333 1029.156006 326.056427 961.253906 501.168610 984.548767
122.000000 2.736599 1503.282715 17.163755 1333.092896 285.154022 1480.120605 299.072540 1269.938599
136.000000 2371.058350 989.924561 2383.179688 1160.010986 2874.322998 839.915161 2891.185303 1036.565063
180.000000 271.782074 513.198669 286.529907 343.321472 531.344727 499.876495 541.488708 336.552094
166.000000 2386.458740 1160.255493 2556.911621 1147.835083 2896.666016 1039.992920 3070.331543 1023.487488
119.000000 762.809875 1059.985229 767.623596 889.932739 1080.751343 1040.006958 1082.775513 823.296997
178.000000 1220.449829 893.330872 1219.538330 726.669189 1616.205688 803.343323 1612.593506 636.610474
289.000000 390.008392 1117.059692 223.417419 1120.611084 616.751770 1061.363770 500.123230 1068.641357
126.000000 2363.093018 830.996033 2526.413330 814.203857 2857.831787 657.131958 3062.715088 623.024109
140.000000 2536.720215 970.629517 2373.436768 984.546387 3070.281494 808.735168 2876.899658 835.046631
177.000000 202.792267 1241.751587 39.884651 1224.417358 483.207092 1181.713135 316.463287 1169.426880
183.000000 1217.364746 1176.682373 1218.001831 1013.312561 1624.222290 1090.003540 1623.989136 926.660950
129.000000 2513.483154 661.151978 2353.160645 682.005066 3043.587891 444.537842 2846.561035 486.166656
203.000000 253.410309 366.401367 240.351196 526.695251 511.298431 359.880981 502.326202 513.274414
207.000000 198.953140 340.202179 184.810715 500.130646 454.470581 343.403046 445.272583 493.452209
174.000000 648.251343 1433.000977 658.728333 1272.814087 945.160522 1370.136230 957.892639 1199.345947
194.000000 139.932266 193.471054 283.070953 263.866821 386.415314 207.388382 536.753845 259.749634
206.000000 171.271317 496.782410 185.527893 340.199799 431.576843 490.103851 441.457886 340.096039
90.000000 852.606506 474.725220 990.081055 546.511475 1160.264648 409.274017 1400.003540 496.657013
198.000000 43.192070 1231.250122 196.823715 1248.610229 320.057312 1175.953247 476.783417 1188.547119
196.000000 96.771919 672.996887 243.661499 718.951050 356.293121 658.343689 510.159973 692.615112
182.000000 1765.121826 1043.254150 1770.062012 1196.750000 2197.882812 933.197021 2202.775391 1096.483643
191.000000 1627.782349 1207.041504 1627.159424 1053.327271 2061.674805 1113.145874 2043.868408 954.019470
242.000000 284.226532 1006.741455 296.786652 856.676697 559.887451 956.660278 567.660278 820.056519
157.000000 2529.303955 813.391357 2516.789795 663.323059 3065.801514 623.418945 3048.324707 446.832458
138.000000 758.678162 909.935791 751.385559 1060.067261 1074.832275 846.620300 1069.859375 1043.329834
204.000000 1213.160278 736.663574 1210.487061 886.675354 1606.415039 646.667664 1607.023193 799.998596
201.000000 1495.281982 1063.325928 1495.850098 1213.336426 1921.413086 966.627258 1925.782104 1123.358032
221.000000 380.526398 570.287109 391.449860 423.441193 647.503784 540.041870 654.674316 396.733765
232.000000 396.871674 1003.348694 407.836060 856.754150 681.503357 953.343994 681.812073 813.329956
58.000000 871.171814 853.369019 866.704590 1000.001160 1204.589233 566.628052 1197.898682 926.689575
175.000000 2217.109863 700.254639 2073.496826 717.991211 2690.644287 519.771667 2523.562500 554.437988
173.000000 2083.181152 861.726624 2226.492432 848.158691 2536.245850 714.036255 2706.163086 686.852966
181.000000 2230.653564 846.817383 2222.574219 703.188538 2706.036621 683.378174 2694.412598 520.160522
176.000000 2348.791504 686.525085 2358.343262 829.888306 2843.801514 489.963959 2857.831787 657.131958
213.000000 613.306702 883.331848 605.351318 1026.593628 908.508667 826.724243 903.923523 973.351807
235.000000 923.731201 344.752045 785.762207 383.441284 1264.895142 273.787750 1136.663940 326.660156
165.000000 2526.946777 983.252136 2386.838379 995.325012 3067.074951 823.066162 2893.272461 846.209229
252.000000 286.592010 186.803253 163.576462 119.555237 526.320679 184.226807 403.355377 136.609756
168.000000 573.928650 476.700104 566.071655 616.633240 854.229736 429.891998 846.544373 603.327942
222.000000 1074.396606 1469.942383 1070.838623 1610.021240 1453.501343 1389.973633 1452.305664 1533.380371
170.000000 2500.112793 674.214722 2363.547363 691.673279 3030.107666 460.515106 2860.540039 495.919891
241.000000 23.049751 333.679016 7.586457 470.104248 272.437988 343.541229 260.795013 480.067810
216.000000 1897.373291 748.998108 1761.163086 765.989929 2330.339111 598.395874 2186.648438 626.573364
256.000000 481.715820 610.103210 489.941254 473.329803 760.279663 570.150452 765.700745 439.959778
249.000000 1758.378296 763.290710 1762.336548 899.791016 2183.558105 629.868469 2188.492920 763.389038
250.000000 231.605179 727.044678 102.768036 685.038269 496.681580 700.007812 365.508911 672.037476
234.000000 1762.336548 899.791016 1896.281250 883.495911 2189.678711 778.363159 2326.314941 751.541016
246.000000 272.156036 269.246765 151.821793 209.751404 523.645325 265.461853 395.497498 220.030167
197.000000 2536.893555 1136.761841 2403.263184 1145.608765 3070.115723 1004.515625 2913.318848 1019.852234
229.000000 1623.856567 913.086853 1620.970825 780.068176 2046.905518 800.579712 2042.068115 660.054688
264.000000 2425.978027 1268.851685 2327.697266 1357.053223 2917.622803 1177.686401 2828.813477 1268.934326
217.000000 965.934204 544.745911 849.468872 484.357727 1296.819580 469.575775 1159.919800 420.222504
205.000000 903.326111 1283.394653 773.169250 1268.059082 1246.821045 1208.133911 1096.744751 1195.723145
184.000000 2510.311279 802.848938 2380.045654 817.084351 3040.351074 611.986877 2880.056641 640.320129
199.000000 2119.535156 1176.710083 2250.062012 1167.549194 2580.191162 1065.308228 2736.681641 1050.155518
248.000000 183.068451 1255.748413 53.168739 1241.500610 463.177155 1195.298950 329.890656 1184.709473
258.000000 737.122864 580.021912 730.872375 710.041931 1041.707397 523.374756 1038.555786 653.298279
209.000000 763.354980 1459.047485 893.363525 1462.005981 1093.302490 1381.721436 1243.373779 1384.412354
214.000000 763.320557 1535.828613 893.341125 1533.845703 1093.331055 1456.478271 1240.016724 1454.741821
215.000000 2206.916016 711.964233 2080.177002 728.060913 2676.912354 534.521912 2533.502930 564.154053
218.000000 903.486938 1272.211304 776.910400 1254.886108 1246.624634 1197.097900 1103.031250 1183.098755
261.000000 1496.337280 927.084595 1623.856567 913.086853 1919.377930 823.098511 2046.905518 800.579712
281.000000 1623.885498 1057.052856 1497.212402 1066.970947 2046.820435 947.817871 1926.299316 963.916077
283.000000 633.477417 1030.010498 642.705505 903.287598 935.459412 980.086182 940.328308 860.013306
262.000000 1499.707886 1215.322754 1627.782349 1207.041504 1929.556519 1125.406738 2056.328857 1113.166992
274.000000 500.568359 476.700989 492.912354 603.509155 776.771729 443.337402 771.990112 566.614563
208.000000 769.978821 1383.689087 896.791565 1391.234619 1093.401978 1308.328613 1243.422607 1314.492798
273.000000 720.897461 703.192627 728.211975 576.563354 1028.689331 646.629395 1032.195068 523.300964
224.000000 2213.612793 835.838196 2089.958984 849.632263 2684.289551 675.237915 2543.504395 700.937317
253.000000 456.500336 346.991760 566.656311 403.353546 719.646179 320.982849 843.701172 365.644989
228.000000 773.356140 1346.373413 896.721069 1355.967163 1099.887451 1272.156372 1240.027710 1279.468994
227.000000 773.462341 1308.604248 896.667297 1319.992798 1099.881348 1235.082031 1240.140259 1244.599609
257.000000 1493.088989 800.002441 1494.328491 923.356812 1914.271729 689.975952 1917.604370 820.061401
288.000000 1616.678345 1381.169434 1493.324097 1382.407104 2173.075195 1288.222534 2056.920654 1305.083862
271.000000 1147.505615 486.622681 1029.183716 516.799438 1534.832764 393.755005 1419.865723 439.663818
276.000000 1616.886719 778.346619 1496.335449 794.137634 2037.028442 658.395874 1916.715088 683.565063
269.000000 153.123749 223.751343 261.066711 277.872467 399.801758 233.905182 517.363342 274.656921
291.000000 938.800354 1410.066284 935.071533 1530.054077 1295.534058 1333.352539 1294.518921 1450.010376
255.000000 740.368469 415.952271 846.347595 470.618530 1026.718018 359.857971 1149.651001 404.298889
189.000000 123.994316 976.725342 134.400314 859.502930 399.200958 946.390503 409.889465 786.436523
279.000000 202.824036 828.633911 89.330742 799.251831 476.463562 797.808838 356.119568 776.410217
230.000000 1463.455688 1316.955200 1346.709717 1312.263306 1896.781860 1232.833008 1756.707886 1228.626343
298.000000 952.235718 1023.293091 947.957825 1140.047363 1301.827515 949.988586 1300.969360 1063.365845
179.000000 1204.888062 1423.300659 1202.744751 1539.989136 1611.656372 1293.328979 1612.093994 1460.003296
287.000000 1332.970947 412.124817 1219.894165 432.773590 1723.872314 298.071289 1610.893188 332.820618
266.000000 1447.029175 427.095551 1332.970947 412.124817 1850.032349 301.194275 1723.872314 298.071289
270.000000 1877.078613 1030.246338 1765.121826 1043.254150 2316.634033 913.136841 2194.461670 933.452332
236.000000 2226.647705 1006.028442 2113.017822 1009.416504 2703.474854 871.066711 2566.564941 889.233154
260.000000 1786.525513 1197.901001 1899.794800 1190.282104 2215.230957 1100.996582 2342.884033 1086.139893
292.000000 939.811096 1133.326050 944.180115 1019.904236 1291.260498 1063.314575 1292.315674 946.657471
293.000000 433.361511 769.871094 323.509064 745.862671 703.341858 729.944275 590.111816 712.603149
251.000000 1225.105469 580.219299 1238.764648 469.847107 1637.263550 503.244751 1641.574585 370.050964
280.000000 1886.569214 872.423462 1776.757690 884.182983 2323.376953 740.248779 2203.552979 761.253540
135.000000 833.593323 1633.578369 940.422607 1625.816040 1103.113403 1555.570190 1300.287109 1545.783203
247.000000 2473.556641 1126.650391 2465.785156 1020.064270 3003.979492 996.605103 2991.275146 863.211914
286.000000 789.964844 736.764587 689.730408 700.750305 1103.161865 674.024048 987.033569 645.189026
297.000000 1440.450439 715.944641 1336.913574 704.443420 1850.133423 605.922302 1736.703369 602.211792
