Keypoint Matches and Line Matches for pairs 1, 4 
1 corresponds to the image ./resources/Data/CastleP19/images/0001.png 
4 corresponds to the image ./resources/Data/CastleP19/images/0004.png 

2.000000 1141.903442 582.615295 2290.124023 595.523926
484.000000 347.724579 251.099380 1279.862427 554.341125
10.000000 1091.238037 650.025330 2265.676270 673.657104
13.000000 1103.420654 653.264282 2279.245605 673.390137
85.000000 140.479233 1671.397705 1173.282715 1745.432129
93.000000 176.777161 1646.578613 1203.307373 1726.398560
58.000000 326.599976 396.661133 1266.227051 686.660950
59.000000 275.968536 1006.885315 1259.665771 1190.039062
32.000000 825.330627 606.877502 1864.916138 723.143066
33.000000 803.053101 1170.120728 1886.336426 1276.550415
36.000000 675.647705 368.562134 1633.169556 554.867371
29.000000 56.941475 286.694427 1014.289368 670.032837
67.000000 237.815491 1129.528809 1230.022217 1294.776123
42.000000 884.708557 1189.929199 2003.853638 1283.465088
43.000000 903.749512 663.227905 1979.014648 753.223328
18.000000 1467.520142 1273.355225 2939.101562 1303.852173
15.000000 683.238037 363.510559 1639.887329 547.722656
52.000000 1133.063965 1219.993164 2405.317139 1283.438354
38.000000 1043.283203 696.751648 2192.701172 742.939270
39.000000 1030.173218 1203.424072 2227.985596 1283.247192
204.000000 1463.157104 742.101990 2856.732178 650.141724
51.000000 1235.329346 1243.349121 2592.222656 1286.772461
118.000000 1112.816406 730.055664 2310.084473 752.804138
231.000000 1103.200073 1216.664062 2350.525879 1286.628662
45.000000 1446.083984 1246.669678 2882.724854 1270.073853
48.000000 1064.358276 1206.689575 2285.144775 1283.440796
49.000000 1074.929321 733.294556 2248.863037 769.844849
112.000000 373.691223 1682.064087 1246.689575 1759.318481
97.000000 503.838043 292.378235 1420.015869 543.186096
90.000000 495.829865 1193.088623 1365.585693 1333.466187
1347.000000 1474.751831 606.083740 2856.000000 478.000000
199.000000 450.157654 1220.011108 1331.848267 1359.987061
142.000000 33.355965 1210.268066 1049.736694 1380.054810
143.000000 5.668717 1556.853271 1044.800903 1656.692871
176.000000 84.790848 657.100891 1060.542114 946.680237
177.000000 55.507393 980.197021 1054.272339 1196.690186
412.000000 99.476692 473.543365 1060.109375 800.003235
88.000000 476.216400 1126.025024 1323.254517 1279.954834
108.000000 819.386658 1086.643188 1903.194214 1206.672363
109.000000 831.229858 776.586304 1889.881470 883.338196
206.000000 131.249512 183.147003 1071.281860 563.355591
207.000000 104.989685 476.814789 1067.171143 800.008789
220.000000 170.238159 1276.685547 1187.919800 1426.693115
221.000000 147.571915 1563.404907 1183.073975 1656.661255
162.000000 502.977875 1603.312622 1541.912720 1700.003662
163.000000 519.102112 1326.614380 1541.259766 1443.338623
105.000000 658.631042 553.272400 1642.808350 723.356995
255.000000 430.183929 580.009338 1390.744873 796.655640
171.000000 443.739197 313.353973 1380.057251 576.665649
1298.000000 923.635254 893.490662 2026.000000 968.000000
275.000000 912.240417 1156.763672 2039.932007 1236.826782
254.000000 449.454529 339.966614 1387.639526 586.652283
170.000000 433.533722 600.012268 1384.480347 829.979980
224.000000 696.477844 453.483185 1681.240601 623.200928
225.000000 684.726440 700.066406 1688.847412 849.246826
151.000000 217.334457 188.762680 1150.318604 547.422485
327.000000 557.847351 409.897919 1515.850708 623.338867
1027.000000 243.353836 1014.247925 1238.000000 1197.000000
86.000000 1093.212036 1614.231812 2366.671631 1723.607178
87.000000 1323.305420 1602.772217 2753.275635 1716.745605
1095.000000 1167.004517 970.113647 2424.000000 993.000000
211.000000 1163.273071 1200.107178 2453.164307 1259.622925
241.000000 574.294189 399.836060 1531.650024 606.667053
285.000000 69.590157 759.957886 1052.955200 1026.653687
166.000000 230.025803 1013.335754 1214.569946 1203.254150
232.000000 931.996277 570.062439 2009.131714 649.853455
233.000000 925.114868 790.055725 2022.421875 873.387512
292.000000 547.255676 423.171295 1509.797607 640.001770
293.000000 534.656250 636.547974 1511.487305 830.016418
200.000000 1309.685059 1243.332642 2689.363770 1286.735107
201.000000 1310.162476 1029.992920 2663.904785 1049.938599
160.000000 726.281921 1195.845093 1643.320557 1313.895264
161.000000 519.863037 1164.227417 1383.303467 1307.979248
246.000000 777.197388 726.682251 1822.189087 850.026611
461.000000 783.265381 519.900208 1802.567505 653.074463
236.000000 995.409546 1149.956177 2168.874512 1230.065186
237.000000 1002.617493 943.308350 2155.958252 1006.900574
114.000000 310.023376 1196.430664 1273.647461 1350.047363
446.000000 325.939758 806.614502 1295.779419 1023.320984
447.000000 311.335541 1010.095825 1293.556641 1183.336426
187.000000 991.169800 1316.708252 2179.731201 1403.169067
278.000000 678.321960 833.558960 1694.645752 989.986267
264.000000 986.149109 1153.321777 2155.619141 1226.738892
265.000000 990.633057 953.272827 2141.596924 1023.223328
248.000000 1173.639771 686.721008 2400.078125 686.659973
249.000000 1170.653442 886.775940 2418.348145 899.855896
258.000000 971.068726 1346.699951 2159.598877 1436.690918
259.000000 964.938293 1543.383301 2172.105713 1643.407593
214.000000 1160.057007 1340.029907 2460.631592 1409.940308
215.000000 1158.324829 1536.710571 2482.379639 1640.090088
398.000000 319.376709 1010.203552 1301.094727 1180.013672
399.000000 333.907928 816.709839 1303.226562 1009.998657
334.000000 774.654846 529.905884 1796.942627 666.658447
335.000000 765.606506 723.283752 1802.406494 850.027588
223.000000 782.871765 873.309387 1830.366211 990.079407
272.000000 998.210693 810.037476 2136.108398 873.370728
273.000000 1002.825867 619.906799 2122.938721 676.693115
245.000000 1429.914795 444.145813 2734.032959 315.679626
388.000000 529.731018 307.190002 1466.764282 548.924622
31.000000 20.390385 266.382324 983.205994 659.995300
480.000000 185.016098 1523.202881 1206.015625 1626.657104
481.000000 199.765549 1336.648071 1208.260620 1473.307861
490.000000 1261.586548 1053.348145 2619.724609 1073.359009
394.000000 3.276176 1584.331543 1039.979858 1675.053955
395.000000 186.744354 1579.840698 1210.036621 1672.932373
378.000000 186.615326 1567.037476 1209.986328 1661.854492
379.000000 3.221544 1570.215210 1036.636963 1663.456421
488.000000 275.380493 546.652222 1216.983521 815.968323
489.000000 106.238937 481.103699 1066.602539 804.148804
464.000000 233.525848 1019.028381 1213.412476 1207.954834
465.000000 56.542419 983.960388 1056.593628 1201.889648
358.000000 994.746826 629.944336 2116.944824 693.316040
359.000000 989.622986 806.655762 2127.927490 869.921570
563.000000 211.186172 829.795410 1194.394287 1063.362305
564.000000 194.607315 1003.772400 1190.574463 1203.258057
460.000000 788.724548 683.272156 1809.453247 810.023987
247.000000 797.031738 510.017517 1817.154297 633.399475
242.000000 1487.799072 1386.660645 2979.749756 1446.281128
243.000000 1488.729736 1560.006836 3007.346436 1666.998413
498.000000 105.320168 493.340820 1069.527832 814.872986
499.000000 265.519867 557.908325 1217.070190 829.167908
124.000000 1315.293335 672.708252 2623.355713 616.172852
1492.000000 1162.398193 595.177490 2315.000000 603.000000
458.000000 55.529900 998.083313 1056.532471 1213.488770
459.000000 224.103333 1029.156006 1213.607788 1219.528076
363.000000 17.163755 1333.092896 1042.502075 1479.974243
534.000000 271.782074 513.198669 1221.673950 793.362610
535.000000 286.529907 343.321472 1224.182495 649.956543
368.000000 762.809875 1059.985229 1824.519653 1183.242920
369.000000 767.623596 889.932739 1811.088867 1007.091980
523.000000 1219.538330 726.669189 2500.346924 713.652954
496.000000 202.792267 1241.751587 1206.662476 1389.763550
497.000000 39.884651 1224.417358 1056.709106 1392.405640
1076.000000 1218.001831 1013.312561 2539.000000 1032.000000
586.000000 283.070953 263.866821 1216.597046 587.357178
268.000000 171.271317 496.782410 1136.492188 803.329285
456.000000 1473.344971 1598.903198 2992.909424 1713.762329
116.000000 852.606506 474.725220 1866.509888 588.210938
557.000000 43.192070 1231.250122 1060.014160 1396.216675
558.000000 196.823715 1248.610229 1199.979980 1400.634644
573.000000 96.771919 672.996887 1070.140991 954.473816
574.000000 243.661499 718.951050 1206.671997 963.249756
1494.000000 296.786652 856.676697 1279.000000 1057.000000
382.000000 1213.160278 736.663574 2494.707275 729.868530
383.000000 1210.487061 886.675354 2510.977051 899.906494
296.000000 1495.281982 1063.325928 2938.890625 1039.718262
297.000000 1495.850098 1213.336426 2962.530762 1226.346069
514.000000 613.306702 883.331848 1616.483154 1033.336304
472.000000 573.928650 476.700104 1536.638062 676.666748
1133.000000 102.768036 685.038269 1076.000000 960.000000
414.000000 1623.856567 913.086853 3057.833496 817.348633
415.000000 1620.970825 780.068176 3033.604492 653.293457
372.000000 965.934204 544.745911 2043.325317 616.744934
373.000000 849.468872 484.357727 1869.762573 598.987244
308.000000 903.326111 1283.394653 2040.009399 1376.115479
309.000000 773.169250 1268.059082 1853.340576 1372.913818
512.000000 103.396278 1366.672119 1131.561401 1500.027466
340.000000 903.486938 1272.211304 2040.055786 1364.660767
341.000000 776.910400 1254.886108 1859.916992 1359.652222
568.000000 1497.212402 1066.970947 2937.282715 1035.600708
104.000000 642.705505 903.287598 1657.558594 1050.710815
1085.000000 720.897461 703.192627 1724.000000 840.000000
1392.000000 566.656311 403.353546 1523.000000 612.000000
366.000000 773.462341 1308.604248 1859.973511 1411.959839
367.000000 896.667297 1319.992798 2036.697998 1414.351196
500.000000 1340.706299 1529.827881 2768.004150 1630.212036
501.000000 1343.588379 1653.327393 2783.601074 1776.992432
482.000000 1410.928833 1650.008423 2882.770752 1780.062866
483.000000 1412.054443 1526.563843 2865.817139 1628.250488
454.000000 1493.088989 800.002441 2897.003906 709.958008
455.000000 1494.328491 923.356812 2917.711426 866.791504
1279.000000 908.277100 1406.700317 2067.000000 1504.000000
427.000000 1147.505615 486.622681 2393.262695 483.219940
475.000000 1029.183716 516.799438 2086.501953 558.324707
565.000000 1616.886719 778.346619 3026.716309 650.116272
566.000000 1496.335449 794.137634 2899.093506 704.540710
1342.000000 56.251144 750.035645 1032.000000 1022.000000
1312.000000 695.917725 613.303284 1702.000000 748.000000
1500.000000 922.786133 444.320648 1997.000000 539.000000
561.000000 123.994316 976.725342 1126.249634 1196.591187
580.000000 89.330742 799.251831 1077.151123 1060.013062
260.000000 1463.455688 1316.955200 2943.415283 1359.771606
261.000000 1346.709717 1312.263306 2736.628906 1365.232910
1425.000000 952.235718 1023.293091 2112.000000 1105.000000
1264.000000 947.957825 1140.047363 2118.000000 1224.000000
591.000000 1204.888062 1423.300659 2567.469727 1506.596191
592.000000 1202.744751 1539.989136 2579.183350 1640.071655
172.000000 1332.970947 412.124817 2595.877441 325.871490
1195.000000 939.811096 1133.326050 2073.000000 1219.000000
754.000000 944.180115 1019.904236 2068.000000 1128.000000
1444.000000 433.361511 769.871094 1416.000000 975.000000
578.000000 323.509064 745.862671 1283.578125 968.972046
1045.000000 1225.105469 580.219299 2548.000000 547.000000
1465.000000 1238.764648 469.847107 2536.000000 417.000000
556.000000 642.472900 769.959351 1643.397827 933.331482
380.000000 1336.665527 1312.983032 2726.688477 1371.286255
381.000000 1230.000000 1313.337769 2553.358887 1372.101196
548.000000 789.964844 736.764587 1829.989868 856.836731
432.000000 1440.450439 715.944641 2802.506348 630.861450
433.000000 1336.913574 704.443420 2642.896484 653.599915
1205.000000 416.000000 1074.000000 1416.000000 1231.000000
926.000000 973.000000 740.000000 2099.000000 807.000000
599.000000 1355.000000 822.000000 2696.000000 782.000000
1245.000000 1392.000000 1251.000000 2804.000000 1287.000000
666.000000 423.000000 925.000000 1416.000000 1101.000000
986.000000 1355.000000 807.000000 2694.000000 764.000000
1377.000000 1392.000000 1398.000000 2824.000000 1467.000000
700.000000 1540.000000 1139.000000 3008.000000 1125.000000
1141.000000 1587.000000 855.000000 3015.000000 755.000000
1080.000000 1354.000000 1262.000000 2752.000000 1304.000000
606.000000 1355.000000 660.000000 2675.000000 594.000000
742.000000 1354.000000 1245.000000 2750.000000 1284.000000
1381.000000 506.000000 668.000000 1474.000000 865.000000
817.000000 375.000000 738.000000 1343.000000 954.000000
818.000000 1354.000000 1095.000000 2731.000000 1104.000000
1049.000000 426.000000 187.000000 1340.000000 489.000000
768.000000 462.000000 569.000000 1428.000000 788.000000
607.000000 1355.000000 675.000000 2677.000000 611.000000
1579.000000 1587.000000 876.000000 3019.000000 781.000000
1259.000000 118.000000 542.000000 1082.000000 848.000000
1410.000000 1536.000000 813.000000 2953.000000 718.000000
860.000000 1605.000000 853.000000 3034.000000 748.000000
251.000000 1466.000000 499.000000 2829.466309 349.418915
647.000000 950.000000 1367.000000 2133.000000 1458.000000
833.000000 1343.000000 962.000000 2697.000000 949.000000
884.000000 975.000000 645.000000 2093.000000 711.000000
663.000000 731.000000 999.000000 1785.000000 1118.000000
1116.000000 1553.000000 899.000000 2979.000000 823.000000
1273.000000 1532.000000 1430.000000 3045.000000 1498.000000
729.000000 1354.000000 1112.000000 2733.000000 1125.000000
712.000000 1392.000000 1234.000000 2801.000000 1266.000000
1529.000000 746.000000 649.000000 1773.000000 784.000000
664.000000 108.000000 1436.000000 1140.000000 1555.000000
1554.000000 48.000000 1500.000000 1091.000000 1608.000000
262.000000 644.000000 841.000000 1639.717407 992.336182
626.000000 428.000000 170.000000 1426.000000 451.000000
50.000000 1236.000000 785.000000 2543.590576 776.007385
1233.000000 286.000000 1038.000000 1270.000000 1222.000000
773.000000 747.000000 617.000000 1772.000000 753.000000
652.000000 947.000000 1470.000000 2140.000000 1567.000000
1210.000000 92.000000 1647.000000 1129.000000 1725.000000
651.000000 1355.000000 792.000000 2692.000000 747.000000
682.000000 1392.000000 950.000000 2762.000000 924.000000
935.000000 285.000000 260.000000 1216.000000 582.000000
1328.000000 1820.000000 1534.000000 1960.000000 1623.000000
968.000000 1391.000000 1052.000000 2776.000000 1046.000000
1421.000000 1124.000000 572.000000 2240.000000 585.000000
620.000000 1392.000000 1102.000000 2783.000000 1106.000000
1125.000000 68.000000 1042.000000 1069.000000 1245.000000
1558.000000 394.000000 610.000000 1333.000000 839.000000
1011.000000 1367.000000 1109.000000 2749.000000 1119.000000
1072.000000 1354.000000 1062.000000 2726.000000 1065.000000
639.000000 1367.000000 805.000000 2709.000000 759.000000
699.000000 1367.000000 1092.000000 2746.000000 1099.000000
899.000000 31.000000 1142.000000 1043.000000 1326.000000
871.000000 1343.000000 1098.000000 2714.000000 1110.000000
605.000000 1392.000000 1217.000000 2799.000000 1245.000000
720.000000 1367.000000 957.000000 2729.000000 938.000000
635.000000 1191.000000 1107.000000 2508.000000 1146.000000
1301.000000 1342.000000 1265.000000 2736.000000 1309.000000
785.000000 1343.000000 1081.000000 2712.000000 1090.000000
1403.000000 520.000000 406.000000 1480.000000 631.000000
650.000000 948.000000 1439.000000 2138.000000 1534.000000
614.000000 1344.000000 824.000000 2680.000000 788.000000
1118.000000 1392.000000 770.000000 2739.000000 710.000000
982.000000 1073.000000 643.000000 2237.000000 676.000000
880.000000 963.000000 983.000000 2111.000000 1058.000000
1251.000000 116.000000 1500.000000 1152.000000 1607.000000
727.000000 489.000000 966.000000 1491.000000 1127.000000
684.000000 1367.000000 820.000000 2711.000000 777.000000
1563.000000 1342.000000 1414.000000 2754.000000 1489.000000
993.000000 729.000000 1032.000000 1786.000000 1150.000000
1155.000000 1342.000000 1431.000000 2758.000000 1509.000000
863.000000 706.000000 665.000000 1723.000000 809.000000
848.000000 1367.000000 1075.000000 2744.000000 1079.000000
1356.000000 51.000000 1014.000000 1052.000000 1226.000000
1215.000000 328.000000 382.000000 1268.000000 668.000000
1230.000000 66.000000 1302.000000 1095.000000 1450.000000
679.000000 1353.000000 1428.000000 2775.000000 1505.000000
874.000000 973.000000 712.000000 2097.000000 778.000000
1092.000000 252.000000 1772.000000 1080.000000 1833.000000
1471.000000 459.000000 634.000000 1412.000000 847.000000
704.000000 1344.000000 794.000000 2676.000000 753.000000
1423.000000 1388.000000 418.000000 2670.000000 302.000000
747.000000 243.000000 586.000000 1198.000000 855.000000
1172.000000 781.000000 776.000000 1821.000000 895.000000
769.000000 52.000000 1454.000000 1091.000000 1571.000000
633.000000 1405.000000 1214.000000 2815.000000 1240.000000
673.000000 946.000000 1501.000000 2142.000000 1600.000000
733.000000 420.000000 977.000000 1417.000000 1147.000000
1544.000000 750.000000 543.000000 1769.000000 683.000000
898.000000 260.000000 592.000000 1215.000000 856.000000
929.000000 509.000000 588.000000 1482.000000 792.000000
1446.000000 447.000000 563.000000 1405.000000 786.000000
1105.000000 1354.000000 1078.000000 2729.000000 1084.000000
952.000000 1367.000000 790.000000 2707.000000 741.000000
830.000000 953.000000 1214.000000 2110.000000 1300.000000
1556.000000 394.000000 1118.000000 1259.000000 1281.000000
1517.000000 476.000000 685.000000 1437.000000 886.000000
1555.000000 743.000000 711.000000 1775.000000 843.000000
740.000000 1392.000000 800.000000 2743.000000 745.000000
601.000000 1344.000000 662.000000 2660.000000 600.000000
1190.000000 1392.000000 1381.000000 2821.000000 1445.000000
958.000000 1557.000000 1188.000000 3029.000000 1188.000000
920.000000 88.000000 621.000000 1062.000000 914.000000
1106.000000 1381.000000 1419.000000 2810.000000 1492.000000
783.000000 1554.000000 859.000000 2975.000000 771.000000
829.000000 960.000000 639.000000 2046.000000 707.000000
1370.000000 246.000000 689.000000 1208.000000 938.000000
636.000000 1354.000000 1228.000000 2748.000000 1263.000000
1151.000000 712.000000 526.000000 1719.000000 679.000000
1276.000000 913.000000 361.000000 2022.000000 442.000000
726.000000 108.000000 847.000000 1103.000000 1087.000000
780.000000 1392.000000 919.000000 2759.000000 887.000000
1314.000000 511.000000 1771.000000 1306.000000 1847.000000
1400.000000 126.000000 438.000000 1087.000000 763.000000
696.000000 1344.000000 647.000000 2658.000000 583.000000
701.000000 132.000000 1307.000000 1155.000000 1450.000000
640.000000 1187.000000 1476.000000 2501.000000 1567.000000
1228.000000 789.000000 1188.000000 1727.000000 1301.000000
284.000000 39.000000 1011.000000 1046.290405 1219.987061
770.000000 1343.000000 1115.000000 2717.000000 1130.000000
1361.000000 971.000000 816.000000 2097.000000 886.000000
560.000000 1168.000000 1561.000000 2499.977295 1664.840698
897.000000 1367.000000 673.000000 2691.000000 605.000000
1003.000000 204.000000 1066.000000 1194.000000 1250.000000
1075.000000 94.000000 745.000000 1079.000000 1008.000000
670.000000 426.000000 835.000000 1399.000000 1034.000000
845.000000 940.000000 319.000000 2039.000000 393.000000
1332.000000 482.000000 870.000000 1476.000000 1043.000000
711.000000 1196.000000 807.000000 2479.000000 810.000000
612.000000 1353.000000 1411.000000 2772.000000 1484.000000
1218.000000 1354.000000 1393.000000 2770.000000 1463.000000
1321.000000 1343.000000 1379.000000 2731.000000 1433.000000
1364.000000 324.000000 1074.000000 1325.000000 1237.000000
1062.000000 209.000000 470.000000 1170.000000 769.000000
404.000000 1330.000000 708.000000 2639.564209 660.214600
1058.000000 1392.000000 1267.000000 2806.000000 1307.000000
1018.000000 1405.000000 917.000000 2774.000000 882.000000
1582.000000 903.000000 563.000000 1969.000000 653.000000
1142.000000 439.000000 876.000000 1427.000000 1057.000000
581.000000 1541.000000 1189.000000 3048.680176 1186.842529
1068.000000 1147.000000 593.000000 2297.000000 602.000000
1318.000000 685.000000 740.000000 1693.000000 885.000000
668.000000 1380.000000 1104.000000 2767.000000 1112.000000
638.000000 147.000000 446.000000 1112.000000 765.000000
1127.000000 566.000000 1098.000000 1496.000000 1231.000000
705.000000 1405.000000 798.000000 2758.000000 739.000000
946.000000 1239.000000 724.000000 2533.000000 706.000000
582.000000 1570.000000 1079.000000 3030.878662 1053.216309
468.000000 21.000000 1563.000000 1062.985596 1656.662231
879.000000 434.000000 996.000000 1434.000000 1161.000000
988.000000 1392.000000 785.000000 2740.000000 728.000000
717.000000 223.000000 302.000000 1173.000000 632.000000
1528.000000 971.000000 795.000000 2103.000000 866.000000
1475.000000 457.000000 410.000000 1406.000000 654.000000
801.000000 1405.000000 1231.000000 2818.000000 1261.000000
1474.000000 696.000000 661.000000 1703.000000 808.000000
1336.000000 452.000000 491.000000 1405.000000 724.000000
916.000000 1392.000000 815.000000 2744.000000 763.000000
851.000000 1392.000000 935.000000 2761.000000 905.000000
1030.000000 511.000000 553.000000 1482.000000 761.000000
983.000000 1367.000000 1259.000000 2769.000000 1299.000000
834.000000 1380.000000 1088.000000 2764.000000 1091.000000
725.000000 1367.000000 926.000000 2725.000000 902.000000
907.000000 910.000000 1184.000000 2056.000000 1274.000000
825.000000 464.000000 533.000000 1428.000000 757.000000
1542.000000 1200.000000 1386.000000 2558.000000 1463.000000
811.000000 111.000000 749.000000 1104.000000 1009.000000
1267.000000 945.000000 606.000000 2044.000000 679.000000
933.000000 1367.000000 1407.000000 2788.000000 1479.000000
690.000000 745.000000 681.000000 1774.000000 814.000000
1234.000000 1355.000000 630.000000 2672.000000 560.000000
1004.000000 380.000000 1088.000000 1386.000000 1254.000000
1044.000000 962.000000 1011.000000 2113.000000 1088.000000
954.000000 927.000000 1074.000000 2050.000000 1158.000000
585.000000 147.000000 206.000000 1083.275269 573.908386
1303.000000 963.000000 954.000000 2109.000000 1028.000000
843.000000 466.000000 497.000000 1428.000000 725.000000
936.000000 1427.000000 1279.000000 2850.000000 1317.000000
608.000000 1195.000000 857.000000 2484.000000 866.000000
1472.000000 1278.000000 799.000000 2562.000000 779.000000
794.000000 100.000000 933.000000 1101.000000 1155.000000
1461.000000 736.000000 1119.000000 1651.000000 1240.000000
1496.000000 47.000000 1241.000000 1064.000000 1402.000000
1167.000000 201.000000 640.000000 1162.000000 908.000000
1096.000000 1550.000000 1430.000000 3061.000000 1498.000000
680.000000 1187.000000 1503.000000 2504.000000 1599.000000
876.000000 428.000000 852.000000 1415.000000 1038.000000
1002.000000 514.000000 518.000000 1482.000000 731.000000
970.000000 1536.000000 882.000000 2964.000000 801.000000
662.000000 1190.000000 1159.000000 2514.000000 1205.000000
1065.000000 1354.000000 1210.000000 2746.000000 1243.000000
1130.000000 78.000000 928.000000 1076.000000 1154.000000
996.000000 1197.000000 749.000000 2474.000000 746.000000
1006.000000 231.000000 1774.000000 1065.000000 1832.000000
1077.000000 689.000000 1023.000000 1734.000000 1147.000000
838.000000 44.000000 1546.000000 1090.000000 1644.000000
709.000000 1343.000000 931.000000 2693.000000 913.000000
746.000000 1392.000000 1085.000000 2781.000000 1086.000000
1437.000000 1343.000000 1214.000000 2729.000000 1248.000000
744.000000 176.000000 767.000000 1163.000000 1012.000000
289.000000 251.000000 532.000000 1200.436768 810.006348
683.000000 1355.000000 944.000000 2711.000000 925.000000
1456.000000 239.000000 676.000000 1201.000000 928.000000
1538.000000 525.000000 613.000000 1482.000000 813.000000
1171.000000 1391.000000 639.000000 2721.000000 556.000000
641.000000 139.000000 21.000000 1052.000000 443.000000
1007.000000 173.000000 863.000000 1162.000000 1089.000000
1157.000000 1158.000000 582.000000 2323.000000 576.000000
1197.000000 123.000000 1411.000000 1153.000000 1535.000000
732.000000 708.000000 633.000000 1722.000000 779.000000
925.000000 1445.000000 1583.000000 2932.000000 1699.000000
618.000000 1355.000000 928.000000 2709.000000 907.000000
990.000000 976.000000 986.000000 2132.000000 1059.000000
896.000000 709.000000 600.000000 1722.000000 749.000000
634.000000 1367.000000 942.000000 2727.000000 920.000000
723.000000 1367.000000 1242.000000 2766.000000 1279.000000
1350.000000 106.000000 513.000000 1085.000000 826.000000
1225.000000 1380.000000 1367.000000 2803.000000 1429.000000
947.000000 473.000000 198.000000 1426.000000 470.000000
763.000000 1536.000000 861.000000 2961.000000 776.000000
1132.000000 1380.000000 1254.000000 2786.000000 1292.000000
1054.000000 1343.000000 809.000000 2678.000000 771.000000
1504.000000 1336.000000 393.000000 2616.000000 295.000000
479.000000 1345.000000 1494.000000 2756.667969 1590.063477
703.000000 168.000000 904.000000 1162.000000 1123.000000
1212.000000 1355.000000 645.000000 2673.000000 577.000000
1139.000000 165.000000 946.000000 1161.000000 1157.000000
923.000000 994.000000 1199.000000 2172.000000 1279.000000
1548.000000 770.000000 1238.000000 1847.000000 1343.000000
1169.000000 1394.000000 1441.000000 2830.000000 1519.000000
1372.000000 1342.000000 1396.000000 2754.000000 1467.000000
1575.000000 75.000000 972.000000 1101.000000 1189.000000
943.000000 655.000000 831.000000 1652.000000 989.000000
1424.000000 1380.000000 401.000000 2672.000000 284.000000
686.000000 422.000000 950.000000 1417.000000 1123.000000
1074.000000 1381.000000 684.000000 2712.000000 613.000000
1573.000000 1168.000000 1606.000000 2445.000000 1718.000000
722.000000 1313.000000 369.000000 2587.000000 279.000000
1477.000000 1403.000000 373.000000 2696.000000 243.000000
1373.000000 120.000000 1455.000000 1152.000000 1571.000000
961.000000 1228.000000 1668.000000 2506.000000 1790.000000
957.000000 1502.000000 1551.000000 3021.000000 1656.000000
1108.000000 430.000000 146.000000 1426.000000 429.000000
1198.000000 1539.000000 1082.000000 3012.000000 1049.000000
1019.000000 1191.000000 1046.000000 2502.000000 1078.000000
645.000000 1405.000000 783.000000 2756.000000 722.000000
1295.000000 446.000000 86.000000 1428.000000 375.000000
1506.000000 143.000000 486.000000 1112.000000 798.000000
627.000000 1380.000000 1402.000000 2807.000000 1472.000000
469.000000 37.000000 1363.000000 1065.003906 1499.978638
1204.000000 1541.000000 1165.000000 3013.000000 1158.000000
918.000000 1558.000000 1138.000000 3023.000000 1122.000000
1188.000000 926.000000 809.000000 2017.000000 890.000000
741.000000 1405.000000 1066.000000 2794.000000 1060.000000
778.000000 1392.000000 1068.000000 2778.000000 1066.000000
974.000000 402.000000 598.000000 1349.000000 829.000000
1408.000000 967.000000 1114.000000 2116.000000 1196.000000
1288.000000 1345.000000 691.000000 2663.000000 633.000000
597.000000 1191.000000 1133.000000 2511.000000 1176.000000
1241.000000 926.000000 825.000000 2028.000000 908.000000
1174.000000 104.000000 889.000000 1102.000000 1120.000000
1468.000000 1585.000000 807.000000 3007.000000 694.000000
1184.000000 896.000000 429.000000 2016.000000 515.000000
375.000000 1346.000000 1350.000000 2766.719482 1414.264404
1084.000000 133.000000 357.000000 1088.000000 731.000000
1378.000000 1174.000000 1667.000000 2310.000000 1788.000000
911.000000 1380.000000 1220.000000 2782.000000 1250.000000
674.000000 1343.000000 947.000000 2695.000000 931.000000
451.000000 1328.000000 1555.000000 2746.657715 1661.665771
509.000000 1241.000000 1327.000000 2583.407471 1388.035400
615.000000 405.000000 146.000000 1781.000000 480.000000
1001.000000 1151.000000 536.000000 2418.000000 526.000000
891.000000 1381.000000 817.000000 2728.000000 769.000000
854.000000 154.000000 366.000000 1114.000000 701.000000
1008.000000 1202.000000 1049.000000 2520.000000 1079.000000
1260.000000 1354.000000 1278.000000 2755.000000 1324.000000
758.000000 1380.000000 937.000000 2744.000000 912.000000
1140.000000 1207.000000 753.000000 2492.000000 747.000000
665.000000 1149.000000 1590.000000 2174.000000 1696.000000
1269.000000 1329.000000 1152.000000 2677.000000 1176.000000
1152.000000 623.000000 750.000000 1619.000000 910.000000
1503.000000 1066.000000 1283.000000 2318.000000 1363.000000
924.000000 1505.000000 914.000000 2927.000000 850.000000
681.000000 90.000000 508.000000 1056.000000 827.000000
883.000000 305.000000 1077.000000 1260.000000 1249.000000
671.000000 216.000000 1040.000000 1204.000000 1227.000000
1363.000000 1504.000000 1070.000000 2949.000000 1044.000000
1134.000000 1198.000000 726.000000 2471.000000 719.000000
793.000000 1188.000000 1449.000000 2499.000000 1536.000000
137.000000 1315.000000 397.000000 2589.241455 311.367340
1098.000000 90.000000 666.000000 1066.000000 949.000000
730.000000 452.000000 655.000000 1409.000000 866.000000
1086.000000 749.000000 760.000000 1777.000000 888.000000
1567.000000 968.000000 1085.000000 2133.000000 1162.000000
1375.000000 778.000000 877.000000 1824.000000 993.000000
1469.000000 1171.000000 823.000000 2438.000000 834.000000
1035.000000 432.000000 1075.000000 1429.000000 1231.000000
1571.000000 1012.000000 1010.000000 2180.000000 1077.000000
1206.000000 407.000000 925.000000 1400.000000 1105.000000
1519.000000 1366.000000 1425.000000 2791.000000 1499.000000
950.000000 758.000000 1298.000000 1838.000000 1403.000000
646.000000 1196.000000 832.000000 2482.000000 838.000000
1087.000000 333.000000 649.000000 1291.000000 887.000000
1459.000000 70.000000 1258.000000 1095.000000 1414.000000
1135.000000 66.000000 239.000000 1017.000000 628.000000
643.000000 490.000000 940.000000 1491.000000 1104.000000
975.000000 1329.000000 857.000000 2659.000000 832.000000
622.000000 1420.000000 946.000000 2794.000000 913.000000
721.000000 1189.000000 1183.000000 2516.000000 1234.000000
1242.000000 1405.000000 1082.000000 2797.000000 1081.000000
992.000000 968.000000 1055.000000 2113.000000 1135.000000
1081.000000 202.000000 556.000000 1158.000000 841.000000
1557.000000 394.000000 1305.000000 1393.000000 1435.000000
1089.000000 730.000000 923.000000 1780.000000 1045.000000
885.000000 1509.000000 1203.000000 2975.000000 1211.000000
941.000000 445.000000 179.000000 1446.000000 453.000000
853.000000 1405.000000 1248.000000 2820.000000 1281.000000
1235.000000 439.000000 921.000000 1434.000000 1094.000000
887.000000 74.000000 1648.000000 1112.000000 1726.000000
1202.000000 967.000000 831.000000 2091.000000 903.000000
1274.000000 1367.000000 1059.000000 2741.000000 1061.000000
1036.000000 1377.000000 892.000000 2728.000000 859.000000
1330.000000 488.000000 992.000000 1492.000000 1151.000000
1191.000000 1448.000000 1483.000000 2926.000000 1569.000000
1043.000000 1496.000000 1392.000000 2990.000000 1453.000000
1315.000000 493.000000 632.000000 1449.000000 838.000000
748.000000 1003.000000 853.000000 2148.000000 916.000000
1536.000000 1376.000000 1041.000000 2747.000000 1036.000000
616.000000 1367.000000 644.000000 2688.000000 571.000000
1094.000000 1237.000000 457.000000 2524.000000 405.000000
971.000000 1137.000000 546.000000 2383.000000 538.000000
1485.000000 22.000000 1190.000000 1038.000000 1365.000000
1294.000000 1207.000000 811.000000 2497.000000 811.000000
600.000000 1354.000000 960.000000 2713.000000 944.000000
1384.000000 429.000000 816.000000 1403.000000 1006.000000
1441.000000 312.000000 312.000000 1248.000000 616.000000
790.000000 335.000000 768.000000 1301.000000 985.000000
994.000000 1355.000000 837.000000 2698.000000 800.000000
877.000000 1343.000000 1510.000000 2764.000000 1604.000000
766.000000 47.000000 1039.000000 1051.000000 1245.000000
1505.000000 169.000000 520.000000 1126.000000 819.000000
60.000000 883.000000 633.000000 1943.642822 733.319824
1285.000000 438.000000 943.000000 1433.000000 1115.000000
1164.000000 805.000000 1252.000000 1869.000000 1352.000000
1207.000000 1055.000000 705.000000 2231.000000 749.000000
1143.000000 1367.000000 1207.000000 2761.000000 1238.000000
1034.000000 1162.000000 1384.000000 2476.000000 1463.000000
1399.000000 699.000000 1263.000000 1757.000000 1374.000000
1346.000000 1405.000000 1395.000000 2840.000000 1462.000000
687.000000 1392.000000 654.000000 2723.000000 574.000000
1144.000000 747.000000 1035.000000 1808.000000 1150.000000
667.000000 956.000000 762.000000 2053.000000 833.000000
1445.000000 1380.000000 1204.000000 2780.000000 1230.000000
822.000000 691.000000 989.000000 1733.000000 1115.000000
1272.000000 753.000000 891.000000 1814.000000 1002.000000
1580.000000 528.000000 1297.000000 1427.000000 1424.000000
1348.000000 91.000000 1671.000000 1128.000000 1746.000000
1051.000000 1201.000000 1024.000000 2499.000000 1050.000000
374.000000 1259.000000 1353.000000 2593.375488 1424.078247
1266.000000 1380.000000 1237.000000 2784.000000 1271.000000
1307.000000 343.000000 612.000000 1297.000000 854.000000
1480.000000 950.000000 1337.000000 2131.000000 1426.000000
1521.000000 1402.000000 350.000000 2695.000000 215.000000
930.000000 1401.000000 404.000000 2700.000000 279.000000
824.000000 1239.000000 1601.000000 2553.000000 1714.000000
695.000000 442.000000 859.000000 1431.000000 1041.000000
987.000000 1391.000000 1200.000000 2796.000000 1225.000000
1419.000000 1201.000000 1160.000000 2533.000000 1205.000000
1546.000000 986.000000 773.000000 2121.000000 838.000000
1258.000000 257.000000 672.000000 1217.000000 921.000000
167.000000 261.000000 701.000000 1224.138916 949.904541
1385.000000 473.000000 979.000000 1475.000000 1141.000000
1533.000000 1186.000000 1528.000000 2552.000000 1629.000000
1453.000000 1344.000000 677.000000 2662.000000 616.000000
1433.000000 883.000000 552.000000 1941.000000 650.000000

1.000000 1141.903442 582.615295 77.992249 0.908913 2290.124023 595.523926 1023.908691 458.034302
8.000000 14.774452 1782.797974 960.611633 1723.008911 950.000854 1831.268555 1580.000854 1831.153076
27.000000 950.962341 1715.196167 14.225597 1763.846680 1563.299561 1822.874512 1056.506958 1816.917480
209.000000 729.490295 437.650543 2.728671 61.167236 1629.848022 584.956055 1466.696411 569.681946
36.000000 84.064217 1733.521362 890.356995 1689.937744 1119.996216 1793.618774 1559.999268 1794.083618
5.000000 1091.238037 650.025330 1075.271362 1430.039673 2265.676270 673.657104 2318.829834 1383.421021
6.000000 1086.901245 1430.075928 1103.420654 653.264282 2332.222656 1376.750366 2279.245605 673.390137
55.000000 117.264511 1711.285522 853.630554 1672.277100 1563.336914 1763.671265 1246.670898 1767.063477
42.000000 844.110291 1641.812744 140.479233 1671.397705 1566.660645 1747.703613 1173.282715 1745.432129
46.000000 790.307190 1625.689819 176.777161 1646.578613 1570.008545 1727.886353 1203.307373 1726.398560
29.000000 326.599976 396.661133 275.968536 1006.885315 1266.227051 686.660950 1259.665771 1190.039062
16.000000 825.330627 606.877502 803.053101 1170.120728 1864.916138 723.143066 1886.336426 1276.550415
18.000000 675.647705 368.562134 185.683273 105.162590 1633.169556 554.867371 1093.271362 497.247162
14.000000 1.062447 839.770569 56.941475 286.694427 994.493591 1246.592041 1014.289368 670.032837
33.000000 774.096863 1174.158203 237.815491 1129.528809 1703.341431 1295.661743 1230.022217 1294.776123
21.000000 884.708557 1189.929199 903.749512 663.227905 2003.853638 1283.465088 1979.014648 753.223328
9.000000 1467.520142 1273.355225 1465.538574 746.670898 2939.101562 1303.852173 2863.924805 690.744934
7.000000 219.557114 114.156883 683.238037 363.510559 986.871033 478.083771 1639.887329 547.722656
26.000000 1133.063965 1219.993164 1146.116089 709.815369 2405.317139 1283.438354 2365.907227 776.725708
19.000000 1043.283203 696.751648 1030.173218 1203.424072 2192.701172 742.939270 2227.985596 1283.247192
25.000000 1239.305908 740.047180 1235.329346 1243.349121 2543.590576 776.007385 2592.222656 1286.772461
115.000000 1112.816406 730.055664 1103.200073 1216.664062 2334.395020 1063.256714 2350.525879 1286.628662
22.000000 1443.631470 763.281067 1446.083984 1246.669678 2819.968262 753.337219 2882.724854 1270.073853
24.000000 1064.358276 1206.689575 1074.929321 733.294556 2285.144775 1283.440796 2248.863037 769.844849
56.000000 373.691223 1682.064087 820.163025 1652.458496 1246.689575 1759.318481 1563.361450 1756.580566
48.000000 113.597641 86.166481 503.838043 292.378235 1069.774658 505.423462 1420.015869 543.186096
31.000000 293.912415 135.605743 653.982300 332.144409 1090.191284 478.133209 1580.169189 528.348816
45.000000 495.829865 1193.088623 473.699188 1570.217041 1365.585693 1333.466187 1376.834595 1707.063110
40.000000 790.136169 1162.414062 418.056671 1107.285156 1706.745605 1276.532593 1306.573608 1267.420166
71.000000 33.355965 1210.268066 5.668717 1556.853271 1049.736694 1380.054810 1044.800903 1656.692871
88.000000 84.790848 657.100891 55.507393 980.197021 1060.542114 946.680237 1054.272339 1196.690186
206.000000 99.476692 473.543365 123.410271 153.339081 1060.109375 800.003235 1065.058105 633.384583
44.000000 476.216400 1126.025024 792.411438 1178.917725 1323.254517 1279.954834 1703.275757 1289.068115
50.000000 838.290466 769.935791 826.266785 1089.984985 1899.381104 923.357178 1912.608643 1266.694580
54.000000 819.386658 1086.643188 831.229858 776.586304 1903.194214 1206.672363 1889.881470 883.338196
51.000000 704.696228 1559.873291 724.225220 1256.295166 1658.405273 1669.963501 1651.475952 1339.899048
103.000000 131.249512 183.147003 104.989685 476.814789 1071.281860 563.355591 1067.171143 800.008789
110.000000 170.238159 1276.685547 147.571915 1563.404907 1187.919800 1426.693115 1183.073975 1656.661255
81.000000 502.977875 1603.312622 519.102112 1326.614380 1541.912720 1700.003662 1541.259766 1443.338623
52.000000 646.623230 823.034668 658.631042 553.272400 1657.558594 1050.710815 1642.808350 723.356995
85.000000 430.183929 580.009338 443.739197 313.353973 1384.480347 829.979980 1380.057251 576.665649
137.000000 923.635254 893.490662 912.240417 1156.763672 2030.669189 1040.125488 2039.932007 1236.826782
127.000000 449.454529 339.966614 433.533722 600.012268 1387.639526 586.652283 1390.744873 796.655640
112.000000 696.477844 453.483185 684.726440 700.066406 1681.240601 623.200928 1688.847412 849.246826
75.000000 1.969172 72.527573 217.334457 188.762680 886.483826 514.812866 1150.318604 547.422485
99.000000 249.086136 1446.592407 268.358276 1209.595459 1329.760498 1599.968872 1331.848267 1359.987061
163.000000 546.785645 643.180908 557.847351 409.897919 1517.115112 809.996948 1515.850708 623.338867
43.000000 1093.212036 1614.231812 1323.305420 1602.772217 2366.671631 1723.607178 2753.275635 1716.745605
105.000000 1167.004517 970.113647 1163.273071 1200.107178 2439.614258 1026.108765 2453.164307 1259.622925
120.000000 558.626831 626.571777 574.294189 399.836060 1531.699707 830.000366 1531.650024 606.667053
142.000000 46.634041 983.329956 69.590157 759.957886 1046.290405 1219.987061 1052.955200 1026.653687
83.000000 230.025803 1013.335754 250.580597 793.076416 1214.569946 1203.254150 1224.138916 949.904541
116.000000 931.996277 570.062439 925.114868 790.055725 2009.131714 649.853455 2022.421875 873.387512
106.000000 775.703674 1071.747070 563.670044 1031.556885 1693.082764 1191.282959 1460.434937 1178.653931
146.000000 547.255676 423.171295 534.656250 636.547974 1509.797607 640.001770 1511.487305 830.016418
100.000000 1309.685059 1243.332642 1310.162476 1029.992920 2689.363770 1286.735107 2663.904785 1049.938599
80.000000 726.281921 1195.845093 519.863037 1164.227417 1643.320557 1313.895264 1383.303467 1307.979248
230.000000 777.197388 726.682251 783.265381 519.900208 1809.453247 810.023987 1802.567505 653.074463
118.000000 995.409546 1149.956177 1002.617493 943.308350 2168.874512 1230.065186 2155.958252 1006.900574
57.000000 310.023376 1196.430664 295.499420 1400.154419 1273.647461 1350.047363 1276.009888 1666.671509
223.000000 325.939758 806.614502 311.335541 1010.095825 1295.779419 1023.320984 1293.556641 1183.336426
93.000000 983.948730 1520.021851 991.169800 1316.708252 2192.602295 1643.372559 2179.731201 1403.169067
139.000000 678.321960 833.558960 669.131897 1036.778198 1694.645752 989.986267 1696.701782 1186.701172
132.000000 986.149109 1153.321777 990.633057 953.272827 2155.619141 1226.738892 2141.596924 1023.223328
124.000000 1173.639771 686.721008 1170.653442 886.775940 2400.078125 686.659973 2418.348145 899.855896
129.000000 971.068726 1346.699951 964.938293 1543.383301 2159.598877 1436.690918 2172.105713 1643.407593
107.000000 1160.057007 1340.029907 1158.324829 1536.710571 2460.631592 1409.940308 2482.379639 1640.090088
199.000000 319.376709 1010.203552 333.907928 816.709839 1301.094727 1180.013672 1303.226562 1009.998657
167.000000 774.654846 529.905884 765.606506 723.283752 1796.942627 666.658447 1802.406494 850.027588
111.000000 773.024658 1063.317383 782.871765 873.309387 1836.517456 1220.004028 1830.366211 990.079407
136.000000 998.210693 810.037476 1002.825867 619.906799 2136.108398 873.370728 2122.938721 676.693115
122.000000 1239.906494 446.910278 1429.914795 444.145813 2525.658691 387.384369 2734.032959 315.679626
194.000000 529.731018 307.190002 696.803223 393.067688 1466.764282 548.924622 1636.576172 564.331238
240.000000 185.016098 1523.202881 199.765549 1336.648071 1206.015625 1626.657104 1208.260620 1473.307861
245.000000 1261.586548 1053.348145 1259.845947 1239.998535 2619.724609 1073.359009 2633.686768 1223.300415
197.000000 3.276176 1584.331543 186.744354 1579.840698 1039.979858 1675.053955 1210.036621 1672.932373
189.000000 186.615326 1567.037476 3.221544 1570.215210 1209.986328 1661.854492 1036.636963 1663.456421
244.000000 275.380493 546.652222 106.238937 481.103699 1216.983521 815.968323 1066.602539 804.148804
232.000000 233.525848 1019.028381 56.542419 983.960388 1213.412476 1207.954834 1056.593628 1201.889648
125.000000 1246.428467 466.101166 1423.305786 462.113953 2616.674316 360.152466 2829.466309 349.418915
179.000000 994.746826 629.944336 989.622986 806.655762 2116.944824 693.316040 2127.927490 869.921570
283.000000 211.186172 829.795410 194.607315 1003.772400 1194.394287 1063.362305 1190.574463 1203.258057
123.000000 788.724548 683.272156 797.031738 510.017517 1822.189087 850.026611 1817.154297 633.399475
121.000000 1487.799072 1386.660645 1488.729736 1560.006836 2979.749756 1446.281128 3007.346436 1666.998413
249.000000 105.320168 493.340820 265.519867 557.908325 1069.527832 814.872986 1217.070190 829.167908
62.000000 1315.293335 672.708252 1162.398193 595.177490 2623.355713 616.172852 2326.542969 602.728271
229.000000 55.529900 998.083313 224.103333 1029.156006 1056.532471 1213.488770 1213.607788 1219.528076
181.000000 2.736599 1503.282715 17.163755 1333.092896 1037.020142 1656.677612 1042.502075 1479.974243
268.000000 271.782074 513.198669 286.529907 343.321472 1221.673950 793.362610 1224.182495 649.956543
184.000000 762.809875 1059.985229 767.623596 889.932739 1824.519653 1183.242920 1811.088867 1007.091980
262.000000 1220.449829 893.330872 1219.538330 726.669189 2515.664795 856.773865 2500.346924 713.652954
248.000000 202.792267 1241.751587 39.884651 1224.417358 1206.662476 1389.763550 1056.709106 1392.405640
126.000000 1217.364746 1176.682373 1218.001831 1013.312561 2562.540771 1240.073730 2543.011230 1030.029907
144.000000 253.410309 366.401367 240.351196 526.695251 1203.256714 616.665527 1200.436768 810.006348
294.000000 139.932266 193.471054 283.070953 263.866821 1083.275269 573.908386 1216.597046 587.357178
134.000000 171.271317 496.782410 185.527893 340.199799 1136.492188 803.329285 1141.164551 603.360535
58.000000 852.606506 474.725220 990.081055 546.511475 1866.509888 588.210938 2179.995605 620.042603
280.000000 43.192070 1231.250122 196.823715 1248.610229 1060.014160 1396.216675 1199.979980 1400.634644
288.000000 96.771919 672.996887 243.661499 718.951050 1070.140991 954.473816 1206.671997 963.249756
195.000000 758.678162 909.935791 751.385559 1060.067261 1810.867920 1053.304565 1816.502930 1223.338745
191.000000 1213.160278 736.663574 1210.487061 886.675354 2494.707275 729.868530 2510.977051 899.906494
148.000000 1495.281982 1063.325928 1495.850098 1213.336426 2938.890625 1039.718262 2962.530762 1226.346069
30.000000 871.171814 853.369019 866.704590 1000.001160 1943.642822 733.319824 1965.458984 1233.385986
258.000000 613.306702 883.331848 605.351318 1026.593628 1616.483154 1033.336304 1618.814941 1180.018799
177.000000 286.592010 186.803253 163.576462 119.555237 996.560791 510.921173 1173.192627 531.224609
236.000000 573.928650 476.700104 566.071655 616.633240 1536.638062 676.666748 1537.208496 833.331360
207.000000 1623.856567 913.086853 1620.970825 780.068176 3057.833496 817.348633 3033.604492 653.293457
186.000000 965.934204 544.745911 849.468872 484.357727 2043.325317 616.744934 1869.762573 598.987244
154.000000 903.326111 1283.394653 773.169250 1268.059082 2040.009399 1376.115479 1853.340576 1372.913818
257.000000 103.396278 1366.672119 92.154419 1496.852661 1131.561401 1500.027466 1128.981812 1646.707397
170.000000 903.486938 1272.211304 776.910400 1254.886108 2040.055786 1364.660767 1859.916992 1359.652222
252.000000 1496.337280 927.084595 1623.856567 913.086853 2917.711426 866.791504 3057.833496 817.348633
285.000000 1623.885498 1057.052856 1497.212402 1066.970947 3070.728027 999.346680 2937.282715 1035.600708
183.000000 773.462341 1308.604248 896.667297 1319.992798 1859.973511 1411.959839 2036.697998 1414.351196
250.000000 1340.706299 1529.827881 1343.588379 1653.327393 2768.004150 1630.212036 2783.601074 1776.992432
241.000000 1410.928833 1650.008423 1412.054443 1526.563843 2882.770752 1780.062866 2865.817139 1628.250488
227.000000 1493.088989 800.002441 1494.328491 923.356812 2897.003906 709.958008 2917.711426 866.791504
284.000000 1616.886719 778.346619 1496.335449 794.137634 3026.716309 650.116272 2899.093506 704.540710
282.000000 123.994316 976.725342 134.400314 859.502930 1126.249634 1196.591187 1129.066772 1056.647827
130.000000 1463.455688 1316.955200 1346.709717 1312.263306 2943.415283 1359.771606 2736.628906 1365.232910
297.000000 1204.888062 1423.300659 1202.744751 1539.989136 2567.469727 1506.596191 2579.183350 1640.071655
86.000000 1447.029175 427.095551 1332.970947 412.124817 2595.877441 325.871490 2845.760498 307.603790
290.000000 433.361511 769.871094 323.509064 745.862671 1420.001953 976.630981 1283.578125 968.972046
279.000000 647.506897 663.373047 642.472900 769.959351 1639.329468 793.352844 1643.397827 933.331482
190.000000 1336.665527 1312.983032 1230.000000 1313.337769 2726.688477 1371.286255 2553.358887 1372.101196
275.000000 789.964844 736.764587 689.730408 700.750305 1829.989868 856.836731 1688.847412 849.246826
216.000000 1440.450439 715.944641 1336.913574 704.443420 2802.506348 630.861450 2642.896484 653.599915
