Keypoint Matches and Line Matches for pairs 2, 15 
2 corresponds to the image ./resources/Data/CastleP19/images/0002.png 
15 corresponds to the image ./resources/Data/CastleP19/images/0015.png 

23.000000 2406.877930 450.859772 933.311035 295.782959
2.000000 2416.959717 507.953888 933.354065 371.053314
14.000000 1883.640137 631.318420 3.268101 393.745056
15.000000 2400.258057 511.108612 913.409790 373.423950
18.000000 2373.820068 458.649506 896.693970 297.940796
10.000000 2412.075439 523.402527 923.982178 376.692169
13.000000 2421.402344 505.949707 936.804382 373.586731
238.000000 2726.305664 351.886017 1266.661377 268.328461
128.000000 2857.831787 657.131958 1202.183350 633.872437
129.000000 3062.715088 623.024109 1403.194946 630.140381
148.000000 3043.587891 444.537842 1403.356445 441.141785
162.000000 2874.322998 839.915161 642.777466 840.151489
970.000000 2891.185303 1036.565063 630.000000 1059.000000
130.000000 3070.281494 808.735168 1126.701782 833.086670
188.000000 2876.899658 835.046631 646.681885 838.103394
211.000000 3065.801514 623.418945 1405.043579 633.323181
212.000000 3048.324707 446.832458 1406.212891 446.642944
787.000000 3067.074951 823.066162 1114.000000 847.000000
286.000000 2893.272461 846.209229 659.996826 853.074646
140.000000 2896.666016 1039.992920 636.588440 1059.473267
283.000000 3030.107666 460.515106 1390.040527 456.160736
284.000000 2860.540039 495.919891 1223.360352 458.549316
169.000000 2706.163086 686.852966 886.615845 638.992371
166.000000 2690.644287 519.771667 1146.695801 448.107422
167.000000 2523.562500 554.437988 953.373962 452.012238
149.000000 2843.801514 489.963959 1206.285278 445.930450
219.000000 2706.036621 683.378174 889.900513 640.097839
228.000000 2694.412598 520.160522 1148.893555 453.320129
438.000000 2197.882812 933.197021 157.783890 856.517334
329.000000 3040.351074 611.986877 1126.717896 620.012573
350.000000 2880.056641 640.320129 1226.688232 618.249878
546.000000 2043.868408 954.019470 110.026642 858.479309
321.000000 3070.115723 1004.515625 816.702087 1039.856934
322.000000 2913.318848 1019.852234 653.388916 1041.671387
444.000000 2580.191162 1065.308228 450.005524 1062.359741
445.000000 2736.681641 1050.155518 580.020264 1063.098633
305.000000 2676.912354 534.521912 1133.352905 460.814056
306.000000 2533.502930 564.154053 970.033447 464.728394
225.000000 2330.339111 598.395874 630.014038 457.437805
226.000000 2186.648438 626.573364 446.680756 460.773621
354.000000 2684.289551 675.237915 866.757324 623.535461
355.000000 2543.504395 700.937317 713.353882 627.468994
229.000000 2046.905518 800.579712 143.828552 653.373962
230.000000 2042.068115 660.054688 158.614655 473.219635
172.000000 2189.678711 778.363159 433.194794 648.384888
301.000000 2703.474854 871.066711 573.376099 852.433655
302.000000 2566.564941 889.233154 410.034607 855.303711
366.000000 2923.392578 1013.638489 668.629028 1033.435669
367.000000 2910.620605 876.608826 676.456665 883.322388
372.000000 3003.979492 996.605103 1034.375366 1030.029541
527.000000 2991.275146 863.211914 752.409912 923.294922
249.000000 2183.558105 629.868469 443.444061 463.340637
250.000000 2188.492920 763.389038 432.215576 633.479553
216.000000 1917.604370 820.061401 189.087830 653.515991
699.000000 2215.230957 1100.996582 151.000000 1063.000000
416.000000 2984.403076 843.296814 1033.944946 853.377869
417.000000 2988.732178 970.043274 1023.747131 993.363464
376.000000 2037.028442 658.395874 153.354782 467.621063
327.000000 2316.988281 611.579102 620.023621 470.928711
348.000000 2197.205078 635.977173 219.994949 479.656708
358.000000 2323.376953 740.248779 606.713806 629.386047
375.000000 2203.552979 761.253540 213.341171 637.002258
496.000000 2046.820435 947.817871 120.019646 844.615234
362.000000 2230.857666 1073.440796 30.411850 1040.035522
365.000000 2225.933838 960.031799 193.636124 886.689697
589.000000 2011.000000 742.000000 27.000000 572.000000
601.000000 2238.000000 722.000000 336.000000 596.000000
814.000000 2239.000000 745.000000 500.000000 621.000000
580.000000 2934.000000 1482.000000 680.000000 1525.000000
988.000000 2324.000000 460.000000 747.000000 288.000000
765.000000 2258.000000 741.000000 525.000000 620.000000
1449.000000 2398.000000 798.000000 427.000000 713.000000
869.000000 2011.000000 764.000000 99.000000 600.000000
707.000000 2888.000000 846.000000 655.000000 852.000000
682.000000 2733.000000 900.000000 601.000000 882.000000
984.000000 2584.000000 659.000000 835.000000 586.000000
1347.000000 2009.000000 691.000000 33.000000 505.000000
975.000000 2311.000000 1006.000000 297.000000 958.000000
690.000000 2146.000000 1364.000000 16.000000 1366.000000
1205.000000 2767.000000 1101.000000 647.000000 1117.000000
754.000000 2561.000000 855.000000 404.000000 805.000000
334.000000 2581.000000 1049.000000 399.971405 1044.440674
859.000000 2583.000000 634.000000 837.000000 557.000000
726.000000 2238.000000 699.000000 503.000000 564.000000
1138.000000 2021.000000 1038.000000 69.000000 961.000000
138.000000 2347.000000 905.000000 353.407990 840.067871
662.000000 2254.000000 1041.000000 66.000000 998.000000
1209.000000 2317.000000 710.000000 434.000000 585.000000
712.000000 2608.000000 679.000000 784.000000 615.000000
1487.000000 2258.000000 719.000000 285.000000 596.000000
1089.000000 2245.000000 907.000000 96.000000 815.000000
929.000000 3032.000000 603.000000 1374.000000 605.000000
1066.000000 2583.000000 1103.000000 287.000000 1113.000000
1189.000000 1961.000000 773.000000 24.000000 600.000000
635.000000 1978.000000 749.000000 52.000000 572.000000
182.000000 2747.000000 846.000000 586.729065 837.578674
460.000000 1994.000000 788.000000 65.072990 633.497498
773.000000 3032.000000 925.000000 989.000000 952.000000
1217.000000 2677.000000 997.000000 452.000000 993.000000
1311.000000 3035.000000 960.000000 1068.000000 987.000000
1203.000000 2012.000000 785.000000 96.000000 628.000000
640.000000 2412.000000 865.000000 195.000000 820.000000
1212.000000 2255.000000 1070.000000 63.000000 1034.000000
987.000000 2586.000000 682.000000 757.000000 616.000000
1278.000000 2611.000000 1061.000000 435.000000 1062.000000
793.000000 2920.000000 597.000000 1089.000000 582.000000
1428.000000 2401.000000 446.000000 931.000000 290.000000
1398.000000 2318.000000 686.000000 606.000000 561.000000
784.000000 2256.000000 1183.000000 261.000000 1135.000000
821.000000 2216.000000 726.000000 71.000000 599.000000
1130.000000 2018.000000 978.000000 75.000000 881.000000
952.000000 1962.000000 794.000000 22.000000 629.000000
1172.000000 2981.000000 966.000000 1016.000000 988.000000
1277.000000 2028.000000 782.000000 119.000000 627.000000
940.000000 1976.000000 791.000000 43.000000 629.000000
966.000000 2887.000000 128.000000 1735.000000 92.000000
665.000000 2656.000000 670.000000 1010.000000 612.000000
1453.000000 2607.000000 655.000000 1039.000000 582.000000
874.000000 2733.000000 842.000000 499.000000 824.000000
711.000000 2029.000000 738.000000 128.000000 571.000000
308.000000 2206.000000 937.000000 173.362717 858.423401
1309.000000 2315.000000 1065.000000 292.000000 1030.000000
906.000000 2676.000000 616.000000 864.000000 556.000000
234.000000 2321.000000 608.000000 629.993469 463.087677
1136.000000 2299.000000 713.000000 501.000000 592.000000
689.000000 2996.000000 555.000000 1266.000000 549.000000
1022.000000 2606.000000 630.000000 788.000000 558.000000
842.000000 2950.000000 935.000000 781.000000 990.000000
1163.000000 2027.000000 686.000000 58.000000 505.000000
800.000000 2528.000000 756.000000 416.000000 688.000000
1177.000000 2649.000000 968.000000 753.000000 954.000000
552.000000 1905.000000 393.000000 161.711563 71.758301
1211.000000 2793.000000 1283.000000 698.000000 1312.000000
802.000000 2512.000000 700.000000 398.000000 690.000000
756.000000 2604.000000 973.000000 454.000000 957.000000
769.000000 2299.000000 1471.000000 19.000000 1440.000000
965.000000 2297.000000 841.000000 318.000000 764.000000
720.000000 2718.000000 900.000000 115.000000 956.000000

12.000000 2633.351074 373.404083 1943.041382 545.495789 746.661682 279.749725 226.735764 290.128174
11.000000 3069.536621 288.112915 2406.877930 450.859772 1553.336304 280.117035 933.311035 295.782959
1.000000 2416.959717 507.953888 3070.575684 359.196320 933.354065 371.053314 2393.378662 342.297272
7.000000 1883.640137 631.318420 2400.258057 511.108612 3.268101 393.745056 913.409790 373.423950
9.000000 2373.820068 458.649506 1883.889282 578.931213 896.693970 297.940796 100.036163 315.020233
5.000000 2412.075439 523.402527 2437.565674 986.800537 923.982178 376.692169 872.608643 1683.697876
6.000000 2448.713135 940.290527 2421.402344 505.949707 888.144592 1680.179199 936.804382 373.586731
128.000000 3069.875977 266.169220 2726.305664 351.886017 1446.670166 267.754639 1266.661377 268.328461
231.000000 2826.946777 367.848389 3070.056152 310.236755 1550.001343 303.574463 1680.016357 302.818817
69.000000 2857.831787 657.131958 3062.715088 623.024109 1202.183350 633.872437 1403.194946 630.140381
79.000000 3043.587891 444.537842 2846.561035 486.166656 1403.356445 441.141785 1206.285278 445.930450
86.000000 2874.322998 839.915161 2891.185303 1036.565063 642.777466 840.151489 632.242188 1033.273804
70.000000 3070.281494 808.735168 2876.899658 835.046631 1126.701782 833.086670 926.689819 835.365784
114.000000 3065.801514 623.418945 3048.324707 446.832458 1405.043579 633.323181 1406.212891 446.642944
156.000000 3067.074951 823.066162 2893.272461 846.209229 1110.012817 847.727234 943.370239 849.733765
65.000000 2896.666016 1039.992920 3070.331543 1023.487488 919.993958 1054.662964 1123.327026 1054.433228
151.000000 3030.107666 460.515106 2860.540039 495.919891 1390.040527 456.160736 1223.360352 458.549316
89.000000 2536.245850 714.036255 2706.163086 686.852966 693.269958 641.256348 886.615845 638.992371
88.000000 2690.644287 519.771667 2523.562500 554.437988 1146.695801 448.107422 953.373962 452.012238
111.000000 2843.801514 489.963959 2857.831787 657.131958 1206.285278 445.930450 1202.183350 633.872437
119.000000 2706.036621 683.378174 2694.412598 520.160522 889.900513 640.097839 895.452637 456.629913
229.000000 2197.882812 933.197021 2202.775391 1096.483643 157.783890 856.517334 149.003754 986.824158
184.000000 3040.351074 611.986877 2880.056641 640.320129 1383.371216 616.118713 1226.688232 618.249878
170.000000 3070.115723 1004.515625 2913.318848 1019.852234 816.702087 1039.856934 653.388916 1041.671387
232.000000 2580.191162 1065.308228 2736.681641 1050.155518 450.005524 1062.359741 580.020264 1063.098633
162.000000 2676.912354 534.521912 2533.502930 564.154053 1133.352905 460.814056 970.033447 464.728394
122.000000 2330.339111 598.395874 2186.648438 626.573364 630.014038 457.437805 446.680756 460.773621
225.000000 2930.072266 316.966949 3070.003174 283.346771 350.000000 303.333344 486.666656 303.333344
187.000000 2684.289551 675.237915 2543.504395 700.937317 866.757324 623.535461 713.353882 627.468994
124.000000 2046.905518 800.579712 2042.068115 660.054688 143.828552 653.373962 158.614655 473.219635
106.000000 2189.678711 778.363159 2326.314941 751.541016 193.247314 650.940796 379.971985 648.135803
160.000000 2703.474854 871.066711 2566.564941 889.233154 573.376099 852.433655 410.034607 855.303711
193.000000 2923.392578 1013.638489 2910.620605 876.608826 668.629028 1033.435669 676.456665 883.322388
196.000000 3003.979492 996.605103 2991.275146 863.211914 1034.375366 1030.029541 1038.630249 879.961182
134.000000 2183.558105 629.868469 2188.492920 763.389038 443.444061 463.340637 432.215576 633.479553
224.000000 1919.377930 823.098511 2046.905518 800.579712 3.318691 653.519104 140.006104 653.811218
218.000000 2984.403076 843.296814 2988.732178 970.043274 1033.944946 853.377869 1023.747131 993.363464
74.000000 2316.634033 913.136841 2194.461670 933.452332 353.407990 840.067871 156.689758 844.385437
198.000000 2037.028442 658.395874 1916.715088 683.565063 153.354782 467.621063 3.280751 470.993134
173.000000 2316.988281 611.579102 2197.205078 635.977173 620.023621 470.928711 460.042175 474.993286
189.000000 2323.376953 740.248779 2203.552979 761.253540 606.713806 629.386047 453.368805 632.045837
258.000000 2046.820435 947.817871 1926.299316 963.916077 120.019646 844.615234 3.278228 846.404358
192.000000 2230.857666 1073.440796 2225.933838 960.031799 182.222214 1036.582031 193.636124 886.689697
