Keypoint Matches and Line Matches for pairs 2, 3 
2 corresponds to the image ./resources/Data/CastleP19/images/0002.png 
3 corresponds to the image ./resources/Data/CastleP19/images/0003.png 

4.000000 1156.898560 1601.839233 1100.242432 1682.296509
7.000000 1227.002441 1641.034912 1170.139893 1716.440552
13.000000 337.536713 1645.191162 340.576141 1722.143555
8.000000 1220.569702 1632.849487 1153.812134 1709.355103
9.000000 303.982788 1665.115967 310.547607 1741.177979
14.000000 340.663452 1659.674561 343.851227 1735.679199
15.000000 1187.017700 1625.313477 1123.597778 1702.970093
25.000000 1466.477417 566.646240 1473.524536 696.664429
28.000000 1453.242798 566.664673 1461.340698 696.649597
21.000000 2315.710205 270.052246 2397.020020 337.608032
19.000000 1153.630859 1607.851318 1096.815308 1687.117065
2.000000 1491.238281 490.099335 1493.961060 627.574036
30.000000 137.707916 249.813721 155.552948 513.239380
31.000000 78.623390 976.825684 102.667732 1140.224976
34.000000 130.608246 973.381836 150.074387 1133.339478
35.000000 188.297684 249.864273 201.253922 513.161743
27.000000 1123.469116 1590.441895 1063.534912 1671.907959
184.000000 2633.351074 373.404083 2579.472656 448.356049
36.000000 253.758255 993.119141 262.466370 1149.934692
37.000000 304.548187 303.422791 308.180573 543.447449
17.000000 2406.877930 450.859772 2369.187256 534.140564
22.000000 2416.959717 507.953888 2387.610840 589.812683
57.000000 1090.224854 1573.694214 1036.755371 1655.368164
42.000000 952.756165 321.528107 926.503662 510.632751
40.000000 1060.109497 1545.048706 1013.536682 1630.669800
41.000000 466.765961 1557.913452 463.497253 1645.914795
50.000000 584.880676 383.228943 572.046509 593.259705
51.000000 551.167725 960.068237 542.482788 1109.951294
77.000000 757.335327 261.529755 739.916443 473.660645
48.000000 1140.422485 543.407654 1128.937866 700.029175
49.000000 1129.345337 1103.386353 1122.256104 1220.028931
44.000000 1898.160278 1190.117798 1938.316406 1280.212402
45.000000 1885.552246 636.616150 1915.443726 739.910645
64.000000 1883.640137 631.318420 1913.684814 734.479187
65.000000 2400.258057 511.108612 2367.278564 595.327637
58.000000 1223.640503 1116.671753 1221.133911 1229.980713
59.000000 1232.230225 593.315247 1225.423706 739.989136
63.000000 514.173096 1076.073364 507.106262 1213.699219
75.000000 1643.467407 1159.950928 1678.077515 1253.298828
60.000000 1396.804932 616.685242 1400.896240 749.980530
61.000000 1394.059692 1130.003906 1403.136353 1236.667603
100.000000 2373.820068 458.649506 2336.969971 544.264099
113.000000 467.963165 192.545013 456.772583 436.272064
73.000000 1868.674561 1156.622070 1902.661621 1246.694458
66.000000 1481.410889 643.332764 1493.384399 783.332764
67.000000 1481.468018 1139.999878 1498.598389 1243.311401
78.000000 230.815643 779.811890 241.226410 963.172180
79.000000 267.669952 286.492584 274.116577 533.138306
80.000000 260.152161 493.344299 267.560516 713.398499
81.000000 224.865891 983.203613 236.689636 1136.668335
70.000000 1518.201294 1139.995605 1540.521484 1243.372803
68.000000 1434.762695 1133.329224 1448.077026 1236.684448
69.000000 1435.820801 649.998169 1443.843628 779.995239
97.000000 1046.869751 1100.656250 996.543091 1225.239868
52.000000 2412.075439 523.402527 2384.352539 606.586670
116.000000 511.246094 130.065796 504.033752 380.645142
55.000000 1915.125854 487.323181 1964.286377 589.488708
82.000000 630.089478 1572.211914 583.377014 1657.742432
83.000000 1053.538818 1555.078003 1003.496460 1640.684448
85.000000 647.595581 1047.897583 603.857056 1185.513184
233.000000 128.863235 896.839600 147.921707 1070.102783
91.000000 396.680695 1583.635864 386.819183 1670.022705
94.000000 1159.009155 703.316467 1149.691528 846.663513
95.000000 1152.382446 1093.317139 1146.001953 1209.993286
162.000000 88.693405 966.824219 111.765877 1133.478394
180.000000 1040.108032 1002.576721 984.165344 1133.101929
102.000000 671.855042 1490.085571 628.863892 1583.427979
103.000000 688.604004 1126.755981 642.934021 1256.793091
98.000000 1204.589233 566.628052 1195.818115 716.624146
99.000000 1197.898682 926.689575 1192.393799 1053.357666
169.000000 715.594055 1490.090942 668.963928 1590.081421
93.000000 2726.305664 351.886017 2672.157715 419.677612
118.000000 310.881500 1153.556519 315.966858 1290.143677
119.000000 293.764343 1476.865967 300.500763 1573.542603
120.000000 1146.330322 1016.660278 1139.409302 1136.659180
121.000000 1152.167114 709.977783 1142.973755 853.328796
294.000000 353.436066 473.488647 352.258392 686.826355
134.000000 306.755157 1128.947388 309.997314 1266.720093
135.000000 9.944117 1103.998169 43.168716 1253.264404
115.000000 300.019653 1510.770508 303.292297 1605.185547
124.000000 503.097046 966.646912 496.989960 1116.691895
125.000000 527.652222 673.136902 518.348755 843.464844
126.000000 13.340132 1096.588379 43.340744 1246.527832
127.000000 306.489075 1122.045166 316.607056 1261.116455
156.000000 376.303070 183.508789 373.663757 440.018829
157.000000 359.170776 473.481293 359.596130 686.833618
129.000000 992.629211 1189.850342 945.683167 1300.242676
142.000000 3.333437 1259.997559 36.635059 1388.089722
143.000000 293.371887 1272.434570 300.060547 1393.940674
137.000000 290.022064 1319.203979 296.679138 1435.482300
146.000000 300.353485 1112.215698 303.555664 1251.689087
147.000000 16.691431 1089.688232 49.983799 1240.362793
155.000000 707.071350 290.011780 689.740967 499.993469
141.000000 286.701202 1368.071045 293.336578 1478.402588
139.000000 286.670319 1415.129395 290.002563 1520.373657
108.000000 577.486328 1139.774902 560.532837 1269.759399
152.000000 13.373919 1209.271484 46.641460 1344.158691
153.000000 290.110229 1224.687744 296.713623 1351.795776
150.000000 16.762438 1158.571289 49.993568 1300.170654
151.000000 293.303650 1177.109253 300.015411 1309.590942
105.000000 541.051758 1136.723022 529.228943 1266.806396
133.000000 280.032379 1462.797241 289.984344 1562.509521
160.000000 804.682373 1519.887085 794.851929 1613.251953
161.000000 820.047668 1250.002686 805.769226 1369.959717
337.000000 496.681580 700.007812 488.261902 879.849731
107.000000 950.394165 503.253510 932.189636 676.631409
86.000000 1060.984253 406.421204 1045.147217 579.645386
403.000000 27.895096 386.778198 60.610275 633.390076
170.000000 455.887970 1216.622925 455.546082 1343.267944
171.000000 441.264069 1476.737793 442.101440 1573.456055
194.000000 713.673157 310.012878 696.338501 513.322998
154.000000 703.955566 566.690247 683.442322 750.002747
144.000000 1160.264648 409.274017 1143.102295 574.266296
145.000000 1400.003540 496.657013 1396.573364 637.043335
174.000000 1256.819946 820.001099 1254.449585 956.668823
175.000000 1254.981934 1073.345337 1254.004395 1186.674438
172.000000 989.266968 396.735687 971.860962 576.707520
173.000000 982.634888 646.648132 966.808838 806.742981
130.000000 2826.946777 367.848389 2756.859131 430.617371
497.000000 523.645325 265.461853 512.792847 492.296661
176.000000 2566.798096 1588.989990 2566.675293 1669.343140
177.000000 2810.060059 1593.151489 2793.340820 1669.835449
166.000000 1081.047852 1466.694580 1074.785522 1563.289062
167.000000 1087.431274 1226.598389 1080.352417 1326.596558
212.000000 45.998070 343.529480 73.982376 593.383911
213.000000 63.433495 106.674042 89.587494 393.041565
165.000000 753.039673 1102.923340 699.862793 1232.330444
204.000000 315.129974 970.134766 319.332581 1126.868652
205.000000 332.396973 739.929749 334.741669 923.440002
182.000000 1091.357544 1039.940674 1081.948120 1163.300903
183.000000 1098.260742 809.947815 1087.023071 946.596924
218.000000 841.012939 586.554810 823.859314 753.196472
219.000000 851.938599 359.932770 833.604065 553.346558
208.000000 828.053162 599.940613 811.557800 769.949890
209.000000 834.969116 373.281525 817.298096 566.590393
288.000000 786.633850 273.424683 773.469238 482.774170
223.000000 1552.871094 1120.000000 1577.862061 1219.970703
200.000000 1262.304443 493.357697 1255.611694 646.660400
201.000000 1259.907715 719.999023 1256.182495 853.334656
198.000000 1068.746460 1463.309448 1063.930176 1556.670898
199.000000 1073.013550 1239.930176 1065.385742 1349.990967
190.000000 1258.466797 1240.010864 1258.214722 1343.295654
191.000000 1257.992432 1463.350342 1259.859253 1556.616333
206.000000 340.493774 723.843506 343.061768 907.162292
207.000000 324.847137 943.441223 327.317017 1110.308716
186.000000 1721.613037 1160.035278 1755.564087 1256.708252
187.000000 1717.095581 939.991211 1747.517822 1043.175659
248.000000 21.068874 900.082153 50.797165 1076.732178
249.000000 37.747013 683.160095 66.144447 889.957092
179.000000 733.231201 1276.662231 722.419861 1386.633789
216.000000 1064.419800 1253.364624 1058.641968 1363.301880
217.000000 1058.184570 1470.043701 1054.004395 1563.348877
579.000000 1012.284668 1466.712646 969.992676 1568.012695
226.000000 1080.751343 1040.006958 1072.720215 1163.276978
227.000000 1082.775513 823.296997 1068.575684 963.432007
224.000000 1352.623291 1076.658203 1358.813354 1186.671387
225.000000 1355.162476 863.315430 1358.016235 986.674561
258.000000 64.989861 393.486145 90.161430 640.015503
259.000000 84.396545 183.123901 107.797974 456.455109
260.000000 285.154022 1480.120605 292.138062 1576.812256
261.000000 299.072540 1269.938599 304.641083 1393.195435
240.000000 825.962341 386.638916 809.638000 579.987610
241.000000 817.820251 593.378784 803.120422 769.992676
367.000000 1090.999390 459.964600 1077.887085 626.645996
228.000000 2857.831787 657.131958 2804.426514 717.374756
229.000000 3062.715088 623.024109 2998.638184 674.029053
238.000000 3043.587891 444.537842 2973.681396 494.581238
239.000000 2846.561035 486.166656 2787.545410 546.484619
242.000000 1098.708984 646.623352 1085.720581 799.967590
243.000000 1105.415527 446.624725 1092.223267 609.962036
197.000000 2375.357422 1479.936279 2375.879883 1550.232178
256.000000 1341.643433 1076.665649 1347.633911 1186.693604
257.000000 1341.768555 876.663574 1345.508911 999.975220
250.000000 1103.113403 1555.570190 1050.080444 1645.276245
210.000000 2874.322998 839.915161 2825.524414 899.748047
211.000000 2891.185303 1036.565063 2848.568848 1100.164551
220.000000 1716.678955 903.373718 1746.228882 1006.744751
284.000000 1074.832275 846.620300 1065.743652 989.981689
285.000000 1069.859375 1043.329834 1062.241821 1166.645020
252.000000 981.259827 790.049622 967.017334 936.679443
253.000000 973.523438 986.542908 960.227234 1123.341553
236.000000 3070.281494 808.735168 3020.217041 861.177856
237.000000 2876.899658 835.046631 2829.925049 896.260071
286.000000 1639.226807 342.930786 1671.568726 469.622925
287.000000 1832.436401 321.798981 1845.539673 440.039307
282.000000 1082.993164 469.990723 1070.508057 636.676025
283.000000 1077.716064 663.270996 1067.254517 813.344177
270.000000 1347.675537 733.335876 1348.516357 863.339233
271.000000 1348.158813 539.995422 1347.797363 683.328796
268.000000 476.629761 1483.553467 469.984192 1579.286133
269.000000 283.323608 1485.845703 289.998657 1583.272705
215.000000 14.666805 599.704346 47.322510 816.474609
320.000000 216.730728 976.670532 228.258621 1133.438110
321.000000 228.261887 786.561218 239.021667 969.935608
234.000000 2227.572998 1296.625488 2235.617188 1376.748657
235.000000 2236.217773 1486.838501 2250.735352 1570.203003
322.000000 597.745850 770.057190 586.208374 939.975464
323.000000 587.680664 960.053711 577.458008 1103.375732
292.000000 1671.136963 966.652588 1708.187744 1080.046143
293.000000 1673.490723 1156.706055 1712.596680 1253.352051
274.000000 768.387451 302.705261 753.220215 508.334991
275.000000 946.714050 363.192322 929.664124 548.173584
540.000000 121.857071 543.210266 142.139420 766.572205
298.000000 1646.524048 362.133545 1678.440796 487.590942
299.000000 1823.074219 341.153198 1845.891602 458.822113
276.000000 3065.801514 623.418945 3001.777588 673.532410
277.000000 3048.324707 446.832458 2979.162598 496.773804
306.000000 603.224487 236.942200 590.125732 462.877533
290.000000 595.991577 956.808411 585.247803 1103.438110
296.000000 296.641449 1498.405518 303.285431 1594.235474
297.000000 473.369354 1495.611328 473.416412 1590.884399
318.000000 326.056427 961.253906 330.673645 1118.820801
319.000000 501.168610 984.548767 493.948120 1132.839722
338.000000 530.140869 526.150391 517.363708 722.926331
339.000000 360.069397 479.745667 359.951935 693.591187
316.000000 500.576294 972.546692 493.499298 1121.498291
317.000000 326.910797 948.254761 329.996094 1106.709961
300.000000 3067.074951 823.066162 3010.108398 877.267883
301.000000 2893.272461 846.209229 2843.449707 907.312805
202.000000 2896.666016 1039.992920 2849.718506 1104.563232
360.000000 473.264526 1443.329346 469.715088 1543.316528
361.000000 483.316589 1269.999023 478.789734 1389.928345
380.000000 854.229736 429.891998 835.254883 619.951904
381.000000 846.544373 603.327942 830.144409 770.004944
324.000000 1340.290161 553.335938 1339.955078 696.667053
325.000000 1338.736450 726.685242 1341.411499 859.987427
328.000000 3030.107666 460.515106 2960.418213 511.512848
329.000000 2860.540039 495.919891 2803.745605 554.824463
562.000000 936.527283 787.156982 916.780823 932.478943
356.000000 358.770355 490.944611 362.432892 704.367615
357.000000 525.107727 538.756775 515.447571 735.913330
348.000000 2536.245850 714.036255 2505.563232 788.242249
349.000000 2706.163086 686.852966 2659.608154 754.858398
330.000000 945.160522 1370.136230 923.750305 1473.350220
331.000000 957.892639 1199.345947 930.244995 1313.208130
342.000000 2690.644287 519.771667 2640.463379 588.351074
343.000000 2523.562500 554.437988 2486.834473 630.610352
307.000000 2843.801514 489.963959 2785.495117 549.768311
352.000000 483.207092 1181.713135 479.885834 1309.189697
353.000000 316.463287 1169.426880 323.238220 1302.102295
334.000000 1616.205688 803.343323 1643.937256 913.311218
335.000000 1612.593506 636.610474 1638.076660 753.281677
312.000000 1611.656372 1293.328979 1647.308472 1383.317017
313.000000 1612.093994 1460.003296 1651.540283 1549.960938
388.000000 531.344727 499.876495 521.082642 700.071533
389.000000 541.488708 336.552094 530.772217 553.384338
314.000000 2706.036621 683.378174 2662.544922 753.410461
315.000000 2694.412598 520.160522 2646.564453 590.010010
308.000000 2197.882812 933.197021 2199.686768 1016.438904
309.000000 2202.775391 1096.483643 2212.259277 1183.162964
267.000000 1623.989136 926.660950 1654.530396 1030.042847
344.000000 3040.351074 611.986877 2977.207764 662.193054
345.000000 2880.056641 640.320129 2823.369629 700.146790
442.000000 424.617371 790.084167 424.306366 963.395081
443.000000 414.118866 950.269958 415.837433 1096.825562
416.000000 482.228485 803.261353 478.670288 973.247498
417.000000 471.803619 963.233643 469.613007 1113.523560
326.000000 2186.521240 1573.512695 2206.094971 1659.824707
327.000000 2178.274902 1413.594238 2195.758789 1496.935791
341.000000 2043.868408 954.019470 2063.448486 1040.875610
364.000000 1606.608521 950.000854 1638.165527 1056.626831
365.000000 1608.934814 1110.015503 1642.241211 1210.029053
404.000000 386.415314 207.388382 383.245361 453.702179
405.000000 536.753845 259.749634 523.231384 487.093994
398.000000 356.293121 658.343689 356.579102 850.580627
399.000000 510.159973 692.615112 500.165253 872.237732
346.000000 3070.115723 1004.515625 3026.826416 1061.144775
347.000000 2913.318848 1019.852234 2869.959473 1083.043457
378.000000 320.057312 1175.953247 323.423431 1308.148438
379.000000 476.783417 1188.547119 473.392731 1315.446289
400.000000 2580.191162 1065.308228 2556.461914 1138.440674
401.000000 2736.681641 1050.155518 2699.946045 1119.588745
189.000000 1103.570312 666.673828 1091.404785 813.265991
362.000000 1921.413086 966.627258 1954.506958 1059.946167
363.000000 1925.782104 1123.358032 1961.544312 1213.262451
372.000000 2916.742432 1027.450684 2873.378174 1090.333252
373.000000 3070.252197 1012.607361 3023.347900 1070.108643
428.000000 511.298431 359.880981 504.177490 576.714294
429.000000 502.326202 513.274414 496.460083 713.509705
382.000000 1606.415039 646.667664 1632.363525 763.358215
383.000000 1607.023193 799.998596 1636.208740 913.345093
350.000000 1246.821045 1208.133911 1246.775635 1314.561035
351.000000 1096.744751 1195.723145 1090.011475 1306.444092
426.000000 431.576843 490.103851 429.744171 699.983276
427.000000 441.457886 340.096039 438.704865 563.030518
440.000000 454.470581 343.403046 451.063751 566.734314
441.000000 445.272583 493.452209 442.580658 700.164062
1440.000000 1243.422607 1314.492798 1248.000000 1411.000000
354.000000 1093.302490 1381.721436 1086.665405 1480.752930
355.000000 1243.373779 1384.412354 1243.337402 1481.026489
1146.000000 1243.358398 1348.941040 1249.000000 1445.000000
406.000000 908.508667 826.724243 893.496948 973.338562
407.000000 903.923523 973.351807 888.923523 1116.632324
420.000000 2676.912354 534.521912 2633.872803 601.934265
421.000000 2533.502930 564.154053 2499.810547 639.320740
434.000000 2330.339111 598.395874 2315.364746 687.359558
384.000000 1296.819580 469.575775 1286.720093 619.784180
385.000000 1159.919800 420.222504 1143.116699 584.207825
376.000000 1246.624634 1197.097900 1246.835205 1303.937134
377.000000 1103.031250 1183.098755 1096.584717 1294.661133
446.000000 647.503784 540.041870 633.268127 730.160767
447.000000 654.674316 396.733765 639.671509 599.983826
438.000000 2684.289551 675.237915 2643.885498 742.256531
439.000000 2543.504395 700.937317 2513.534180 774.154480
310.000000 263.436798 1005.886353 270.103668 1158.385254
1267.000000 1240.027710 1279.468994 1246.000000 1380.000000
430.000000 2046.905518 800.579712 2059.593262 893.877197
561.000000 2042.068115 660.054688 2051.794189 759.777954
394.000000 1896.781860 1232.833008 1936.680542 1322.311890
395.000000 1756.707886 1228.626343 1790.004761 1321.846313
1452.000000 1735.288452 756.595825 1757.000000 869.000000
468.000000 2189.678711 778.363159 2189.120605 866.661499
469.000000 2326.314941 751.541016 2311.187012 834.506042
521.000000 1264.895142 273.787750 1266.542480 436.428070
418.000000 2703.474854 871.066711 2667.145752 939.381470
419.000000 2566.564941 889.233154 2530.043457 963.578918
412.000000 2923.392578 1013.638489 2881.321289 1076.518677
413.000000 2910.620605 876.608826 2865.625488 936.409851
414.000000 2716.276855 1570.312378 2761.908691 1650.153687
415.000000 2704.775391 1433.212402 2746.784912 1509.987183
490.000000 596.439758 240.597443 579.503540 465.220642
509.000000 272.437988 343.541229 278.756409 580.176758
510.000000 260.795013 480.067810 268.909943 696.574463
450.000000 559.887451 956.660278 550.451721 1110.025757
451.000000 567.660278 820.056519 557.690796 983.201538
498.000000 395.497498 220.030167 396.302246 464.881805
410.000000 3003.979492 996.605103 2959.506104 1063.393555
411.000000 2991.275146 863.211914 2942.379150 923.043030
477.000000 463.177155 1195.298950 459.914154 1321.736450
478.000000 329.890656 1184.709473 336.552765 1315.637207
368.000000 2183.558105 629.868469 2182.110596 719.880127
470.000000 365.508911 672.037476 365.969391 861.334717
1515.000000 1641.574585 370.050964 1675.000000 495.000000
485.000000 719.646179 320.982849 703.767700 528.212463
486.000000 843.701172 365.644989 823.195374 557.234375
503.000000 133.238525 997.363464 156.645554 1156.880493
504.000000 263.547577 1015.091858 273.489197 1168.422241
507.000000 760.279663 570.150452 746.032898 746.782166
508.000000 765.700745 439.959778 751.032227 629.901550
452.000000 1914.271729 689.975952 1943.603027 789.700928
453.000000 1917.604370 820.061401 1947.771362 916.765320
281.000000 1038.555786 653.298279 1027.149048 803.399780
87.000000 1431.023193 537.043579 1436.538696 673.864868
555.000000 2215.230957 1100.996582 2221.428467 1184.051270
556.000000 2342.884033 1086.139893 2332.421387 1167.292725
552.000000 1919.377930 823.098511 1949.199707 919.917908
527.000000 1929.556519 1125.406738 1962.809448 1216.082642
340.000000 2056.328857 1113.166992 2076.952148 1200.558350
548.000000 2879.664307 1619.862793 2826.676270 1701.362549
371.000000 2828.813477 1268.934326 2794.105957 1337.556519
302.000000 2984.403076 843.296814 2929.989014 896.668030
505.000000 1850.032349 301.194275 1853.466309 418.936157
511.000000 1893.357178 1242.485352 1933.340210 1333.126831
512.000000 1766.696899 1238.925659 1816.692017 1329.239014
537.000000 2197.869873 1396.751099 2212.886230 1480.028198
564.000000 399.801758 233.905182 399.457977 475.582672
565.000000 517.363342 274.656921 507.103088 501.522217
523.000000 1534.832764 393.755005 1562.013550 527.639099
517.000000 1028.689331 646.629395 1016.824402 803.260437
518.000000 1032.195068 523.300964 1019.500366 686.655212
542.000000 776.771729 443.337402 761.751099 630.064514
543.000000 771.990112 566.614563 757.577454 743.366882
1122.000000 1676.640747 1480.581299 1722.000000 1566.000000
431.000000 2037.028442 658.395874 2047.269043 757.531006
435.000000 2197.205078 635.977173 2185.163574 723.297180
568.000000 476.463562 797.808838 472.941620 966.763367
569.000000 356.119568 776.410217 363.230469 954.234009
584.000000 2323.376953 740.248779 2309.940918 823.086060
585.000000 2203.552979 761.253540 2203.755371 848.435059
557.000000 2046.820435 947.817871 2066.824951 1037.541138
558.000000 1926.299316 963.916077 1956.811646 1057.467285
566.000000 113.410706 1019.282166 133.340439 1176.562256
567.000000 233.808380 1032.259277 243.510849 1184.057373
491.000000 935.459412 980.086182 921.153381 1120.052002
492.000000 940.328308 860.013306 926.571228 999.845459
980.000000 2356.680420 1492.217041 2359.000000 1572.000000
471.000000 1103.161865 674.024048 1092.953247 822.319824
472.000000 987.033569 645.189026 970.184509 802.207153
231.000000 1551.522461 803.498352 1573.819580 916.589844
545.000000 1295.534058 1333.352539 1293.483276 1430.001343
273.000000 1294.518921 1450.010376 1302.896118 1543.344482
1319.000000 1291.260498 1063.314575 1278.000000 1173.000000
393.000000 860.081421 1524.536865 839.892395 1626.535767
515.000000 1850.133423 605.922302 1876.608276 712.863892
516.000000 1736.703369 602.211792 1759.969116 714.653259
576.000000 1301.827515 949.988586 1303.902100 1066.669922
577.000000 1300.969360 1063.365845 1303.277344 1176.685303
1042.000000 701.000000 148.000000 702.000000 371.000000
942.000000 784.000000 627.000000 768.000000 798.000000
599.000000 2011.000000 742.000000 2031.000000 837.000000
825.000000 438.000000 71.000000 426.000000 331.000000
818.000000 398.000000 1362.000000 401.000000 1472.000000
649.000000 1769.000000 1160.000000 1802.000000 1254.000000
729.000000 372.000000 607.000000 371.000000 804.000000
651.000000 1590.000000 1076.000000 1622.000000 1178.000000
787.000000 1318.000000 693.000000 1320.000000 827.000000
998.000000 1763.000000 849.000000 1791.000000 952.000000
622.000000 374.000000 535.000000 373.000000 741.000000
1215.000000 1806.000000 1011.000000 1836.000000 1107.000000
763.000000 791.000000 549.000000 776.000000 727.000000
1350.000000 1758.000000 539.000000 1781.000000 653.000000
753.000000 313.000000 246.000000 314.000000 502.000000
929.000000 1050.000000 1119.000000 1009.000000 1237.000000
685.000000 2238.000000 722.000000 2235.000000 808.000000
624.000000 1753.000000 991.000000 1783.000000 1090.000000
688.000000 1776.000000 846.000000 1804.000000 948.000000
600.000000 1012.000000 546.000000 999.000000 709.000000
1179.000000 2245.000000 436.000000 2246.000000 525.000000
724.000000 1024.000000 1440.000000 1020.000000 1536.000000
902.000000 1282.000000 558.000000 1281.000000 703.000000
627.000000 1589.000000 962.000000 1619.000000 1068.000000
1231.000000 1768.000000 1142.000000 1801.000000 1236.000000
1158.000000 510.000000 664.000000 502.000000 847.000000
985.000000 1758.000000 555.000000 1781.000000 667.000000
886.000000 479.000000 1018.000000 473.000000 1163.000000
1117.000000 371.000000 45.000000 363.000000 314.000000
1099.000000 1776.000000 830.000000 1804.000000 933.000000
992.000000 2917.000000 1525.000000 2851.000000 1599.000000
706.000000 1009.000000 269.000000 1032.000000 450.000000
892.000000 1308.000000 1290.000000 1317.000000 1390.000000
742.000000 1782.000000 1174.000000 1815.000000 1268.000000
635.000000 1766.000000 1023.000000 1797.000000 1121.000000
613.000000 1763.000000 865.000000 1792.000000 967.000000
1293.000000 346.000000 984.000000 349.000000 1138.000000
1107.000000 340.000000 1001.000000 343.000000 1152.000000
1109.000000 1970.000000 1044.000000 2001.000000 1135.000000
776.000000 1776.000000 862.000000 1804.000000 964.000000
661.000000 1590.000000 1050.000000 1621.000000 1153.000000
750.000000 440.000000 909.000000 440.000000 1067.000000
620.000000 537.000000 255.000000 525.000000 483.000000
933.000000 2578.000000 1121.000000 2555.000000 1194.000000
1144.000000 1053.000000 652.000000 1042.000000 805.000000
1174.000000 1761.000000 707.000000 1787.000000 814.000000
614.000000 1758.000000 570.000000 1782.000000 682.000000
712.000000 511.000000 688.000000 503.000000 868.000000
629.000000 1971.000000 1071.000000 2003.000000 1161.000000
695.000000 1057.000000 487.000000 1045.000000 652.000000
1307.000000 707.000000 926.000000 697.000000 1071.000000
623.000000 384.000000 1556.000000 385.000000 1645.000000
819.000000 313.000000 1112.000000 317.000000 1251.000000
648.000000 1054.000000 622.000000 1043.000000 776.000000
809.000000 1515.000000 470.000000 1546.000000 601.000000
673.000000 1771.000000 567.000000 1794.000000 679.000000
654.000000 322.000000 976.000000 326.000000 1131.000000
749.000000 1805.000000 976.000000 1835.000000 1074.000000
759.000000 1046.000000 1000.000000 1038.000000 1125.000000
866.000000 1791.000000 857.000000 1818.000000 958.000000
1023.000000 1304.000000 1139.000000 1307.000000 1248.000000
731.000000 1751.000000 868.000000 1779.000000 971.000000
700.000000 740.000000 500.000000 726.000000 686.000000
883.000000 1027.000000 1012.000000 990.000000 1135.000000
1056.000000 480.000000 301.000000 475.000000 528.000000
1465.000000 1627.000000 344.000000 1657.000000 473.000000
680.000000 1819.000000 990.000000 1849.000000 1087.000000
664.000000 1755.000000 1145.000000 1788.000000 1240.000000
780.000000 2606.000000 344.000000 2579.000000 414.000000
822.000000 2180.000000 1393.000000 2196.000000 1475.000000
718.000000 1848.000000 651.000000 1872.000000 756.000000
616.000000 2934.000000 1482.000000 2866.000000 1555.000000
1380.000000 718.000000 173.000000 720.000000 393.000000
1321.000000 1805.000000 959.000000 1834.000000 1057.000000
704.000000 2897.000000 1569.000000 2829.000000 1653.000000
660.000000 1313.000000 908.000000 1318.000000 1029.000000
683.000000 1243.000000 359.000000 1253.000000 518.000000
739.000000 1590.000000 1023.000000 1621.000000 1127.000000
803.000000 1803.000000 854.000000 1831.000000 955.000000
1561.000000 388.000000 619.000000 386.000000 814.000000
1150.000000 1807.000000 299.000000 1821.000000 419.000000
692.000000 1797.000000 545.000000 1820.000000 656.000000
701.000000 532.000000 554.000000 522.000000 748.000000
1499.000000 1000.000000 424.000000 985.000000 600.000000
1279.000000 2625.000000 1128.000000 2600.000000 1200.000000
1066.000000 1282.000000 625.000000 1281.000000 765.000000
1381.000000 1077.000000 1092.000000 1069.000000 1210.000000
1116.000000 351.000000 652.000000 352.000000 845.000000
1090.000000 1281.000000 683.000000 1281.000000 819.000000
829.000000 2258.000000 741.000000 2251.000000 827.000000
1558.000000 1593.000000 1306.000000 1627.000000 1400.000000
784.000000 1761.000000 723.000000 1787.000000 830.000000
1022.000000 1782.000000 1303.000000 1820.000000 1399.000000
1202.000000 1788.000000 684.000000 1813.000000 791.000000
1490.000000 361.000000 668.000000 362.000000 858.000000
667.000000 1796.000000 1133.000000 1828.000000 1227.000000
1383.000000 2398.000000 798.000000 2380.000000 877.000000
677.000000 1308.000000 1361.000000 1317.000000 1458.000000
708.000000 999.000000 468.000000 983.000000 638.000000
922.000000 2011.000000 764.000000 2032.000000 858.000000
1192.000000 730.000000 71.000000 728.000000 300.000000
1249.000000 1334.000000 640.000000 1336.000000 776.000000
939.000000 695.000000 1095.000000 644.000000 1227.000000
607.000000 1003.000000 927.000000 993.000000 1060.000000
642.000000 2164.000000 1386.000000 2183.000000 1469.000000
699.000000 1277.000000 901.000000 1279.000000 1024.000000
710.000000 1308.000000 1392.000000 1317.000000 1488.000000
630.000000 1763.000000 833.000000 1791.000000 936.000000
605.000000 796.000000 404.000000 781.000000 596.000000
1513.000000 447.000000 214.000000 440.000000 454.000000
674.000000 1769.000000 1178.000000 1802.000000 1271.000000
501.000000 2888.000000 846.000000 2841.433105 913.175415
1518.000000 362.000000 616.000000 362.000000 812.000000
1011.000000 1601.000000 662.000000 1628.000000 779.000000
735.000000 1801.000000 712.000000 1826.000000 818.000000
1372.000000 453.000000 1677.000000 394.000000 1750.000000
986.000000 2373.000000 1490.000000 2374.000000 1571.000000
901.000000 1156.000000 545.000000 1146.000000 699.000000
846.000000 527.000000 1520.000000 510.000000 1612.000000
1028.000000 587.000000 367.000000 574.000000 578.000000
1127.000000 1502.000000 503.000000 1499.000000 636.000000
687.000000 1589.000000 743.000000 1616.000000 858.000000
1255.000000 1257.000000 290.000000 1264.000000 452.000000
1091.000000 585.000000 774.000000 571.000000 953.000000
960.000000 1035.000000 1388.000000 1030.000000 1487.000000
1110.000000 1801.000000 697.000000 1825.000000 803.000000
670.000000 1746.000000 573.000000 1770.000000 685.000000
778.000000 1034.000000 1455.000000 1029.000000 1550.000000
679.000000 2627.000000 339.000000 2598.000000 408.000000
1316.000000 2559.000000 533.000000 2530.000000 611.000000
618.000000 1589.000000 658.000000 1614.000000 777.000000
1491.000000 2522.000000 1216.000000 2505.000000 1292.000000
741.000000 1753.000000 1026.000000 1784.000000 1124.000000
1369.000000 1038.000000 1242.000000 1032.000000 1352.000000
604.000000 2513.000000 523.000000 2478.000000 599.000000
983.000000 868.000000 701.000000 848.000000 861.000000
823.000000 1047.000000 967.000000 1038.000000 1095.000000
610.000000 2240.000000 1300.000000 2248.000000 1381.000000
639.000000 1809.000000 1147.000000 1842.000000 1241.000000
1156.000000 733.000000 1509.000000 682.000000 1600.000000
1531.000000 2453.000000 1290.000000 2442.000000 1352.000000
644.000000 2950.000000 618.000000 2892.000000 675.000000
1432.000000 140.000000 231.000000 157.000000 493.000000
1067.000000 1092.000000 813.000000 1081.000000 951.000000
1458.000000 272.000000 146.000000 278.000000 409.000000
789.000000 1055.000000 559.000000 1044.000000 719.000000
973.000000 1759.000000 298.000000 1774.000000 422.000000
601.000000 1809.000000 1130.000000 1841.000000 1224.000000
845.000000 447.000000 741.000000 447.000000 918.000000
625.000000 1806.000000 994.000000 1836.000000 1091.000000
872.000000 2023.000000 1092.000000 2049.000000 1180.000000
888.000000 2009.000000 691.000000 2028.000000 787.000000
1497.000000 1111.000000 888.000000 1102.000000 1019.000000
1123.000000 1477.000000 642.000000 1488.000000 769.000000
931.000000 2311.000000 1006.000000 2309.000000 1087.000000
858.000000 1010.000000 609.000000 998.000000 768.000000
934.000000 1011.000000 577.000000 999.000000 738.000000
1391.000000 1748.000000 694.000000 1773.000000 803.000000
1246.000000 406.000000 443.000000 406.000000 658.000000
881.000000 1590.000000 1101.000000 1622.000000 1202.000000
954.000000 1753.000000 1009.000000 1783.000000 1107.000000
733.000000 345.000000 506.000000 346.000000 717.000000
1256.000000 2146.000000 1364.000000 2168.000000 1447.000000
876.000000 2508.000000 1114.000000 2490.000000 1190.000000
865.000000 1809.000000 1165.000000 1842.000000 1258.000000
713.000000 1986.000000 1095.000000 2016.000000 1185.000000
1407.000000 1602.000000 772.000000 1631.000000 885.000000
849.000000 1748.000000 678.000000 1773.000000 787.000000
923.000000 1750.000000 836.000000 1778.000000 940.000000
684.000000 708.000000 900.000000 698.000000 1048.000000
1172.000000 391.000000 991.000000 391.000000 1142.000000
506.000000 1720.000000 296.000000 1736.420288 425.794678
882.000000 2525.000000 675.000000 2493.000000 750.000000
1445.000000 1748.000000 1286.000000 1781.000000 1377.000000
606.000000 1307.000000 1423.000000 1317.000000 1516.000000
656.000000 1748.000000 710.000000 1774.000000 818.000000
813.000000 1810.000000 542.000000 1832.000000 653.000000
773.000000 2767.000000 1101.000000 2732.000000 1170.000000
1195.000000 724.000000 617.000000 707.000000 793.000000
816.000000 2039.000000 1409.000000 2072.000000 1494.000000
1289.000000 2231.000000 439.000000 2235.000000 529.000000
690.000000 1038.000000 1276.000000 1032.000000 1382.000000
752.000000 937.000000 277.000000 913.000000 474.000000
1527.000000 1282.000000 654.000000 1281.000000 792.000000
908.000000 1779.000000 1002.000000 1809.000000 1100.000000
994.000000 1741.000000 1328.000000 1795.000000 1424.000000
1482.000000 2581.000000 1049.000000 2555.000000 1122.000000
1208.000000 1319.000000 636.000000 1320.000000 773.000000
619.000000 1589.000000 769.000000 1616.000000 883.000000
932.000000 2594.000000 1037.000000 2571.000000 1110.000000
834.000000 343.000000 1379.000000 350.000000 1488.000000
848.000000 1000.000000 851.000000 991.000000 990.000000
850.000000 2646.000000 335.000000 2614.000000 403.000000
1547.000000 446.000000 716.000000 446.000000 895.000000
1025.000000 601.000000 776.000000 590.000000 942.000000
608.000000 1270.000000 1361.000000 1276.000000 1458.000000
1106.000000 737.000000 569.000000 723.000000 748.000000
1505.000000 1045.000000 1031.000000 1038.000000 1155.000000
925.000000 2238.000000 699.000000 2233.000000 786.000000
800.000000 1018.000000 1275.000000 985.000000 1381.000000
905.000000 1774.000000 720.000000 1800.000000 826.000000
1287.000000 1269.000000 1424.000000 1277.000000 1517.000000
1147.000000 1440.000000 1204.000000 1455.000000 1306.000000
722.000000 1014.000000 473.000000 1000.000000 642.000000
594.000000 2021.000000 1038.000000 2047.000000 1128.000000
1299.000000 724.000000 830.000000 713.000000 984.000000
812.000000 1746.000000 542.000000 1769.000000 656.000000
1232.000000 2024.000000 1432.000000 2058.000000 1520.000000
1052.000000 414.000000 1338.000000 416.000000 1451.000000
828.000000 1816.000000 834.000000 1843.000000 935.000000
924.000000 1270.000000 1392.000000 1276.000000 1488.000000
842.000000 1765.000000 988.000000 1796.000000 1086.000000
596.000000 1036.000000 1354.000000 1031.000000 1456.000000
544.000000 1270.000000 1453.000000 1293.532837 1543.334717
723.000000 1794.000000 1014.000000 1824.000000 1111.000000
777.000000 1808.000000 1112.000000 1840.000000 1206.000000
1032.000000 2163.000000 1364.000000 2182.000000 1447.000000
747.000000 2254.000000 1041.000000 2258.000000 1124.000000
1339.000000 2317.000000 710.000000 2304.000000 792.000000
974.000000 1622.000000 843.000000 1651.000000 953.000000
1519.000000 729.000000 597.000000 712.000000 775.000000
1360.000000 412.000000 593.000000 409.000000 789.000000
691.000000 2608.000000 679.000000 2571.000000 751.000000
1161.000000 1016.000000 1354.000000 968.000000 1455.000000
1189.000000 797.000000 373.000000 782.000000 567.000000
1272.000000 764.000000 950.000000 752.000000 1092.000000
709.000000 882.000000 739.000000 861.000000 906.000000
602.000000 1048.000000 934.000000 1039.000000 1065.000000
1007.000000 2245.000000 907.000000 2243.000000 992.000000
981.000000 1311.000000 756.000000 1310.000000 887.000000
754.000000 380.000000 510.000000 378.000000 718.000000
728.000000 1810.000000 527.000000 1831.000000 638.000000
988.000000 1547.000000 1217.000000 1573.000000 1315.000000
1450.000000 1783.000000 298.000000 1797.000000 420.000000
1000.000000 600.000000 620.000000 587.000000 803.000000
996.000000 719.000000 529.000000 704.000000 713.000000
1171.000000 1760.000000 1268.000000 1793.000000 1360.000000
928.000000 1319.000000 665.000000 1320.000000 800.000000
1536.000000 745.000000 355.000000 730.000000 556.000000
636.000000 1961.000000 773.000000 1988.000000 869.000000
702.000000 503.000000 567.000000 495.000000 761.000000
768.000000 310.000000 974.000000 315.000000 1130.000000
1447.000000 1800.000000 666.000000 1825.000000 772.000000
1275.000000 1816.000000 818.000000 1843.000000 920.000000
698.000000 1779.000000 281.000000 1796.000000 403.000000
1039.000000 1795.000000 1116.000000 1828.000000 1211.000000
899.000000 1308.000000 1260.000000 1316.000000 1362.000000
1264.000000 1753.000000 974.000000 1783.000000 1074.000000
1065.000000 2492.000000 1254.000000 2479.000000 1331.000000
1489.000000 460.000000 542.000000 454.000000 741.000000
1187.000000 2043.000000 1372.000000 2069.000000 1458.000000
953.000000 1822.000000 1144.000000 1855.000000 1237.000000
1562.000000 2674.000000 1154.000000 2646.000000 1225.000000
1300.000000 2143.000000 1396.000000 2165.000000 1480.000000
857.000000 2929.000000 1565.000000 2855.000000 1639.000000
1374.000000 421.000000 1203.000000 423.000000 1329.000000
796.000000 1749.000000 726.000000 1775.000000 833.000000
726.000000 374.000000 899.000000 378.000000 1061.000000
948.000000 2038.000000 1090.000000 2062.000000 1178.000000
802.000000 434.000000 1678.000000 376.000000 1751.000000
843.000000 1603.000000 1025.000000 1635.000000 1128.000000
898.000000 1758.000000 524.000000 1781.000000 637.000000
1575.000000 390.000000 273.000000 390.000000 510.000000
775.000000 738.000000 199.000000 715.000000 421.000000
1126.000000 725.000000 381.000000 709.000000 580.000000
977.000000 707.000000 772.000000 692.000000 933.000000
869.000000 1319.000000 570.000000 1319.000000 711.000000
1016.000000 1731.000000 606.000000 1753.000000 719.000000
1080.000000 1243.000000 376.000000 1252.000000 537.000000
779.000000 404.000000 1039.000000 403.000000 1184.000000
612.000000 416.000000 281.000000 415.000000 515.000000
1024.000000 1793.000000 963.000000 1822.000000 1061.000000
1143.000000 1978.000000 749.000000 2000.000000 845.000000
815.000000 2942.000000 1565.000000 2868.000000 1640.000000
663.000000 1803.000000 837.000000 1830.000000 939.000000
1200.000000 2306.000000 1341.000000 2310.000000 1422.000000
1047.000000 1352.000000 1122.000000 1358.000000 1230.000000
1220.000000 1771.000000 536.000000 1793.000000 649.000000
1199.000000 1094.000000 713.000000 1083.000000 858.000000
958.000000 845.000000 609.000000 827.000000 778.000000
694.000000 1797.000000 530.000000 1819.000000 641.000000
696.000000 1788.000000 700.000000 1813.000000 806.000000
914.000000 1766.000000 1006.000000 1797.000000 1103.000000
1504.000000 2506.000000 1395.000000 2496.000000 1473.000000
1173.000000 737.000000 796.000000 725.000000 953.000000
745.000000 1781.000000 1121.000000 1813.000000 1216.000000
1398.000000 491.000000 646.000000 483.000000 833.000000
736.000000 381.000000 728.000000 385.000000 910.000000
771.000000 2529.000000 1114.000000 2509.000000 1189.000000
1503.000000 2909.000000 1021.000000 2865.000000 1084.000000
1385.000000 2667.000000 1042.000000 2636.000000 1113.000000
686.000000 996.000000 573.000000 981.000000 735.000000
714.000000 1054.000000 590.000000 1043.000000 747.000000
650.000000 782.000000 888.000000 770.000000 1035.000000
824.000000 1232.000000 332.000000 1240.000000 493.000000
1387.000000 2392.000000 924.000000 2378.000000 1004.000000
621.000000 1818.000000 973.000000 1848.000000 1070.000000
1247.000000 3032.000000 925.000000 2983.000000 983.000000
1138.000000 2214.000000 443.000000 2221.000000 533.000000
634.000000 1803.000000 821.000000 1830.000000 923.000000
721.000000 2677.000000 997.000000 2648.000000 1067.000000
1361.000000 2326.000000 1353.000000 2333.000000 1434.000000
971.000000 2163.000000 1340.000000 2181.000000 1424.000000
1006.000000 1750.000000 852.000000 1778.000000 955.000000
1276.000000 3035.000000 960.000000 2988.000000 1017.000000
609.000000 1046.000000 860.000000 1037.000000 996.000000
799.000000 1313.000000 936.000000 1317.000000 1056.000000
760.000000 2909.000000 1478.000000 2841.000000 1551.000000
1451.000000 1797.000000 514.000000 1819.000000 626.000000
1324.000000 2479.000000 1133.000000 2464.000000 1209.000000
841.000000 789.000000 821.000000 777.000000 973.000000
896.000000 727.000000 813.000000 716.000000 968.000000
874.000000 462.000000 621.000000 455.000000 811.000000
1254.000000 1316.000000 741.000000 1315.000000 872.000000
559.000000 1654.000000 303.000000 1685.030762 430.882507
1253.000000 2307.000000 1461.000000 2315.000000 1542.000000
880.000000 1318.000000 721.000000 1320.000000 852.000000
1286.000000 667.000000 566.000000 650.000000 751.000000
1197.000000 649.000000 704.000000 637.000000 875.000000
1268.000000 58.000000 416.000000 84.000000 658.000000
861.000000 907.000000 836.000000 892.000000 981.000000
935.000000 1839.000000 1257.000000 1871.000000 1348.000000
1265.000000 833.000000 825.000000 818.000000 975.000000
918.000000 2255.000000 1070.000000 2260.000000 1152.000000
164.000000 992.000000 1124.000000 940.011475 1246.471802
863.000000 347.000000 611.000000 348.000000 808.000000
1347.000000 1102.000000 697.000000 1090.000000 843.000000
894.000000 13.000000 962.000000 44.000000 1130.000000
854.000000 1152.000000 282.000000 1211.000000 445.000000
603.000000 306.000000 1093.000000 311.000000 1235.000000
1242.000000 1379.000000 1200.000000 1390.000000 1303.000000
1069.000000 293.000000 15.000000 292.000000 294.000000
1305.000000 661.000000 353.000000 645.000000 561.000000
1194.000000 1594.000000 1397.000000 1630.000000 1489.000000
1327.000000 2518.000000 534.000000 2483.000000 610.000000
1111.000000 2586.000000 682.000000 2554.000000 754.000000
1076.000000 2611.000000 1061.000000 2584.000000 1134.000000
633.000000 709.000000 876.000000 698.000000 1027.000000
1475.000000 2085.000000 1395.000000 2111.000000 1479.000000
860.000000 2920.000000 597.000000 2866.000000 654.000000
1074.000000 558.000000 1103.000000 539.000000 1237.000000
1239.000000 1978.000000 770.000000 2001.000000 866.000000
1043.000000 873.000000 784.000000 855.000000 936.000000
1335.000000 1257.000000 811.000000 1254.000000 941.000000
811.000000 1528.000000 455.000000 1560.000000 586.000000
912.000000 340.000000 1422.000000 347.000000 1525.000000
1576.000000 2181.000000 937.000000 2186.000000 1023.000000
1014.000000 2318.000000 686.000000 2305.000000 768.000000
705.000000 358.000000 531.000000 358.000000 738.000000
795.000000 411.000000 1380.000000 414.000000 1488.000000
944.000000 80.000000 96.000000 104.000000 382.000000
1030.000000 2376.000000 676.000000 2356.000000 758.000000
1414.000000 1063.000000 863.000000 1055.000000 998.000000
1169.000000 968.000000 440.000000 951.000000 616.000000
1037.000000 2216.000000 726.000000 2215.000000 813.000000
1353.000000 1473.000000 481.000000 1477.000000 620.000000
1050.000000 1593.000000 1425.000000 1630.000000 1515.000000
919.000000 2018.000000 978.000000 2043.000000 1068.000000
792.000000 1791.000000 841.000000 1818.000000 942.000000
965.000000 1708.000000 256.000000 1729.000000 385.000000
1487.000000 1962.000000 794.000000 1989.000000 889.000000
1512.000000 59.000000 675.000000 85.000000 880.000000
943.000000 1229.000000 493.000000 1221.000000 645.000000
1423.000000 382.000000 398.000000 383.000000 619.000000
1478.000000 1798.000000 575.000000 1821.000000 685.000000
832.000000 1756.000000 1128.000000 1788.000000 1223.000000
682.000000 2286.000000 1341.000000 2297.000000 1423.000000
719.000000 741.000000 466.000000 727.000000 655.000000
725.000000 1746.000000 558.000000 1769.000000 671.000000
658.000000 65.000000 436.000000 91.000000 674.000000
1062.000000 1788.000000 715.000000 1814.000000 821.000000
1421.000000 1703.000000 228.000000 1728.000000 358.000000
1027.000000 2148.000000 1386.000000 2170.000000 1469.000000
727.000000 443.000000 869.000000 442.000000 1032.000000
1553.000000 605.000000 732.000000 593.000000 902.000000
1133.000000 621.000000 1062.000000 574.000000 1199.000000
1521.000000 659.000000 578.000000 642.000000 762.000000
783.000000 1368.000000 933.000000 1373.000000 1050.000000
1310.000000 475.000000 386.000000 470.000000 603.000000
1004.000000 2028.000000 782.000000 2045.000000 875.000000
791.000000 1771.000000 583.000000 1794.000000 693.000000
1375.000000 1976.000000 791.000000 2000.000000 887.000000
693.000000 790.000000 569.000000 776.000000 746.000000
697.000000 1538.000000 366.000000 1562.000000 501.000000
952.000000 997.000000 1052.000000 948.000000 1177.000000
884.000000 2656.000000 670.000000 2619.000000 739.000000
655.000000 1785.000000 563.000000 1808.000000 674.000000
1136.000000 1779.000000 1019.000000 1810.000000 1117.000000
1285.000000 1010.000000 641.000000 997.000000 796.000000
1278.000000 2997.000000 1581.000000 2925.000000 1655.000000
640.000000 618.000000 1048.000000 571.000000 1187.000000
669.000000 997.000000 542.000000 982.000000 706.000000
1046.000000 402.000000 1574.000000 402.000000 1661.000000
1470.000000 1067.000000 937.000000 1059.000000 1067.000000
801.000000 1968.000000 984.000000 1998.000000 1076.000000
1010.000000 349.000000 1097.000000 351.000000 1237.000000
1556.000000 603.000000 1020.000000 594.000000 1160.000000
1009.000000 1793.000000 979.000000 1823.000000 1077.000000
867.000000 2266.000000 1354.000000 2277.000000 1436.000000
1498.000000 788.000000 763.000000 771.000000 920.000000
1349.000000 1057.000000 699.000000 1044.000000 848.000000
1434.000000 418.000000 246.000000 417.000000 483.000000
1131.000000 1806.000000 1027.000000 1837.000000 1123.000000
978.000000 377.000000 859.000000 380.000000 1025.000000
668.000000 1781.000000 1139.000000 1814.000000 1233.000000
967.000000 29.000000 449.000000 59.000000 688.000000
951.000000 995.000000 605.000000 980.000000 764.000000
1453.000000 1136.000000 541.000000 1124.000000 698.000000
1396.000000 286.000000 134.000000 290.000000 398.000000
875.000000 1207.000000 484.000000 1197.000000 638.000000
1415.000000 1074.000000 492.000000 1063.000000 656.000000
1073.000000 881.000000 238.000000 864.000000 448.000000
957.000000 720.000000 495.000000 704.000000 682.000000
947.000000 2649.000000 984.000000 2621.000000 1055.000000
1248.000000 2029.000000 738.000000 2047.000000 833.000000
1509.000000 809.000000 642.000000 791.000000 810.000000
1186.000000 1609.000000 1222.000000 1642.000000 1318.000000
1402.000000 1942.000000 755.000000 1970.000000 852.000000
1075.000000 1515.000000 489.000000 1546.000000 618.000000
797.000000 380.000000 819.000000 382.000000 990.000000
1193.000000 350.000000 855.000000 354.000000 1023.000000
1157.000000 1607.000000 1425.000000 1644.000000 1515.000000
1240.000000 2315.000000 1065.000000 2314.000000 1145.000000
671.000000 2676.000000 616.000000 2635.000000 685.000000
764.000000 2146.000000 1341.000000 2167.000000 1424.000000
1238.000000 365.000000 1556.000000 368.000000 1646.000000
751.000000 1314.000000 879.000000 1317.000000 1001.000000
940.000000 2651.000000 621.000000 2613.000000 690.000000
831.000000 1822.000000 1127.000000 1854.000000 1220.000000
1088.000000 1738.000000 1064.000000 1768.000000 1162.000000
926.000000 1765.000000 970.000000 1795.000000 1070.000000
1082.000000 371.000000 177.000000 369.000000 428.000000
1201.000000 579.000000 810.000000 569.000000 973.000000
862.000000 1796.000000 1150.000000 1829.000000 1244.000000
1296.000000 1601.000000 964.000000 1633.000000 1070.000000
646.000000 730.000000 979.000000 678.000000 1121.000000
794.000000 799.000000 1023.000000 746.000000 1159.000000
1135.000000 1613.000000 1482.000000 1651.000000 1571.000000
921.000000 1785.000000 548.000000 1807.000000 659.000000
1154.000000 491.000000 992.000000 484.000000 1140.000000
1320.000000 723.000000 943.000000 713.000000 1087.000000
1308.000000 2544.000000 517.000000 2507.000000 592.000000
982.000000 1756.000000 1181.000000 1789.000000 1275.000000
1261.000000 739.000000 180.000000 740.000000 398.000000
1345.000000 1253.000000 1110.000000 1253.000000 1221.000000
1132.000000 2290.000000 1037.000000 2290.000000 1119.000000
1538.000000 2307.000000 1406.000000 2315.000000 1487.000000
707.000000 770.000000 821.000000 759.000000 974.000000
830.000000 737.000000 161.000000 740.000000 380.000000
1412.000000 1206.000000 1137.000000 1203.000000 1248.000000
836.000000 352.000000 1240.000000 358.000000 1364.000000
1029.000000 2298.000000 734.000000 2289.000000 819.000000
1188.000000 541.000000 991.000000 532.000000 1135.000000
1486.000000 1277.000000 871.000000 1278.000000 996.000000
1134.000000 319.000000 999.000000 324.000000 1151.000000
963.000000 315.000000 1379.000000 323.000000 1488.000000
628.000000 711.000000 807.000000 700.000000 964.000000
676.000000 2486.000000 1341.000000 2476.000000 1418.000000
1228.000000 1942.000000 776.000000 1971.000000 873.000000
1454.000000 739.000000 1020.000000 687.000000 1157.000000
1245.000000 1576.000000 1047.000000 1606.000000 1151.000000
637.000000 1810.000000 557.000000 1833.000000 667.000000
1560.000000 2579.000000 576.000000 2544.000000 649.000000
1459.000000 2154.000000 1396.000000 2175.000000 1479.000000
1216.000000 987.000000 957.000000 975.000000 1089.000000
1092.000000 1334.000000 697.000000 1336.000000 829.000000
805.000000 671.000000 786.000000 655.000000 948.000000
1054.000000 408.000000 1422.000000 411.000000 1525.000000
972.000000 325.000000 1239.000000 331.000000 1363.000000
840.000000 2950.000000 935.000000 2904.000000 995.000000
681.000000 1779.000000 985.000000 1809.000000 1083.000000
890.000000 1244.000000 338.000000 1253.000000 498.000000
181.000000 779.000000 962.000000 767.038879 1106.913940
666.000000 738.000000 534.000000 725.000000 717.000000
1168.000000 786.000000 582.000000 764.000000 758.000000
1214.000000 1971.000000 1097.000000 2004.000000 1186.000000
1252.000000 2027.000000 686.000000 2043.000000 782.000000
1528.000000 1497.000000 1259.000000 1518.000000 1357.000000
1541.000000 2528.000000 756.000000 2498.000000 831.000000
1113.000000 1232.000000 355.000000 1239.000000 514.000000
1140.000000 1035.000000 1423.000000 1029.000000 1520.000000
1441.000000 944.000000 1042.000000 891.000000 1170.000000
738.000000 2288.000000 1456.000000 2299.000000 1538.000000
1008.000000 1732.000000 279.000000 1752.000000 404.000000
837.000000 523.000000 1106.000000 513.000000 1240.000000
1416.000000 1654.000000 1300.000000 1693.000000 1393.000000
1311.000000 422.000000 532.000000 411.000000 743.000000
1114.000000 378.000000 474.000000 379.000000 687.000000
1292.000000 822.000000 797.000000 806.000000 949.000000
993.000000 1281.000000 245.000000 1284.000000 409.000000
999.000000 978.000000 752.000000 963.000000 900.000000
1313.000000 1905.000000 393.000000 1933.000000 509.000000
1303.000000 2308.000000 1433.000000 2316.000000 1515.000000
1559.000000 26.000000 548.000000 55.000000 773.000000
770.000000 2401.000000 462.000000 2363.000000 546.000000
1288.000000 1803.000000 868.000000 1831.000000 969.000000
748.000000 792.000000 516.000000 777.000000 696.000000
1163.000000 724.000000 919.000000 714.000000 1065.000000
743.000000 2573.000000 1203.000000 2553.000000 1278.000000
1271.000000 1001.000000 440.000000 985.000000 612.000000
1234.000000 2628.000000 361.000000 2600.000000 430.000000
1095.000000 1798.000000 561.000000 1820.000000 671.000000
1269.000000 1587.000000 1140.000000 1616.000000 1240.000000
946.000000 1607.000000 1306.000000 1643.000000 1400.000000
1145.000000 2161.000000 1316.000000 2182.000000 1386.000000
1444.000000 1979.000000 1153.000000 2010.000000 1242.000000
1376.000000 750.000000 791.000000 738.000000 948.000000
950.000000 346.000000 1337.000000 352.000000 1450.000000
221.000000 1716.000000 695.000000 1742.086914 806.761536
734.000000 2750.000000 937.000000 2712.000000 1005.000000
1218.000000 419.000000 1243.000000 421.000000 1365.000000
1481.000000 964.000000 1200.000000 970.000000 1317.000000
746.000000 952.000000 1511.000000 936.000000 1604.000000
762.000000 2230.000000 1015.000000 2255.000000 1096.000000
833.000000 1090.000000 1093.000000 1081.000000 1210.000000
979.000000 2604.000000 973.000000 2579.000000 1045.000000
766.000000 1527.000000 474.000000 1559.000000 604.000000
1093.000000 2241.000000 1226.000000 2248.000000 1308.000000
1544.000000 676.000000 576.000000 659.000000 759.000000
1373.000000 859.000000 345.000000 841.000000 538.000000
959.000000 2231.000000 1044.000000 2237.000000 1127.000000
1128.000000 2299.000000 1471.000000 2309.000000 1553.000000
767.000000 974.000000 1422.000000 983.000000 1520.000000
1141.000000 1771.000000 552.000000 1794.000000 664.000000
1005.000000 722.000000 460.000000 705.000000 650.000000
1102.000000 783.000000 1395.000000 752.000000 1497.000000
1148.000000 2237.000000 646.000000 2230.000000 732.000000
989.000000 1471.000000 590.000000 1481.000000 720.000000
641.000000 502.000000 651.000000 494.000000 836.000000
820.000000 468.000000 499.000000 466.000000 669.000000
1012.000000 2256.000000 1368.000000 2267.000000 1450.000000
765.000000 446.000000 831.000000 444.000000 997.000000
1222.000000 988.000000 924.000000 975.000000 1058.000000
887.000000 1589.000000 793.000000 1617.000000 906.000000
1405.000000 702.000000 655.000000 687.000000 828.000000
1555.000000 1136.000000 461.000000 1124.000000 623.000000
909.000000 764.000000 927.000000 753.000000 1070.000000
1071.000000 2702.000000 1027.000000 2669.000000 1097.000000
1206.000000 1514.000000 507.000000 1513.000000 639.000000
645.000000 1593.000000 1370.000000 1629.000000 1462.000000
1492.000000 1603.000000 1077.000000 1636.000000 1179.000000
990.000000 116.000000 157.000000 137.000000 431.000000
626.000000 1793.000000 997.000000 1823.000000 1094.000000
893.000000 380.000000 436.000000 381.000000 653.000000
1079.000000 855.000000 665.000000 837.000000 828.000000
632.000000 780.000000 913.000000 769.000000 1057.000000
513.000000 1048.000000 903.000000 1023.779175 1036.675293
1500.000000 1774.000000 688.000000 1799.000000 796.000000
1003.000000 1785.000000 533.000000 1807.000000 644.000000
844.000000 2297.000000 841.000000 2289.000000 924.000000
877.000000 2295.000000 635.000000 2285.000000 720.000000
1227.000000 1082.000000 1225.000000 1064.000000 1344.000000
1567.000000 802.000000 627.000000 785.000000 797.000000
1418.000000 690.000000 134.000000 687.000000 362.000000
1077.000000 1575.000000 653.000000 1599.000000 773.000000
1352.000000 2718.000000 900.000000 2681.000000 968.000000
1431.000000 1782.000000 1156.000000 1815.000000 1250.000000
1355.000000 371.000000 939.000000 375.000000 1096.000000
591.000000 373.000000 1338.000000 378.436279 1453.003662
1290.000000 2350.000000 1284.000000 2347.000000 1363.000000
1322.000000 2470.000000 1296.000000 2460.000000 1373.000000
1283.000000 1814.000000 679.000000 1825.000000 788.000000

2.000000 1156.898560 1601.839233 3.286881 1616.292236 1100.242432 1682.296509 3.270994 1699.315063
152.000000 1026.078735 384.944550 43.436443 26.384092 456.447479 424.170654 293.788849 381.593109
3.000000 236.994843 1684.194580 1227.002441 1641.034912 216.937805 1759.355591 1170.139893 1716.440552
6.000000 1320.506714 1606.064087 337.536713 1645.191162 1127.145508 1692.862793 340.576141 1722.143555
5.000000 1337.098511 1562.805786 404.032654 1605.340820 1233.554810 1652.088867 403.713745 1685.981079
4.000000 1220.569702 1632.849487 303.982788 1665.115967 1153.812134 1709.355103 310.547607 1741.177979
7.000000 340.663452 1659.674561 1187.017700 1625.313477 343.851227 1735.679199 1123.597778 1702.970093
12.000000 1464.900146 1353.336426 1466.477417 566.646240 1481.400269 1370.022583 1473.524536 696.664429
14.000000 1453.242798 566.664673 1453.726318 1353.333130 1461.340698 696.649597 1469.409180 1330.049927
9.000000 373.866669 1637.404907 1153.630859 1607.851318 373.681793 1715.534180 1096.815308 1687.117065
1.000000 1491.238281 490.099335 770.475220 214.131393 1493.961060 627.574036 3.690933 241.951355
15.000000 137.707916 249.813721 78.623390 976.825684 155.552948 513.239380 102.667732 1140.224976
17.000000 130.608246 973.381836 188.297684 249.864273 150.074387 1133.339478 201.253922 513.161743
19.000000 323.783203 75.474365 996.879150 329.436798 396.767609 366.275146 943.203674 507.169617
13.000000 407.130157 1616.215332 1123.469116 1590.441895 406.942383 1697.167114 1063.534912 1671.907959
74.000000 2633.351074 373.404083 1943.041382 545.495789 2223.329590 566.654602 1982.282593 643.365051
16.000000 1127.169434 1560.597900 433.550659 1580.796631 1053.640137 1646.561157 430.285919 1665.888184
18.000000 253.758255 993.119141 304.548187 303.422791 262.466370 1149.934692 308.180573 543.447449
8.000000 3069.536621 288.112915 2406.877930 450.859772 3069.617920 308.812225 2369.187256 534.140564
11.000000 2416.959717 507.953888 3070.575684 359.196320 2387.610840 589.812683 3070.467773 384.892303
28.000000 433.590576 1594.705566 1090.224854 1573.694214 543.487305 1676.865601 1036.755371 1655.368164
21.000000 952.756165 321.528107 349.826111 93.793747 926.503662 510.632751 399.599457 374.888092
20.000000 1060.109497 1545.048706 466.765961 1557.913452 1013.536682 1630.669800 463.497253 1645.914795
25.000000 584.880676 383.228943 551.167725 960.068237 572.046509 593.259705 542.482788 1109.951294
38.000000 220.329437 62.444733 757.335327 261.529755 316.927612 365.644836 739.916443 473.660645
24.000000 1140.422485 543.407654 1129.345337 1103.386353 1128.937866 700.029175 1122.256104 1220.028931
22.000000 1898.160278 1190.117798 1885.552246 636.616150 1938.316406 1280.212402 1915.443726 739.910645
32.000000 1883.640137 631.318420 2400.258057 511.108612 1913.684814 734.479187 2367.278564 595.327637
29.000000 1223.640503 1116.671753 1232.230225 593.315247 1221.133911 1229.980713 1225.423706 739.989136
31.000000 1033.691040 1107.400635 514.173096 1076.073364 983.451477 1229.847778 507.106262 1213.699219
37.000000 1636.100464 639.913574 1643.467407 1159.950928 1667.248535 809.822998 1678.077515 1253.298828
30.000000 1396.804932 616.685242 1394.059692 1130.003906 1400.896240 749.980530 1403.136353 1236.667603
50.000000 2373.820068 458.649506 1883.889282 578.931213 2336.969971 544.264099 2020.256714 647.454407
56.000000 0.119175 25.635960 467.963165 192.545013 166.230881 358.290314 456.772583 436.272064
36.000000 1857.640991 659.904297 1868.674561 1156.622070 1884.315552 803.017029 1902.661621 1246.694458
33.000000 1481.410889 643.332764 1481.468018 1139.999878 1493.384399 783.332764 1498.598389 1243.311401
39.000000 230.815643 779.811890 267.669952 286.492584 241.226410 963.172180 274.116577 533.138306
40.000000 260.152161 493.344299 224.865891 983.203613 267.560516 713.398499 236.689636 1136.668335
35.000000 1518.201294 1139.995605 1519.394165 649.990417 1540.521484 1243.372803 1534.259888 796.653687
34.000000 1434.762695 1133.329224 1435.820801 649.998169 1448.077026 1236.684448 1443.843628 779.995239
48.000000 571.170227 1064.572632 1046.869751 1100.656250 646.501221 1202.552856 996.543091 1225.239868
26.000000 2412.075439 523.402527 2437.565674 986.800537 2384.352539 606.586670 2424.673828 1120.156494
58.000000 511.246094 130.065796 937.010376 292.432129 504.033752 380.645142 786.433899 454.226593
27.000000 2309.631104 260.234833 1915.125854 487.323181 2389.090332 326.480347 1964.286377 589.488708
23.000000 2448.713135 940.290527 2421.402344 505.949707 2438.913330 1129.537964 2395.303955 602.894104
41.000000 630.089478 1572.211914 1053.538818 1555.078003 583.377014 1657.742432 1003.496460 1640.684448
42.000000 1057.585327 1091.328003 647.595581 1047.897583 1020.218872 1213.398315 603.857056 1185.513184
116.000000 160.343399 496.956116 128.863235 896.839600 163.765228 876.702026 147.921707 1070.102783
45.000000 3.111981 1601.895630 396.680695 1583.635864 3.217704 1687.455688 386.819183 1670.022705
47.000000 1159.009155 703.316467 1152.382446 1093.317139 1149.691528 846.663513 1146.001953 1209.993286
81.000000 88.693405 966.824219 117.211075 600.042358 111.765877 1133.478394 131.481522 893.455017
90.000000 1040.108032 1002.576721 678.903198 951.002930 984.165344 1133.101929 767.038879 1106.913940
51.000000 671.855042 1490.085571 688.604004 1126.755981 628.863892 1583.427979 642.934021 1256.793091
49.000000 1204.589233 566.628052 1197.898682 926.689575 1195.818115 716.624146 1192.393799 1053.357666
84.000000 729.954285 1133.197388 715.594055 1490.090942 677.244507 1356.568970 668.963928 1590.081421
46.000000 3069.875977 266.169220 2726.305664 351.886017 3024.435791 306.395569 2672.157715 419.677612
59.000000 310.881500 1153.556519 293.764343 1476.865967 315.966858 1290.143677 300.500763 1573.542603
60.000000 1146.330322 1016.660278 1152.167114 709.977783 1139.409302 1136.659180 1142.973755 853.328796
147.000000 353.436066 473.488647 367.153809 170.022018 352.258392 686.826355 364.286346 516.734070
67.000000 306.755157 1128.947388 9.944117 1103.998169 309.997314 1266.720093 43.168716 1253.264404
57.000000 3.290897 1518.335449 300.019653 1510.770508 3.337907 1613.498413 303.292297 1605.185547
62.000000 503.097046 966.646912 527.652222 673.136902 496.989960 1116.691895 518.348755 843.464844
63.000000 13.340132 1096.588379 306.489075 1122.045166 43.340744 1246.527832 316.607056 1261.116455
78.000000 376.303070 183.508789 359.170776 473.481293 373.663757 440.018829 359.596130 686.833618
64.000000 981.868591 1480.069336 992.629211 1189.850342 940.316956 1573.339600 945.683167 1300.242676
71.000000 3.333437 1259.997559 293.371887 1272.434570 36.635059 1388.089722 300.060547 1393.940674
68.000000 3.298573 1311.253662 290.022064 1319.203979 30.006956 1432.672974 296.679138 1435.482300
73.000000 300.353485 1112.215698 16.691431 1089.688232 303.555664 1251.689087 49.983799 1240.362793
77.000000 698.821777 573.396057 707.071350 290.011780 683.442322 750.002747 689.740967 499.993469
70.000000 3.279684 1362.996216 286.701202 1368.071045 26.671009 1477.861206 293.336578 1478.402588
69.000000 3.330668 1414.458008 286.670319 1415.129395 23.325558 1522.194824 290.002563 1520.373657
54.000000 577.486328 1139.774902 566.821655 1416.800903 560.532837 1269.759399 548.100037 1586.722900
76.000000 13.373919 1209.271484 290.110229 1224.687744 46.641460 1344.158691 296.713623 1351.795776
75.000000 16.762438 1158.571289 293.303650 1177.109253 49.993568 1300.170654 300.015411 1309.590942
52.000000 526.242004 1413.310547 541.051758 1136.723022 511.595917 1590.087036 529.228943 1266.806396
66.000000 3.325622 1466.000610 280.032379 1462.797241 19.955147 1567.638672 289.984344 1562.509521
80.000000 804.682373 1519.887085 820.047668 1250.002686 794.851929 1613.251953 805.769226 1369.959717
169.000000 483.706024 963.178833 496.681580 700.007812 484.664856 1040.019287 488.261902 879.849731
53.000000 943.239136 766.754639 950.394165 503.253510 929.670471 996.559082 932.189636 676.631409
43.000000 1060.984253 406.421204 1308.648193 495.849701 1045.147217 579.645386 1436.538696 673.864868
202.000000 51.528488 126.502785 27.895096 386.778198 73.966797 489.748962 60.610275 633.390076
85.000000 455.887970 1216.622925 441.264069 1476.737793 455.546082 1343.267944 442.101440 1573.456055
97.000000 713.673157 310.012878 703.955566 566.690247 696.338501 513.322998 689.742065 723.325256
72.000000 1160.264648 409.274017 1400.003540 496.657013 1143.102295 574.266296 1396.573364 637.043335
87.000000 1256.819946 820.001099 1254.981934 1073.345337 1254.449585 956.668823 1254.004395 1186.674438
86.000000 989.266968 396.735687 982.634888 646.648132 971.860962 576.707520 966.808838 806.742981
131.000000 515.185059 513.401794 523.645325 265.461853 507.533966 680.036743 515.299561 496.608795
83.000000 1081.047852 1466.694580 1087.431274 1226.598389 1074.785522 1563.289062 1080.352417 1326.596558
106.000000 45.998070 343.529480 63.433495 106.674042 73.982376 593.383911 89.587494 393.041565
82.000000 986.694031 1126.394531 753.039673 1102.923340 940.011475 1246.471802 699.862793 1232.330444
102.000000 315.129974 970.134766 332.396973 739.929749 319.332581 1126.868652 334.741669 923.440002
91.000000 1091.357544 1039.940674 1098.260742 809.947815 1081.948120 1163.300903 1087.023071 946.596924
109.000000 841.012939 586.554810 851.938599 359.932770 823.859314 753.196472 833.604065 553.346558
104.000000 828.053162 599.940613 834.969116 373.281525 811.557800 769.949890 817.298096 566.590393
144.000000 786.633850 273.424683 999.957703 350.117584 773.469238 482.774170 943.165161 524.025085
111.000000 1552.873169 893.333374 1552.871094 1120.000000 1576.569702 1019.957581 1577.862061 1219.970703
100.000000 1262.304443 493.357697 1259.907715 719.999023 1255.611694 646.660400 1256.182495 853.334656
99.000000 1068.746460 1463.309448 1073.013550 1239.930176 1063.930176 1556.670898 1065.385742 1349.990967
95.000000 1258.466797 1240.010864 1257.992432 1463.350342 1258.214722 1343.295654 1259.859253 1556.616333
103.000000 340.493774 723.843506 324.847137 943.441223 343.061768 907.162292 327.317017 1110.308716
93.000000 1721.613037 1160.035278 1717.095581 939.991211 1755.564087 1256.708252 1747.517822 1043.175659
124.000000 21.068874 900.082153 37.747013 683.160095 50.797165 1076.732178 66.144447 889.957092
89.000000 723.816040 1493.354248 733.231201 1276.662231 714.501526 1606.708740 722.419861 1386.633789
108.000000 1064.419800 1253.364624 1058.184570 1470.043701 1058.641968 1363.301880 1054.004395 1563.348877
231.000000 1012.284668 1466.712646 1016.642029 1249.999512 1015.184753 1426.721924 1011.404846 1553.375244
113.000000 1080.751343 1040.006958 1082.775513 823.296997 1072.720215 1163.276978 1068.575684 963.432007
112.000000 1352.623291 1076.658203 1355.162476 863.315430 1358.813354 1186.671387 1358.016235 986.674561
129.000000 64.989861 393.486145 84.396545 183.123901 90.161430 640.015503 107.797974 456.455109
130.000000 285.154022 1480.120605 299.072540 1269.938599 292.138062 1576.812256 304.641083 1393.195435
120.000000 825.962341 386.638916 817.820251 593.378784 809.638000 579.987610 803.120422 769.992676
184.000000 1087.863403 666.634216 1090.999390 459.964600 1076.386841 779.997253 1077.887085 626.645996
114.000000 2857.831787 657.131958 3062.715088 623.024109 2804.426514 717.374756 2998.638184 674.029053
119.000000 3043.587891 444.537842 2846.561035 486.166656 2973.681396 494.581238 2787.545410 546.484619
121.000000 1098.708984 646.623352 1105.415527 446.624725 1085.720581 799.967590 1092.223267 609.962036
98.000000 2369.058350 1279.924683 2375.357422 1479.936279 2364.215820 1343.283569 2375.879883 1550.232178
128.000000 1341.643433 1076.665649 1341.768555 876.663574 1347.633911 1186.693604 1345.508911 999.975220
125.000000 1103.113403 1555.570190 1300.287109 1545.783203 1050.080444 1645.276245 1236.841064 1637.547974
105.000000 2874.322998 839.915161 2891.185303 1036.565063 2825.524414 899.748047 2848.568848 1100.164551
110.000000 1716.678955 903.373718 1714.284668 706.614502 1746.228882 1006.744751 1742.086914 806.761536
142.000000 1074.832275 846.620300 1069.859375 1043.329834 1065.743652 989.981689 1062.241821 1166.645020
126.000000 981.259827 790.049622 973.523438 986.542908 967.017334 936.679443 960.227234 1123.341553
118.000000 3070.281494 808.735168 2876.899658 835.046631 3020.217041 861.177856 2829.925049 896.260071
143.000000 1639.226807 342.930786 1832.436401 321.798981 1671.568726 469.622925 1845.539673 440.039307
141.000000 1082.993164 469.990723 1077.716064 663.270996 1070.508057 636.676025 1067.254517 813.344177
135.000000 1347.675537 733.335876 1348.158813 539.995422 1348.516357 863.339233 1347.797363 683.328796
134.000000 476.629761 1483.553467 283.323608 1485.845703 469.984192 1579.286133 289.998657 1583.272705
107.000000 4.114402 790.043274 14.666805 599.704346 32.963501 1016.640137 47.322510 816.474609
161.000000 216.730728 976.670532 228.261887 786.561218 228.258621 1133.438110 239.021667 969.935608
117.000000 2227.572998 1296.625488 2236.217773 1486.838501 2235.617188 1376.748657 2250.735352 1570.203003
162.000000 597.745850 770.057190 587.680664 960.053711 586.208374 939.975464 577.458008 1103.375732
146.000000 1671.136963 966.652588 1673.490723 1156.706055 1708.187744 1080.046143 1712.596680 1253.352051
137.000000 768.387451 302.705261 946.714050 363.192322 753.220215 508.334991 929.664124 548.173584
272.000000 121.857071 543.210266 137.130676 360.038696 142.139420 766.572205 151.090027 653.419556
61.000000 183.301407 1662.790039 3.335225 1673.365479 283.422668 1735.079346 3.303330 1749.413696
149.000000 1646.524048 362.133545 1823.074219 341.153198 1678.440796 487.590942 1845.891602 458.822113
138.000000 3065.801514 623.418945 3048.324707 446.832458 3001.777588 673.532410 2979.162598 496.773804
153.000000 603.224487 236.942200 768.387451 302.705261 590.125732 462.877533 753.220215 508.334991
145.000000 595.991577 956.808411 605.411499 780.110779 585.247803 1103.438110 594.740967 930.077087
148.000000 296.641449 1498.405518 473.369354 1495.611328 303.285431 1594.235474 473.416412 1590.884399
160.000000 326.056427 961.253906 501.168610 984.548767 330.673645 1118.820801 493.948120 1132.839722
170.000000 530.140869 526.150391 360.069397 479.745667 517.363708 722.926331 359.951935 693.591187
159.000000 500.576294 972.546692 326.910797 948.254761 493.499298 1121.498291 329.996094 1106.709961
150.000000 3067.074951 823.066162 2893.272461 846.209229 3010.108398 877.267883 2843.449707 907.312805
101.000000 2896.666016 1039.992920 3070.331543 1023.487488 2849.718506 1104.563232 3052.981445 1077.369507
181.000000 473.264526 1443.329346 483.316589 1269.999023 469.715088 1543.316528 478.789734 1389.928345
191.000000 854.229736 429.891998 846.544373 603.327942 835.254883 619.951904 830.144409 770.004944
163.000000 1340.290161 553.335938 1338.736450 726.685242 1339.955078 696.667053 1341.411499 859.987427
165.000000 3030.107666 460.515106 2860.540039 495.919891 2960.418213 511.512848 2803.745605 554.824463
284.000000 936.527283 787.156982 770.046997 739.834534 916.780823 932.478943 806.960205 917.803467
179.000000 358.770355 490.944611 525.107727 538.756775 362.432892 704.367615 515.447571 735.913330
175.000000 2536.245850 714.036255 2706.163086 686.852966 2505.563232 788.242249 2659.608154 754.858398
166.000000 945.160522 1370.136230 957.892639 1199.345947 923.750305 1473.350220 930.244995 1313.208130
172.000000 2690.644287 519.771667 2523.562500 554.437988 2640.463379 588.351074 2486.834473 630.610352
154.000000 2843.801514 489.963959 2857.831787 657.131958 2785.495117 549.768311 2804.426514 717.374756
177.000000 483.207092 1181.713135 316.463287 1169.426880 479.885834 1309.189697 323.238220 1302.102295
168.000000 1616.205688 803.343323 1612.593506 636.610474 1643.937256 913.311218 1638.076660 753.281677
157.000000 1611.656372 1293.328979 1612.093994 1460.003296 1647.308472 1383.317017 1651.540283 1549.960938
195.000000 531.344727 499.876495 541.488708 336.552094 521.082642 700.071533 530.772217 553.384338
158.000000 2706.036621 683.378174 2694.412598 520.160522 2662.544922 753.410461 2646.564453 590.010010
155.000000 2197.882812 933.197021 2202.775391 1096.483643 2199.686768 1016.438904 2212.259277 1183.162964
133.000000 1624.222290 1090.003540 1623.989136 926.660950 1658.142578 1210.037231 1654.530396 1030.042847
173.000000 3040.351074 611.986877 2880.056641 640.320129 2977.207764 662.193054 2823.369629 700.146790
222.000000 424.617371 790.084167 414.118866 950.269958 424.306366 963.395081 415.837433 1096.825562
209.000000 482.228485 803.261353 471.803619 963.233643 478.670288 973.247498 469.613007 1113.523560
164.000000 2186.521240 1573.512695 2178.274902 1413.594238 2206.094971 1659.824707 2195.758789 1496.935791
171.000000 2061.674805 1113.145874 2043.868408 954.019470 2076.952148 1200.558350 2063.448486 1040.875610
183.000000 1606.608521 950.000854 1608.934814 1110.015503 1638.165527 1056.626831 1642.241211 1210.029053
212.000000 2360.158203 267.220917 2513.376465 223.484268 2423.562744 337.287811 2553.130615 289.451233
203.000000 386.415314 207.388382 536.753845 259.749634 383.245361 453.702179 523.231384 487.093994
200.000000 356.293121 658.343689 510.159973 692.615112 356.579102 850.580627 500.165253 872.237732
174.000000 3070.115723 1004.515625 2913.318848 1019.852234 3026.826416 1061.144775 2869.959473 1083.043457
190.000000 320.057312 1175.953247 476.783417 1188.547119 323.423431 1308.148438 473.392731 1315.446289
201.000000 2580.191162 1065.308228 2736.681641 1050.155518 2556.461914 1138.440674 2699.946045 1119.588745
94.000000 1108.316162 509.949005 1103.570312 666.673828 1098.855225 599.960022 1091.404785 813.265991
182.000000 1921.413086 966.627258 1925.782104 1123.358032 1954.506958 1059.946167 1961.544312 1213.262451
187.000000 2916.742432 1027.450684 3070.252197 1012.607361 2873.378174 1090.333252 3023.347900 1070.108643
215.000000 511.298431 359.880981 502.326202 513.274414 504.177490 576.714294 496.460083 713.509705
192.000000 1606.415039 646.667664 1607.023193 799.998596 1632.363525 763.358215 1636.208740 913.345093
176.000000 1246.821045 1208.133911 1096.744751 1195.723145 1246.775635 1314.561035 1090.011475 1306.444092
214.000000 431.576843 490.103851 441.457886 340.096039 429.744171 699.983276 438.704865 563.030518
221.000000 454.470581 343.403046 445.272583 493.452209 451.063751 566.734314 442.580658 700.164062
178.000000 1093.302490 1381.721436 1243.373779 1384.412354 1086.665405 1480.752930 1243.337402 1481.026489
204.000000 908.508667 826.724243 903.923523 973.351807 893.496948 973.338562 888.923523 1116.632324
211.000000 2676.912354 534.521912 2533.502930 564.154053 2633.872803 601.934265 2499.810547 639.320740
218.000000 2330.339111 598.395874 2186.648438 626.573364 2315.364746 687.359558 2185.163574 723.297180
193.000000 1296.819580 469.575775 1159.919800 420.222504 1286.720093 619.784180 1143.116699 584.207825
189.000000 1246.624634 1197.097900 1103.031250 1183.098755 1246.835205 1303.937134 1096.584717 1294.661133
224.000000 647.503784 540.041870 654.674316 396.733765 633.268127 730.160767 639.671509 599.983826
220.000000 2684.289551 675.237915 2543.504395 700.937317 2643.885498 742.256531 2513.534180 774.154480
156.000000 263.436798 1005.886353 123.249466 987.299255 270.103668 1158.385254 103.481667 1147.689209
216.000000 2046.905518 800.579712 2042.068115 660.054688 2059.593262 893.877197 2047.269043 757.531006
198.000000 1896.781860 1232.833008 1756.707886 1228.626343 1936.680542 1322.311890 1790.004761 1321.846313
235.000000 2189.678711 778.363159 2326.314941 751.541016 2189.120605 866.661499 2311.187012 834.506042
262.000000 1264.895142 273.787750 1136.663940 326.660156 1266.542480 436.428070 1163.397461 490.123169
210.000000 2703.474854 871.066711 2566.564941 889.233154 2667.145752 939.381470 2530.043457 963.578918
207.000000 2923.392578 1013.638489 2910.620605 876.608826 2881.321289 1076.518677 2865.625488 936.409851
246.000000 467.963165 192.545013 596.439758 240.597443 462.186554 434.359344 579.503540 465.220642
256.000000 272.437988 343.541229 260.795013 480.067810 278.756409 580.176758 268.909943 696.574463
226.000000 559.887451 956.660278 567.660278 820.056519 550.451721 1110.025757 557.690796 983.201538
250.000000 523.645325 265.461853 395.497498 220.030167 512.792847 492.296661 396.302246 464.881805
206.000000 3003.979492 996.605103 2991.275146 863.211914 2959.506104 1063.393555 2942.379150 923.043030
240.000000 463.177155 1195.298950 329.890656 1184.709473 459.914154 1321.736450 336.552765 1315.637207
185.000000 2183.558105 629.868469 2188.492920 763.389038 2182.110596 719.880127 2190.803467 872.908997
236.000000 496.681580 700.007812 365.508911 672.037476 488.261902 879.849731 365.969391 861.334717
244.000000 719.646179 320.982849 843.701172 365.644989 703.767700 528.212463 823.195374 557.234375
253.000000 133.238525 997.363464 263.547577 1015.091858 156.645554 1156.880493 273.489197 1168.422241
255.000000 760.279663 570.150452 765.700745 439.959778 746.032898 746.782166 751.032227 629.901550
227.000000 1914.271729 689.975952 1917.604370 820.061401 1943.603027 789.700928 1947.771362 916.765320
140.000000 1041.707397 523.374756 1038.555786 653.298279 1030.225342 626.670593 1027.149048 803.399780
280.000000 2215.230957 1100.996582 2342.884033 1086.139893 2221.428467 1184.051270 2332.421387 1167.292725
278.000000 1919.377930 823.098511 2046.905518 800.579712 1949.199707 919.917908 2059.593262 893.877197
265.000000 1929.556519 1125.406738 2056.328857 1113.166992 1962.809448 1216.082642 2076.952148 1200.558350
186.000000 2917.622803 1177.686401 2828.813477 1268.934326 2901.356445 1228.128662 2794.105957 1337.556519
151.000000 2984.403076 843.296814 2988.732178 970.043274 2929.989014 896.668030 2950.385742 1063.693237
254.000000 1850.032349 301.194275 1723.872314 298.071289 1853.466309 418.936157 1736.420288 425.794678
257.000000 1893.357178 1242.485352 1766.696899 1238.925659 1933.340210 1333.126831 1816.692017 1329.239014
270.000000 2202.887451 1523.350952 2197.869873 1396.751099 2220.026611 1593.331665 2212.886230 1480.028198
285.000000 399.801758 233.905182 517.363342 274.656921 399.457977 475.582672 507.103088 501.522217
263.000000 1534.832764 393.755005 1419.865723 439.663818 1562.013550 527.639099 1456.757080 576.860046
260.000000 1028.689331 646.629395 1032.195068 523.300964 1016.824402 803.260437 1019.500366 686.655212
273.000000 776.771729 443.337402 771.990112 566.614563 761.751099 630.064514 757.577454 743.366882
283.000000 2037.028442 658.395874 1916.715088 683.565063 2051.794189 759.777954 1943.603027 789.700928
287.000000 476.463562 797.808838 356.119568 776.410217 472.941620 966.763367 363.230469 954.234009
295.000000 2323.376953 740.248779 2203.552979 761.253540 2309.940918 823.086060 2203.755371 848.435059
281.000000 2046.820435 947.817871 1926.299316 963.916077 2066.824951 1037.541138 1956.811646 1057.467285
286.000000 113.410706 1019.282166 233.808380 1032.259277 133.340439 1176.562256 243.510849 1184.057373
247.000000 935.459412 980.086182 940.328308 860.013306 921.153381 1120.052002 926.571228 999.845459
237.000000 1103.161865 674.024048 987.033569 645.189026 1092.953247 822.319824 970.184509 802.207153
115.000000 1555.490723 686.739990 1551.522461 803.498352 1571.706543 719.910034 1573.819580 916.589844
136.000000 1295.534058 1333.352539 1294.518921 1450.010376 1303.588501 1363.334351 1302.896118 1543.344482
197.000000 860.081421 1524.536865 746.591125 1532.216919 693.263672 1631.091064 839.892395 1626.535767
259.000000 1850.133423 605.922302 1736.703369 602.211792 1876.608276 712.863892 1759.969116 714.653259
291.000000 1301.827515 949.988586 1300.969360 1063.365845 1303.902100 1066.669922 1303.277344 1176.685303
