Keypoint Matches and Line Matches for pairs 2, 5 
2 corresponds to the image ./resources/Data/CastleP19/images/0002.png 
5 corresponds to the image ./resources/Data/CastleP19/images/0005.png 

108.000000 1026.078735 384.944550 1686.656006 510.441925
11.000000 1466.477417 566.646240 2319.234375 553.133301
8.000000 1453.242798 566.664673 2304.145508 537.877258
492.000000 1453.726318 1353.333130 2370.010742 1464.704590
2.000000 1491.238281 490.099335 2320.030029 469.028076
26.000000 137.707916 249.813721 818.434998 629.936462
27.000000 78.623390 976.825684 795.010498 1206.734741
32.000000 130.608246 973.381836 835.877869 1196.765991
33.000000 188.297684 249.864273 858.274658 623.265930
13.000000 996.879150 329.436798 1649.963501 471.071198
34.000000 253.758255 993.119141 936.444580 1206.659790
35.000000 304.548187 303.422791 954.291504 633.363159
38.000000 952.756165 321.528107 1583.334717 476.624359
58.000000 584.880676 383.228943 1209.198853 633.323792
59.000000 551.167725 960.068237 1203.251587 1133.371948
63.000000 757.335327 261.529755 1363.326294 480.202942
28.000000 1140.422485 543.407654 1849.270752 636.442444
29.000000 1129.345337 1103.386353 1871.051514 1213.167725
15.000000 1885.552246 636.616150 2990.784424 489.482697
44.000000 1223.640503 1116.671753 2002.397095 1216.710571
45.000000 1232.230225 593.315247 1976.307495 660.016846
81.000000 1033.691040 1107.400635 1623.333252 1233.256714
30.000000 1396.804932 616.685242 2219.889648 636.227600
31.000000 1394.059692 1130.003906 2258.319092 1210.112549
235.000000 467.963165 192.545013 1079.975220 503.759583
23.000000 1868.674561 1156.622070 3011.467041 1179.814941
40.000000 1481.410889 643.332764 2358.514648 650.114258
41.000000 1481.468018 1139.999878 2401.569824 1209.879272
37.000000 267.669952 286.492584 923.395996 626.668823
72.000000 260.152161 493.344299 925.037598 796.614441
73.000000 224.865891 983.203613 912.212036 1196.737549
46.000000 1518.201294 1139.995605 2466.309326 1206.695435
48.000000 1434.762695 1133.329224 2324.409912 1206.828857
49.000000 1435.820801 649.998169 2285.104004 659.872742
77.000000 1046.869751 1100.656250 1626.666626 1226.666626
1228.000000 766.700562 213.245453 1339.000000 433.000000
1146.000000 1057.585327 1091.328003 1668.000000 1218.000000
69.000000 128.863235 896.839600 831.416870 1140.054565
70.000000 1159.009155 703.316467 1884.257080 793.296570
71.000000 1152.382446 1093.317139 1900.453003 1200.114624
228.000000 88.693405 966.824219 802.596191 1199.969727
42.000000 1204.589233 566.628052 1936.729980 639.997192
120.000000 310.881500 1153.556519 991.208069 1336.682983
121.000000 293.764343 1476.865967 987.515442 1610.011475
102.000000 1146.330322 1016.660278 1889.684082 1123.345825
103.000000 1152.167114 709.977783 1876.996460 803.320251
401.000000 353.436066 473.488647 1000.161438 760.004578
176.000000 306.755157 1128.947388 986.666687 1313.422729
177.000000 9.944117 1103.998169 746.666687 1313.457886
328.000000 503.097046 966.646912 1159.153809 1163.326050
194.000000 13.340132 1096.588379 750.000000 1306.666626
195.000000 306.489075 1122.045166 983.333313 1306.666626
398.000000 359.170776 473.481293 1006.595886 759.998047
192.000000 3.333437 1259.997559 746.662415 1435.884766
193.000000 293.371887 1272.434570 980.006958 1434.610352
184.000000 3.298573 1311.253662 743.330627 1476.325806
185.000000 290.022064 1319.203979 979.982117 1474.430786
214.000000 300.353485 1112.215698 976.709473 1299.627563
215.000000 16.691431 1089.688232 753.318481 1301.145874
142.000000 698.821777 573.396057 1331.123779 773.314026
143.000000 707.071350 290.011780 1326.717529 516.665771
381.000000 3.330668 1414.458008 739.979797 1558.320190
218.000000 13.373919 1209.271484 753.328796 1395.652466
219.000000 290.110229 1224.687744 976.672546 1394.651367
216.000000 16.762438 1158.571289 753.327576 1355.576904
217.000000 293.303650 1177.109253 976.672302 1354.398804
180.000000 3.325622 1466.000610 739.990723 1599.377441
181.000000 280.032379 1462.797241 976.654419 1595.845825
93.000000 950.394165 503.253510 1606.077637 650.026062
280.000000 1060.984253 406.421204 1736.483521 522.178894
448.000000 1308.648193 495.849701 2093.300293 534.317078
242.000000 713.673157 310.012878 1334.559326 529.983582
57.000000 1400.003540 496.657013 2189.948486 504.942719
273.000000 1254.981934 1073.345337 2042.862183 1166.834106
160.000000 989.266968 396.735687 1646.176147 533.239136
161.000000 982.634888 646.648132 1654.352295 779.966248
150.000000 1081.047852 1466.694580 1831.719360 1600.047729
151.000000 1087.431274 1226.598389 1824.231689 1346.640137
122.000000 986.694031 1126.394531 1563.333618 1256.928467
123.000000 753.039673 1102.923340 1289.996460 1257.278442
282.000000 315.129974 970.134766 987.671082 1180.030884
283.000000 332.396973 739.929749 993.620483 986.675476
182.000000 1091.357544 1039.940674 1816.412231 1153.339844
183.000000 1098.260742 809.947815 1810.209961 917.584839
252.000000 841.012939 586.554810 1485.679565 753.323486
253.000000 851.938599 359.932770 1487.773682 543.344360
174.000000 786.633850 273.424683 1403.346191 482.679626
175.000000 999.957703 350.117584 1643.318726 487.409973
1187.000000 1552.873169 893.333374 2507.000000 899.000000
149.000000 1552.871094 1120.000000 2516.759521 1179.757812
178.000000 1262.304443 493.357697 2009.111206 546.504578
179.000000 1259.907715 719.999023 2024.806641 783.235657
460.000000 1073.013550 1239.930176 1808.843750 1363.106445
152.000000 1348.035278 1463.302612 2216.329346 1590.200806
153.000000 1351.525879 1239.971802 2202.640137 1340.037964
1408.000000 1258.466797 1240.010864 2058.000000 1344.000000
135.000000 1257.992432 1463.350342 2068.506104 1596.554077
137.000000 324.847137 943.441223 995.469604 1163.378784
124.000000 1721.613037 1160.035278 2795.736328 1196.772217
125.000000 1717.095581 939.991211 2765.082764 926.468262
365.000000 21.068874 900.082153 748.360901 1153.406494
366.000000 37.747013 683.160095 755.703369 983.291748
212.000000 1064.419800 1253.364624 1804.022095 1376.647583
213.000000 1058.184570 1470.043701 1810.209595 1599.994141
210.000000 1012.284668 1466.712646 1694.679688 1600.058105
211.000000 1016.642029 1249.999512 1688.144653 1376.623413
1434.000000 1082.775513 823.296997 1792.000000 929.000000
170.000000 1352.623291 1076.658203 2190.770020 1156.813110
171.000000 1355.162476 863.315430 2177.063477 916.834412
166.000000 64.989861 393.486145 766.227234 756.638794
288.000000 825.962341 386.638916 1466.278809 573.334351
289.000000 817.820251 593.378784 1466.799438 766.666321
204.000000 1087.863403 666.634216 1801.469971 770.037781
84.000000 1716.173340 568.164856 2720.022217 467.647003
205.000000 1105.415527 446.624725 1796.873535 543.396729
146.000000 1554.186157 1259.973633 2531.194824 1336.226685
147.000000 1555.445190 1459.986694 2555.859131 1590.078491
224.000000 1341.643433 1076.665649 2176.202148 1153.366089
225.000000 1341.768555 876.663574 2160.895020 936.603455
83.000000 1300.287109 1545.783203 2126.659424 1686.186523
543.000000 981.259827 790.049622 1666.683594 919.337402
222.000000 1331.405640 1270.014404 2181.574219 1373.234863
223.000000 1329.424561 1463.361572 2195.354492 1593.415405
256.000000 1347.675537 733.335876 2154.268555 773.268127
257.000000 1348.158813 539.995422 2139.885010 566.907043
553.000000 14.666805 599.704346 746.685425 910.705383
36.000000 216.730728 976.670532 904.113586 1193.359863
493.000000 597.745850 770.057190 1239.280762 969.995667
264.000000 768.387451 302.705261 1393.169678 512.921753
265.000000 946.714050 363.192322 1596.642456 515.572632
1319.000000 516.611267 969.207275 1170.000000 1150.000000
342.000000 603.224487 236.942200 1219.897583 501.637390
425.000000 595.991577 956.808411 1245.401245 1120.033447
445.000000 326.056427 961.253906 999.949097 1170.840332
446.000000 501.168610 984.548767 1156.755005 1172.752441
427.000000 530.140869 526.150391 1160.032471 768.755310
428.000000 360.069397 479.745667 1000.054199 764.587219
453.000000 500.576294 972.546692 1153.344116 1160.614624
454.000000 326.910797 948.254761 996.666687 1159.993042
431.000000 854.229736 429.891998 1491.966309 609.976624
432.000000 846.544373 603.327942 1493.867676 769.993652
302.000000 1340.290161 553.335938 2134.602783 586.582336
303.000000 1338.736450 726.685242 2146.784668 769.992188
1026.000000 936.527283 787.156982 1599.000000 922.000000
499.000000 358.770355 490.944611 1009.908386 775.481262
500.000000 525.107727 538.756775 1159.777954 781.872437
1096.000000 483.207092 1181.713135 1145.000000 1347.000000
420.000000 316.463287 1169.426880 996.803162 1347.341675
504.000000 1612.093994 1460.003296 2674.608887 1586.850342
400.000000 541.488708 336.552094 1166.649414 599.999512
197.000000 1623.989136 926.660950 2633.628418 926.972839
582.000000 699.988525 1093.516235 1236.651733 1252.749756
583.000000 859.985168 1103.569458 1376.645020 1249.156982
586.000000 399.200958 946.390503 1071.096924 1153.289429
587.000000 409.889465 786.436523 1073.848877 1013.277954
558.000000 320.057312 1175.953247 1000.001526 1352.937500
559.000000 476.783417 1188.547119 1143.332642 1353.496704
173.000000 1103.570312 666.673828 1807.013306 773.358337
300.000000 1606.415039 646.667664 2579.282959 600.070740
301.000000 1607.023193 799.998596 2597.354492 783.265503
248.000000 1246.821045 1208.133911 2043.339844 1312.266602
249.000000 1096.744751 1195.723145 1833.332031 1312.871826
240.000000 1093.401978 1308.328613 1836.641479 1430.694092
241.000000 1243.422607 1314.492798 2046.685913 1428.694092
238.000000 1093.302490 1381.721436 1839.972900 1507.647827
239.000000 1243.373779 1384.412354 2053.316406 1505.188599
244.000000 1093.363403 1345.393799 1839.989258 1469.092407
245.000000 1243.358398 1348.941040 2049.999268 1466.598877
469.000000 908.508667 826.724243 1577.310791 969.992676
470.000000 903.923523 973.351807 1579.051880 1123.344116
236.000000 1093.331055 1456.478271 1843.322021 1585.732056
237.000000 1240.016724 1454.741821 2056.664551 1583.162109
284.000000 1296.819580 469.575775 2043.300049 511.145844
285.000000 1159.919800 420.222504 1849.936279 505.522705
260.000000 1246.624634 1197.097900 2043.352295 1300.857300
261.000000 1103.031250 1183.098755 1840.005249 1299.304932
572.000000 647.503784 540.041870 1277.438965 760.017334
573.000000 654.674316 396.733765 1280.588989 619.863403
262.000000 1099.887451 1272.156372 1839.992554 1392.246704
263.000000 1240.027710 1279.468994 2043.339111 1390.845215
206.000000 1896.781860 1232.833008 3070.237061 1275.687622
207.000000 1756.707886 1228.626343 2846.458984 1285.014771
881.000000 1735.288452 756.595825 2757.000000 702.000000
849.000000 463.177155 1195.298950 1134.000000 1358.000000
56.000000 1026.718018 359.857971 1676.714844 488.495758
1379.000000 760.279663 570.150452 1403.000000 749.000000
332.000000 1914.271729 689.975952 3028.509277 549.758179
333.000000 1917.604370 820.061401 3051.269531 723.166687
378.000000 1431.023193 537.043579 2266.682861 535.618896
106.000000 1723.872314 298.071289 2684.728271 146.780930
208.000000 1893.357178 1242.485352 3069.947998 1288.617065
209.000000 1766.696899 1238.925659 2846.554443 1297.015015
258.000000 1323.322876 1489.671265 2176.629395 1621.215454
259.000000 1446.743408 1485.747681 2380.017090 1617.644165
589.000000 940.328308 860.013306 1617.003174 993.331726
501.000000 1103.161865 674.024048 1806.665039 777.047546
502.000000 987.033569 645.189026 1656.667847 776.395874
1110.000000 1291.260498 1063.314575 2084.000000 1147.000000
597.000000 590.111816 712.603149 1226.726929 918.720093
278.000000 1850.133423 605.922302 2915.610596 468.489929
692.000000 438.000000 71.000000 1045.000000 409.000000
840.000000 398.000000 1362.000000 1086.000000 1508.000000
1199.000000 1769.000000 1160.000000 2863.000000 1195.000000
1382.000000 372.000000 607.000000 1024.000000 867.000000
598.000000 1590.000000 1076.000000 2600.000000 1117.000000
951.000000 1318.000000 693.000000 2117.000000 741.000000
884.000000 1763.000000 849.000000 2818.000000 801.000000
617.000000 374.000000 535.000000 1022.000000 807.000000
1100.000000 1806.000000 1011.000000 2898.000000 998.000000
650.000000 791.000000 549.000000 1437.000000 730.000000
606.000000 1758.000000 539.000000 2775.000000 419.000000
1033.000000 313.000000 246.000000 957.000000 593.000000
1307.000000 1050.000000 1119.000000 1679.000000 1239.000000
1185.000000 1753.000000 991.000000 2820.000000 984.000000
676.000000 1776.000000 846.000000 2834.000000 795.000000
966.000000 1589.000000 718.000000 2560.000000 689.000000
777.000000 1012.000000 546.000000 1694.000000 672.000000
768.000000 1024.000000 1440.000000 1767.000000 1570.000000
895.000000 1282.000000 558.000000 2055.000000 607.000000
1521.000000 1589.000000 962.000000 2587.000000 979.000000
772.000000 1768.000000 1142.000000 2860.000000 1173.000000
1479.000000 510.000000 664.000000 1150.000000 891.000000
738.000000 1758.000000 555.000000 2777.000000 438.000000
883.000000 479.000000 1018.000000 1137.000000 1203.000000
689.000000 371.000000 45.000000 986.000000 406.000000
736.000000 1776.000000 830.000000 2832.000000 775.000000
646.000000 1308.000000 1290.000000 2152.000000 1397.000000
665.000000 1782.000000 1174.000000 2882.000000 1212.000000
1192.000000 1766.000000 1023.000000 2843.000000 1020.000000
603.000000 1763.000000 865.000000 2820.000000 822.000000
1175.000000 45.000000 444.000000 759.000000 803.000000
1172.000000 340.000000 1001.000000 1010.000000 1202.000000
709.000000 1776.000000 862.000000 2837.000000 815.000000
657.000000 1590.000000 1050.000000 2597.000000 1085.000000
1232.000000 440.000000 909.000000 1106.000000 1112.000000
671.000000 537.000000 255.000000 1157.000000 534.000000
1267.000000 1755.000000 1163.000000 2844.000000 1201.000000
605.000000 1761.000000 707.000000 2798.000000 625.000000
778.000000 1758.000000 570.000000 2779.000000 456.000000
982.000000 511.000000 688.000000 1152.000000 912.000000
1247.000000 1057.000000 487.000000 1747.000000 601.000000
1430.000000 707.000000 926.000000 1370.000000 1093.000000
632.000000 408.000000 405.000000 1056.000000 691.000000
752.000000 1054.000000 622.000000 1751.000000 736.000000
631.000000 1515.000000 470.000000 2467.000000 423.000000
644.000000 1771.000000 567.000000 2794.000000 449.000000
715.000000 322.000000 976.000000 994.000000 1183.000000
1155.000000 1805.000000 976.000000 2892.000000 953.000000
1031.000000 1046.000000 1000.000000 1765.000000 1116.000000
1151.000000 1791.000000 857.000000 2856.000000 805.000000
1566.000000 1304.000000 1139.000000 2123.000000 1230.000000
1266.000000 1751.000000 868.000000 2801.000000 829.000000
1015.000000 740.000000 500.000000 1380.000000 697.000000
703.000000 480.000000 301.000000 1116.000000 587.000000
714.000000 1627.000000 344.000000 2608.000000 234.000000
1036.000000 1819.000000 990.000000 2912.000000 969.000000
1166.000000 1755.000000 1145.000000 2842.000000 1179.000000
737.000000 718.000000 173.000000 1397.000000 405.000000
867.000000 1805.000000 959.000000 2890.000000 932.000000
1138.000000 1313.000000 908.000000 2128.000000 975.000000
663.000000 1243.000000 359.000000 2040.000000 405.000000
610.000000 1590.000000 1023.000000 2594.000000 1053.000000
629.000000 1803.000000 854.000000 2874.000000 797.000000
836.000000 1797.000000 545.000000 2829.000000 412.000000
936.000000 532.000000 554.000000 1165.000000 792.000000
1555.000000 660.000000 1019.000000 1351.000000 1178.000000
666.000000 718.000000 155.000000 1397.000000 386.000000
652.000000 1282.000000 625.000000 2059.000000 678.000000
741.000000 1077.000000 1092.000000 1803.000000 1207.000000
645.000000 351.000000 652.000000 1007.000000 909.000000
1092.000000 1281.000000 683.000000 2063.000000 740.000000
957.000000 1593.000000 1306.000000 2573.000000 1396.000000
1018.000000 324.000000 723.000000 973.000000 982.000000
871.000000 1761.000000 723.000000 2800.000000 644.000000
315.000000 1687.000000 1493.000000 2856.645020 1610.930298
1440.000000 1796.000000 1133.000000 2897.000000 1158.000000
1493.000000 1308.000000 1361.000000 2157.000000 1477.000000
1180.000000 999.000000 468.000000 1669.000000 599.000000
762.000000 730.000000 71.000000 1396.000000 309.000000
1451.000000 1334.000000 640.000000 2136.000000 679.000000
965.000000 695.000000 1095.000000 1230.000000 1255.000000
808.000000 1003.000000 927.000000 1706.000000 1050.000000
693.000000 1277.000000 901.000000 2074.000000 975.000000
963.000000 1308.000000 1392.000000 2159.000000 1512.000000
634.000000 1763.000000 833.000000 2816.000000 781.000000
926.000000 796.000000 404.000000 1436.000000 595.000000
1522.000000 447.000000 214.000000 1084.000000 525.000000
746.000000 1769.000000 1178.000000 2865.000000 1218.000000
1046.000000 1601.000000 662.000000 2576.000000 620.000000
925.000000 793.000000 481.000000 1437.000000 667.000000
647.000000 1801.000000 712.000000 2853.000000 620.000000
1514.000000 1156.000000 545.000000 1871.000000 632.000000
1515.000000 587.000000 367.000000 1210.000000 617.000000
1193.000000 1502.000000 503.000000 2327.000000 477.000000
1075.000000 1589.000000 743.000000 2563.000000 719.000000
1217.000000 1257.000000 290.000000 2043.000000 329.000000
1123.000000 585.000000 774.000000 1226.000000 988.000000
816.000000 1353.000000 776.000000 2168.000000 823.000000
845.000000 1035.000000 1388.000000 1777.000000 1516.000000
627.000000 1801.000000 697.000000 2851.000000 600.000000
853.000000 1606.000000 1592.000000 2547.000000 1750.000000
1021.000000 1746.000000 573.000000 2761.000000 464.000000
1385.000000 1034.000000 1455.000000 1780.000000 1585.000000
691.000000 1814.000000 694.000000 2868.000000 593.000000
793.000000 1589.000000 658.000000 2554.000000 619.000000
818.000000 1753.000000 1026.000000 2824.000000 1027.000000
1477.000000 1038.000000 1242.000000 1715.000000 1366.000000
847.000000 1047.000000 967.000000 1764.000000 1083.000000
1076.000000 1809.000000 1147.000000 2918.000000 1174.000000
828.000000 140.000000 231.000000 819.000000 612.000000
1238.000000 1092.000000 813.000000 1802.000000 920.000000
886.000000 1055.000000 559.000000 1749.000000 673.000000
616.000000 1809.000000 1130.000000 2916.000000 1151.000000
842.000000 447.000000 741.000000 1109.000000 967.000000
599.000000 1806.000000 994.000000 2895.000000 976.000000
661.000000 1010.000000 609.000000 1696.000000 734.000000
633.000000 1011.000000 577.000000 1695.000000 703.000000
983.000000 1748.000000 694.000000 2779.000000 613.000000
812.000000 1590.000000 1101.000000 2603.000000 1149.000000
1460.000000 1753.000000 1009.000000 2822.000000 1005.000000
918.000000 345.000000 506.000000 996.000000 788.000000
621.000000 1809.000000 1165.000000 2921.000000 1197.000000
913.000000 765.000000 901.000000 1430.000000 1062.000000
1539.000000 1602.000000 772.000000 2588.000000 750.000000
914.000000 742.000000 862.000000 1402.000000 1029.000000
798.000000 1748.000000 678.000000 2794.000000 587.000000
1124.000000 1750.000000 836.000000 2798.000000 789.000000
954.000000 708.000000 900.000000 1369.000000 1070.000000
233.000000 1720.000000 296.000000 2671.926758 145.421417
1355.000000 744.000000 387.000000 1380.000000 594.000000
920.000000 1748.000000 1286.000000 2839.000000 1360.000000
953.000000 1748.000000 710.000000 2780.000000 633.000000
770.000000 1810.000000 542.000000 2845.000000 404.000000
1129.000000 148.000000 198.000000 824.000000 585.000000
680.000000 1038.000000 1276.000000 1774.000000 1400.000000
1359.000000 937.000000 277.000000 1563.000000 441.000000
687.000000 1282.000000 654.000000 2061.000000 709.000000
908.000000 1779.000000 1002.000000 2857.000000 992.000000
960.000000 1319.000000 636.000000 2113.000000 679.000000
690.000000 1589.000000 769.000000 2566.000000 750.000000
1073.000000 343.000000 1379.000000 1037.000000 1523.000000
651.000000 1000.000000 851.000000 1703.000000 975.000000
1586.000000 601.000000 776.000000 1244.000000 974.000000
873.000000 1270.000000 1361.000000 2101.000000 1478.000000
1389.000000 1045.000000 1031.000000 1766.000000 1149.000000
612.000000 1018.000000 1275.000000 1716.000000 1400.000000
756.000000 1774.000000 720.000000 2816.000000 638.000000
811.000000 1269.000000 1424.000000 2104.000000 1548.000000
1009.000000 1014.000000 473.000000 1692.000000 599.000000
1390.000000 724.000000 830.000000 1380.000000 1002.000000
864.000000 1746.000000 542.000000 2758.000000 427.000000
900.000000 414.000000 1338.000000 1099.000000 1487.000000
1482.000000 1816.000000 834.000000 2889.000000 770.000000
902.000000 1270.000000 1392.000000 2102.000000 1513.000000
1391.000000 770.000000 1021.000000 1337.000000 1179.000000
1342.000000 1765.000000 988.000000 2838.000000 977.000000
1107.000000 1036.000000 1354.000000 1776.000000 1481.000000
619.000000 1774.000000 704.000000 2814.000000 618.000000
937.000000 1270.000000 1453.000000 2107.000000 1582.000000
729.000000 1794.000000 1014.000000 2879.000000 1005.000000
1078.000000 1808.000000 1112.000000 2913.000000 1129.000000
1285.000000 1622.000000 843.000000 2623.000000 831.000000
1373.000000 729.000000 597.000000 1359.000000 790.000000
875.000000 882.000000 739.000000 1541.000000 889.000000
744.000000 1048.000000 934.000000 1763.000000 1050.000000
1062.000000 1311.000000 756.000000 2103.000000 811.000000
719.000000 1810.000000 527.000000 2842.000000 385.000000
1202.000000 1783.000000 298.000000 2763.000000 114.000000
1415.000000 600.000000 620.000000 1234.000000 836.000000
906.000000 1319.000000 665.000000 2115.000000 710.000000
1532.000000 503.000000 567.000000 1139.000000 808.000000
888.000000 310.000000 974.000000 984.000000 1182.000000
1191.000000 1769.000000 1194.000000 2868.000000 1241.000000
927.000000 1816.000000 818.000000 2887.000000 750.000000
1329.000000 1779.000000 281.000000 2801.000000 87.000000
1568.000000 1795.000000 1116.000000 2894.000000 1135.000000
1295.000000 739.000000 957.000000 1388.000000 1123.000000
1008.000000 1822.000000 1144.000000 2937.000000 1168.000000
1152.000000 1749.000000 726.000000 2782.000000 652.000000
660.000000 374.000000 899.000000 1046.000000 1112.000000
1567.000000 725.000000 381.000000 1355.000000 593.000000
1084.000000 707.000000 772.000000 1351.000000 952.000000
941.000000 1319.000000 570.000000 2108.000000 608.000000
292.000000 1731.000000 606.000000 2735.888184 512.868713
1410.000000 404.000000 1039.000000 1070.000000 1228.000000
943.000000 416.000000 281.000000 1058.000000 586.000000
695.000000 1803.000000 837.000000 2872.000000 777.000000
1240.000000 1352.000000 1122.000000 2195.000000 1207.000000
829.000000 1771.000000 536.000000 2790.000000 411.000000
996.000000 1094.000000 713.000000 1801.000000 818.000000
796.000000 1797.000000 530.000000 2827.000000 393.000000
1012.000000 1788.000000 700.000000 2833.000000 608.000000
743.000000 1766.000000 1006.000000 2840.000000 999.000000
876.000000 1776.000000 1265.000000 2879.000000 1331.000000
1224.000000 1329.000000 911.000000 2152.000000 975.000000
1350.000000 381.000000 728.000000 1050.000000 967.000000
1348.000000 996.000000 573.000000 1671.000000 702.000000
969.000000 1054.000000 590.000000 1751.000000 704.000000
1438.000000 782.000000 888.000000 1429.000000 1039.000000
675.000000 1818.000000 973.000000 2910.000000 946.000000
1303.000000 1803.000000 821.000000 2870.000000 756.000000
1174.000000 1750.000000 852.000000 2800.000000 809.000000
1241.000000 520.000000 571.000000 1156.000000 809.000000
904.000000 1046.000000 860.000000 1759.000000 976.000000
850.000000 555.000000 115.000000 1155.000000 412.000000
813.000000 1313.000000 936.000000 2130.000000 1007.000000
1363.000000 789.000000 821.000000 1452.000000 983.000000
656.000000 727.000000 813.000000 1385.000000 985.000000
1042.000000 462.000000 621.000000 1103.000000 863.000000
1562.000000 1318.000000 721.000000 2119.000000 771.000000
878.000000 649.000000 704.000000 1289.000000 901.000000
464.000000 58.000000 416.000000 763.367310 767.314514
1216.000000 907.000000 836.000000 1576.000000 978.000000
1265.000000 1839.000000 1257.000000 2968.000000 1314.000000
1375.000000 833.000000 825.000000 1490.000000 980.000000
899.000000 1307.000000 1453.000000 2164.000000 1581.000000
704.000000 347.000000 611.000000 1002.000000 875.000000
834.000000 1576.000000 1074.000000 2547.000000 1116.000000
892.000000 1102.000000 697.000000 1809.000000 800.000000
1059.000000 13.000000 962.000000 744.000000 1202.000000
1248.000000 1845.000000 1193.000000 2969.000000 1229.000000
851.000000 306.000000 1093.000000 984.000000 1282.000000
1450.000000 1555.000000 1511.000000 2322.000000 1648.000000
1407.000000 1594.000000 1397.000000 2637.000000 1508.000000
723.000000 709.000000 876.000000 1369.000000 1047.000000
859.000000 873.000000 784.000000 1526.000000 935.000000
1105.000000 767.000000 594.000000 1396.000000 778.000000
748.000000 1528.000000 455.000000 2465.000000 401.000000
1269.000000 358.000000 531.000000 1008.000000 807.000000
779.000000 411.000000 1380.000000 1099.000000 1523.000000
879.000000 80.000000 96.000000 770.000000 522.000000
1071.000000 1592.000000 1279.000000 2570.000000 1363.000000
823.000000 1593.000000 1425.000000 2640.000000 1543.000000
1544.000000 1791.000000 841.000000 2854.000000 784.000000
733.000000 1708.000000 256.000000 2681.000000 99.000000
1221.000000 59.000000 675.000000 776.000000 981.000000
1553.000000 1229.000000 493.000000 1965.000000 556.000000
1304.000000 382.000000 398.000000 1031.000000 690.000000
672.000000 1798.000000 575.000000 2833.000000 449.000000
1070.000000 1746.000000 558.000000 2759.000000 446.000000
758.000000 65.000000 436.000000 769.000000 786.000000
1060.000000 443.000000 869.000000 1107.000000 1078.000000
1257.000000 605.000000 732.000000 1245.000000 935.000000
1231.000000 520.000000 646.000000 1158.000000 874.000000
1262.000000 659.000000 578.000000 1284.000000 787.000000
1288.000000 1368.000000 933.000000 2204.000000 992.000000
648.000000 475.000000 386.000000 1115.000000 660.000000
637.000000 1771.000000 583.000000 2796.000000 467.000000
600.000000 1761.000000 691.000000 2796.000000 606.000000
1011.000000 1538.000000 366.000000 2467.000000 298.000000
771.000000 1785.000000 563.000000 2813.000000 439.000000
639.000000 1779.000000 1019.000000 2859.000000 1014.000000
1377.000000 997.000000 542.000000 1671.000000 671.000000
1459.000000 161.000000 210.000000 834.000000 590.000000
1013.000000 1820.000000 1007.000000 2914.000000 991.000000
1079.000000 349.000000 1097.000000 1021.000000 1282.000000
1349.000000 1793.000000 979.000000 2875.000000 960.000000
986.000000 418.000000 246.000000 1059.000000 556.000000
1045.000000 1806.000000 1027.000000 2900.000000 1020.000000
780.000000 377.000000 859.000000 1047.000000 1077.000000
809.000000 1781.000000 1139.000000 2877.000000 1167.000000
985.000000 1334.000000 574.000000 2131.000000 608.000000
1022.000000 995.000000 605.000000 1672.000000 733.000000
1442.000000 1136.000000 541.000000 1843.000000 634.000000
1312.000000 1207.000000 484.000000 1934.000000 554.000000
521.000000 1372.000000 1250.000000 2216.662842 1351.342773
1093.000000 1735.000000 890.000000 2777.000000 859.000000
1552.000000 1607.000000 1425.000000 2664.000000 1542.000000
1556.000000 648.000000 603.000000 1282.000000 818.000000
1293.000000 1278.000000 334.000000 2006.000000 364.000000
654.000000 1822.000000 1127.000000 2934.000000 1145.000000
990.000000 1738.000000 1064.000000 2801.000000 1079.000000
887.000000 579.000000 810.000000 1223.000000 1008.000000
686.000000 799.000000 1023.000000 1470.000000 1177.000000
314.000000 1613.000000 1482.000000 2676.659668 1612.552368
720.000000 1785.000000 548.000000 2811.000000 420.000000
673.000000 491.000000 992.000000 1146.000000 1180.000000
805.000000 1574.000000 1150.000000 2535.000000 1206.000000
1582.000000 723.000000 943.000000 1387.000000 1108.000000
1374.000000 1614.000000 1526.000000 2641.000000 1668.000000
1053.000000 1589.000000 634.000000 2552.000000 591.000000
1484.000000 1756.000000 1181.000000 2846.000000 1224.000000
1436.000000 739.000000 180.000000 1419.000000 404.000000
1535.000000 1253.000000 1110.000000 2046.000000 1205.000000
1405.000000 1790.000000 1104.000000 2878.000000 1121.000000
1516.000000 770.000000 821.000000 1432.000000 986.000000
1030.000000 737.000000 161.000000 1418.000000 387.000000
662.000000 352.000000 1240.000000 1040.000000 1404.000000
930.000000 541.000000 991.000000 1206.000000 1171.000000
683.000000 1817.000000 850.000000 2891.000000 790.000000
360.000000 1568.000000 1483.000000 2579.978271 1614.818237
861.000000 1277.000000 871.000000 2072.000000 942.000000
782.000000 319.000000 999.000000 992.000000 1202.000000
915.000000 711.000000 807.000000 1367.000000 983.000000
1213.000000 739.000000 1020.000000 1439.000000 1186.000000
601.000000 1576.000000 1047.000000 2544.000000 1085.000000
903.000000 1766.000000 1039.000000 2861.000000 1036.000000
931.000000 1810.000000 557.000000 2847.000000 423.000000
1547.000000 859.000000 1008.000000 1381.000000 1154.000000
1378.000000 987.000000 957.000000 1683.000000 1083.000000
1278.000000 1809.000000 1182.000000 2924.000000 1220.000000
487.000000 1371.000000 1318.000000 2216.650146 1428.245972
869.000000 1779.000000 985.000000 2854.000000 970.000000
917.000000 1244.000000 338.000000 2039.000000 383.000000
394.000000 779.000000 962.000000 1446.629761 1124.147705
790.000000 738.000000 534.000000 1380.000000 729.000000
1534.000000 1318.000000 542.000000 2106.000000 579.000000
1145.000000 1836.000000 733.000000 2897.000000 636.000000
973.000000 1035.000000 1423.000000 1720.000000 1552.000000
1392.000000 944.000000 1042.000000 1562.000000 1180.000000
1488.000000 1732.000000 279.000000 2711.000000 113.000000
1235.000000 523.000000 1106.000000 1172.000000 1272.000000
995.000000 416.000000 1299.000000 1111.000000 1453.000000
1195.000000 422.000000 532.000000 1057.000000 804.000000
286.000000 378.000000 474.000000 1028.338257 760.032532
1497.000000 822.000000 797.000000 1474.000000 954.000000
1529.000000 1281.000000 245.000000 2057.000000 274.000000
1284.000000 978.000000 752.000000 1656.000000 882.000000
789.000000 1340.000000 1122.000000 2179.000000 1207.000000
658.000000 26.000000 548.000000 742.000000 879.000000
710.000000 1803.000000 868.000000 2877.000000 817.000000
1041.000000 1323.000000 980.000000 2136.000000 1056.000000
1234.000000 792.000000 516.000000 1437.000000 699.000000
1485.000000 1366.000000 439.000000 2186.000000 461.000000
1530.000000 724.000000 919.000000 1387.000000 1085.000000
1064.000000 1593.000000 1450.000000 2644.000000 1577.000000
1194.000000 1507.000000 1594.000000 2395.000000 1748.000000
1388.000000 1282.000000 531.000000 2053.000000 577.000000
1108.000000 1798.000000 561.000000 2831.000000 431.000000
896.000000 1587.000000 1140.000000 2602.000000 1194.000000
1065.000000 750.000000 791.000000 1408.000000 962.000000
893.000000 346.000000 1337.000000 1038.000000 1488.000000
787.000000 1625.000000 617.000000 2594.000000 569.000000
745.000000 419.000000 1243.000000 1101.000000 1404.000000
188.000000 964.000000 1200.000000 1668.305786 1333.259399
802.000000 1090.000000 1093.000000 1819.000000 1207.000000
820.000000 1527.000000 474.000000 2487.000000 424.000000
65.000000 643.000000 1046.000000 1200.030396 1213.890869
1270.000000 676.000000 576.000000 1300.000000 783.000000
1518.000000 780.000000 978.000000 1402.000000 1135.000000
1201.000000 859.000000 345.000000 1494.000000 523.000000
1356.000000 974.000000 1422.000000 1695.000000 1552.000000
1361.000000 1023.000000 1127.000000 1618.000000 1254.000000
614.000000 1814.000000 709.000000 2870.000000 612.000000
1052.000000 1771.000000 552.000000 2792.000000 430.000000
1505.000000 1607.000000 1397.000000 2661.000000 1508.000000
769.000000 468.000000 499.000000 1114.000000 724.000000
797.000000 446.000000 831.000000 1107.000000 1044.000000
950.000000 1303.000000 1524.000000 2153.000000 1661.000000
1462.000000 1589.000000 793.000000 2569.000000 780.000000
1109.000000 764.000000 927.000000 1430.000000 1086.000000
85.000000 1514.000000 507.000000 2356.800293 475.886719
1068.000000 1593.000000 1370.000000 2634.000000 1474.000000
1472.000000 1603.000000 1077.000000 2623.000000 1116.000000
1416.000000 1793.000000 997.000000 2877.000000 982.000000
1328.000000 855.000000 665.000000 1503.000000 824.000000
1025.000000 780.000000 913.000000 1448.000000 1070.000000
1254.000000 483.000000 1137.000000 1146.000000 1307.000000
866.000000 1575.000000 959.000000 2535.000000 979.000000
624.000000 1774.000000 688.000000 2812.000000 599.000000
935.000000 1785.000000 533.000000 2809.000000 401.000000
1127.000000 11.000000 540.000000 731.000000 876.000000
1176.000000 1323.000000 1009.000000 2138.000000 1088.000000
590.000000 1082.000000 1225.000000 1816.663452 1344.569946
1289.000000 726.000000 871.000000 1387.000000 1038.000000
749.000000 1804.000000 1333.000000 2948.000000 1419.000000
764.000000 1575.000000 653.000000 2503.000000 618.000000
1365.000000 1262.000000 752.000000 2032.000000 820.000000
1154.000000 1561.000000 1304.000000 2551.000000 1397.000000
1468.000000 1782.000000 1156.000000 2880.000000 1189.000000
1432.000000 1550.000000 1590.000000 2479.000000 1745.000000
669.000000 1814.000000 679.000000 2866.000000 573.000000

54.000000 1026.078735 384.944550 43.436443 26.384092 1686.656006 510.441925 1396.664917 503.407776
5.000000 1464.900146 1353.336426 1466.477417 566.646240 2377.931885 1306.568115 2319.234375 553.133301
4.000000 1453.242798 566.664673 1453.726318 1353.333130 2304.145508 537.877258 2363.628662 1316.898682
289.000000 373.866669 1637.404907 1153.630859 1607.851318 1646.607666 1758.665039 1786.628540 1752.471558
1.000000 1491.238281 490.099335 770.475220 214.131393 2320.030029 469.028076 439.968384 411.024780
13.000000 137.707916 249.813721 78.623390 976.825684 818.434998 629.936462 795.010498 1206.734741
16.000000 130.608246 973.381836 188.297684 249.864273 835.877869 1196.765991 858.274658 623.265930
6.000000 323.783203 75.474365 996.879150 329.436798 910.026978 445.874084 1649.963501 471.071198
17.000000 253.758255 993.119141 304.548187 303.422791 936.444580 1206.659790 954.291504 633.363159
19.000000 952.756165 321.528107 349.826111 93.793747 1583.334717 476.624359 1019.969360 457.572662
29.000000 584.880676 383.228943 551.167725 960.068237 1209.198853 633.323792 1203.251587 1133.371948
31.000000 220.329437 62.444733 757.335327 261.529755 920.063354 464.838837 1363.326294 480.202942
14.000000 1140.422485 543.407654 1129.345337 1103.386353 1849.270752 636.442444 1871.051514 1213.167725
7.000000 1898.160278 1190.117798 1885.552246 636.616150 3072.468018 1139.689941 2990.784424 489.482697
22.000000 1223.640503 1116.671753 1232.230225 593.315247 2002.397095 1216.710571 1976.307495 660.016846
40.000000 1033.691040 1107.400635 514.173096 1076.073364 1230.000122 1233.555908 1623.333252 1233.256714
27.000000 1636.100464 639.913574 1643.467407 1159.950928 2637.252197 660.270630 2687.807617 1173.549316
15.000000 1396.804932 616.685242 1394.059692 1130.003906 2219.889648 636.227600 2258.319092 1210.112549
117.000000 0.119175 25.635960 467.963165 192.545013 866.589417 491.325165 1079.975220 503.759583
11.000000 1857.640991 659.904297 1868.674561 1156.622070 2938.780029 603.487183 3011.467041 1179.814941
20.000000 1481.410889 643.332764 1481.468018 1139.999878 2358.514648 650.114258 2401.569824 1209.879272
18.000000 230.815643 779.811890 267.669952 286.492584 904.113586 1193.359863 923.395996 626.668823
36.000000 260.152161 493.344299 224.865891 983.203613 925.037598 796.614441 912.212036 1196.737549
23.000000 1518.201294 1139.995605 1519.394165 649.990417 2466.309326 1206.695435 2422.249756 659.818726
24.000000 1434.762695 1133.329224 1435.820801 649.998169 2324.409912 1206.828857 2285.104004 659.872742
38.000000 571.170227 1064.572632 1046.869751 1100.656250 1226.666626 1226.666626 1626.666626 1226.666626
8.000000 511.246094 130.065796 937.010376 292.432129 1003.395264 437.954987 1620.001221 456.628265
32.000000 1057.585327 1091.328003 647.595581 1047.897583 1640.036499 1215.304810 1200.030396 1213.890869
34.000000 160.343399 496.956116 128.863235 896.839600 847.591675 719.907288 831.416870 1140.054565
35.000000 1159.009155 703.316467 1152.382446 1093.317139 1884.257080 793.296570 1900.453003 1200.114624
114.000000 88.693405 966.824219 117.211075 600.042358 802.596191 1199.969727 811.480591 983.394043
197.000000 1040.108032 1002.576721 678.903198 951.002930 1613.105713 1131.690918 1446.629761 1124.147705
21.000000 1204.589233 566.628052 1197.898682 926.689575 1936.729980 639.997192 1961.381958 1200.085938
60.000000 310.881500 1153.556519 293.764343 1476.865967 991.208069 1336.682983 987.515442 1610.011475
51.000000 1146.330322 1016.660278 1152.167114 709.977783 1889.684082 1123.345825 1876.996460 803.320251
115.000000 733.261414 270.200470 1020.079224 373.112610 1403.338867 496.412292 1619.976685 501.083832
201.000000 353.436066 473.488647 367.153809 170.022018 1000.161438 760.004578 1004.773438 596.707336
88.000000 306.755157 1128.947388 9.944117 1103.998169 986.666687 1313.422729 746.666687 1313.457886
164.000000 503.097046 966.646912 527.652222 673.136902 1159.153809 1163.326050 1160.686890 986.643677
97.000000 13.340132 1096.588379 306.489075 1122.045166 750.000000 1306.666626 983.333313 1306.666626
199.000000 376.303070 183.508789 359.170776 473.481293 1011.062622 596.604614 1006.595886 759.998047
94.000000 981.868591 1480.069336 992.629211 1189.850342 1668.305786 1333.259399 1678.836670 1566.568726
96.000000 3.333437 1259.997559 293.371887 1272.434570 746.662415 1435.884766 980.006958 1434.610352
92.000000 3.298573 1311.253662 290.022064 1319.203979 743.330627 1476.325806 979.982117 1474.430786
107.000000 300.353485 1112.215698 16.691431 1089.688232 976.709473 1299.627563 753.318481 1301.145874
71.000000 698.821777 573.396057 707.071350 290.011780 1331.123779 773.314026 1326.717529 516.665771
191.000000 3.330668 1414.458008 286.670319 1415.129395 739.979797 1558.320190 906.662476 1556.317261
109.000000 13.373919 1209.271484 290.110229 1224.687744 753.328796 1395.652466 976.672546 1394.651367
108.000000 16.762438 1158.571289 293.303650 1177.109253 753.327576 1355.576904 976.672302 1354.398804
90.000000 3.325622 1466.000610 280.032379 1462.797241 739.990723 1599.377441 976.654419 1595.845825
46.000000 943.239136 766.754639 950.394165 503.253510 1620.997559 987.359680 1606.077637 650.026062
140.000000 1060.984253 406.421204 1308.648193 495.849701 1736.483521 522.178894 1929.935547 528.606567
121.000000 713.673157 310.012878 703.955566 566.690247 1334.559326 529.983582 1337.368286 739.990601
28.000000 1160.264648 409.274017 1400.003540 496.657013 1676.714844 488.495758 2189.948486 504.942719
136.000000 1256.819946 820.001099 1254.981934 1073.345337 2034.202637 970.108459 2042.862183 1166.834106
80.000000 989.266968 396.735687 982.634888 646.648132 1646.176147 533.239136 1654.352295 779.966248
75.000000 1081.047852 1466.694580 1087.431274 1226.598389 1831.719360 1600.047729 1824.231689 1346.640137
61.000000 986.694031 1126.394531 753.039673 1102.923340 1563.333618 1256.928467 1289.996460 1257.278442
141.000000 315.129974 970.134766 332.396973 739.929749 987.671082 1180.030884 993.620483 986.675476
91.000000 1091.357544 1039.940674 1098.260742 809.947815 1816.412231 1153.339844 1810.209961 917.584839
126.000000 841.012939 586.554810 851.938599 359.932770 1485.679565 753.323486 1487.773682 543.344360
87.000000 786.633850 273.424683 999.957703 350.117584 1403.346191 482.679626 1643.318726 487.409973
74.000000 1552.873169 893.333374 1552.871094 1120.000000 2498.858398 926.511719 2516.759521 1179.757812
89.000000 1262.304443 493.357697 1259.907715 719.999023 2009.111206 546.504578 2024.806641 783.235657
230.000000 1068.746460 1463.309448 1073.013550 1239.930176 1815.162964 1516.591309 1808.843750 1363.106445
76.000000 1348.035278 1463.302612 1351.525879 1239.971802 2216.329346 1590.200806 2202.640137 1340.037964
67.000000 1258.466797 1240.010864 1257.992432 1463.350342 2052.385254 1333.187378 2068.506104 1596.554077
68.000000 340.493774 723.843506 324.847137 943.441223 1001.078430 900.093994 995.469604 1163.378784
62.000000 1721.613037 1160.035278 1717.095581 939.991211 2795.736328 1196.772217 2765.082764 926.468262
183.000000 21.068874 900.082153 37.747013 683.160095 748.360901 1153.406494 755.703369 983.291748
106.000000 1064.419800 1253.364624 1058.184570 1470.043701 1804.022095 1376.647583 1810.209595 1599.994141
105.000000 1012.284668 1466.712646 1016.642029 1249.999512 1694.679688 1600.058105 1688.144653 1376.623413
85.000000 1352.623291 1076.658203 1355.162476 863.315430 2190.770020 1156.813110 2177.063477 916.834412
83.000000 64.989861 393.486145 84.396545 183.123901 766.227234 756.638794 781.661133 513.227295
144.000000 825.962341 386.638916 817.820251 593.378784 1466.278809 573.334351 1466.799438 766.666321
53.000000 1632.212402 329.804871 1836.013916 307.396576 2684.728271 146.780930 2974.844971 104.241936
42.000000 1716.173340 568.164856 1522.936401 504.538818 2720.022217 467.647003 2356.800293 475.886719
44.000000 1476.516724 1536.813599 1676.700806 1527.393188 2513.290283 1675.381226 2863.322021 1672.117432
102.000000 1098.708984 646.623352 1105.415527 446.624725 1801.469971 770.037781 1796.873535 543.396729
73.000000 1554.186157 1259.973633 1555.445190 1459.986694 2531.194824 1336.226685 2555.859131 1590.078491
112.000000 1341.643433 1076.665649 1341.768555 876.663574 2176.202148 1153.366089 2160.895020 936.603455
41.000000 1103.113403 1555.570190 1300.287109 1545.783203 1753.410156 1691.787720 2126.659424 1686.186523
154.000000 981.259827 790.049622 973.523438 986.542908 1660.999756 989.917969 1664.407715 1169.916504
66.000000 1639.226807 342.930786 1832.436401 321.798981 2698.178223 163.746414 2961.908203 126.559494
111.000000 1331.405640 1270.014404 1329.424561 1463.361572 2181.574219 1373.234863 2195.354492 1593.415405
128.000000 1347.675537 733.335876 1348.158813 539.995422 2154.268555 773.268127 2139.885010 566.907043
247.000000 597.745850 770.057190 587.680664 960.053711 1239.280762 969.995667 1238.376953 1120.010254
132.000000 768.387451 302.705261 946.714050 363.192322 1393.169678 512.921753 1596.642456 515.572632
45.000000 183.301407 1662.790039 3.335225 1673.365479 893.335449 1764.206909 546.670776 1765.042358
72.000000 1646.524048 362.133545 1823.074219 341.153198 2701.853760 186.212616 2955.299316 150.339218
171.000000 603.224487 236.942200 768.387451 302.705261 1219.897583 501.637390 1393.169678 512.921753
213.000000 595.991577 956.808411 605.411499 780.110779 1245.401245 1120.033447 1247.985840 960.021301
223.000000 326.056427 961.253906 501.168610 984.548767 999.949097 1170.840332 1156.755005 1172.752441
214.000000 530.140869 526.150391 360.069397 479.745667 1160.032471 768.755310 1000.054199 764.587219
227.000000 500.576294 972.546692 326.910797 948.254761 1153.344116 1160.614624 996.666687 1159.993042
216.000000 854.229736 429.891998 846.544373 603.327942 1491.966309 609.976624 1493.867676 769.993652
151.000000 1340.290161 553.335938 1338.736450 726.685242 2134.602783 586.582336 2146.784668 769.992188
250.000000 358.770355 490.944611 525.107727 538.756775 1009.908386 775.481262 1159.777954 781.872437
210.000000 483.207092 1181.713135 316.463287 1169.426880 1156.958008 1341.886963 996.803162 1347.341675
127.000000 1616.205688 803.343323 1612.593506 636.610474 2618.525391 773.469177 2599.476318 566.714905
252.000000 1611.656372 1293.328979 1612.093994 1460.003296 2661.513672 1440.162476 2674.608887 1586.850342
200.000000 531.344727 499.876495 541.488708 336.552094 1162.218140 763.303101 1166.649414 599.999512
98.000000 1624.222290 1090.003540 1623.989136 926.660950 2656.775635 1156.655640 2633.628418 926.972839
292.000000 699.988525 1093.516235 859.985168 1103.569458 1236.651733 1252.749756 1376.645020 1249.156982
294.000000 399.200958 946.390503 409.889465 786.436523 1071.096924 1153.289429 1073.848877 1013.277954
221.000000 1606.608521 950.000854 1608.934814 1110.015503 2647.484375 999.916565 2663.479248 1156.651733
280.000000 320.057312 1175.953247 476.783417 1188.547119 1000.001526 1352.937500 1143.332642 1353.496704
86.000000 1108.316162 509.949005 1103.570312 666.673828 1805.005737 533.347229 1807.013306 773.358337
150.000000 1606.415039 646.667664 1607.023193 799.998596 2579.282959 600.070740 2597.354492 783.265503
124.000000 1246.821045 1208.133911 1096.744751 1195.723145 2043.339844 1312.266602 1833.332031 1312.871826
120.000000 1093.401978 1308.328613 1243.422607 1314.492798 1836.641479 1430.694092 2046.685913 1428.694092
119.000000 1093.302490 1381.721436 1243.373779 1384.412354 1839.972900 1507.647827 2053.316406 1505.188599
122.000000 1093.363403 1345.393799 1243.358398 1348.941040 1839.989258 1469.092407 2049.999268 1466.598877
235.000000 908.508667 826.724243 903.923523 973.351807 1577.310791 969.992676 1579.051880 1123.344116
118.000000 1093.331055 1456.478271 1240.016724 1454.741821 1843.322021 1585.732056 2056.664551 1583.162109
142.000000 1296.819580 469.575775 1159.919800 420.222504 2043.300049 511.145844 1849.936279 505.522705
130.000000 1246.624634 1197.097900 1103.031250 1183.098755 2043.352295 1300.857300 1840.005249 1299.304932
287.000000 647.503784 540.041870 654.674316 396.733765 1277.438965 760.017334 1280.588989 619.863403
131.000000 1099.887451 1272.156372 1240.027710 1279.468994 1839.992554 1392.246704 2043.339111 1390.845215
103.000000 1896.781860 1232.833008 1756.707886 1228.626343 3070.237061 1275.687622 2846.458984 1285.014771
222.000000 526.320679 184.226807 403.355377 136.609756 919.932861 478.598602 1076.757690 484.046143
166.000000 1914.271729 689.975952 1917.604370 820.061401 3028.509277 549.758179 3051.269531 723.166687
189.000000 1308.648193 495.849701 1431.023193 537.043579 2099.901611 533.049866 2266.682861 535.618896
116.000000 1850.032349 301.194275 1723.872314 298.071289 2876.678467 82.521324 2671.926758 145.421417
104.000000 1893.357178 1242.485352 1766.696899 1238.925659 3069.947998 1288.617065 2846.554443 1297.015015
129.000000 1323.322876 1489.671265 1446.743408 1485.747681 2176.629395 1621.215454 2380.017090 1617.644165
295.000000 935.459412 980.086182 940.328308 860.013306 1617.683350 1133.344604 1617.003174 993.331726
251.000000 1103.161865 674.024048 987.033569 645.189026 1806.665039 777.047546 1656.667847 776.395874
135.000000 1555.490723 686.739990 1551.522461 803.498352 2465.277344 586.484863 2483.682861 783.300659
299.000000 703.341858 729.944275 590.111816 712.603149 1366.659546 920.548706 1226.726929 918.720093
146.000000 1850.133423 605.922302 1736.703369 602.211792 2735.888184 512.868713 2922.242188 474.675995
