Keypoint Matches and Line Matches for pairs 3, 14 
3 corresponds to the image ./resources/Data/CastleP19/images/0003.png 
14 corresponds to the image ./resources/Data/CastleP19/images/0014.png 

63.000000 966.808838 806.742981 2984.520996 770.174561
151.000000 2825.524414 899.748047 133.352005 840.480408
190.000000 2785.495117 549.768311 234.477203 443.489563
119.000000 2195.758789 1496.935791 2750.116455 1493.541382
309.000000 1638.076660 753.281677 1811.635254 693.327087
476.000000 2977.207764 662.193054 109.563248 606.881775
350.000000 2579.906006 316.831818 2539.924072 390.313965
653.000000 1594.000000 586.000000 1216.000000 275.000000
1146.000000 2363.000000 546.000000 2461.000000 577.000000
994.000000 2579.000000 414.000000 2551.000000 485.000000
839.000000 814.000000 447.000000 3032.000000 406.000000
659.000000 2430.000000 345.000000 2688.000000 372.000000
1042.000000 1268.000000 843.000000 3001.000000 756.000000
846.000000 1499.000000 636.000000 1862.000000 570.000000
1189.000000 1513.000000 639.000000 1881.000000 574.000000
823.000000 2798.000000 556.000000 248.000000 457.000000
1354.000000 3017.000000 1013.000000 15.000000 955.000000

7.000000 1481.400269 1370.022583 1473.524536 696.664429 1850.016846 1656.666626 1849.531616 636.666870
6.000000 1461.340698 696.649597 1469.409180 1330.049927 1837.658081 623.327087 1837.132690 1656.668579
1.000000 155.552948 513.239380 102.667732 1140.224976 500.778198 402.124817 338.127777 1764.310425
58.000000 396.767609 366.275146 943.203674 507.169617 1190.134766 462.552124 1409.922241 500.451111
4.000000 2384.352539 606.586670 2424.673828 1120.156494 2499.925537 633.336975 2554.135010 1740.124023
3.000000 1045.147217 579.645386 1436.538696 673.864868 519.551514 402.701721 1843.476807 622.469177
157.000000 3024.435791 306.395569 2672.157715 419.677612 3070.061768 399.339142 2913.208740 384.664886
143.000000 2756.859131 430.617371 3016.567383 349.681274 2803.225586 421.396942 2966.614502 434.008514
235.000000 3.258390 236.953873 186.305527 284.717377 6.862978 232.152130 119.845558 250.929276
76.000000 2116.193604 1499.559326 2126.913086 1650.219604 2670.921143 1499.284180 2690.791992 1709.925293
15.000000 1002.933899 484.871521 869.914062 450.330872 1049.643188 401.798065 603.352600 313.236206
