Keypoint Matches and Line Matches for pairs 3, 5 
3 corresponds to the image ./resources/Data/CastleP19/images/0003.png 
5 corresponds to the image ./resources/Data/CastleP19/images/0005.png 

0.000000 1542.219849 519.090210 2453.984375 309.774536
2.000000 1493.961060 627.574036 2320.030029 469.028076
581.000000 1100.242432 1682.296509 1783.389160 1730.774658
11.000000 1473.524536 696.664429 2319.234375 553.133301
8.000000 1461.340698 696.649597 2304.145508 537.877258
9.000000 1469.409180 1330.049927 2363.628662 1316.898682
26.000000 155.552948 513.239380 818.434998 629.936462
27.000000 102.667732 1140.224976 795.010498 1206.734741
32.000000 150.074387 1133.339478 835.877869 1196.765991
33.000000 201.253922 513.161743 858.274658 623.265930
34.000000 262.466370 1149.934692 936.444580 1206.659790
35.000000 308.180573 543.447449 954.291504 633.363159
38.000000 926.503662 510.632751 1583.334717 476.624359
39.000000 399.599457 374.888092 1019.969360 457.572662
15.000000 1915.443726 739.910645 2990.784424 489.482697
28.000000 1128.937866 700.029175 1849.270752 636.442444
29.000000 1122.256104 1220.028931 1871.051514 1213.167725
58.000000 572.046509 593.259705 1209.198853 633.323792
59.000000 542.482788 1109.951294 1203.251587 1133.371948
44.000000 1221.133911 1229.980713 2002.397095 1216.710571
45.000000 1225.423706 739.989136 1976.307495 660.016846
30.000000 1400.896240 749.980530 2219.889648 636.227600
31.000000 1403.136353 1236.667603 2258.319092 1210.112549
81.000000 983.451477 1229.847778 1623.333252 1233.256714
40.000000 1493.384399 783.332764 2358.514648 650.114258
41.000000 1498.598389 1243.311401 2401.569824 1209.879272
48.000000 1448.077026 1236.684448 2324.409912 1206.828857
49.000000 1443.843628 779.995239 2285.104004 659.872742
46.000000 1540.521484 1243.372803 2466.309326 1206.695435
47.000000 1534.259888 796.653687 2422.249756 659.818726
22.000000 1884.315552 803.017029 2938.780029 603.487183
23.000000 1902.661621 1246.694458 3011.467041 1179.814941
54.000000 1667.248535 809.822998 2637.252197 660.270630
63.000000 739.916443 473.660645 1363.326294 480.202942
37.000000 274.116577 533.138306 923.395996 626.668823
72.000000 267.560516 713.398499 925.037598 796.614441
73.000000 236.689636 1136.668335 912.212036 1196.737549
64.000000 1020.218872 1213.398315 1640.036499 1215.304810
65.000000 603.857056 1185.513184 1200.030396 1213.890869
280.000000 1045.147217 579.645386 1736.483521 522.178894
378.000000 1436.538696 673.864868 2266.682861 535.618896
70.000000 1149.691528 846.663513 1884.257080 793.296570
71.000000 1146.001953 1209.993286 1900.453003 1200.114624
80.000000 646.501221 1202.552856 1230.000122 1233.555908
77.000000 996.543091 1225.239868 1626.666626 1226.666626
42.000000 1195.818115 716.624146 1936.729980 639.997192
92.000000 929.670471 996.559082 1620.997559 987.359680
93.000000 932.189636 676.631409 1606.077637 650.026062
116.000000 4.731541 1583.145996 726.717651 1613.163818
117.000000 34.128201 1279.431641 740.998596 1336.546143
235.000000 456.772583 436.272064 1079.975220 503.759583
118.000000 3.337907 1613.498413 713.305176 1642.006348
119.000000 303.292297 1605.185547 989.988831 1636.139771
120.000000 315.966858 1290.143677 991.208069 1336.682983
121.000000 300.500763 1573.542603 987.515442 1610.011475
102.000000 1139.409302 1136.659180 1889.684082 1123.345825
103.000000 1142.973755 853.328796 1876.996460 803.320251
328.000000 496.989960 1116.691895 1159.153809 1163.326050
1231.000000 518.348755 843.464844 1158.000000 874.000000
194.000000 43.340744 1246.527832 750.000000 1306.666626
195.000000 316.607056 1261.116455 983.333313 1306.666626
180.000000 19.955147 1567.638672 739.990723 1599.377441
181.000000 289.984344 1562.509521 976.654419 1595.845825
176.000000 309.997314 1266.720093 986.666687 1313.422729
177.000000 43.168716 1253.264404 746.666687 1313.457886
184.000000 30.006956 1432.672974 743.330627 1476.325806
185.000000 296.679138 1435.482300 979.982117 1474.430786
381.000000 23.325558 1522.194824 739.979797 1558.320190
192.000000 36.635059 1388.089722 746.662415 1435.884766
193.000000 300.060547 1393.940674 980.006958 1434.610352
57.000000 1396.573364 637.043335 2189.948486 504.942719
214.000000 303.555664 1251.689087 976.709473 1299.627563
215.000000 49.983799 1240.362793 753.318481 1301.145874
216.000000 49.993568 1300.170654 753.327576 1355.576904
217.000000 300.015411 1309.590942 976.672302 1354.398804
218.000000 46.641460 1344.158691 753.328796 1395.652466
219.000000 296.713623 1351.795776 976.672546 1394.651367
142.000000 683.442322 750.002747 1331.123779 773.314026
143.000000 689.740967 499.993469 1326.717529 516.665771
398.000000 359.596130 686.833618 1006.595886 759.998047
228.000000 111.765877 1133.478394 802.596191 1199.969727
229.000000 131.481522 893.455017 811.480591 983.394043
122.000000 940.011475 1246.471802 1563.333618 1256.928467
123.000000 699.862793 1232.330444 1289.996460 1257.278442
150.000000 1074.785522 1563.289062 1831.719360 1600.047729
151.000000 1080.352417 1326.596558 1824.231689 1346.640137
160.000000 971.860962 576.707520 1646.176147 533.239136
161.000000 966.808838 806.742981 1654.352295 779.966248
273.000000 1254.004395 1186.674438 2042.862183 1166.834106
394.000000 767.038879 1106.913940 1446.629761 1124.147705
182.000000 1081.948120 1163.300903 1816.412231 1153.339844
183.000000 1087.023071 946.596924 1810.209961 917.584839
124.000000 1755.564087 1256.708252 2795.736328 1196.772217
125.000000 1747.517822 1043.175659 2765.082764 926.468262
172.000000 1098.855225 599.960022 1805.005737 533.347229
173.000000 1091.404785 813.265991 1807.013306 773.358337
1408.000000 1258.214722 1343.295654 2058.000000 1344.000000
135.000000 1259.859253 1556.616333 2068.506104 1596.554077
242.000000 696.338501 513.322998 1334.559326 529.983582
243.000000 689.742065 723.325256 1337.368286 739.990601
460.000000 1065.385742 1349.990967 1808.843750 1363.106445
178.000000 1255.611694 646.660400 2009.111206 546.504578
179.000000 1256.182495 853.334656 2024.806641 783.235657
282.000000 319.332581 1126.868652 987.671082 1180.030884
283.000000 334.741669 923.440002 993.620483 986.675476
137.000000 327.317017 1110.308716 995.469604 1163.378784
553.000000 47.322510 816.474609 746.685425 910.705383
212.000000 1058.641968 1363.301880 1804.022095 1376.647583
213.000000 1054.004395 1563.348877 1810.209595 1599.994141
252.000000 823.859314 753.196472 1485.679565 753.323486
253.000000 833.604065 553.346558 1487.773682 543.344360
148.000000 1576.569702 1019.957581 2498.858398 926.511719
149.000000 1577.862061 1219.970703 2516.759521 1179.757812
170.000000 1358.813354 1186.671387 2190.770020 1156.813110
171.000000 1358.016235 986.674561 2177.063477 916.834412
1434.000000 1068.575684 963.432007 1792.000000 929.000000
585.000000 1573.819580 916.589844 2486.642334 787.570312
69.000000 147.921707 1070.102783 831.416870 1140.054565
288.000000 809.638000 579.987610 1466.278809 573.334351
289.000000 803.120422 769.992676 1466.799438 766.666321
205.000000 1092.223267 609.962036 1796.873535 543.396729
106.000000 1740.847168 428.318268 2684.728271 146.780930
365.000000 50.797165 1076.732178 748.360901 1153.406494
366.000000 66.144447 889.957092 755.703369 983.291748
82.000000 1050.080444 1645.276245 1753.410156 1691.787720
543.000000 967.017334 936.679443 1666.683594 919.337402
224.000000 1347.633911 1186.693604 2176.202148 1153.366089
225.000000 1345.508911 999.975220 2160.895020 936.603455
166.000000 90.161430 640.015503 766.227234 756.638794
196.000000 1658.142578 1210.037231 2656.775635 1156.655640
197.000000 1654.530396 1030.042847 2633.628418 926.972839
256.000000 1348.516357 863.339233 2154.268555 773.268127
257.000000 1347.797363 683.328796 2139.885010 566.907043
264.000000 753.220215 508.334991 1393.169678 512.921753
265.000000 929.664124 548.173584 1596.642456 515.572632
174.000000 773.469238 482.774170 1403.346191 482.679626
425.000000 585.247803 1103.438110 1245.401245 1120.033447
426.000000 594.740967 930.077087 1247.985840 960.021301
401.000000 352.258392 686.826355 1000.161438 760.004578
402.000000 364.286346 516.734070 1004.773438 596.707336
320.000000 456.447479 424.170654 1086.710571 492.293945
342.000000 590.125732 462.877533 1219.897583 501.637390
504.000000 1651.540283 1549.960938 2674.608887 1586.850342
453.000000 493.499298 1121.498291 1153.344116 1160.614624
454.000000 329.996094 1106.709961 996.666687 1159.993042
445.000000 330.673645 1118.820801 999.949097 1170.840332
446.000000 493.948120 1132.839722 1156.755005 1172.752441
36.000000 228.258621 1133.438110 904.113586 1193.359863
493.000000 586.208374 939.975464 1239.280762 969.995667
494.000000 577.458008 1103.375732 1238.376953 1120.010254
302.000000 1339.955078 696.667053 2134.602783 586.582336
303.000000 1341.411499 859.987427 2146.784668 769.992188
254.000000 1643.937256 913.311218 2618.525391 773.469177
787.000000 1638.076660 753.281677 2594.000000 569.000000
427.000000 517.363708 722.926331 1160.032471 768.755310
428.000000 359.951935 693.591187 1000.054199 764.587219
248.000000 1246.775635 1314.561035 2043.339844 1312.266602
249.000000 1090.011475 1306.444092 1833.332031 1312.871826
419.000000 479.885834 1309.189697 1156.958008 1341.886963
420.000000 323.238220 1302.102295 996.803162 1347.341675
238.000000 1086.665405 1480.752930 1839.972900 1507.647827
239.000000 1243.337402 1481.026489 2053.316406 1505.188599
499.000000 362.432892 704.367615 1009.908386 775.481262
500.000000 515.447571 735.913330 1159.777954 781.872437
260.000000 1246.835205 1303.937134 2043.352295 1300.857300
261.000000 1096.584717 1294.661133 1840.005249 1299.304932
558.000000 323.423431 1308.148438 1000.001526 1352.937500
559.000000 473.392731 1315.446289 1143.332642 1353.496704
431.000000 835.254883 619.951904 1491.966309 609.976624
432.000000 830.144409 770.004944 1493.867676 769.993652
300.000000 1632.363525 763.358215 2579.282959 600.070740
301.000000 1636.208740 913.345093 2597.354492 783.265503
284.000000 1286.720093 619.784180 2043.300049 511.145844
285.000000 1143.116699 584.207825 1849.936279 505.522705
400.000000 530.772217 553.384338 1166.649414 599.999512
206.000000 1936.680542 1322.311890 3070.237061 1275.687622
207.000000 1790.004761 1321.846313 2846.458984 1285.014771
299.000000 1874.479004 682.580139 2914.190918 435.984924
469.000000 893.496948 973.338562 1577.310791 969.992676
470.000000 888.923523 1116.632324 1579.051880 1123.344116
587.000000 424.306366 963.395081 1073.848877 1013.277954
572.000000 633.268127 730.160767 1277.438965 760.017334
573.000000 639.671509 599.983826 1280.588989 619.863403
332.000000 1943.603027 789.700928 3028.509277 549.758179
333.000000 1947.771362 916.765320 3051.269531 723.166687
311.000000 466.498871 427.340729 1099.989258 493.806091
343.000000 1066.654907 1586.306396 1819.987305 1626.039917
344.000000 1193.404419 1582.187378 1993.316895 1622.524048
562.000000 1001.459167 1553.289429 1745.372314 1590.034668
563.000000 1004.426636 1426.614136 1741.540283 1446.803833
415.000000 1363.333374 1053.333374 2187.898193 996.591003
416.000000 1363.333374 1180.000000 2197.732178 1156.601196
334.000000 1875.866211 1663.355469 3009.865234 1743.348389
335.000000 1872.362427 1536.785767 2990.478271 1570.319946
501.000000 1092.953247 822.319824 1806.665039 777.047546
502.000000 970.184509 802.207153 1656.667847 776.395874
411.000000 1796.245361 1539.544312 2883.642822 1576.634277
412.000000 1802.137085 1663.390259 2900.402100 1736.973022
94.000000 1773.295776 1622.690430 2853.343750 1684.155151
849.000000 459.914154 1321.736450 1134.000000 1358.000000
1374.000000 1656.622925 1616.976562 2641.000000 1668.000000
89.000000 1780.026855 1615.189819 2863.322021 1672.117432
588.000000 921.153381 1120.052002 1617.683350 1133.344604
589.000000 926.571228 999.845459 1617.003174 993.331726
233.000000 1736.420288 425.794678 2671.926758 145.421417
1379.000000 746.032898 746.782166 1403.000000 749.000000
208.000000 1933.340210 1333.126831 3069.947998 1288.617065
293.000000 1876.608276 712.863892 2922.242188 474.675995
109.000000 766.302612 501.424988 1396.664917 503.407776
310.000000 653.517517 472.612457 1279.972412 497.885559
317.000000 1562.013550 527.639099 2473.695801 334.906128
937.000000 1293.532837 1543.334717 2107.000000 1582.000000
1064.000000 1642.759766 1553.323486 2644.000000 1577.000000
503.000000 1642.353149 1440.003540 2661.513672 1440.162476
1026.000000 916.780823 932.478943 1599.000000 922.000000
296.000000 1780.049805 1324.257812 2836.730225 1292.535645
376.000000 1669.831055 1330.199707 2673.504639 1312.768433
1538.000000 1297.002319 853.335327 2064.000000 770.000000
451.000000 1080.003418 1567.606934 1830.013794 1604.347412
452.000000 969.992676 1568.012695 1673.330688 1606.472534
16.000000 390.022858 353.245880 1003.395264 437.954987
550.000000 1363.280640 1193.880615 2190.009766 1162.237915
551.000000 1256.640625 1183.603638 2046.658203 1160.945312
495.000000 1086.461060 1172.518799 1816.667969 1163.725830
496.000000 979.959778 1163.826172 1666.658325 1164.242798
850.000000 490.000000 348.000000 1155.000000 412.000000
1107.000000 1031.000000 1456.000000 1776.000000 1481.000000
1255.000000 296.000000 168.000000 1022.000000 296.000000
777.000000 999.000000 709.000000 1694.000000 672.000000
616.000000 1841.000000 1224.000000 2916.000000 1151.000000
744.000000 1039.000000 1065.000000 1763.000000 1050.000000
851.000000 311.000000 1235.000000 984.000000 1282.000000
926.000000 781.000000 596.000000 1436.000000 595.000000
808.000000 993.000000 1060.000000 1706.000000 1050.000000
873.000000 1276.000000 1458.000000 2101.000000 1478.000000
904.000000 1037.000000 996.000000 1759.000000 976.000000
943.000000 415.000000 515.000000 1058.000000 586.000000
603.000000 1792.000000 967.000000 2820.000000 822.000000
778.000000 1782.000000 682.000000 2779.000000 456.000000
872.000000 983.000000 1488.000000 1719.000000 1516.000000
793.000000 1614.000000 777.000000 2554.000000 619.000000
690.000000 1616.000000 883.000000 2566.000000 750.000000
671.000000 525.000000 483.000000 1157.000000 534.000000
675.000000 1848.000000 1070.000000 2910.000000 946.000000
617.000000 373.000000 741.000000 1022.000000 807.000000
1185.000000 1783.000000 1090.000000 2820.000000 984.000000
599.000000 1836.000000 1091.000000 2895.000000 976.000000
1416.000000 1823.000000 1094.000000 2877.000000 982.000000
1521.000000 1619.000000 1068.000000 2587.000000 979.000000
915.000000 700.000000 964.000000 1367.000000 983.000000
634.000000 1791.000000 936.000000 2816.000000 781.000000
1025.000000 769.000000 1057.000000 1448.000000 1070.000000
723.000000 698.000000 1027.000000 1369.000000 1047.000000
1303.000000 1830.000000 923.000000 2870.000000 756.000000
1192.000000 1797.000000 1121.000000 2843.000000 1020.000000
931.000000 1833.000000 667.000000 2847.000000 423.000000
1076.000000 1842.000000 1241.000000 2918.000000 1174.000000
1143.000000 571.000000 1187.000000 1159.000000 1221.000000
1068.000000 1629.000000 1462.000000 2634.000000 1474.000000
1347.000000 1261.000000 1389.000000 2073.000000 1398.000000
752.000000 1043.000000 776.000000 1751.000000 736.000000
1199.000000 1802.000000 1254.000000 2863.000000 1195.000000
1438.000000 770.000000 1035.000000 1429.000000 1039.000000
598.000000 1622.000000 1178.000000 2600.000000 1117.000000
1239.000000 1360.000000 577.000000 2140.000000 444.000000
715.000000 326.000000 1131.000000 994.000000 1183.000000
771.000000 1808.000000 674.000000 2813.000000 439.000000
953.000000 1774.000000 818.000000 2780.000000 633.000000
758.000000 91.000000 674.000000 769.000000 786.000000
602.000000 1276.000000 1389.000000 2096.000000 1398.000000
1138.000000 1318.000000 1029.000000 2128.000000 975.000000
657.000000 1621.000000 1153.000000 2597.000000 1085.000000
695.000000 1830.000000 939.000000 2872.000000 777.000000
1166.000000 1788.000000 1240.000000 2842.000000 1179.000000
1210.000000 974.000000 1119.000000 1684.000000 1116.000000
790.000000 725.000000 717.000000 1380.000000 729.000000
1440.000000 1828.000000 1227.000000 2897.000000 1158.000000
809.000000 1814.000000 1233.000000 2877.000000 1167.000000
1377.000000 982.000000 706.000000 1671.000000 671.000000
1021.000000 1770.000000 685.000000 2761.000000 464.000000
843.000000 239.000000 290.000000 872.000000 413.000000
644.000000 1794.000000 679.000000 2794.000000 449.000000
746.000000 1802.000000 1271.000000 2865.000000 1218.000000
971.000000 982.000000 1551.000000 1721.000000 1587.000000
1493.000000 1317.000000 1458.000000 2157.000000 1477.000000
1036.000000 1849.000000 1087.000000 2912.000000 969.000000
869.000000 1809.000000 1083.000000 2854.000000 970.000000
663.000000 1253.000000 518.000000 2040.000000 405.000000
954.000000 698.000000 1048.000000 1369.000000 1070.000000
1348.000000 981.000000 735.000000 1671.000000 702.000000
1075.000000 1616.000000 858.000000 2563.000000 719.000000
676.000000 1804.000000 948.000000 2834.000000 795.000000
680.000000 1032.000000 1382.000000 1774.000000 1400.000000
836.000000 1820.000000 656.000000 2829.000000 412.000000
796.000000 1819.000000 641.000000 2827.000000 393.000000
1247.000000 1045.000000 652.000000 1747.000000 601.000000
1012.000000 1813.000000 806.000000 2833.000000 608.000000
1011.000000 1562.000000 501.000000 2467.000000 298.000000
693.000000 1279.000000 1024.000000 2074.000000 975.000000
1015.000000 726.000000 686.000000 1380.000000 697.000000
936.000000 522.000000 748.000000 1165.000000 792.000000
1532.000000 495.000000 761.000000 1139.000000 808.000000
834.000000 1589.000000 1175.000000 2547.000000 1116.000000
1269.000000 358.000000 738.000000 1008.000000 807.000000
1516.000000 759.000000 974.000000 1432.000000 986.000000
1180.000000 983.000000 638.000000 1669.000000 599.000000
963.000000 1317.000000 1488.000000 2159.000000 1512.000000
982.000000 503.000000 868.000000 1152.000000 912.000000
969.000000 1043.000000 747.000000 1751.000000 704.000000
1454.000000 142.000000 264.000000 795.000000 409.000000
1274.000000 119.000000 258.000000 768.000000 408.000000
1009.000000 1000.000000 642.000000 1692.000000 599.000000
729.000000 1824.000000 1111.000000 2879.000000 1005.000000
768.000000 1020.000000 1536.000000 1767.000000 1570.000000
1070.000000 1769.000000 671.000000 2759.000000 446.000000
660.000000 378.000000 1061.000000 1046.000000 1112.000000
1060.000000 442.000000 1032.000000 1107.000000 1078.000000
719.000000 1831.000000 638.000000 2842.000000 385.000000
1382.000000 371.000000 804.000000 1024.000000 867.000000
1096.000000 475.000000 1310.000000 1145.000000 1347.000000
1266.000000 1779.000000 971.000000 2801.000000 829.000000
918.000000 346.000000 717.000000 996.000000 788.000000
647.000000 1826.000000 818.000000 2853.000000 620.000000
1350.000000 385.000000 910.000000 1050.000000 967.000000
1360.000000 1829.000000 1262.000000 2902.000000 1203.000000
610.000000 1621.000000 1127.000000 2594.000000 1053.000000
615.000000 292.000000 304.000000 920.000000 414.000000
818.000000 1784.000000 1124.000000 2824.000000 1027.000000
665.000000 1815.000000 1268.000000 2882.000000 1212.000000
1159.000000 936.000000 1604.000000 1630.000000 1646.000000
1234.000000 777.000000 696.000000 1437.000000 699.000000
1155.000000 1835.000000 1074.000000 2892.000000 953.000000
1232.000000 440.000000 1067.000000 1106.000000 1112.000000
1359.000000 913.000000 474.000000 1563.000000 441.000000
1033.000000 314.000000 502.000000 957.000000 593.000000
795.000000 32.000000 237.000000 644.000000 406.000000
1031.000000 1038.000000 1125.000000 1765.000000 1116.000000
1339.000000 866.000000 461.000000 1508.000000 440.000000
650.000000 776.000000 727.000000 1437.000000 730.000000
797.000000 444.000000 997.000000 1107.000000 1044.000000
820.000000 1559.000000 604.000000 2487.000000 424.000000
973.000000 983.000000 1520.000000 1720.000000 1552.000000
888.000000 315.000000 1130.000000 984.000000 1182.000000
1228.000000 715.000000 421.000000 1339.000000 433.000000
709.000000 1804.000000 964.000000 2837.000000 815.000000
1078.000000 1840.000000 1206.000000 2913.000000 1129.000000
1385.000000 1029.000000 1550.000000 1780.000000 1585.000000
1410.000000 403.000000 1184.000000 1070.000000 1228.000000
1215.000000 23.000000 1129.000000 726.000000 1202.000000
1173.000000 1860.000000 1386.000000 2959.000000 1367.000000
1288.000000 1373.000000 1050.000000 2204.000000 992.000000
871.000000 1787.000000 830.000000 2800.000000 644.000000
1549.000000 1535.000000 599.000000 2448.000000 423.000000
951.000000 1320.000000 827.000000 2117.000000 741.000000
886.000000 1044.000000 719.000000 1749.000000 673.000000
748.000000 1546.000000 583.000000 2465.000000 401.000000
637.000000 1794.000000 693.000000 2796.000000 467.000000
1544.000000 1818.000000 942.000000 2854.000000 784.000000
968.000000 814.000000 447.000000 1448.000000 437.000000
1281.000000 746.000000 1159.000000 1392.000000 1177.000000
779.000000 414.000000 1488.000000 1099.000000 1523.000000
1152.000000 1775.000000 833.000000 2782.000000 652.000000
813.000000 1317.000000 1056.000000 2130.000000 1007.000000
612.000000 985.000000 1381.000000 1716.000000 1400.000000
629.000000 1831.000000 955.000000 2874.000000 797.000000
631.000000 1546.000000 601.000000 2467.000000 423.000000
1369.000000 421.000000 716.000000 1066.000000 777.000000
864.000000 1769.000000 656.000000 2758.000000 427.000000
770.000000 1832.000000 653.000000 2845.000000 404.000000
751.000000 279.000000 174.000000 1082.000000 300.000000
840.000000 401.000000 1472.000000 1086.000000 1508.000000
769.000000 466.000000 669.000000 1114.000000 724.000000
640.000000 1278.000000 1146.000000 2082.000000 1115.000000
847.000000 1038.000000 1095.000000 1764.000000 1083.000000
692.000000 426.000000 331.000000 1045.000000 409.000000
1241.000000 506.000000 755.000000 1156.000000 809.000000
1482.000000 1843.000000 935.000000 2889.000000 770.000000
1030.000000 740.000000 380.000000 1418.000000 387.000000
654.000000 1854.000000 1220.000000 2934.000000 1145.000000
802.000000 1081.000000 1210.000000 1819.000000 1207.000000
1073.000000 350.000000 1488.000000 1037.000000 1523.000000
664.000000 410.000000 591.000000 1057.000000 659.000000
662.000000 358.000000 1364.000000 1040.000000 1404.000000
1235.000000 513.000000 1240.000000 1172.000000 1272.000000
1363.000000 777.000000 973.000000 1452.000000 983.000000
1342.000000 1796.000000 1086.000000 2838.000000 977.000000
842.000000 447.000000 918.000000 1109.000000 967.000000
651.000000 991.000000 990.000000 1703.000000 975.000000
798.000000 1773.000000 787.000000 2794.000000 587.000000
1221.000000 90.000000 891.000000 776.000000 981.000000
684.000000 768.000000 1080.000000 1448.000000 1094.000000
661.000000 998.000000 768.000000 1696.000000 734.000000
1216.000000 892.000000 981.000000 1576.000000 978.000000
704.000000 348.000000 808.000000 1002.000000 875.000000
621.000000 1842.000000 1258.000000 2921.000000 1197.000000
1151.000000 1818.000000 958.000000 2856.000000 805.000000
941.000000 1319.000000 711.000000 2108.000000 608.000000
1042.000000 455.000000 811.000000 1103.000000 863.000000
1312.000000 1197.000000 638.000000 1934.000000 554.000000
767.000000 1584.000000 876.000000 2514.000000 748.000000
721.000000 1279.000000 1089.000000 2078.000000 1050.000000
1562.000000 1320.000000 852.000000 2119.000000 771.000000
812.000000 1622.000000 1202.000000 2603.000000 1149.000000
1027.000000 1663.000000 746.000000 2624.000000 572.000000
883.000000 473.000000 1163.000000 1137.000000 1203.000000
1462.000000 1617.000000 906.000000 2569.000000 780.000000
917.000000 1253.000000 498.000000 2039.000000 383.000000
646.000000 1317.000000 1390.000000 2152.000000 1397.000000
1059.000000 44.000000 1130.000000 744.000000 1202.000000
1275.000000 1268.000000 522.000000 2060.000000 407.000000
656.000000 716.000000 968.000000 1385.000000 985.000000
1514.000000 1146.000000 699.000000 1871.000000 632.000000
895.000000 1281.000000 703.000000 2055.000000 607.000000
756.000000 1800.000000 826.000000 2816.000000 638.000000
908.000000 1809.000000 1100.000000 2857.000000 992.000000
1109.000000 753.000000 1070.000000 1430.000000 1086.000000
1526.000000 976.000000 988.000000 1680.000000 975.000000
743.000000 1797.000000 1103.000000 2840.000000 999.000000
945.000000 1860.000000 1403.000000 2962.000000 1390.000000
998.000000 1796.000000 1442.000000 2890.000000 1438.000000
720.000000 1807.000000 659.000000 2811.000000 420.000000
1124.000000 1778.000000 940.000000 2798.000000 789.000000
902.000000 1276.000000 1488.000000 2102.000000 1513.000000
764.000000 1582.000000 769.000000 2503.000000 618.000000
906.000000 1320.000000 800.000000 2115.000000 710.000000
633.000000 999.000000 738.000000 1695.000000 703.000000
1265.000000 1871.000000 1348.000000 2968.000000 1314.000000
965.000000 644.000000 1227.000000 1230.000000 1255.000000
1553.000000 1221.000000 645.000000 1965.000000 556.000000
879.000000 104.000000 382.000000 770.000000 522.000000
1397.000000 1856.000000 1254.000000 2939.000000 1191.000000
893.000000 352.000000 1450.000000 1038.000000 1488.000000
1022.000000 980.000000 764.000000 1672.000000 733.000000
1467.000000 948.000000 1177.000000 1551.000000 1181.000000
1008.000000 1855.000000 1237.000000 2937.000000 1168.000000
1460.000000 1783.000000 1107.000000 2822.000000 1005.000000
845.000000 1030.000000 1487.000000 1777.000000 1516.000000
697.000000 468.000000 636.000000 1115.000000 692.000000
1082.000000 1312.000000 1098.000000 2119.000000 1059.000000
733.000000 1729.000000 385.000000 2681.000000 99.000000
1551.000000 721.000000 353.000000 1396.000000 363.000000
1007.000000 1584.000000 900.000000 2517.000000 778.000000
1285.000000 1651.000000 953.000000 2623.000000 831.000000
972.000000 991.000000 1151.000000 1709.000000 1149.000000
1084.000000 692.000000 933.000000 1351.000000 952.000000
780.000000 380.000000 1025.000000 1047.000000 1077.000000
1062.000000 1310.000000 887.000000 2103.000000 811.000000
1484.000000 1789.000000 1275.000000 2846.000000 1224.000000
738.000000 1781.000000 667.000000 2777.000000 438.000000
1149.000000 1804.000000 979.000000 2838.000000 834.000000
1529.000000 1284.000000 409.000000 2057.000000 274.000000
1245.000000 1031.000000 1222.000000 1684.000000 1224.000000
884.000000 1791.000000 952.000000 2818.000000 801.000000
1284.000000 963.000000 900.000000 1656.000000 882.000000
1415.000000 587.000000 803.000000 1234.000000 836.000000
935.000000 1807.000000 644.000000 2809.000000 401.000000
1174.000000 1778.000000 955.000000 2800.000000 809.000000
1488.000000 1752.000000 404.000000 2711.000000 113.000000
1349.000000 1823.000000 1077.000000 2875.000000 960.000000
1079.000000 351.000000 1237.000000 1021.000000 1282.000000
1046.000000 1628.000000 779.000000 2576.000000 620.000000
292.000000 1753.000000 719.000000 2735.888184 512.868713
1566.000000 1307.000000 1248.000000 2123.000000 1230.000000
1586.000000 590.000000 942.000000 1244.000000 974.000000
1515.000000 574.000000 578.000000 1210.000000 617.000000
649.000000 1595.000000 1461.000000 2580.000000 1475.000000
1555.000000 758.000000 1160.000000 1351.000000 1178.000000
1568.000000 1828.000000 1211.000000 2894.000000 1135.000000
994.000000 1792.000000 982.000000 2822.000000 841.000000
759.000000 702.000000 371.000000 1376.000000 386.000000
859.000000 855.000000 936.000000 1526.000000 935.000000
1240.000000 1358.000000 1230.000000 2195.000000 1207.000000
823.000000 1630.000000 1515.000000 2640.000000 1543.000000
900.000000 416.000000 1451.000000 1099.000000 1487.000000
1137.000000 1863.000000 1455.000000 2950.000000 1453.000000
703.000000 475.000000 528.000000 1116.000000 587.000000
635.000000 992.000000 1090.000000 1707.000000 1083.000000
652.000000 1281.000000 765.000000 2059.000000 678.000000
1238.000000 1081.000000 951.000000 1802.000000 920.000000
689.000000 292.000000 294.000000 986.000000 406.000000
1450.000000 1404.000000 1606.000000 2322.000000 1648.000000
755.000000 894.000000 944.000000 1576.000000 938.000000
1328.000000 837.000000 828.000000 1503.000000 824.000000
1321.000000 1059.000000 1638.000000 1765.000000 1686.000000
1346.000000 1622.000000 944.000000 2560.000000 819.000000
1307.000000 1025.000000 1236.000000 1679.000000 1239.000000
990.000000 1768.000000 1162.000000 2801.000000 1079.000000
1092.000000 1281.000000 819.000000 2063.000000 740.000000
1123.000000 571.000000 953.000000 1226.000000 988.000000
467.000000 22.000000 1291.000000 733.341675 1347.388672
1108.000000 1820.000000 671.000000 2831.000000 431.000000
1300.000000 1018.000000 1303.000000 1746.000000 1312.000000
1481.000000 1072.000000 1654.000000 1781.000000 1712.000000
736.000000 1804.000000 933.000000 2832.000000 775.000000
686.000000 772.000000 1160.000000 1470.000000 1177.000000
1286.000000 986.000000 1283.000000 1662.000000 1304.000000
1172.000000 343.000000 1152.000000 1010.000000 1202.000000
459.000000 1050.000000 1487.000000 1815.162964 1516.591309
627.000000 1825.000000 803.000000 2851.000000 600.000000
286.000000 379.000000 687.000000 1028.338257 760.032532
825.000000 614.000000 904.000000 1264.000000 933.000000
645.000000 352.000000 845.000000 1007.000000 909.000000
1040.000000 1837.000000 1444.000000 2924.000000 1441.000000
1120.000000 1488.000000 769.000000 2379.000000 642.000000
1567.000000 709.000000 580.000000 1355.000000 593.000000
1193.000000 1499.000000 636.000000 2327.000000 477.000000
1477.000000 986.000000 1349.000000 1715.000000 1366.000000
966.000000 1600.000000 830.000000 2560.000000 689.000000
1045.000000 1837.000000 1123.000000 2900.000000 1020.000000
782.000000 324.000000 1151.000000 992.000000 1202.000000
314.000000 1651.000000 1571.000000 2676.659668 1612.552368
639.000000 1810.000000 1117.000000 2859.000000 1014.000000
1271.000000 179.000000 497.000000 838.000000 612.000000
975.000000 1817.000000 927.000000 2852.000000 764.000000
1052.000000 1794.000000 664.000000 2792.000000 430.000000
245.000000 1249.000000 1445.000000 2049.999268 1466.598877
1010.000000 32.000000 184.000000 748.000000 362.000000
673.000000 484.000000 1140.000000 1146.000000 1180.000000
1552.000000 1644.000000 1515.000000 2664.000000 1542.000000
1479.000000 502.000000 847.000000 1150.000000 891.000000
1530.000000 714.000000 1065.000000 1387.000000 1085.000000
1517.000000 443.000000 1014.000000 1108.000000 1060.000000
876.000000 1793.000000 1360.000000 2879.000000 1331.000000
605.000000 1787.000000 814.000000 2798.000000 625.000000
1212.000000 1580.000000 1190.000000 2531.000000 1136.000000
1448.000000 1058.000000 1127.000000 1790.000000 1116.000000
930.000000 532.000000 1135.000000 1206.000000 1171.000000
1465.000000 37.000000 1273.000000 743.000000 1332.000000
762.000000 728.000000 300.000000 1396.000000 309.000000
1407.000000 1630.000000 1489.000000 2637.000000 1508.000000
1018.000000 313.000000 918.000000 973.000000 982.000000
878.000000 637.000000 875.000000 1289.000000 901.000000
996.000000 1083.000000 858.000000 1801.000000 818.000000
887.000000 569.000000 973.000000 1223.000000 1008.000000
1384.000000 1493.000000 1332.000000 2400.000000 1319.000000
85.000000 1513.000000 639.000000 2356.800293 475.886719
960.000000 1320.000000 773.000000 2113.000000 679.000000
711.000000 34.000000 1121.000000 736.000000 1194.000000
1100.000000 1836.000000 1107.000000 2898.000000 998.000000
1378.000000 975.000000 1089.000000 1683.000000 1083.000000
745.000000 421.000000 1365.000000 1101.000000 1404.000000
1279.000000 1312.000000 1072.000000 2134.000000 1024.000000
829.000000 1793.000000 649.000000 2790.000000 411.000000
1131.000000 1266.000000 700.000000 2033.000000 607.000000
740.000000 991.000000 1121.000000 1708.000000 1116.000000
772.000000 1801.000000 1236.000000 2860.000000 1173.000000
632.000000 406.000000 658.000000 1056.000000 691.000000
1451.000000 1336.000000 776.000000 2136.000000 679.000000
1217.000000 1264.000000 452.000000 2043.000000 329.000000
1140.000000 682.000000 1029.000000 1352.000000 1052.000000
1028.000000 1575.000000 577.000000 2504.000000 387.000000
1436.000000 740.000000 398.000000 1419.000000 404.000000
1375.000000 818.000000 975.000000 1490.000000 980.000000
263.000000 1246.000000 1380.000000 2043.339111 1390.845215
464.000000 84.000000 658.000000 763.367310 767.314514
896.000000 1616.000000 1240.000000 2602.000000 1194.000000
997.000000 1262.000000 1458.000000 2078.000000 1479.000000
927.000000 1843.000000 920.000000 2887.000000 750.000000
1090.000000 1857.000000 947.000000 2906.000000 783.000000
862.000000 30.000000 549.000000 720.000000 683.000000
701.000000 1825.000000 788.000000 2849.000000 581.000000
811.000000 1277.000000 1517.000000 2104.000000 1548.000000
710.000000 1831.000000 969.000000 2877.000000 817.000000
1497.000000 806.000000 949.000000 1474.000000 954.000000
916.000000 1788.000000 844.000000 2802.000000 664.000000
1390.000000 713.000000 984.000000 1380.000000 1002.000000
679.000000 1659.000000 1253.000000 2663.000000 1209.000000
1430.000000 697.000000 1071.000000 1370.000000 1093.000000
1333.000000 385.000000 586.000000 1031.000000 658.000000
648.000000 470.000000 603.000000 1115.000000 660.000000
1195.000000 411.000000 743.000000 1057.000000 804.000000
1471.000000 1086.000000 1278.000000 1829.000000 1282.000000
1110.000000 1278.000000 1173.000000 2084.000000 1147.000000
1582.000000 713.000000 1087.000000 1387.000000 1108.000000
867.000000 1834.000000 1057.000000 2890.000000 932.000000
474.000000 1261.000000 1580.000000 2066.683594 1618.064941
763.000000 666.000000 1121.000000 1250.000000 1145.000000
932.000000 1821.000000 1434.000000 2908.000000 1433.000000
962.000000 1276.000000 1361.000000 2093.000000 1364.000000
1029.000000 1266.000000 763.000000 2037.000000 678.000000
1535.000000 1253.000000 1221.000000 2046.000000 1205.000000
1316.000000 1624.000000 983.000000 2567.000000 871.000000
892.000000 1090.000000 843.000000 1809.000000 800.000000
606.000000 1781.000000 653.000000 2775.000000 419.000000
1144.000000 1820.000000 1417.000000 2905.000000 1410.000000
1201.000000 841.000000 538.000000 1494.000000 523.000000
1065.000000 738.000000 948.000000 1408.000000 962.000000
737.000000 720.000000 393.000000 1397.000000 405.000000
741.000000 1069.000000 1210.000000 1803.000000 1207.000000
294.000000 1796.000000 1477.000000 2879.967529 1491.926514
983.000000 1773.000000 803.000000 2779.000000 613.000000
1403.000000 1312.000000 1179.000000 2142.000000 1151.000000
601.000000 1589.000000 1149.000000 2544.000000 1085.000000
1539.000000 1631.000000 885.000000 2588.000000 750.000000
1113.000000 1605.000000 1125.000000 2542.000000 1053.000000
1304.000000 383.000000 619.000000 1031.000000 690.000000
1133.000000 1572.000000 937.000000 2504.000000 828.000000
1318.000000 632.000000 1243.000000 1565.000000 1270.000000
901.000000 1279.000000 1117.000000 2080.000000 1083.000000
1468.000000 1815.000000 1250.000000 2880.000000 1189.000000
828.000000 157.000000 493.000000 819.000000 612.000000
986.000000 417.000000 483.000000 1059.000000 556.000000
241.000000 1248.000000 1411.000000 2046.685913 1428.694092
1392.000000 891.000000 1170.000000 1562.000000 1180.000000
920.000000 1781.000000 1377.000000 2839.000000 1360.000000
1091.000000 756.000000 431.000000 1384.000000 434.000000
1072.000000 1579.000000 1174.000000 2527.000000 1117.000000
1202.000000 1797.000000 420.000000 2763.000000 114.000000
881.000000 1757.000000 869.000000 2757.000000 702.000000
1442.000000 1124.000000 698.000000 1843.000000 634.000000
1186.000000 1582.000000 745.000000 2501.000000 589.000000
1550.000000 1797.000000 1458.000000 2869.000000 1477.000000
638.000000 62.000000 803.000000 748.000000 906.000000
1106.000000 1052.000000 460.000000 1811.000000 394.000000
1177.000000 1657.000000 473.000000 2622.000000 244.000000
1480.000000 1264.000000 1022.000000 2052.000000 974.000000
938.000000 785.000000 1162.000000 1456.000000 1178.000000
1111.000000 1286.000000 516.000000 2080.000000 395.000000
672.000000 1821.000000 685.000000 2833.000000 449.000000
1175.000000 79.000000 691.000000 759.000000 803.000000
526.000000 1381.000000 1325.000000 2210.000000 1311.970581
861.000000 1278.000000 996.000000 2072.000000 942.000000
1472.000000 1636.000000 1179.000000 2623.000000 1116.000000
624.000000 1799.000000 796.000000 2812.000000 599.000000
1389.000000 1038.000000 1155.000000 1766.000000 1149.000000
1114.000000 550.000000 1167.000000 1186.000000 1207.000000
1273.000000 1353.000000 988.000000 2170.000000 923.000000
1522.000000 440.000000 454.000000 1084.000000 525.000000
341.000000 1797.000000 1504.000000 2876.720947 1531.924561
1373.000000 712.000000 775.000000 1359.000000 790.000000
1262.000000 642.000000 762.000000 1284.000000 787.000000
699.000000 1583.000000 827.000000 2509.000000 688.000000
687.000000 1281.000000 792.000000 2061.000000 709.000000
436.000000 1249.000000 1564.000000 2063.339844 1600.435059
688.000000 1016.000000 1624.000000 1763.000000 1667.000000
1270.000000 659.000000 759.000000 1300.000000 783.000000
1329.000000 1819.000000 403.000000 2801.000000 87.000000
1257.000000 593.000000 902.000000 1245.000000 935.000000
613.000000 1627.000000 1400.000000 2627.000000 1396.000000
658.000000 55.000000 773.000000 742.000000 879.000000
287.000000 392.000000 479.000000 1032.098877 566.642639
1343.000000 636.000000 1158.000000 1310.000000 1179.000000
1501.000000 786.000000 837.000000 1444.000000 843.000000

0.000000 1542.219849 519.090210 2.502114 32.630936 2453.984375 309.774536 25.151651 216.157990
1.000000 1493.961060 627.574036 3.690933 241.951355 2320.030029 469.028076 439.968384 411.024780
5.000000 1481.400269 1370.022583 1473.524536 696.664429 2377.931885 1306.568115 2319.234375 553.133301
4.000000 1461.340698 696.649597 1469.409180 1330.049927 2304.145508 537.877258 2363.628662 1316.898682
13.000000 155.552948 513.239380 102.667732 1140.224976 818.434998 629.936462 795.010498 1206.734741
16.000000 150.074387 1133.339478 201.253922 513.161743 835.877869 1196.765991 858.274658 623.265930
17.000000 262.466370 1149.934692 308.180573 543.447449 936.444580 1206.659790 954.291504 633.363159
6.000000 396.767609 366.275146 943.203674 507.169617 910.026978 445.874084 1649.963501 471.071198
19.000000 926.503662 510.632751 399.599457 374.888092 1583.334717 476.624359 1019.969360 457.572662
7.000000 1938.316406 1280.212402 1915.443726 739.910645 3072.468018 1139.689941 2990.784424 489.482697
14.000000 1128.937866 700.029175 1122.256104 1220.028931 1849.270752 636.442444 1871.051514 1213.167725
29.000000 572.046509 593.259705 542.482788 1109.951294 1209.198853 633.323792 1203.251587 1133.371948
22.000000 1221.133911 1229.980713 1225.423706 739.989136 2002.397095 1216.710571 1976.307495 660.016846
15.000000 1400.896240 749.980530 1403.136353 1236.667603 2219.889648 636.227600 2258.319092 1210.112549
37.000000 983.451477 1229.847778 507.106262 1213.699219 1626.666626 1239.999268 1226.662231 1240.652710
20.000000 1493.384399 783.332764 1498.598389 1243.311401 2358.514648 650.114258 2401.569824 1209.879272
24.000000 1448.077026 1236.684448 1443.843628 779.995239 2324.409912 1206.828857 2285.104004 659.872742
23.000000 1540.521484 1243.372803 1534.259888 796.653687 2466.309326 1206.695435 2422.249756 659.818726
11.000000 1884.315552 803.017029 1902.661621 1246.694458 2938.780029 603.487183 3011.467041 1179.814941
27.000000 1667.248535 809.822998 1678.077515 1253.298828 2637.252197 660.270630 2687.807617 1173.549316
31.000000 316.927612 365.644836 739.916443 473.660645 920.063354 464.838837 1363.326294 480.202942
18.000000 241.226410 963.172180 274.116577 533.138306 904.113586 1193.359863 923.395996 626.668823
36.000000 267.560516 713.398499 236.689636 1136.668335 925.037598 796.614441 912.212036 1196.737549
32.000000 1020.218872 1213.398315 603.857056 1185.513184 1640.036499 1215.304810 1200.030396 1213.890869
140.000000 1045.147217 579.645386 1436.538696 673.864868 1736.483521 522.178894 1929.935547 528.606567
35.000000 1149.691528 846.663513 1146.001953 1209.993286 1884.257080 793.296570 1900.453003 1200.114624
38.000000 646.501221 1202.552856 996.543091 1225.239868 1226.666626 1226.666626 1626.666626 1226.666626
21.000000 1195.818115 716.624146 1192.393799 1053.357666 1936.729980 639.997192 1961.381958 1200.085938
46.000000 929.670471 996.559082 932.189636 676.631409 1620.997559 987.359680 1606.077637 650.026062
58.000000 4.731541 1583.145996 34.128201 1279.431641 726.717651 1613.163818 740.998596 1336.546143
117.000000 166.230881 358.290314 456.772583 436.272064 866.589417 491.325165 1079.975220 503.759583
59.000000 3.337907 1613.498413 303.292297 1605.185547 713.305176 1642.006348 989.988831 1636.139771
8.000000 504.033752 380.645142 786.433899 454.226593 1003.395264 437.954987 1620.001221 456.628265
60.000000 315.966858 1290.143677 300.500763 1573.542603 991.208069 1336.682983 987.515442 1610.011475
51.000000 1139.409302 1136.659180 1142.973755 853.328796 1889.684082 1123.345825 1876.996460 803.320251
45.000000 283.422668 1735.079346 3.303330 1749.413696 893.335449 1764.206909 546.670776 1765.042358
164.000000 496.989960 1116.691895 518.348755 843.464844 1159.153809 1163.326050 1160.686890 986.643677
97.000000 43.340744 1246.527832 316.607056 1261.116455 750.000000 1306.666626 983.333313 1306.666626
90.000000 19.955147 1567.638672 289.984344 1562.509521 739.990723 1599.377441 976.654419 1595.845825
88.000000 309.997314 1266.720093 43.168716 1253.264404 986.666687 1313.422729 746.666687 1313.457886
92.000000 30.006956 1432.672974 296.679138 1435.482300 743.330627 1476.325806 979.982117 1474.430786
191.000000 23.325558 1522.194824 290.002563 1520.373657 739.979797 1558.320190 906.662476 1556.317261
96.000000 36.635059 1388.089722 300.060547 1393.940674 746.662415 1435.884766 980.006958 1434.610352
28.000000 1143.102295 574.266296 1396.573364 637.043335 1676.714844 488.495758 2189.948486 504.942719
107.000000 303.555664 1251.689087 49.983799 1240.362793 976.709473 1299.627563 753.318481 1301.145874
108.000000 49.993568 1300.170654 300.015411 1309.590942 753.327576 1355.576904 976.672302 1354.398804
109.000000 46.641460 1344.158691 296.713623 1351.795776 753.328796 1395.652466 976.672546 1394.651367
71.000000 683.442322 750.002747 689.740967 499.993469 1331.123779 773.314026 1326.717529 516.665771
199.000000 373.663757 440.018829 359.596130 686.833618 1011.062622 596.604614 1006.595886 759.998047
114.000000 111.765877 1133.478394 131.481522 893.455017 802.596191 1199.969727 811.480591 983.394043
61.000000 940.011475 1246.471802 699.862793 1232.330444 1563.333618 1256.928467 1289.996460 1257.278442
75.000000 1074.785522 1563.289062 1080.352417 1326.596558 1831.719360 1600.047729 1824.231689 1346.640137
80.000000 971.860962 576.707520 966.808838 806.742981 1646.176147 533.239136 1654.352295 779.966248
136.000000 1254.449585 956.668823 1254.004395 1186.674438 2034.202637 970.108459 2042.862183 1166.834106
197.000000 984.165344 1133.101929 767.038879 1106.913940 1613.105713 1131.690918 1446.629761 1124.147705
91.000000 1081.948120 1163.300903 1087.023071 946.596924 1816.412231 1153.339844 1810.209961 917.584839
62.000000 1755.564087 1256.708252 1747.517822 1043.175659 2795.736328 1196.772217 2765.082764 926.468262
86.000000 1098.855225 599.960022 1091.404785 813.265991 1805.005737 533.347229 1807.013306 773.358337
67.000000 1258.214722 1343.295654 1259.859253 1556.616333 2052.385254 1333.187378 2068.506104 1596.554077
121.000000 696.338501 513.322998 689.742065 723.325256 1334.559326 529.983582 1337.368286 739.990601
230.000000 1063.930176 1556.670898 1065.385742 1349.990967 1815.162964 1516.591309 1808.843750 1363.106445
89.000000 1255.611694 646.660400 1256.182495 853.334656 2009.111206 546.504578 2024.806641 783.235657
141.000000 319.332581 1126.868652 334.741669 923.440002 987.671082 1180.030884 993.620483 986.675476
68.000000 343.061768 907.162292 327.317017 1110.308716 1001.078430 900.093994 995.469604 1163.378784
106.000000 1058.641968 1363.301880 1054.004395 1563.348877 1804.022095 1376.647583 1810.209595 1599.994141
126.000000 823.859314 753.196472 833.604065 553.346558 1485.679565 753.323486 1487.773682 543.344360
74.000000 1576.569702 1019.957581 1577.862061 1219.970703 2498.858398 926.511719 2516.759521 1179.757812
85.000000 1358.813354 1186.671387 1358.016235 986.674561 2190.770020 1156.813110 2177.063477 916.834412
135.000000 1571.706543 719.910034 1573.819580 916.589844 2465.277344 586.484863 2483.682861 783.300659
34.000000 163.765228 876.702026 147.921707 1070.102783 847.591675 719.907288 831.416870 1140.054565
144.000000 809.638000 579.987610 803.120422 769.992676 1466.278809 573.334351 1466.799438 766.666321
102.000000 1085.720581 799.967590 1092.223267 609.962036 1801.469971 770.037781 1796.873535 543.396729
53.000000 1740.847168 428.318268 1927.620117 447.270813 2684.728271 146.780930 2974.844971 104.241936
183.000000 50.797165 1076.732178 66.144447 889.957092 748.360901 1153.406494 755.703369 983.291748
41.000000 1050.080444 1645.276245 1236.841064 1637.547974 1753.410156 1691.787720 2126.659424 1686.186523
112.000000 1347.633911 1186.693604 1345.508911 999.975220 2176.202148 1153.366089 2160.895020 936.603455
83.000000 90.161430 640.015503 107.797974 456.455109 766.227234 756.638794 781.661133 513.227295
98.000000 1658.142578 1210.037231 1654.530396 1030.042847 2656.775635 1156.655640 2633.628418 926.972839
128.000000 1348.516357 863.339233 1347.797363 683.328796 2154.268555 773.268127 2139.885010 566.907043
132.000000 753.220215 508.334991 929.664124 548.173584 1393.169678 512.921753 1596.642456 515.572632
66.000000 1671.568726 469.622925 1845.539673 440.039307 2698.178223 163.746414 2961.908203 126.559494
87.000000 773.469238 482.774170 943.165161 524.025085 1403.346191 482.679626 1643.318726 487.409973
213.000000 585.247803 1103.438110 594.740967 930.077087 1245.401245 1120.033447 1247.985840 960.021301
201.000000 352.258392 686.826355 364.286346 516.734070 1000.161438 760.004578 1004.773438 596.707336
72.000000 1678.440796 487.590942 1845.891602 458.822113 2701.853760 186.212616 2955.299316 150.339218
160.000000 456.447479 424.170654 293.788849 381.593109 1086.710571 492.293945 910.077576 484.831177
171.000000 590.125732 462.877533 753.220215 508.334991 1219.897583 501.637390 1393.169678 512.921753
252.000000 1647.308472 1383.317017 1651.540283 1549.960938 2661.513672 1440.162476 2674.608887 1586.850342
227.000000 493.499298 1121.498291 329.996094 1106.709961 1153.344116 1160.614624 996.666687 1159.993042
223.000000 330.673645 1118.820801 493.948120 1132.839722 999.949097 1170.840332 1156.755005 1172.752441
247.000000 586.208374 939.975464 577.458008 1103.375732 1239.280762 969.995667 1238.376953 1120.010254
151.000000 1339.955078 696.667053 1341.411499 859.987427 2134.602783 586.582336 2146.784668 769.992188
127.000000 1643.937256 913.311218 1638.076660 753.281677 2618.525391 773.469177 2599.476318 566.714905
214.000000 517.363708 722.926331 359.951935 693.591187 1160.032471 768.755310 1000.054199 764.587219
124.000000 1246.775635 1314.561035 1090.011475 1306.444092 2043.339844 1312.266602 1833.332031 1312.871826
210.000000 479.885834 1309.189697 323.238220 1302.102295 1156.958008 1341.886963 996.803162 1347.341675
119.000000 1086.665405 1480.752930 1243.337402 1481.026489 1839.972900 1507.647827 2053.316406 1505.188599
250.000000 362.432892 704.367615 515.447571 735.913330 1009.908386 775.481262 1159.777954 781.872437
130.000000 1246.835205 1303.937134 1096.584717 1294.661133 2043.352295 1300.857300 1840.005249 1299.304932
280.000000 323.423431 1308.148438 473.392731 1315.446289 1000.001526 1352.937500 1143.332642 1353.496704
216.000000 835.254883 619.951904 830.144409 770.004944 1491.966309 609.976624 1493.867676 769.993652
150.000000 1632.363525 763.358215 1636.208740 913.345093 2579.282959 600.070740 2597.354492 783.265503
142.000000 1286.720093 619.784180 1143.116699 584.207825 2043.300049 511.145844 1849.936279 505.522705
54.000000 916.189941 538.626221 773.209961 503.840363 1686.656006 510.441925 1396.664917 503.407776
200.000000 521.082642 700.071533 530.772217 553.384338 1162.218140 763.303101 1166.649414 599.999512
103.000000 1936.680542 1322.311890 1790.004761 1321.846313 3070.237061 1275.687622 2846.458984 1285.014771
149.000000 2015.036743 641.138306 1874.479004 682.580139 3071.449707 339.017853 2914.190918 435.984924
235.000000 893.496948 973.338562 888.923523 1116.632324 1577.310791 969.992676 1579.051880 1123.344116
294.000000 424.306366 963.395081 415.837433 1096.825562 1071.096924 1153.289429 1073.848877 1013.277954
287.000000 633.268127 730.160767 639.671509 599.983826 1277.438965 760.017334 1280.588989 619.863403
166.000000 1943.603027 789.700928 1947.771362 916.765320 3028.509277 549.758179 3051.269531 723.166687
155.000000 589.667969 458.000458 466.498871 427.340729 1279.972412 497.885559 1099.989258 493.806091
172.000000 1066.654907 1586.306396 1193.404419 1582.187378 1819.987305 1626.039917 1993.316895 1622.524048
282.000000 1001.459167 1553.289429 1004.426636 1426.614136 1745.372314 1590.034668 1741.540283 1446.803833
105.000000 1015.184753 1426.721924 1011.404846 1553.375244 1694.679688 1600.058105 1688.144653 1376.623413
208.000000 1363.333374 1053.333374 1363.333374 1180.000000 2187.898193 996.591003 2197.732178 1156.601196
167.000000 1875.866211 1663.355469 1872.362427 1536.785767 3009.865234 1743.348389 2990.478271 1570.319946
251.000000 1092.953247 822.319824 970.184509 802.207153 1806.665039 777.047546 1656.667847 776.395874
206.000000 1796.245361 1539.544312 1802.137085 1663.390259 2883.642822 1576.634277 2900.402100 1736.973022
47.000000 1773.295776 1622.690430 1649.605591 1629.905884 2853.343750 1684.155151 2520.021240 1688.353149
44.000000 1656.622925 1616.976562 1780.026855 1615.189819 2513.290283 1675.381226 2863.322021 1672.117432
295.000000 921.153381 1120.052002 926.571228 999.845459 1617.683350 1133.344604 1617.003174 993.331726
116.000000 1853.466309 418.936157 1736.420288 425.794678 2876.678467 82.521324 2671.926758 145.421417
104.000000 1933.340210 1333.126831 1816.692017 1329.239014 3069.947998 1288.617065 2846.554443 1297.015015
154.000000 1023.779175 1036.675293 1021.507202 1153.362671 1660.999756 989.917969 1664.407715 1169.916504
146.000000 1876.608276 712.863892 1759.969116 714.653259 2735.888184 512.868713 2922.242188 474.675995
148.000000 1780.049805 1324.257812 1669.831055 1330.199707 2836.730225 1292.535645 2646.765625 1297.290649
226.000000 1080.003418 1567.606934 969.992676 1568.012695 1830.013794 1604.347412 1673.330688 1606.472534
276.000000 1363.280640 1193.880615 1256.640625 1183.603638 2190.009766 1162.237915 2046.658203 1160.945312
248.000000 1086.461060 1172.518799 979.959778 1163.826172 1816.667969 1163.725830 1666.658325 1164.242798
