Keypoint Matches and Line Matches for pairs 5, 11 
5 corresponds to the image ./resources/Data/CastleP19/images/0005.png 
11 corresponds to the image ./resources/Data/CastleP19/images/0011.png 

1520.000000 2320.030029 469.028076 2192.000000 456.000000
8.000000 430.535431 493.130890 635.622192 593.271729
4.000000 2304.145508 537.877258 2192.571777 520.193176
3.000000 2319.234375 553.133301 2205.595703 523.226318
182.000000 2990.784424 489.482697 2661.217285 434.277527
43.000000 2938.780029 603.487183 2602.406982 566.494507
44.000000 3011.467041 1179.814941 2640.085938 1093.327148
46.000000 2401.569824 1209.879272 2451.158936 1119.933105
313.000000 2189.948486 504.942719 2166.712402 498.372070
576.000000 2720.022217 467.647003 2427.056885 446.680420
253.000000 2356.800293 475.886719 2226.718506 460.732361
30.000000 2795.736328 1196.772217 2468.568604 1113.414795
1349.000000 2961.293701 74.695366 2683.000000 50.000000
90.000000 2701.853760 186.212616 2421.525879 181.248947
91.000000 2955.299316 150.339218 2669.985352 129.928528
130.000000 204.258606 1153.393921 489.338837 1133.468872
131.000000 220.418228 906.694092 500.009552 923.164673
152.000000 90.494766 503.376526 401.797638 613.481567
197.000000 1805.005737 533.347229 1974.234619 533.351013
1340.000000 2671.926758 145.421417 2396.000000 133.000000
331.000000 2056.664551 1583.162109 2773.333252 1463.324097
304.000000 2915.610596 468.489929 2582.717285 434.344513
141.000000 1849.936279 505.522705 1963.325806 509.632568
305.000000 2735.888184 512.868713 2439.720703 472.280090
75.000000 2914.190918 435.984924 2584.426758 400.758606
276.000000 2647.223145 370.629791 2389.382324 299.690979
154.000000 635.709717 533.267822 742.564941 599.959534
124.000000 3028.509277 549.758179 2697.950195 439.890442
125.000000 3051.269531 723.166687 2715.868896 649.783508
531.000000 2990.478271 1570.319946 2615.516357 1436.717529
439.000000 200.014313 1158.338867 483.396698 1129.479736
440.000000 26.665152 1159.823120 366.639099 1132.109863
421.000000 26.639196 1172.756348 363.238190 1145.977661
422.000000 199.963974 1171.538696 483.328674 1143.136841
132.000000 748.360901 1153.406494 846.074951 1126.644897
329.000000 2266.682861 535.618896 2193.502197 516.853455
437.000000 233.343445 752.161865 506.826904 803.826782
438.000000 69.993507 750.752319 389.946442 808.720825
394.000000 746.666809 1159.956177 840.023682 1124.529907
395.000000 583.334778 1159.493896 716.672607 1126.968384
427.000000 176.676346 1354.532837 476.723877 1274.888550
111.000000 13.353660 1355.851196 355.290802 1276.630493
310.000000 2883.642822 1576.634277 2528.974854 1443.406128
295.000000 2900.402100 1736.973022 2526.805908 1586.651978
1342.000000 26.928108 1463.357056 367.000000 1367.000000
271.000000 996.803162 1347.341675 1020.117432 1295.317017
396.000000 583.297546 1172.034302 716.637268 1141.661865
397.000000 743.354187 1171.315552 839.991028 1139.490234
417.000000 70.086212 763.162048 386.495972 818.893738
418.000000 230.102798 765.179626 506.574768 814.276672
552.000000 999.949097 1170.840332 1293.318237 1207.531860
328.000000 1936.586548 529.053406 2050.019287 523.737061
425.000000 763.384460 760.776245 856.670227 793.490784
426.000000 606.647156 757.643250 736.656189 796.201477
533.000000 996.666687 1159.993042 1293.291138 1197.670898
452.000000 88.326500 1463.181885 458.430237 1366.563110
398.000000 156.653473 1628.962891 463.339020 1494.107056
175.000000 733.341675 1347.388672 840.297119 1272.366455
1337.000000 19.979952 1361.068237 368.000000 1290.000000
1386.000000 173.330780 1359.710938 462.000000 1290.000000
471.000000 579.985718 1354.962280 719.975220 1280.954468
472.000000 730.003113 1353.705933 829.997986 1279.807739
550.000000 1816.667969 1163.725830 1793.345947 1191.138428
551.000000 1666.658325 1164.242798 1693.321289 1192.245850
423.000000 1009.908386 775.481262 736.606567 807.471924
509.000000 1666.640747 1177.080566 1693.263672 1203.986572
1367.000000 213.342896 907.058167 483.000000 935.000000
374.000000 2216.662842 1351.342773 2623.368896 1277.963989
479.000000 59.896027 1153.324097 387.114685 1126.694092
480.000000 72.683838 1009.942078 393.648804 1020.019348
420.000000 603.335571 909.683533 730.015991 917.273132
1406.000000 746.685425 910.705383 836.000000 927.000000
358.000000 2693.437012 1425.787964 2626.618652 1314.785034
375.000000 2836.655518 1419.735718 2753.453857 1274.409912
567.000000 145.319275 1006.840149 445.841064 1020.171448
568.000000 133.080093 1146.935791 439.231659 1116.842041
901.000000 108.919235 520.232483 414.000000 625.000000
1474.000000 130.716248 1006.447510 460.000000 1019.000000
505.000000 680.438110 1010.017822 795.786072 1006.630493
506.000000 674.742676 1150.192749 791.540283 1110.063232
463.000000 606.093628 1153.308472 737.789734 1120.054810
464.000000 612.162415 1013.282593 743.166748 1009.991882
145.000000 2686.674316 549.508728 2416.368408 507.100128
616.000000 2895.000000 976.000000 2559.000000 898.000000
876.000000 2796.000000 606.000000 2494.000000 543.000000
1186.000000 2820.000000 822.000000 2507.000000 744.000000
952.000000 2798.000000 625.000000 2495.000000 561.000000
868.000000 2870.000000 612.000000 2550.000000 558.000000
1037.000000 2814.000000 618.000000 2508.000000 561.000000
1170.000000 2921.000000 1197.000000 2572.000000 1095.000000
609.000000 2812.000000 599.000000 2506.000000 543.000000
1251.000000 2851.000000 600.000000 2537.000000 559.000000
761.000000 2467.000000 423.000000 2248.000000 393.000000
726.000000 2816.000000 781.000000 2504.000000 703.000000
1354.000000 2859.000000 1014.000000 2529.000000 917.000000
678.000000 722.000000 651.000000 826.000000 704.000000
776.000000 2882.000000 1212.000000 2541.000000 1112.000000
911.000000 2910.000000 946.000000 2570.000000 877.000000
866.000000 2834.000000 795.000000 2518.000000 723.000000
795.000000 744.000000 717.000000 843.000000 757.000000
608.000000 2663.000000 1209.000000 2612.000000 1161.000000
811.000000 662.000000 649.000000 780.000000 706.000000
1412.000000 2891.000000 790.000000 2559.000000 722.000000
926.000000 260.000000 367.000000 689.000000 488.000000
1119.000000 2868.000000 593.000000 2548.000000 540.000000
823.000000 2872.000000 777.000000 2548.000000 723.000000
588.000000 326.000000 264.000000 438.000000 438.000000
750.000000 2849.000000 581.000000 2536.000000 540.000000
1420.000000 2837.000000 815.000000 2517.000000 743.000000
649.000000 660.000000 682.000000 779.000000 732.000000
587.000000 240.000000 343.000000 666.000000 467.000000
965.000000 2681.000000 99.000000 2444.000000 85.000000
848.000000 2832.000000 775.000000 2516.000000 703.000000
1518.000000 405.000000 406.000000 607.000000 525.000000
595.000000 1708.000000 1116.000000 1721.000000 1113.000000
881.000000 162.000000 1075.000000 459.000000 1052.000000
732.000000 2865.000000 1218.000000 2529.000000 1111.000000
917.000000 2465.000000 401.000000 2247.000000 374.000000
1259.000000 2816.000000 638.000000 2506.000000 579.000000
784.000000 431.000000 418.000000 628.000000 538.000000
883.000000 100.000000 1039.000000 414.000000 1053.000000
593.000000 2860.000000 1173.000000 2527.000000 1069.000000
1065.000000 1047.000000 1077.000000 1043.000000 1054.000000
590.000000 171.000000 958.000000 463.000000 977.000000
656.000000 2689.000000 457.000000 2418.000000 428.000000
921.000000 104.000000 1433.000000 421.000000 1337.000000
122.000000 72.000000 913.000000 377.758453 926.751709
610.000000 1706.000000 1050.000000 1720.000000 1059.000000
681.000000 2877.000000 1167.000000 2540.000000 1071.000000
1022.000000 143.000000 1573.000000 452.000000 1450.000000
710.000000 2487.000000 424.000000 2268.000000 392.000000
787.000000 131.000000 1413.000000 441.000000 1323.000000
603.000000 643.000000 961.000000 767.000000 966.000000
605.000000 94.000000 1110.000000 412.000000 1087.000000
614.000000 984.000000 1282.000000 2946.000000 1091.000000
1535.000000 123.000000 1498.000000 437.000000 1391.000000
631.000000 720.000000 683.000000 825.000000 731.000000
1273.000000 2890.000000 932.000000 2514.000000 857.000000
801.000000 2854.000000 970.000000 2529.000000 897.000000
1387.000000 770.000000 522.000000 849.000000 608.000000
870.000000 2818.000000 801.000000 2505.000000 724.000000
172.000000 575.000000 1349.000000 709.678528 1272.620728
436.000000 623.000000 518.000000 746.547302 597.554749
1072.000000 220.000000 675.000000 498.000000 733.000000
802.000000 636.000000 1110.000000 808.000000 1086.000000
1010.000000 2908.000000 1433.000000 2552.000000 1312.000000
476.000000 242.000000 261.000000 665.759094 383.552399
786.000000 2962.000000 1390.000000 2599.000000 1298.000000
615.000000 132.000000 673.000000 478.000000 765.000000
1238.000000 129.000000 706.000000 434.000000 767.000000
1493.000000 2852.000000 764.000000 2532.000000 703.000000
601.000000 705.000000 962.000000 814.000000 965.000000
929.000000 2779.000000 613.000000 2482.000000 562.000000
1235.000000 2890.000000 1438.000000 2587.000000 1317.000000
1002.000000 727.000000 1042.000000 830.000000 1029.000000
585.000000 725.000000 577.000000 829.000000 643.000000
765.000000 2833.000000 608.000000 2524.000000 559.000000
1390.000000 2914.000000 991.000000 2571.000000 918.000000
734.000000 957.000000 593.000000 1218.000000 622.000000
1248.000000 700.000000 1076.000000 810.000000 1058.000000
826.000000 64.000000 1414.000000 396.000000 1324.000000
994.000000 2918.000000 1174.000000 2570.000000 1074.000000
759.000000 149.000000 355.000000 474.000000 488.000000
749.000000 638.000000 1076.000000 763.000000 1058.000000
703.000000 666.000000 575.000000 783.000000 645.000000
1477.000000 2020.000000 802.000000 1980.000000 798.000000
773.000000 159.000000 1110.000000 456.000000 1086.000000
856.000000 2798.000000 789.000000 2490.000000 704.000000
803.000000 2884.000000 1393.000000 2541.000000 1289.000000
640.000000 2905.000000 1410.000000 2554.000000 1291.000000
450.000000 2897.000000 636.000000 2572.130127 606.749390
1174.000000 2513.000000 948.000000 2496.000000 851.000000
1253.000000 704.000000 335.000000 648.000000 448.000000
839.000000 2856.000000 805.000000 2535.000000 743.000000
1294.000000 2782.000000 652.000000 2483.000000 580.000000
720.000000 2892.000000 953.000000 2558.000000 877.000000
465.000000 246.000000 512.000000 516.691711 607.220520
968.000000 2842.000000 1179.000000 2512.000000 1068.000000
1522.000000 1323.000000 1544.000000 1232.000000 1452.000000
655.000000 2959.000000 1367.000000 2597.000000 1276.000000
941.000000 2800.000000 809.000000 2491.000000 724.000000
697.000000 157.000000 1413.000000 460.000000 1323.000000
1299.000000 2843.000000 1020.000000 2518.000000 917.000000
954.000000 2327.000000 477.000000 2193.000000 473.000000
1041.000000 1057.000000 804.000000 2921.000000 507.000000
1311.000000 667.000000 544.000000 830.000000 617.000000
973.000000 2863.000000 1195.000000 2528.000000 1090.000000
195.000000 2763.000000 114.000000 2529.750000 86.046989
1550.000000 2555.000000 1430.000000 2531.000000 1328.000000
1055.000000 1684.000000 1116.000000 1704.000000 1136.000000
736.000000 701.000000 1042.000000 811.000000 1030.000000
972.000000 337.000000 1727.000000 571.000000 1567.000000
1336.000000 2683.000000 162.000000 2393.000000 159.000000
691.000000 658.000000 715.000000 778.000000 759.000000
1132.000000 2968.000000 1314.000000 2600.000000 1241.000000
1397.000000 2801.000000 829.000000 2492.000000 744.000000
884.000000 2844.000000 1201.000000 2514.000000 1089.000000
1115.000000 2924.000000 1220.000000 2583.000000 1138.000000
1202.000000 2870.000000 756.000000 2547.000000 703.000000
1411.000000 1031.000000 690.000000 1038.000000 738.000000
1125.000000 188.000000 1074.000000 477.000000 1051.000000
642.000000 198.000000 958.000000 481.000000 976.000000
1005.000000 368.000000 269.000000 632.000000 381.000000
1152.000000 174.000000 924.000000 465.000000 945.000000
246.000000 2801.000000 87.000000 2512.846680 77.273415
797.000000 933.000000 1665.000000 871.000000 1530.000000
627.000000 2838.000000 977.000000 2517.000000 897.000000
1039.000000 2875.000000 960.000000 2544.000000 877.000000
1162.000000 747.000000 652.000000 846.000000 703.000000
620.000000 2902.000000 1203.000000 2557.000000 1093.000000
723.000000 218.000000 343.000000 648.000000 468.000000
822.000000 107.000000 958.000000 420.000000 978.000000
1388.000000 1683.000000 1083.000000 1704.000000 1059.000000
677.000000 2939.000000 1191.000000 2584.000000 1096.000000
991.000000 279.000000 302.000000 682.000000 446.000000
711.000000 2877.000000 982.000000 2545.000000 897.000000
805.000000 144.000000 533.000000 486.000000 631.000000
1106.000000 2084.000000 450.000000 2070.000000 453.000000
613.000000 2897.000000 1158.000000 2556.000000 1072.000000
837.000000 717.000000 749.000000 823.000000 784.000000
1240.000000 230.000000 567.000000 848.000000 642.000000
774.000000 3024.000000 1669.000000 2636.000000 1542.000000
1144.000000 2822.000000 1005.000000 2503.000000 896.000000
832.000000 2880.000000 1189.000000 2541.000000 1091.000000
1012.000000 2889.000000 770.000000 2558.000000 703.000000
933.000000 217.000000 708.000000 496.000000 764.000000
894.000000 242.000000 319.000000 666.000000 448.000000
1151.000000 1386.000000 1496.000000 1177.000000 1444.000000
1291.000000 666.000000 228.000000 864.000000 345.000000
1438.000000 134.000000 1377.000000 443.000000 1296.000000
1113.000000 239.000000 367.000000 665.000000 486.000000
1271.000000 2854.000000 784.000000 2534.000000 722.000000
669.000000 724.000000 1111.000000 827.000000 1085.000000
846.000000 2945.000000 1396.000000 2585.000000 1296.000000
683.000000 639.000000 1041.000000 764.000000 1031.000000
451.000000 140.000000 1611.000000 450.954987 1479.843018
1262.000000 589.000000 1361.000000 728.000000 1287.000000

4.000000 430.535431 493.130890 371.201935 1313.179077 635.622192 593.271729 577.400879 1580.239990
6.000000 387.393463 1300.296021 445.056274 509.396545 594.157532 1513.572144 647.244873 580.873413
2.000000 2304.145508 537.877258 2363.628662 1316.898682 2192.571777 520.193176 2241.939453 1566.575195
1.000000 2377.931885 1306.568115 2319.234375 553.133301 2255.730957 1583.062256 2205.595703 523.226318
16.000000 3072.468018 1139.689941 2990.784424 489.482697 2725.845215 1095.907104 2678.131104 519.327148
22.000000 2938.780029 603.487183 3011.467041 1179.814941 2602.406982 566.494507 2640.085938 1093.327148
9.000000 1936.729980 639.997192 1961.381958 1200.085938 1819.940918 740.000732 1829.257446 1496.716797
23.000000 2637.252197 660.270630 2687.807617 1173.549316 2421.321533 603.257019 2451.158936 1119.933105
158.000000 1676.714844 488.495758 2189.948486 504.942719 2019.972290 502.298645 2166.712402 498.372070
5.000000 0.582188 1036.384888 44.246017 610.093506 -1.614761 1376.216919 85.944199 412.964661
26.000000 399.969452 410.839691 3.342815 396.406128 1003.375977 507.643982 556.832581 527.134949
128.000000 2720.022217 467.647003 2356.800293 475.886719 2389.942139 449.181030 2226.718506 460.732361
99.000000 2684.728271 146.780930 2974.844971 104.241936 2703.442383 75.058968 2529.750000 86.046989
54.000000 160.116837 1626.677856 187.322021 1343.076416 468.790039 1503.348267 469.412994 1276.637573
15.000000 2795.736328 1196.772217 2765.082764 926.468262 2468.568604 1113.414795 2435.588867 533.584229
125.000000 2695.352295 110.137909 2961.293701 74.695366 2512.846680 77.273415 2676.729492 64.115440
66.000000 593.057373 896.815125 580.601685 1153.362549 726.493958 919.989807 714.091919 1130.241333
46.000000 2701.853760 186.212616 2955.299316 150.339218 2421.525879 181.248947 2669.985352 129.928528
67.000000 204.258606 1153.393921 220.418228 906.694092 489.338837 1133.468872 500.009552 923.164673
58.000000 73.398254 465.831482 319.613617 484.970734 402.437317 592.656616 623.399536 581.461670
78.000000 90.494766 503.376526 69.240311 746.891296 401.797638 613.481567 385.281006 813.768860
145.000000 63.573967 746.684265 81.381920 503.434509 410.222931 800.016235 421.420258 646.527100
75.000000 766.227234 756.638794 781.661133 513.227295 859.851074 796.766541 866.236511 593.215271
79.000000 617.704590 510.046783 606.735352 753.486633 742.564941 599.959534 732.015015 800.281677
164.000000 3070.237061 1275.687622 2846.458984 1285.014771 2746.853760 1184.642090 2603.216309 1190.434204
63.000000 54.579765 906.488586 35.773994 1126.874878 377.758453 926.751709 361.362122 1137.291870
115.000000 2876.678467 82.521324 2671.926758 145.421417 2533.584717 83.986084 2377.034912 144.289261
154.000000 2915.610596 468.489929 2725.213623 510.002228 2582.717285 434.344513 2439.720703 472.280090
72.000000 2043.300049 511.145844 1849.936279 505.522705 2170.042236 505.390198 1963.325806 509.632568
34.000000 2879.967529 1491.926514 3070.020508 1487.554688 2469.957031 1394.949097 2763.357178 1387.621460
38.000000 3071.449707 339.017853 2914.190918 435.984924 2745.216797 168.994080 2584.426758 400.758606
140.000000 2647.223145 370.629791 2473.695801 334.906128 2389.382324 299.690979 2241.122314 246.828949
64.000000 3028.509277 549.758179 3051.269531 723.166687 2697.950195 439.890442 2715.868896 649.783508
272.000000 3009.865234 1743.348389 2990.478271 1570.319946 2619.939697 1536.816650 2615.516357 1436.717529
249.000000 2266.595459 449.605957 2093.283203 445.402435 2123.345703 453.773651 2016.669556 456.767731
224.000000 200.014313 1158.338867 26.665152 1159.823120 483.396698 1129.479736 366.639099 1132.109863
214.000000 26.639196 1172.756348 199.963974 1171.538696 363.238190 1145.977661 483.328674 1143.136841
83.000000 235.832794 746.598816 249.657257 576.638794 509.783081 806.853821 521.611755 609.896606
68.000000 748.360901 1153.406494 755.703369 983.291748 846.074951 1126.644897 853.792847 916.561096
35.000000 2840.151855 1302.451416 2673.504639 1312.768433 2750.313721 1194.844360 2459.589844 1213.666260
166.000000 2099.901611 533.049866 2266.682861 535.618896 2050.019287 523.737061 2193.502197 516.853455
223.000000 233.343445 752.161865 69.993507 750.752319 506.826904 803.826782 389.946442 808.720825
200.000000 746.666809 1159.956177 583.334778 1159.493896 840.023682 1124.529907 716.672607 1126.968384
217.000000 176.676346 1354.532837 13.353660 1355.851196 476.723877 1274.888550 355.290802 1276.630493
157.000000 2883.642822 1576.634277 2900.402100 1736.973022 2528.974854 1443.406128 2539.393555 1590.043091
201.000000 583.297546 1172.034302 743.354187 1171.315552 716.637268 1141.661865 839.991028 1139.490234
212.000000 70.086212 763.162048 230.102798 765.179626 386.495972 818.893738 506.574768 814.276672
283.000000 999.949097 1170.840332 1156.755005 1172.752441 1293.318237 1207.531860 1393.334839 1206.920410
216.000000 763.384460 760.776245 606.647156 757.643250 856.670227 793.490784 736.656189 796.201477
273.000000 1153.344116 1160.614624 996.666687 1159.993042 1393.379028 1195.855835 1293.291138 1197.670898
202.000000 156.653473 1628.962891 3.260169 1630.913696 463.339020 1494.107056 339.987854 1495.012085
215.000000 609.974182 765.374939 763.367310 767.314514 736.606567 807.471924 856.617920 804.617493
242.000000 579.985718 1354.962280 730.003113 1353.705933 719.975220 1280.954468 829.997986 1279.807739
282.000000 1816.667969 1163.725830 1666.658325 1164.242798 1793.345947 1191.138428 1693.321289 1192.245850
232.000000 213.335312 902.240173 63.329781 901.969543 496.800964 922.503479 383.374298 925.113281
263.000000 1666.640747 1177.080566 1813.360229 1176.471191 1489.946899 1205.757324 1593.305786 1204.464233
246.000000 59.896027 1153.324097 72.683838 1009.942078 387.114685 1126.694092 393.648804 1020.019348
239.000000 99.953560 511.483215 243.355042 515.973328 516.691711 607.220520 406.615356 612.198608
222.000000 626.694336 522.403442 770.000122 526.663086 863.423645 591.849670 746.547302 597.554749
213.000000 603.335571 909.683533 746.685425 910.705383 850.108215 914.112549 730.015991 917.273132
181.000000 2693.437012 1425.787964 2836.655518 1419.735718 2626.618652 1314.785034 2760.035156 1311.372192
291.000000 145.319275 1006.840149 133.080093 1146.935791 445.841064 1020.171448 439.231659 1116.842041
259.000000 680.438110 1010.017822 674.742676 1150.192749 795.786072 1006.630493 791.540283 1110.063232
238.000000 606.093628 1153.308472 612.162415 1013.282593 737.789734 1120.054810 743.166748 1009.991882
299.000000 2626.630371 791.342834 2486.642334 787.570312 2563.351807 660.373230 2466.758057 665.174377
74.000000 2546.708008 547.334045 2686.674316 549.508728 2210.014893 516.976379 2416.368408 507.100128
