Keypoint Matches and Line Matches for pairs 5, 13 
5 corresponds to the image ./resources/Data/CastleP19/images/0005.png 
13 corresponds to the image ./resources/Data/CastleP19/images/0013.png 

8.000000 2320.030029 469.028076 1797.263184 673.499756
10.000000 2304.145508 537.877258 1772.988770 733.907227
19.000000 2319.234375 553.133301 1784.393433 749.952148
280.000000 1810.209595 1599.994141 1754.692993 1616.732666
577.000000 2597.354492 783.265503 1939.453613 950.038147
4.000000 2647.223145 370.629791 2193.083984 607.789307
191.000000 3028.509277 549.758179 2185.265869 826.538269
172.000000 3051.269531 723.166687 309.038879 750.213257
375.000000 1666.658325 1164.242798 1343.255249 1237.798706
559.000000 2486.642334 787.570312 1856.392456 945.447266
860.000000 2512.000000 718.000000 1863.000000 893.000000
1079.000000 249.000000 209.000000 2357.000000 510.000000
583.000000 2956.000000 1715.000000 1464.000000 1745.000000
1484.000000 518.000000 402.000000 399.000000 398.000000
768.000000 2121.000000 340.000000 1121.000000 480.000000
1426.000000 1082.000000 300.000000 664.000000 285.000000
718.000000 2514.000000 748.000000 1864.000000 916.000000
758.000000 2492.000000 718.000000 1846.000000 890.000000
1073.000000 2125.000000 428.000000 1242.000000 543.000000
986.000000 2517.000000 778.000000 1865.000000 938.000000
1115.000000 2943.000000 1703.000000 252.000000 1678.000000
773.000000 636.000000 226.000000 95.000000 136.000000
853.000000 2234.000000 303.000000 1350.000000 418.000000
890.000000 1774.000000 704.000000 1446.000000 831.000000
1440.000000 2327.000000 477.000000 591.000000 457.000000
1234.000000 179.000000 1051.000000 317.000000 1092.000000
1122.000000 747.000000 652.000000 499.000000 691.000000
1314.000000 2084.000000 450.000000 1562.000000 625.000000
1255.000000 717.000000 749.000000 377.000000 734.000000
1471.000000 2498.000000 777.000000 1852.000000 936.000000
1292.000000 2569.000000 780.000000 1915.000000 944.000000
1400.000000 2186.000000 461.000000 1503.000000 615.000000
1482.000000 3061.000000 1541.000000 2152.000000 1462.000000

8.000000 2453.984375 309.774536 25.151651 216.157990 921.169678 321.421692 2.610164 116.576134
4.000000 2320.030029 469.028076 439.968384 411.024780 1797.263184 673.499756 623.504822 452.422791
0.000000 430.535431 493.130890 371.201935 1313.179077 579.313904 522.176392 482.872437 1850.448853
1.000000 387.393463 1300.296021 445.056274 509.396545 499.602234 1849.972290 591.890015 526.566040
5.000000 2304.145508 537.877258 2363.628662 1316.898682 1772.988770 733.907227 1820.665405 1870.251831
9.000000 2377.931885 1306.568115 2319.234375 553.133301 1823.212036 1610.005493 1784.393433 749.952148
7.000000 3072.468018 1139.689941 2990.784424 489.482697 2447.450928 1680.538940 2360.577881 732.364197
86.000000 0.582188 1036.384888 44.246017 610.093506 237.224930 740.046875 253.217041 549.710144
11.000000 399.969452 410.839691 3.342815 396.406128 586.771912 446.106628 3.365366 336.496155
143.000000 2181.574219 1373.234863 2195.354492 1593.415405 1749.452637 1460.018311 1754.692993 1616.732666
12.000000 866.589417 491.325165 1079.975220 503.759583 2.848583 419.403473 579.313904 522.176392
297.000000 2579.282959 600.070740 2597.354492 783.265503 1933.164185 860.011841 1939.453613 950.038147
291.000000 2134.602783 586.582336 2146.784668 769.992188 1674.836670 819.942688 1678.398682 913.394348
97.000000 3028.509277 549.758179 3051.269531 723.166687 2185.265869 826.538269 2197.449463 1009.947998
93.000000 3009.865234 1743.348389 2990.478271 1570.319946 2637.839111 1689.874023 2617.820557 1503.567505
18.000000 2266.595459 449.605957 2093.283203 445.402435 1080.389648 524.782104 684.123169 442.846741
101.000000 2883.642822 1576.634277 2900.402100 1736.973022 2541.433838 1508.938965 2565.175537 1690.195312
177.000000 1816.667969 1163.725830 1666.658325 1164.242798 1253.409790 1232.260864 1119.804932 1222.735229
288.000000 2626.630371 791.342834 2486.642334 787.570312 1949.881958 957.576904 1856.392456 945.447266
262.000000 1071.096924 1153.289429 1073.848877 1013.277954 1180.328247 1116.674438 1177.878418 1220.028687
20.000000 2546.708008 547.334045 2686.674316 549.508728 1797.140747 737.351807 2183.793457 805.978943
