Keypoint Matches and Line Matches for pairs 5, 15 
5 corresponds to the image ./resources/Data/CastleP19/images/0005.png 
15 corresponds to the image ./resources/Data/CastleP19/images/0015.png 

16.000000 2320.030029 469.028076 2393.315918 265.556396
23.000000 439.968384 411.024780 933.311035 295.782959
18.000000 399.969452 410.839691 896.693970 297.940796
552.000000 98.464767 141.793045 161.711563 71.758301
988.000000 920.000000 414.000000 747.000000 288.000000
453.000000 77.000000 148.000000 90.770279 99.177010
632.000000 260.000000 367.000000 244.000000 128.000000
580.000000 2956.000000 1715.000000 680.000000 1525.000000
597.000000 2121.000000 340.000000 2546.000000 183.000000
1388.000000 54.000000 183.000000 105.000000 117.000000
1255.000000 1907.000000 435.000000 1793.000000 249.000000
1385.000000 431.000000 418.000000 2424.000000 276.000000
1273.000000 872.000000 413.000000 1087.000000 279.000000
1444.000000 2125.000000 428.000000 2594.000000 178.000000
1281.000000 1672.000000 733.000000 1783.000000 572.000000
1067.000000 2037.000000 678.000000 2264.000000 534.000000
1100.000000 2523.000000 1085.000000 2998.000000 931.000000
1053.000000 1579.000000 316.000000 1911.000000 196.000000
1134.000000 636.000000 226.000000 364.000000 102.000000
1284.000000 1811.000000 394.000000 3047.000000 183.000000
1157.000000 1508.000000 440.000000 1693.000000 272.000000
906.000000 747.000000 652.000000 864.000000 556.000000
1429.000000 1671.000000 671.000000 1783.000000 542.000000
160.000000 1788.000000 549.000000 1950.004639 433.592651
744.000000 616.000000 245.000000 730.000000 118.000000
1265.000000 2084.000000 450.000000 2582.000000 250.000000
987.000000 717.000000 749.000000 757.000000 616.000000
1099.000000 1984.000000 291.000000 2012.000000 63.000000
1446.000000 2186.000000 461.000000 1890.000000 268.000000
788.000000 311.000000 217.000000 475.000000 99.000000
1346.000000 2588.000000 750.000000 2950.000000 552.000000
600.000000 666.000000 228.000000 319.000000 103.000000

8.000000 2320.030029 469.028076 439.968384 411.024780 2393.315918 265.556396 1566.644165 278.572571
5.000000 430.535431 493.130890 371.201935 1313.179077 923.982178 376.692169 872.608643 1683.697876
6.000000 387.393463 1300.296021 445.056274 509.396545 888.144592 1680.179199 936.804382 373.586731
3.000000 2304.145508 537.877258 2363.628662 1316.898682 2388.221680 343.976379 2460.251465 1663.319580
4.000000 2377.931885 1306.568115 2319.234375 553.133301 2476.298340 1656.687500 2402.357178 350.055237
185.000000 910.026978 445.874084 1649.963501 471.071198 1693.333374 300.000000 1850.000000 300.000000
11.000000 1583.334717 476.624359 1019.969360 457.572662 1553.336304 280.117035 933.311035 295.782959
124.000000 0.582188 1036.384888 44.246017 610.093506 143.828552 653.373962 158.614655 473.219635
9.000000 399.969452 410.839691 3.342815 396.406128 896.693970 297.940796 100.036163 315.020233
26.000000 1686.656006 510.441925 1396.664917 503.407776 1846.646729 345.578644 1616.662720 349.785950
293.000000 1403.346191 482.679626 1643.318726 487.409973 1763.333374 323.333344 1863.333374 323.333344
104.000000 2009.111206 546.504578 2024.806641 783.235657 2152.233154 436.586884 2159.404053 621.879944
84.000000 2181.574219 1373.234863 2195.354492 1593.415405 2362.982178 1270.014893 2371.165527 1463.425049
7.000000 866.589417 491.325165 1079.975220 503.759583 3.268101 393.745056 913.409790 373.423950
250.000000 1028.338257 760.032532 1032.098877 566.642639 1233.792114 610.010071 1236.434082 489.994873
286.000000 98.464767 141.793045 14.192776 6.962986 161.711563 71.758301 85.260704 1.243710
109.000000 626.694336 522.403442 770.000122 526.663086 703.311340 461.680023 889.989258 459.194122
159.000000 2626.630371 791.342834 2486.642334 787.570312 3056.754395 592.100037 2893.355957 594.740662
10.000000 2546.708008 547.334045 2686.674316 549.508728 2413.246826 342.409027 3070.048584 329.053497
