Keypoint Matches and Line Matches for pairs 5, 8 
5 corresponds to the image ./resources/Data/CastleP19/images/0005.png 
8 corresponds to the image ./resources/Data/CastleP19/images/0008.png 

0.000000 2320.030029 469.028076 3024.229492 146.084137
1.000000 439.968384 411.024780 1422.614868 667.794250
20.000000 430.535431 493.130890 1446.611572 739.963745
44.000000 387.393463 1300.296021 1452.862427 1343.380493
45.000000 445.056274 509.396545 1457.484009 736.622131
71.000000 260.679047 1196.720825 1387.464844 1273.342529
61.000000 426.235992 1200.202393 1468.409058 1263.349121
74.000000 337.691376 1193.410767 1423.762085 1266.671753
75.000000 381.259186 616.510010 1428.942505 833.280823
56.000000 818.434998 629.936462 1668.982788 770.008850
57.000000 795.010498 1206.734741 1673.200439 1253.334473
36.000000 1849.270752 636.442444 2504.703125 526.107422
37.000000 1871.051514 1213.167725 2549.019775 1162.937622
29.000000 2258.319092 1210.112549 3033.278809 1103.339111
66.000000 936.444580 1206.659790 1761.699707 1240.027344
513.000000 904.113586 1193.359863 1740.079224 1229.998535
68.000000 1583.334717 476.624359 2209.822998 446.106934
69.000000 1019.969360 457.572662 1780.603516 581.907471
40.000000 1936.729980 639.997192 2601.720703 503.458801
41.000000 1961.381958 1200.085938 2650.973633 1136.590942
34.000000 2002.397095 1216.710571 2699.852783 1150.285767
35.000000 1976.307495 660.016846 2647.006836 506.638733
277.000000 2285.104004 659.872742 3051.652100 393.152924
1192.000000 903.357849 1717.946899 1767.000000 1675.000000
7.000000 366.632477 1728.213135 1453.223511 1666.847046
88.000000 502.042572 1196.583984 1507.744019 1259.989136
89.000000 535.568726 673.263000 1509.706055 853.315857
356.000000 1676.714844 488.495758 2303.594727 427.482910
77.000000 2189.948486 504.942719 2879.780273 245.964264
72.000000 1209.198853 633.323792 1928.885742 696.700195
4.000000 2126.475342 1693.360840 2760.065674 1709.721191
131.000000 1363.326294 480.202942 2027.188354 515.021118
87.000000 44.246017 610.093506 1273.735596 876.676086
64.000000 1884.257080 793.296570 2548.468994 689.869812
65.000000 1900.453003 1200.114624 2581.454346 1146.561646
286.000000 925.037598 796.614441 1742.616333 886.674561
503.000000 912.212036 1196.737549 1748.199829 1233.386719
104.000000 1226.666626 1226.666626 1842.037231 1248.254517
718.000000 399.969452 410.839691 1403.000000 684.000000
59.000000 1230.000122 1233.555908 1856.416504 1248.802734
105.000000 1623.333252 1233.256714 2157.052002 1213.491821
1578.000000 1753.410156 1691.787720 2424.000000 1685.000000
109.000000 1606.077637 650.026062 2262.029297 609.869873
137.000000 333.376190 1715.482056 1429.982178 1653.989258
192.000000 326.670502 1766.033447 1423.603027 1688.532837
92.000000 1889.684082 1123.345825 2567.468262 1073.512451
93.000000 1876.996460 803.320251 2541.049316 700.161621
128.000000 1686.656006 510.441925 2332.959229 442.138885
129.000000 1396.664917 503.407776 2067.297607 525.348022
96.000000 1611.248657 1283.375244 2169.056885 1270.044067
284.000000 160.116837 1626.677856 1349.374634 1583.253662
218.000000 726.717651 1613.163818 1639.050537 1579.966187
350.000000 713.305176 1642.006348 1640.002686 1606.233643
351.000000 989.988831 1636.139771 1810.016602 1607.268921
200.000000 991.208069 1336.682983 1803.094604 1349.928345
201.000000 987.515442 1610.011475 1808.419189 1579.959473
226.000000 1563.333618 1256.928467 2113.260986 1245.904297
227.000000 1289.996460 1257.278442 1899.952148 1266.162231
101.000000 910.025757 1704.341064 1790.060303 1664.506836
100.000000 363.310272 1714.807861 1456.614502 1655.201294
110.000000 2052.385254 1333.187378 2766.599609 1283.017822
111.000000 2068.506104 1596.554077 2796.230225 1589.720093
229.000000 995.469604 1163.378784 1800.205200 1189.994507
268.000000 593.057373 896.815125 1548.045410 1019.981506
269.000000 580.601685 1153.362549 1550.724365 1219.990356
359.000000 1576.742432 1299.926392 2266.377441 1283.038574
1386.000000 1331.123779 773.314026 2026.000000 798.000000
592.000000 1326.717529 516.665771 2012.949707 560.026855
126.000000 1831.719360 1600.047729 2520.914551 1590.144653
127.000000 1824.231689 1346.640137 2503.966797 1306.828125
106.000000 2216.329346 1590.200806 2993.167480 1590.339478
107.000000 2202.640137 1340.037964 2962.740479 1276.724243
248.000000 2103.340332 1741.379639 2736.701416 1759.446777
249.000000 1853.329834 1742.653320 2533.331787 1746.692993
304.000000 204.258606 1153.393921 1355.410645 1243.291016
423.000000 319.613617 484.970734 1394.008789 742.426270
212.000000 1646.176147 533.239136 2295.026367 483.026276
398.000000 90.494766 503.376526 1290.000000 796.666687
379.000000 69.240311 746.891296 1297.463989 963.342346
289.000000 606.735352 753.486633 1557.330200 899.992981
120.000000 2190.770020 1156.813110 2940.240723 1049.973633
121.000000 2177.063477 916.834412 2908.807129 763.464233
335.000000 1807.013306 773.358337 2465.933105 690.052246
214.000000 1403.346191 482.679626 2056.672852 506.685577
215.000000 1643.318726 487.409973 2266.417969 439.226715
428.000000 986.666687 1313.422729 1796.571533 1328.736816
429.000000 746.666687 1313.457886 1649.983398 1339.780151
293.000000 2024.806641 783.235657 2707.119629 629.961121
517.000000 739.990723 1599.377441 1666.662842 1572.481201
518.000000 976.654419 1595.845825 1796.675293 1571.891724
142.000000 1816.412231 1153.339844 2488.162109 1106.775635
402.000000 1810.209961 917.584839 2475.268555 845.899597
436.000000 743.330627 1476.325806 1653.311401 1472.701782
437.000000 979.982117 1474.430786 1796.703125 1467.715332
118.000000 2163.397461 543.331055 2874.752686 296.806122
119.000000 2171.614014 776.727173 2895.879639 586.723999
434.000000 746.662415 1435.884766 1653.324341 1439.797974
435.000000 980.006958 1434.610352 1796.668579 1433.376465
593.000000 370.005707 1647.041504 1456.660156 1603.654297
594.000000 600.003174 1643.541016 1570.014526 1605.949219
444.000000 2159.950928 1684.994385 2913.347168 1699.908447
176.000000 1801.469971 770.037781 2458.894775 690.063110
177.000000 1796.873535 543.396729 2445.005127 446.761536
190.000000 1694.679688 1600.058105 2388.994873 1586.725098
191.000000 1688.144653 1376.623413 2375.434814 1353.211304
1368.000000 1810.209595 1599.994141 2502.000000 1588.000000
470.000000 976.709473 1299.627563 1790.030396 1317.017334
471.000000 753.318481 1301.145874 1653.235840 1328.874756
478.000000 753.328796 1395.652466 1656.655762 1406.466797
479.000000 976.672546 1394.651367 1793.279175 1399.008667
691.000000 2195.354492 1593.415405 2969.000000 1590.000000
388.000000 2176.202148 1153.366089 2909.059082 1043.887939
512.000000 2160.895020 936.603455 2883.481934 790.779053
541.000000 1403.338867 496.412292 2053.698486 521.209778
203.000000 1079.975220 503.759583 1835.697266 603.530334
172.000000 1843.322021 1585.732056 2533.332275 1574.513672
173.000000 2056.664551 1583.162109 2780.001709 1574.728882
168.000000 1839.972900 1507.647827 2526.631348 1488.303345
169.000000 2053.316406 1505.188599 2773.329834 1483.160522
162.000000 1836.641479 1430.694092 2519.880127 1403.923828
163.000000 2046.685913 1428.694092 2766.658447 1393.146729
266.000000 1334.559326 529.983582 2022.212646 569.908508
267.000000 1337.368286 739.990601 2030.485107 769.979919
166.000000 1839.989258 1469.092407 2523.318604 1446.258667
167.000000 2049.999268 1466.598877 2770.026855 1437.412842
170.000000 1843.330322 1546.411987 2529.975586 1531.277100
171.000000 2053.340576 1543.965454 2776.686523 1528.334961
160.000000 2043.339844 1312.266602 2756.648926 1256.433228
161.000000 1833.332031 1312.871826 2509.883057 1275.121826
180.000000 1833.333374 1306.666626 2513.197266 1268.237671
181.000000 2043.333374 1306.666626 2753.309570 1249.692871
489.000000 1485.679565 753.323486 2160.987061 739.962952
205.000000 1487.773682 543.344360 2148.926514 536.700317
1516.000000 2139.885010 566.907043 2844.000000 335.000000
490.000000 2176.629395 1621.215454 2933.332275 1624.918457
184.000000 2043.352295 1300.857300 2753.273682 1242.509277
185.000000 1840.005249 1299.304932 2516.402344 1259.689209
194.000000 1839.992554 1392.246704 2523.239502 1361.637695
195.000000 2043.339111 1390.845215 2756.596924 1348.738770
485.000000 1393.169678 512.921753 2064.696777 535.036560
317.000000 1596.642456 515.572632 2243.611328 477.508301
158.000000 2164.704346 753.414368 2888.015869 560.178650
159.000000 2156.440186 553.342712 2865.797363 313.411591
133.000000 2042.862183 1166.834106 2744.606445 1073.466675
253.000000 1012.473328 1379.978271 1824.580566 1383.304565
145.000000 2149.933838 1696.484863 2786.599365 1712.752563
224.000000 1736.483521 522.178894 2381.521240 438.375275
225.000000 1929.935547 528.606567 2587.537109 376.218781
443.000000 993.620483 986.675476 1790.394409 1046.656128
186.000000 2043.300049 511.145844 2700.534424 315.039581
187.000000 1849.936279 505.522705 2477.185303 384.989349
344.000000 1028.338257 760.032532 1812.960083 840.008850
345.000000 1032.098877 566.642639 1808.931396 669.946350
1099.000000 1466.799438 766.666321 2140.000000 759.000000
237.000000 552.232117 1613.464966 1551.935547 1579.996826
165.000000 1664.407715 1169.916504 2333.691162 1126.651733
1576.000000 553.335022 1623.403442 1547.000000 1590.000000
421.000000 373.338257 1563.703735 1451.406982 1543.451904
576.000000 1160.686890 986.643677 1905.826050 1020.033691
484.000000 1219.897583 501.637390 1932.644043 570.787476
116.000000 1819.987305 1626.039917 2509.993896 1617.077271
902.000000 2093.283203 445.402435 2750.000000 213.000000
412.000000 350.004517 1563.651733 1440.014282 1543.333984
417.000000 2170.025879 1742.206543 2823.308105 1767.166382
328.000000 235.832794 746.598816 1357.427124 946.539246
274.000000 2212.983398 1423.355713 2979.797607 1380.020874
275.000000 2223.867188 1593.299194 2999.757324 1573.358398
242.000000 748.360901 1153.406494 1642.991699 1206.664185
893.000000 196.665833 1301.915405 1338.000000 1347.000000
178.000000 2099.901611 533.049866 2791.170410 313.586914
179.000000 2266.682861 535.618896 3020.663086 238.698944
448.000000 739.979797 1558.320190 1653.321045 1539.036865
992.000000 356.664551 1439.824219 1472.000000 1445.000000
371.000000 1446.629761 1124.147705 2160.067871 1115.916504
251.000000 1006.595886 759.998047 1793.813232 843.317932
446.000000 69.993507 750.752319 1304.389526 960.015747
1053.000000 363.347046 1358.498047 1472.000000 1384.000000
374.000000 12.426824 1623.552979 1291.791382 1583.374878
264.000000 2187.898193 996.591003 2927.567871 849.909729
265.000000 2197.732178 1156.601196 2947.604004 1049.906128
306.000000 583.187866 1616.659668 1570.553589 1583.343994
366.000000 1818.167480 996.614441 2482.937012 930.027466
367.000000 1823.734619 1156.652710 2494.260010 1093.269043
486.000000 1245.401245 1120.033447 1974.067871 1126.736206
487.000000 1247.985840 960.021301 1970.407104 989.989075
488.000000 1491.966309 609.976624 2155.860840 603.363586
204.000000 1493.867676 769.993652 2156.032471 763.353210
238.000000 2223.304932 1598.073486 2999.997803 1595.915405
239.000000 2063.339844 1600.435059 2789.999512 1596.509521
1317.000000 999.949097 1170.840332 1812.000000 1206.000000
270.000000 1936.586548 529.053406 2597.791016 373.647980
271.000000 2093.300293 534.317078 2788.197754 314.968445
380.000000 1830.013794 1604.347412 2520.010742 1593.741699
381.000000 1673.330688 1606.472534 2360.000732 1593.158691
422.000000 3.073502 466.092712 1250.650513 782.336609
219.000000 733.341675 1347.388672 1640.013184 1363.303711
326.000000 19.979952 1361.068237 1285.976074 1400.164429
285.000000 173.330780 1359.710938 1353.198608 1393.263550
256.000000 2219.994385 1616.209229 2999.993896 1620.340454
257.000000 2066.683594 1618.064941 2796.666992 1616.651245
529.000000 1239.280762 969.995667 1963.551514 999.992737
530.000000 1238.376953 1120.010254 1967.761108 1126.630249
392.000000 1816.667969 1163.725830 2489.928711 1112.801392
393.000000 1666.658325 1164.242798 2336.669434 1133.354004
305.000000 213.335312 902.240173 1357.103638 1059.942505
400.000000 1806.665039 777.047546 2456.902832 694.284973
401.000000 1656.667847 776.395874 2310.174561 730.703674
386.000000 1666.640747 1177.080566 2335.759033 1145.354126
387.000000 1813.360229 1176.471191 2493.044922 1127.464233
234.000000 2069.961914 1611.624878 2789.987549 1608.695068
235.000000 2216.630127 1608.357788 3000.000000 1609.989014
272.000000 2173.339111 782.931580 2900.004883 590.021057
273.000000 2026.655151 780.789429 2709.646484 635.175842
352.000000 66.666939 906.581726 1292.914551 1080.005493
1512.000000 2210.000000 1311.970581 2972.000000 1249.000000
418.000000 59.896027 1153.324097 1299.376221 1249.984497
1210.000000 72.683838 1009.942078 1302.000000 1171.000000
406.000000 1656.547974 790.606812 2312.798340 744.877747
407.000000 1800.044678 784.359985 2457.173584 701.694824
1147.000000 640.803467 1599.871826 1602.000000 1572.000000
310.000000 2029.993652 786.895996 2713.030518 642.034668
311.000000 2173.401611 790.875610 2890.172363 600.739441
390.000000 1683.299438 1617.457153 2359.982422 1604.711182
391.000000 1826.696167 1615.548950 2516.708496 1606.702148
403.000000 1666.683594 919.337402 2327.412354 876.890869
476.000000 1602.742310 723.346741 2260.023926 693.332092
477.000000 1605.999756 866.681824 2267.232910 829.970154
280.000000 2190.009766 1162.237915 2940.279053 1055.646362
281.000000 2046.658203 1160.945312 2749.832764 1078.614258
298.000000 603.335571 909.683533 1560.753174 1033.370850
282.000000 2046.663574 1173.797241 2748.634521 1092.134399
283.000000 2190.001709 1173.726807 2937.372314 1069.120850
230.000000 1000.001526 1352.937500 1816.689453 1369.951294
408.000000 1745.372314 1590.034668 2442.692383 1576.709961
409.000000 1741.540283 1446.803833 2432.566406 1426.718506
378.000000 108.919235 520.232483 1299.268188 803.325073
1213.000000 119.003632 1146.304077 1314.000000 1243.000000
1116.000000 674.742676 1150.192749 1620.000000 1204.000000
515.000000 1277.438965 760.017334 1984.546875 793.348267
516.000000 1280.588989 619.863403 1983.630249 663.331238
360.000000 606.093628 1153.308472 1567.775879 1216.715088
1330.000000 612.162415 1013.282593 1568.000000 1129.000000
22.000000 1783.389160 1730.774658 2479.763672 1730.710449
1487.000000 1073.848877 1013.277954 1837.000000 1059.000000
410.000000 1816.663452 1344.569946 2500.233154 1310.332886
411.000000 1676.655640 1344.201538 2350.204102 1319.876343
385.000000 1226.726929 918.720093 1943.221558 956.200989
1546.000000 2096.000000 1398.000000 2838.000000 1354.000000
764.000000 2500.000000 1753.000000 3049.000000 1797.000000
776.000000 1716.000000 1400.000000 2407.000000 1376.000000
801.000000 698.000000 1111.000000 1620.000000 1178.000000
665.000000 1056.000000 691.000000 1831.000000 776.000000
867.000000 1695.000000 703.000000 2357.000000 641.000000
979.000000 1707.000000 1083.000000 2384.000000 1041.000000
766.000000 2082.000000 1115.000000 2807.000000 1016.000000
1294.000000 681.000000 1528.000000 1624.000000 1514.000000
742.000000 56.000000 1499.000000 1309.000000 1495.000000
228.000000 1007.000000 909.000000 1794.470215 976.636108
1311.000000 1115.000000 660.000000 1871.000000 736.000000
1083.000000 1437.000000 730.000000 2120.000000 733.000000
1378.000000 1703.000000 975.000000 2381.000000 927.000000
1411.000000 2059.000000 678.000000 2759.000000 500.000000
1321.000000 719.000000 716.000000 1620.000000 855.000000
770.000000 722.000000 651.000000 1619.000000 802.000000
1085.000000 1385.000000 985.000000 2090.000000 991.000000
747.000000 623.000000 1407.000000 1588.000000 1418.000000
662.000000 1046.000000 1112.000000 1840.000000 1148.000000
672.000000 1696.000000 734.000000 2359.000000 674.000000
1496.000000 1040.000000 1404.000000 1846.000000 1405.000000
689.000000 2040.000000 405.000000 2800.000000 164.000000
725.000000 1057.000000 659.000000 1830.000000 747.000000
607.000000 1397.000000 386.000000 2132.000000 395.000000
1324.000000 77.000000 148.000000 1293.000000 539.000000
780.000000 1774.000000 1400.000000 2465.000000 1373.000000
744.000000 662.000000 649.000000 1585.000000 811.000000
1220.000000 1448.000000 1094.000000 2147.000000 1087.000000
1249.000000 2061.000000 709.000000 2762.000000 537.000000
1195.000000 1763.000000 1667.000000 2453.000000 1660.000000
1104.000000 2074.000000 975.000000 2791.000000 849.000000
621.000000 1115.000000 692.000000 1871.000000 765.000000
994.000000 615.000000 1566.000000 1588.000000 1544.000000
973.000000 1116.000000 587.000000 1869.000000 671.000000
758.000000 249.000000 209.000000 1630.000000 454.000000
1552.000000 726.000000 361.000000 1655.000000 555.000000
608.000000 660.000000 682.000000 1585.000000 837.000000
948.000000 2078.000000 1050.000000 2800.000000 939.000000
683.000000 1369.000000 1047.000000 2079.000000 1052.000000
1163.000000 240.000000 343.000000 1395.000000 642.000000
1231.000000 679.000000 1565.000000 1624.000000 1543.000000
1500.000000 68.000000 793.000000 1289.000000 998.000000
709.000000 2681.000000 99.000000 1080.000000 464.000000
657.000000 1397.000000 405.000000 2133.000000 413.000000
616.000000 1708.000000 1116.000000 2386.000000 1076.000000
810.000000 1803.000000 1207.000000 2477.000000 1162.000000
735.000000 1763.000000 1050.000000 2439.000000 997.000000
1108.000000 1082.000000 300.000000 1991.000000 390.000000
855.000000 1751.000000 736.000000 2415.000000 661.000000
1350.000000 1576.000000 938.000000 2243.000000 914.000000
884.000000 1376.000000 386.000000 2114.000000 401.000000
318.000000 1907.000000 435.000000 2531.138428 296.852051
997.000000 1396.000000 309.000000 2119.000000 322.000000
1276.000000 431.000000 418.000000 1416.000000 680.000000
849.000000 100.000000 1039.000000 1315.000000 1170.000000
646.000000 1767.000000 1570.000000 2464.000000 1556.000000
941.000000 1114.000000 724.000000 1872.000000 795.000000
60.000000 467.000000 602.000000 1472.611572 799.993469
922.000000 1718.000000 1481.000000 2410.000000 1463.000000
820.000000 1694.000000 672.000000 2355.000000 609.000000
797.000000 1047.000000 1077.000000 1839.000000 1118.000000
755.000000 992.000000 1202.000000 1798.000000 1231.000000
1022.000000 2179.000000 1207.000000 2924.000000 1113.000000
926.000000 1380.000000 729.000000 2073.000000 744.000000
887.000000 1107.000000 1044.000000 1880.000000 1081.000000
677.000000 1819.000000 1207.000000 2494.000000 1160.000000
1043.000000 1706.000000 1050.000000 2382.000000 1006.000000
1473.000000 2104.000000 1548.000000 2854.000000 1534.000000
946.000000 2168.000000 823.000000 2895.000000 641.000000
1250.000000 727.000000 281.000000 1645.000000 492.000000
635.000000 643.000000 961.000000 1584.000000 1063.000000
1069.000000 94.000000 1110.000000 1314.000000 1220.000000
1027.000000 2176.000000 806.000000 2905.000000 619.000000
950.000000 1777.000000 1516.000000 2473.000000 1498.000000
1256.000000 204.000000 566.000000 1334.000000 823.000000
1081.000000 1764.000000 1083.000000 2442.000000 1033.000000
911.000000 984.000000 1282.000000 1795.000000 1300.000000
658.000000 123.000000 1498.000000 1339.000000 1494.000000
1097.000000 720.000000 683.000000 1619.000000 828.000000
1548.000000 512.000000 576.000000 1492.000000 780.000000
694.000000 2652.000000 129.000000 1046.000000 476.000000
613.000000 1719.000000 1516.000000 2413.000000 1499.000000
1086.000000 2101.000000 1478.000000 2846.000000 1450.000000
1380.000000 1747.000000 1685.000000 2437.000000 1680.000000
1200.000000 27.000000 42.000000 1213.000000 467.000000
1209.000000 1749.000000 673.000000 2410.000000 594.000000
1142.000000 1223.000000 1008.000000 1953.000000 1036.000000
1052.000000 24.000000 1201.000000 1280.000000 1287.000000
765.000000 1809.000000 800.000000 2468.000000 718.000000
625.000000 1038.000000 1488.000000 1848.000000 1478.000000
1118.000000 1785.000000 818.000000 2443.000000 743.000000
1046.000000 2055.000000 607.000000 2751.000000 417.000000
1538.000000 2080.000000 1083.000000 2803.000000 978.000000
1169.000000 1759.000000 976.000000 2437.000000 917.000000
236.000000 575.000000 1349.000000 1551.591553 1369.997437
288.000000 623.000000 518.000000 1557.831543 710.020691
1280.000000 1430.000000 1062.000000 2130.000000 1058.000000
1194.000000 996.000000 788.000000 1785.000000 872.000000
1119.000000 636.000000 1110.000000 1585.000000 1182.000000
1355.000000 1437.000000 667.000000 2118.000000 672.000000
859.000000 1436.000000 595.000000 2116.000000 602.000000
1349.000000 2107.000000 1582.000000 2859.000000 1576.000000
1218.000000 97.000000 1074.000000 1315.000000 1194.000000
989.000000 2108.000000 608.000000 2818.000000 398.000000
628.000000 1058.000000 586.000000 1829.000000 682.000000
1275.000000 168.000000 852.000000 1333.000000 1022.000000
738.000000 1273.000000 1181.000000 1885.000000 1197.000000
1286.000000 2153.000000 1661.000000 2911.000000 1670.000000
1545.000000 2117.000000 741.000000 2834.000000 556.000000
913.000000 1369.000000 1070.000000 2081.000000 1073.000000
1047.000000 132.000000 673.000000 1318.000000 906.000000
527.000000 2093.000000 1364.000000 2810.096436 1314.475586
1067.000000 1448.000000 437.000000 2146.000000 428.000000
968.000000 1751.000000 704.000000 2413.000000 627.000000
609.000000 129.000000 706.000000 1318.000000 930.000000
1171.000000 1721.000000 1587.000000 2418.000000 1574.000000
1084.000000 1709.000000 1149.000000 2389.000000 1111.000000
840.000000 1720.000000 1552.000000 2415.000000 1536.000000
932.000000 1217.000000 429.000000 1913.000000 505.000000
987.000000 142.000000 564.000000 1320.000000 827.000000
1524.000000 705.000000 962.000000 1620.000000 1057.000000
1033.000000 1973.000000 640.000000 2642.000000 489.000000
1063.000000 1059.000000 556.000000 1828.000000 657.000000
1300.000000 1436.000000 882.000000 2112.000000 881.000000
1103.000000 477.000000 512.000000 1474.000000 735.000000
756.000000 1448.000000 380.000000 2901.000000 125.000000
751.000000 618.000000 1492.000000 1587.000000 1486.000000
687.000000 1801.000000 818.000000 2460.000000 739.000000
1319.000000 725.000000 577.000000 1618.000000 741.000000
671.000000 613.000000 1603.000000 1588.000000 1572.000000
1483.000000 1298.000000 931.000000 2000.000000 955.000000
309.000000 2037.000000 920.000000 2724.539795 793.916504
1271.000000 1692.000000 599.000000 2350.000000 533.000000
741.000000 748.000000 362.000000 1667.000000 551.000000
1234.000000 1380.000000 697.000000 2072.000000 714.000000
1494.000000 973.000000 982.000000 1776.000000 1043.000000
1369.000000 562.000000 977.000000 1532.000000 1085.000000
70.000000 309.000000 599.000000 1392.615967 823.325134
1015.000000 1448.000000 1070.000000 2146.000000 1064.000000
1077.000000 1418.000000 387.000000 2149.000000 389.000000
649.000000 1765.000000 1116.000000 2444.000000 1068.000000
916.000000 2136.000000 1056.000000 2882.000000 923.000000
1412.000000 26.000000 317.000000 1335.000000 654.000000
713.000000 1037.000000 1560.000000 1849.000000 1541.000000
841.000000 1107.000000 1078.000000 1880.000000 1112.000000
1226.000000 700.000000 1076.000000 1620.000000 1149.000000
845.000000 1408.000000 962.000000 2109.000000 964.000000
642.000000 64.000000 1414.000000 1310.000000 1435.000000
1112.000000 2698.000000 81.000000 1097.000000 454.000000
910.000000 1037.000000 1523.000000 1848.000000 1510.000000
1282.000000 1747.000000 1667.000000 2436.000000 1659.000000
817.000000 1021.000000 1282.000000 1777.000000 1310.000000
868.000000 638.000000 1076.000000 1584.000000 1155.000000
1237.000000 2063.000000 740.000000 2766.000000 573.000000
719.000000 666.000000 575.000000 1585.000000 751.000000
1055.000000 2020.000000 802.000000 2703.000000 662.000000
894.000000 682.000000 1491.000000 1624.000000 1485.000000
1433.000000 1396.000000 778.000000 2070.000000 791.000000
914.000000 1811.000000 394.000000 2603.000000 230.000000
879.000000 1776.000000 1481.000000 2471.000000 1460.000000
1543.000000 1430.000000 1086.000000 2131.000000 1081.000000
1338.000000 606.000000 801.000000 1552.000000 939.000000
906.000000 1226.000000 988.000000 1954.000000 1016.000000
617.000000 135.000000 640.000000 1319.000000 882.000000
1509.000000 1777.000000 1134.000000 2457.000000 1086.000000
993.000000 1352.000000 1052.000000 2065.000000 1058.000000
90.000000 1668.000000 1218.000000 2215.286865 1196.095337
329.000000 246.000000 512.000000 1361.237671 769.882874
1217.000000 1280.000000 948.000000 1986.000000 973.000000
1023.000000 1774.000000 704.000000 2436.000000 622.000000
949.000000 49.000000 1574.000000 1307.000000 1548.000000
1037.000000 1010.000000 1202.000000 1811.000000 1230.000000
1243.000000 759.000000 803.000000 1639.000000 920.000000
978.000000 2622.000000 244.000000 1013.000000 543.000000
1193.000000 1340.000000 1202.000000 2013.000000 1201.000000
1308.000000 116.000000 1574.000000 1338.000000 1548.000000
1477.000000 2327.000000 477.000000 3028.000000 152.000000
1381.000000 667.000000 544.000000 1585.000000 726.000000
1139.000000 1494.000000 523.000000 2154.000000 516.000000
1020.000000 746.000000 385.000000 1656.000000 573.000000
368.000000 1576.000000 978.000000 2244.493164 956.608398
1416.000000 2043.000000 329.000000 2787.000000 74.000000
1399.000000 2171.000000 1283.000000 2916.000000 1209.000000
1359.000000 2167.000000 1747.000000 2815.000000 1773.000000
1310.000000 2152.000000 975.000000 2891.000000 832.000000
959.000000 1339.000000 433.000000 2006.000000 474.000000
974.000000 701.000000 1042.000000 1620.000000 1122.000000
1184.000000 1106.000000 1112.000000 1882.000000 1142.000000
1004.000000 1437.000000 699.000000 2119.000000 703.000000
506.000000 1802.000000 920.000000 2459.846191 855.902344
1245.000000 2140.000000 444.000000 2818.000000 192.000000
1266.000000 2195.000000 1207.000000 2946.000000 1111.000000
1203.000000 660.000000 1284.000000 1595.000000 1318.000000
1106.000000 1684.000000 1224.000000 2235.000000 1209.000000
146.000000 337.000000 1727.000000 1426.686890 1662.675293
1182.000000 1747.000000 601.000000 2406.000000 517.000000
829.000000 1245.000000 935.000000 1968.000000 964.000000
600.000000 658.000000 715.000000 1585.000000 863.000000
934.000000 1214.000000 530.000000 1928.000000 597.000000
811.000000 1008.000000 807.000000 1794.000000 886.000000
1568.000000 838.000000 612.000000 1700.000000 742.000000
308.000000 2170.000000 923.000000 2904.007812 764.053284
1469.000000 1656.000000 882.000000 2316.000000 840.000000
1325.000000 357.000000 1497.000000 1437.000000 1491.000000
999.000000 2204.000000 992.000000 2932.000000 831.000000
1342.000000 1387.000000 1038.000000 2093.000000 1041.000000
1242.000000 1594.000000 1148.000000 2138.000000 1135.000000
500.000000 1456.000000 392.000000 2244.960449 366.997009
1344.000000 1746.000000 1312.000000 2421.000000 1281.000000
1160.000000 1679.000000 1239.000000 2418.000000 1195.000000
692.000000 1706.000000 817.000000 2317.000000 769.000000
679.000000 1454.000000 1201.000000 1914.000000 1213.000000
1270.000000 1934.000000 554.000000 2594.000000 403.000000
923.000000 1467.000000 845.000000 2140.000000 841.000000
1521.000000 368.000000 269.000000 1587.000000 532.000000
1208.000000 1565.000000 1270.000000 2119.000000 1258.000000
852.000000 1823.000000 1297.000000 2502.000000 1260.000000
928.000000 1503.000000 824.000000 2168.000000 814.000000
1221.000000 2140.000000 1661.000000 2890.000000 1670.000000
753.000000 1050.000000 967.000000 1840.000000 1019.000000
1170.000000 1990.000000 592.000000 2661.000000 426.000000
1128.000000 1380.000000 594.000000 2069.000000 614.000000
196.000000 1676.000000 929.000000 2343.671875 889.822327
1580.000000 1563.000000 441.000000 2195.000000 413.000000
896.000000 1618.000000 1254.000000 2180.000000 1241.000000
769.000000 2032.000000 820.000000 2719.000000 680.000000
1569.000000 218.000000 343.000000 1383.000000 646.000000
977.000000 107.000000 958.000000 1316.000000 1111.000000
917.000000 1359.000000 790.000000 2044.000000 811.000000
731.000000 1780.000000 1585.000000 2479.000000 1574.000000
519.000000 2053.000000 577.000000 2716.210205 388.525360
1049.000000 1766.000000 1149.000000 2447.000000 1104.000000
1202.000000 1380.000000 1002.000000 2085.000000 1006.000000
495.000000 1788.000000 549.000000 2436.252930 455.307831
643.000000 2018.000000 553.000000 2691.000000 370.000000
969.000000 279.000000 302.000000 1408.000000 606.000000
1091.000000 682.000000 380.000000 1624.000000 582.000000
303.000000 2058.000000 1344.000000 2770.164795 1292.275146
805.000000 1070.000000 1228.000000 1835.000000 1258.000000
955.000000 196.000000 1283.000000 1356.000000 1346.000000
302.000000 2195.000000 1343.000000 2953.501953 1278.992920
972.000000 617.000000 1528.000000 1587.000000 1515.000000
826.000000 1141.000000 588.000000 1883.000000 666.000000
958.000000 144.000000 533.000000 1320.000000 805.000000
684.000000 2149.000000 810.000000 2869.000000 633.000000
966.000000 1370.000000 1093.000000 2081.000000 1096.000000
843.000000 1792.000000 929.000000 2454.000000 863.000000
1095.000000 2667.000000 111.000000 1064.000000 468.000000
1432.000000 1429.000000 1039.000000 2129.000000 1037.000000
1449.000000 667.000000 770.000000 1585.000000 909.000000
786.000000 1790.000000 1116.000000 2467.000000 1065.000000
1517.000000 2136.000000 679.000000 2855.000000 475.000000
462.000000 1839.000000 1624.000000 2526.666748 1613.333374
1397.000000 750.000000 337.000000 1666.000000 530.000000
848.000000 1829.000000 1282.000000 2507.000000 1243.000000
1253.000000 227.000000 794.000000 1361.000000 982.000000
1420.000000 1715.000000 1366.000000 2404.000000 1339.000000
1297.000000 2053.000000 1183.000000 2760.000000 1104.000000
1296.000000 1150.000000 891.000000 1904.000000 943.000000
1016.000000 1781.000000 1712.000000 2480.000000 1719.000000
799.000000 2711.000000 113.000000 1095.000000 472.000000
1360.000000 2157.000000 1477.000000 2921.000000 1448.000000
1036.000000 1474.000000 954.000000 2152.000000 947.000000
883.000000 1605.000000 630.000000 2259.000000 592.000000
1025.000000 242.000000 319.000000 1395.000000 625.000000
667.000000 53.000000 1536.000000 1308.000000 1522.000000
892.000000 1461.000000 668.000000 2137.000000 667.000000
1520.000000 858.000000 521.000000 1733.000000 657.000000
1018.000000 2057.000000 274.000000 2780.000000 8.000000
824.000000 1139.000000 808.000000 1884.000000 866.000000
791.000000 2046.000000 1205.000000 2752.000000 1130.000000
414.000000 2064.000000 770.000000 2797.726318 606.561523
1168.000000 134.000000 1377.000000 1340.000000 1409.000000
656.000000 239.000000 367.000000 1395.000000 659.000000
1114.000000 1396.000000 363.000000 2131.000000 374.000000
1510.000000 1965.000000 556.000000 2631.000000 393.000000
431.000000 2119.000000 771.000000 2811.930908 599.804138
1141.000000 119.000000 1536.000000 1339.000000 1521.000000
623.000000 639.000000 1041.000000 1584.000000 1127.000000
724.000000 2166.000000 807.000000 2891.000000 621.000000
900.000000 714.000000 1372.000000 1623.000000 1388.000000
1007.000000 657.000000 1228.000000 1593.000000 1275.000000
874.000000 46.000000 1613.000000 1307.000000 1573.000000
1248.000000 2171.000000 1184.000000 2469.000000 1140.000000
278.000000 589.000000 1361.000000 1562.702271 1386.690552
696.000000 1387.000000 1108.000000 2096.000000 1107.000000
243.000000 762.000000 893.000000 1644.468140 999.984314
1105.000000 1461.000000 699.000000 2139.000000 698.000000

1.000000 2453.984375 309.774536 25.151651 216.157990 2784.234131 61.464809 1418.925293 565.705872
0.000000 2320.030029 469.028076 439.968384 411.024780 3024.229492 146.084137 1422.614868 667.794250
10.000000 430.535431 493.130890 371.201935 1313.179077 1446.611572 739.963745 1438.090210 1536.681885
22.000000 387.393463 1300.296021 445.056274 509.396545 1452.862427 1343.380493 1457.484009 736.622131
24.000000 910.026978 445.874084 1649.963501 471.071198 1695.823364 597.351685 2215.173096 431.976349
35.000000 307.255981 613.114319 260.679047 1196.720825 1392.615967 823.325134 1387.464844 1273.342529
30.000000 466.679688 620.000916 426.235992 1200.202393 1472.611572 799.993469 1468.409058 1263.349121
37.000000 337.691376 1193.410767 381.259186 616.510010 1423.762085 1266.671753 1428.942505 833.280823
28.000000 818.434998 629.936462 795.010498 1206.734741 1668.982788 770.008850 1673.200439 1253.334473
18.000000 1849.270752 636.442444 1871.051514 1213.167725 2504.703125 526.107422 2549.019775 1162.937622
14.000000 2219.889648 636.227600 2258.319092 1210.112549 2959.390137 410.065002 3033.278809 1103.339111
51.000000 835.877869 1196.765991 858.274658 623.265930 1697.774292 1143.323364 1694.851196 819.986267
33.000000 936.444580 1206.659790 954.291504 633.363159 1761.699707 1240.027344 1754.102905 786.653748
104.000000 904.113586 1193.359863 923.395996 626.668823 1738.608521 1093.355713 1734.956055 866.640503
34.000000 1583.334717 476.624359 1019.969360 457.572662 2209.822998 446.106934 1780.603516 581.907471
20.000000 1936.729980 639.997192 1961.381958 1200.085938 2601.720703 503.458801 2650.973633 1136.590942
17.000000 2002.397095 1216.710571 1976.307495 660.016846 2699.852783 1150.285767 2647.006836 506.638733
138.000000 2324.409912 1206.828857 2285.104004 659.872742 3072.753418 586.365967 3051.652100 393.152924
44.000000 502.042572 1196.583984 535.568726 673.263000 1507.744019 1259.989136 1509.706055 853.315857
38.000000 1676.714844 488.495758 2189.948486 504.942719 2470.247803 374.125275 2879.780273 245.964264
36.000000 1209.198853 633.323792 1203.251587 1133.371948 1928.885742 696.700195 1942.021729 1133.372803
2.000000 2126.475342 1693.360840 1649.477295 1720.967896 2760.065674 1709.721191 1743.206299 1700.123291
65.000000 920.063354 464.838837 1363.326294 480.202942 1763.309692 596.590027 2027.188354 515.021118
45.000000 1640.036499 1215.304810 1200.030396 1213.890869 2215.286865 1196.095337 1821.178223 1235.206055
43.000000 0.582188 1036.384888 44.246017 610.093506 1264.153442 1286.607910 1273.735596 876.676086
32.000000 1884.257080 793.296570 1900.453003 1200.114624 2548.468994 689.869812 2581.454346 1146.561646
143.000000 925.037598 796.614441 912.212036 1196.737549 1742.616333 886.674561 1744.715576 1076.651367
29.000000 1626.666626 1239.999268 1226.662231 1240.652710 2319.259521 1223.252441 1856.416504 1248.802734
52.000000 1226.666626 1226.666626 1626.666626 1226.666626 1842.037231 1248.254517 2157.052002 1213.491821
56.000000 1753.410156 1691.787720 2126.659424 1686.186523 2456.552734 1687.033081 2760.111328 1696.385620
77.000000 893.335449 1764.206909 546.670776 1765.042358 1703.392090 1709.148682 1453.202393 1691.898926
54.000000 1620.997559 987.359680 1606.077637 650.026062 2281.993652 921.154846 2262.029297 609.869873
96.000000 326.670502 1766.033447 3.328828 1764.078369 1423.603027 1688.532837 1190.256958 1675.426147
46.000000 1889.684082 1123.345825 1876.996460 803.320251 2567.468262 1073.512451 2541.049316 700.161621
64.000000 1686.656006 510.441925 1396.664917 503.407776 2332.959229 442.138885 2067.297607 525.348022
76.000000 1611.248657 1283.375244 1617.071533 1573.325195 2298.733398 1280.064819 2311.700684 1533.246216
142.000000 160.116837 1626.677856 187.322021 1343.076416 1349.374634 1583.253662 1353.198608 1393.263550
118.000000 573.052979 1336.810425 560.026855 1613.491577 1551.591553 1369.997437 1551.935547 1579.996826
109.000000 726.717651 1613.163818 740.998596 1336.546143 1639.050537 1579.966187 1640.013184 1363.303711
175.000000 713.305176 1642.006348 989.988831 1636.139771 1640.002686 1606.233643 1810.016602 1607.268921
100.000000 991.208069 1336.682983 987.515442 1610.011475 1803.094604 1349.928345 1808.419189 1579.959473
113.000000 1563.333618 1256.928467 1289.996460 1257.278442 2113.260986 1245.904297 1899.952148 1266.162231
55.000000 2052.385254 1333.187378 2068.506104 1596.554077 2766.599609 1283.017822 2796.230225 1589.720093
114.000000 1001.078430 900.093994 995.469604 1163.378784 1794.470215 976.636108 1800.205200 1189.994507
134.000000 593.057373 896.815125 580.601685 1153.362549 1548.045410 1019.981506 1550.724365 1219.990356
179.000000 1582.290161 1556.689209 1576.742432 1299.926392 2274.099365 1450.118652 2266.377441 1283.038574
296.000000 1331.123779 773.314026 1326.717529 516.665771 2020.881470 673.271606 2012.949707 560.026855
63.000000 1831.719360 1600.047729 1824.231689 1346.640137 2520.914551 1590.144653 2503.966797 1306.828125
53.000000 2216.329346 1590.200806 2202.640137 1340.037964 2993.167480 1590.339478 2962.740479 1276.724243
124.000000 2103.340332 1741.379639 1853.329834 1742.653320 2736.701416 1759.446777 2533.331787 1746.692993
152.000000 204.258606 1153.393921 220.418228 906.694092 1355.410645 1243.291016 1357.103638 1059.942505
211.000000 73.398254 465.831482 319.613617 484.970734 1250.650513 782.336609 1394.008789 742.426270
106.000000 1646.176147 533.239136 1654.352295 779.966248 2295.026367 483.026276 2308.477539 703.222717
199.000000 90.494766 503.376526 69.240311 746.891296 1290.000000 796.666687 1290.000000 950.000000
144.000000 617.704590 510.046783 606.735352 753.486633 1557.831543 710.020691 1557.330200 899.992981
60.000000 2190.770020 1156.813110 2177.063477 916.834412 2940.240723 1049.973633 2908.807129 763.464233
167.000000 1805.005737 533.347229 1807.013306 773.358337 2453.580566 516.649048 2465.933105 690.052246
107.000000 1403.346191 482.679626 1643.318726 487.409973 2056.672852 506.685577 2266.417969 439.226715
214.000000 986.666687 1313.422729 746.666687 1313.457886 1796.571533 1328.736816 1649.983398 1339.780151
87.000000 2009.111206 546.504578 2024.806641 783.235657 2706.897949 379.711761 2726.598633 623.338806
259.000000 739.990723 1599.377441 976.654419 1595.845825 1666.662842 1572.481201 1796.675293 1571.891724
71.000000 1816.412231 1153.339844 1810.209961 917.584839 2488.162109 1106.775635 2472.365479 840.254944
218.000000 743.330627 1476.325806 979.982117 1474.430786 1653.311401 1472.701782 1796.703125 1467.715332
59.000000 2163.397461 543.331055 2171.614014 776.727173 2874.752686 296.806122 2895.879639 586.723999
217.000000 746.662415 1435.884766 980.006958 1434.610352 1653.324341 1439.797974 1796.668579 1433.376465
297.000000 370.005707 1647.041504 600.003174 1643.541016 1456.660156 1603.654297 1570.014526 1605.949219
222.000000 2159.950928 1684.994385 2386.715576 1678.332764 2913.347168 1699.908447 3056.714111 1703.682251
88.000000 1801.469971 770.037781 1796.873535 543.396729 2458.894775 690.063110 2445.005127 446.761536
95.000000 1694.679688 1600.058105 1688.144653 1376.623413 2388.994873 1586.725098 2375.434814 1353.211304
235.000000 976.709473 1299.627563 753.318481 1301.145874 1790.030396 1317.017334 1653.235840 1328.874756
239.000000 753.328796 1395.652466 976.672546 1394.651367 1656.655762 1406.466797 1793.279175 1399.008667
176.000000 54.579765 906.488586 35.773994 1126.874878 1292.914551 1080.005493 1292.595947 1250.004883
171.000000 2181.574219 1373.234863 2195.354492 1593.415405 2889.254395 1409.736450 2906.528809 1579.334961
194.000000 2176.202148 1153.366089 2160.895020 936.603455 2909.059082 1043.887939 2897.626709 887.082703
6.000000 1650.266235 1777.402344 1867.095215 1763.218140 1679.846558 1738.617920 2512.961914 1762.800049
271.000000 1403.338867 496.412292 1619.976685 501.083832 2053.698486 521.209778 2169.847168 486.160309
101.000000 866.589417 491.325165 1079.975220 503.759583 1616.073853 671.415405 1835.697266 603.530334
86.000000 1843.322021 1585.732056 2056.664551 1583.162109 2533.332275 1574.513672 2780.001709 1574.728882
84.000000 1839.972900 1507.647827 2053.316406 1505.188599 2526.631348 1488.303345 2773.329834 1483.160522
81.000000 1836.641479 1430.694092 2046.685913 1428.694092 2519.880127 1403.923828 2766.658447 1393.146729
133.000000 1334.559326 529.983582 1337.368286 739.990601 2022.212646 569.908508 2030.485107 769.979919
83.000000 1839.989258 1469.092407 2049.999268 1466.598877 2523.318604 1446.258667 2770.026855 1437.412842
85.000000 1843.330322 1546.411987 2053.340576 1543.965454 2529.975586 1531.277100 2776.686523 1528.334961
80.000000 2043.339844 1312.266602 1833.332031 1312.871826 2756.648926 1256.433228 2509.883057 1275.121826
90.000000 1833.333374 1306.666626 2043.333374 1306.666626 2513.197266 1268.237671 2753.309570 1249.692871
102.000000 1485.679565 753.323486 1487.773682 543.344360 2156.032471 763.353210 2148.926514 536.700317
245.000000 2176.629395 1621.215454 2380.017090 1617.644165 2933.332275 1624.918457 3070.001221 1625.013184
92.000000 2043.352295 1300.857300 1840.005249 1299.304932 2753.273682 1242.509277 2516.402344 1259.689209
97.000000 1839.992554 1392.246704 2043.339111 1390.845215 2523.239502 1361.637695 2756.596924 1348.738770
158.000000 1393.169678 512.921753 1596.642456 515.572632 2072.470215 534.054321 2243.611328 477.508301
79.000000 2164.704346 753.414368 2156.440186 553.342712 2888.015869 560.178650 2865.797363 313.411591
66.000000 2034.202637 970.108459 2042.862183 1166.834106 2726.912598 799.984070 2744.606445 1073.466675
126.000000 1007.510437 1576.687988 1012.473328 1379.978271 1829.269043 1586.683472 1824.580566 1383.304565
72.000000 2346.656250 1692.784668 2149.933838 1696.484863 3053.350830 1719.281128 2786.599365 1712.752563
112.000000 1736.483521 522.178894 1929.935547 528.606567 2381.521240 438.375275 2587.537109 376.218781
221.000000 987.671082 1180.030884 993.620483 986.675476 1794.244507 1189.975464 1790.394409 1046.656128
93.000000 2043.300049 511.145844 1849.936279 505.522705 2700.534424 315.039581 2477.185303 384.989349
172.000000 1028.338257 760.032532 1032.098877 566.642639 1812.960083 840.008850 1808.931396 669.946350
284.000000 1466.278809 573.334351 1466.799438 766.666321 2099.407715 646.548401 2104.451904 763.428894
82.000000 1660.999756 989.917969 1664.407715 1169.916504 2323.436279 879.995728 2333.691162 1126.651733
188.000000 635.709717 533.267822 623.606384 710.018677 1568.932129 896.688721 1568.130127 736.659363
288.000000 1159.153809 1163.326050 1160.686890 986.643677 1910.501587 1136.646606 1905.826050 1020.033691
12.000000 1820.009521 1756.828125 1646.687134 1767.014893 1716.561401 1724.057129 2476.396240 1743.762207
242.000000 1219.897583 501.637390 1393.169678 512.921753 1932.644043 570.787476 2064.696777 535.036560
58.000000 1819.987305 1626.039917 1993.316895 1622.524048 2509.993896 1617.077271 2803.360840 1621.507568
208.000000 2343.374512 1740.170654 2170.025879 1742.206543 2973.262695 1774.731812 2823.308105 1767.166382
164.000000 235.832794 746.598816 249.657257 576.638794 1357.427124 946.539246 1361.237671 769.882874
137.000000 2212.983398 1423.355713 2223.867188 1593.299194 2979.797607 1380.020874 2999.757324 1573.358398
121.000000 748.360901 1153.406494 755.703369 983.291748 1642.991699 1206.664185 1644.468140 999.984314
89.000000 2099.901611 533.049866 2266.682861 535.618896 2791.170410 313.586914 3020.663086 238.698944
224.000000 739.979797 1558.320190 906.662476 1556.317261 1653.321045 1539.036865 1796.673584 1537.213867
185.000000 1613.105713 1131.690918 1446.629761 1124.147705 2319.666992 1130.349121 2160.067871 1115.916504
125.000000 1011.062622 596.604614 1006.595886 759.998047 1787.278687 639.980347 1793.813232 843.317932
287.000000 1162.218140 763.303101 1166.649414 599.999512 1855.083496 713.268799 1859.383545 829.899841
187.000000 12.426824 1623.552979 26.928108 1463.357056 1291.791382 1583.374878 1295.506714 1423.306396
132.000000 2187.898193 996.591003 2197.732178 1156.601196 2927.567871 849.909729 2947.604004 1049.906128
153.000000 583.187866 1616.659668 590.889587 1456.549072 1570.553589 1583.343994 1569.852905 1400.000610
183.000000 1818.167480 996.614441 1823.734619 1156.652710 2482.937012 930.027466 2494.260010 1093.269043
243.000000 1245.401245 1120.033447 1247.985840 960.021301 1974.067871 1126.736206 1970.407104 989.989075
244.000000 1491.966309 609.976624 1493.867676 769.993652 2155.860840 603.363586 2160.987061 739.962952
119.000000 2223.304932 1598.073486 2063.339844 1600.435059 2999.997803 1595.915405 2789.999512 1596.509521
135.000000 1936.586548 529.053406 2093.300293 534.317078 2597.791016 373.647980 2788.197754 314.968445
190.000000 1830.013794 1604.347412 1673.330688 1606.472534 2520.010742 1593.741699 2360.000732 1593.158691
184.000000 1577.310791 969.992676 1579.051880 1123.344116 2244.493164 956.608398 2252.532959 1116.706909
128.000000 2219.994385 1616.209229 2066.683594 1618.064941 2999.993896 1620.340454 2796.666992 1616.651245
265.000000 1239.280762 969.995667 1238.376953 1120.010254 1963.551514 999.992737 1967.761108 1126.630249
196.000000 1816.667969 1163.725830 1666.658325 1164.242798 2489.928711 1112.801392 2336.669434 1133.354004
200.000000 1806.665039 777.047546 1656.667847 776.395874 2456.902832 694.284973 2310.174561 730.703674
193.000000 1666.640747 1177.080566 1813.360229 1176.471191 2335.759033 1145.354126 2493.044922 1127.464233
117.000000 2069.961914 1611.624878 2216.630127 1608.357788 2789.987549 1608.695068 3000.000000 1609.989014
136.000000 2173.339111 782.931580 2026.655151 780.789429 2900.004883 590.021057 2709.646484 635.175842
209.000000 59.896027 1153.324097 72.683838 1009.942078 1299.376221 1249.984497 1303.101318 1099.994263
203.000000 1656.547974 790.606812 1800.044678 784.359985 2312.798340 744.877747 2457.173584 701.694824
155.000000 2029.993652 786.895996 2173.401611 790.875610 2713.030518 642.034668 2890.172363 600.739441
195.000000 1683.299438 1617.457153 1826.696167 1615.548950 2359.982422 1604.711182 2516.708496 1606.702148
201.000000 1810.209961 917.584839 1666.683594 919.337402 2475.268555 845.899597 2327.412354 876.890869
238.000000 1602.742310 723.346741 1605.999756 866.681824 2260.023926 693.332092 2267.232910 829.970154
140.000000 2190.009766 1162.237915 2046.658203 1160.945312 2940.279053 1055.646362 2749.832764 1078.614258
141.000000 2046.663574 1173.797241 2190.001709 1173.726807 2748.634521 1092.134399 2937.372314 1069.120850
204.000000 1745.372314 1590.034668 1741.540283 1446.803833 2442.692383 1576.709961 2432.566406 1426.718506
189.000000 108.919235 520.232483 94.482605 660.118591 1299.268188 803.325073 1297.463989 963.342346
258.000000 1277.438965 760.017334 1280.588989 619.863403 1984.546875 793.348267 1983.630249 663.331238
180.000000 606.093628 1153.308472 612.162415 1013.282593 1567.775879 1216.715088 1566.321899 1050.003052
173.000000 1071.096924 1153.289429 1073.848877 1013.277954 1820.468018 1186.728271 1816.813354 1016.663513
254.000000 1617.683350 1133.344604 1617.003174 993.331726 2289.925293 1120.160889 2283.779541 989.978943
205.000000 1816.663452 1344.569946 1676.655640 1344.201538 2500.233154 1310.332886 2350.204102 1319.876343
192.000000 1366.659546 920.548706 1226.726929 918.720093 2097.279297 919.218994 1943.221558 956.200989
