Keypoint Matches and Line Matches for pairs 6, 11 
6 corresponds to the image ./resources/Data/CastleP19/images/0006.png 
11 corresponds to the image ./resources/Data/CastleP19/images/0011.png 

1520.000000 2273.406738 302.000763 2192.000000 456.000000
4.000000 2270.173096 373.873993 2192.571777 520.193176
3.000000 2285.326660 383.409546 2205.595703 523.226318
8.000000 392.611938 456.612152 635.622192 593.271729
15.000000 407.040497 457.190033 2797.926270 283.806366
30.000000 2808.677979 1073.445557 2468.568604 1113.414795
45.000000 2172.545166 489.578949 2421.321533 603.257019
47.000000 285.346313 573.229797 2970.336426 229.583359
576.000000 2743.783447 272.371033 2427.056885 446.680420
253.000000 2310.517822 306.561279 2226.718506 460.732361
44.000000 3042.367676 1053.089600 2640.085938 1093.327148
1518.000000 350.047638 374.875397 607.000000 525.000000
43.000000 2975.938965 403.406189 2602.406982 566.494507
182.000000 3049.116699 269.548981 2661.217285 434.277527
7.000000 1890.060425 384.647491 2043.689697 519.988586
197.000000 1723.291992 406.665955 1974.234619 533.351013
146.000000 694.154480 693.174316 859.851074 796.766541
147.000000 709.551086 449.971588 866.236511 593.215271
154.000000 561.279297 460.064941 742.564941 599.959534
131.000000 209.631470 849.975708 500.009552 923.164673
152.000000 100.570442 483.114319 401.797638 613.481567
372.000000 1743.318726 1255.174194 2619.974365 1242.717163
305.000000 2758.934326 316.205658 2439.720703 472.280090
304.000000 2962.151611 259.126251 2582.717285 434.344513
1492.000000 734.481934 900.059509 3020.000000 482.000000
140.000000 1973.359863 367.408875 2170.042236 505.390198
479.000000 76.204063 1079.960327 387.114685 1126.694092
229.000000 1303.459229 412.453064 1549.848999 573.290710
113.000000 293.252625 449.984192 623.399536 581.461670
262.000000 572.194641 689.933167 755.374512 789.937988
286.000000 108.129974 703.448914 410.222931 800.016235
263.000000 123.150009 513.318848 763.050049 629.986389
531.000000 3007.636475 1489.933472 2615.516357 1436.717529
331.000000 2863.330322 1531.927979 2773.333252 1463.324097
144.000000 2533.379639 371.121277 2210.014893 516.976379
145.000000 2716.675049 363.533844 2416.368408 507.100128
128.000000 553.471375 850.009155 726.493958 919.989807
342.000000 2703.333496 1450.002563 2629.969971 1352.146362
310.000000 2896.947998 1496.637939 2528.974854 1443.406128
311.000000 2914.695557 1670.201538 2539.393555 1590.043091
901.000000 116.490562 496.650421 414.000000 625.000000
369.000000 2670.819824 1036.602295 2596.056885 956.707886
328.000000 1863.447510 393.737671 2050.019287 523.737061
75.000000 2956.670166 220.003418 2584.426758 400.758606
551.000000 1566.593262 1064.221680 1693.321289 1192.245850
550.000000 2126.675781 1050.500488 1793.345947 1191.138428
67.000000 3046.637695 1441.862061 2763.357178 1387.621460
475.000000 368.643890 314.063080 752.477478 451.098785
476.000000 245.977936 220.906906 665.759094 383.552399
313.000000 2136.690430 357.241821 2166.712402 498.372070
312.000000 1983.343384 363.577667 2019.972290 502.298645
343.000000 2850.025391 1364.155273 2766.717773 1348.685181
340.000000 846.672424 413.697296 1000.005188 556.658203
396.000000 523.183228 1090.794678 716.637268 1141.661865
358.000000 2696.742188 1328.600830 2626.618652 1314.785034
359.000000 2843.445312 1322.867432 2760.035156 1311.372192
439.000000 193.330612 1083.243652 483.396698 1129.479736
440.000000 46.596855 1087.702759 366.639099 1132.109863
397.000000 189.988205 1096.226562 839.991028 1139.490234
395.000000 523.304626 1077.987061 716.672607 1126.968384
82.000000 2754.397949 188.379990 2877.771484 216.262924
1216.000000 2897.945068 322.200653 2684.000000 459.000000
426.000000 919.960144 685.004822 736.656189 796.201477
423.000000 919.994446 694.069214 736.606567 807.471924
583.000000 2916.683105 520.030273 2563.351807 660.373230
584.000000 2790.714111 587.990112 2466.758057 665.174377
1132.000000 2983.844727 1204.642090 2600.000000 1241.000000
76.000000 2851.227783 1256.474609 2961.830322 1166.485840
569.000000 2960.831787 961.879883 2589.947021 1034.117798
1147.000000 2831.145508 1019.255920 2487.000000 1027.000000
1552.000000 2683.464600 1131.738770 2815.000000 1085.000000
863.000000 2466.585449 400.880676 2475.000000 523.000000
425.000000 690.025879 690.812622 856.670227 793.490784
419.000000 683.439331 830.680298 850.108215 914.112549
420.000000 543.360962 834.379211 730.015991 917.273132
587.000000 252.000000 321.000000 666.000000 467.000000
585.000000 661.000000 515.000000 829.000000 643.000000
615.000000 189.000000 665.000000 478.000000 765.000000
1202.000000 2896.000000 582.000000 2547.000000 703.000000
749.000000 578.000000 997.000000 763.000000 1058.000000
822.000000 117.000000 900.000000 420.000000 978.000000
750.000000 2878.000000 386.000000 2536.000000 540.000000
802.000000 632.000000 1030.000000 808.000000 1086.000000
786.000000 2982.000000 1288.000000 2599.000000 1298.000000
616.000000 2919.000000 826.000000 2559.000000 898.000000
1420.000000 2858.000000 651.000000 2517.000000 743.000000
781.000000 200.000000 532.000000 484.000000 662.000000
1294.000000 2823.000000 440.000000 2483.000000 580.000000
876.000000 2821.000000 418.000000 2494.000000 543.000000
834.000000 576.000000 1031.000000 762.000000 1086.000000
1012.000000 2916.000000 596.000000 2558.000000 703.000000
870.000000 2898.000000 605.000000 2505.000000 724.000000
936.000000 138.000000 635.000000 437.000000 735.000000
994.000000 2938.000000 1022.000000 2570.000000 1074.000000
703.000000 607.000000 517.000000 783.000000 645.000000
946.000000 575.000000 1064.000000 807.000000 1113.000000
603.000000 584.000000 888.000000 767.000000 966.000000
1070.000000 1356.000000 768.000000 2944.000000 494.000000
656.000000 2717.000000 261.000000 2418.000000 428.000000
859.000000 407.000000 221.000000 927.000000 419.000000
1037.000000 2839.000000 409.000000 2508.000000 561.000000
1041.000000 127.000000 744.000000 2921.000000 507.000000
776.000000 2898.000000 1092.000000 2541.000000 1112.000000
1283.000000 2461.000000 396.000000 2457.000000 509.000000
998.000000 181.000000 1039.000000 475.000000 1085.000000
1052.000000 187.000000 1199.000000 3036.000000 1060.000000
172.000000 35.000000 1267.000000 709.678528 1272.620728
601.000000 640.000000 888.000000 814.000000 965.000000
683.000000 580.000000 964.000000 764.000000 1031.000000
811.000000 603.000000 588.000000 780.000000 706.000000
1024.000000 2872.000000 1285.000000 2526.000000 1287.000000
590.000000 171.000000 899.000000 463.000000 977.000000
866.000000 2858.000000 627.000000 2518.000000 723.000000
588.000000 397.000000 241.000000 438.000000 438.000000
1101.000000 2952.000000 838.000000 2587.000000 819.000000
643.000000 192.000000 634.000000 480.000000 733.000000
893.000000 2168.000000 180.000000 2740.000000 171.000000
1175.000000 2956.000000 1015.000000 2583.000000 1075.000000
1072.000000 212.000000 633.000000 498.000000 733.000000
1397.000000 2840.000000 636.000000 2492.000000 744.000000
450.000000 2922.000000 445.000000 2572.130127 606.749390
773.000000 160.000000 1039.000000 456.000000 1086.000000
805.000000 203.000000 503.000000 486.000000 631.000000
1152.000000 174.000000 867.000000 465.000000 945.000000
665.000000 2942.000000 1073.000000 2573.000000 1116.000000
868.000000 2897.000000 398.000000 2550.000000 558.000000
1127.000000 147.000000 533.000000 442.000000 664.000000
678.000000 658.000000 587.000000 826.000000 704.000000
649.000000 601.000000 620.000000 779.000000 732.000000
605.000000 105.000000 1040.000000 412.000000 1087.000000
934.000000 220.000000 532.000000 502.000000 662.000000
1389.000000 72.000000 95.000000 2736.000000 91.000000
1170.000000 2940.000000 1047.000000 2572.000000 1095.000000
1259.000000 2840.000000 454.000000 2506.000000 579.000000
761.000000 2488.000000 241.000000 2248.000000 393.000000
881.000000 165.000000 974.000000 459.000000 1052.000000
648.000000 2960.000000 1269.000000 2584.000000 1274.000000
1119.000000 2895.000000 377.000000 2548.000000 540.000000
693.000000 678.000000 618.000000 844.000000 730.000000
1386.000000 159.000000 1287.000000 462.000000 1290.000000
755.000000 149.000000 504.000000 443.000000 633.000000
1412.000000 2915.000000 621.000000 2559.000000 722.000000
436.000000 565.000000 463.000000 746.547302 597.554749
739.000000 1982.000000 256.000000 2229.000000 395.000000
614.000000 29.000000 1201.000000 2946.000000 1091.000000
701.000000 654.000000 650.000000 824.000000 757.000000
710.000000 2511.000000 240.000000 2268.000000 392.000000
1303.000000 222.000000 503.000000 503.000000 631.000000
355.000000 2063.000000 911.000000 2750.287842 893.307678
1158.000000 31.000000 42.000000 2597.000000 46.000000
736.000000 636.000000 963.000000 811.000000 1030.000000
1354.000000 2878.000000 846.000000 2529.000000 917.000000
839.000000 2880.000000 637.000000 2535.000000 743.000000
723.000000 664.000000 306.000000 648.000000 468.000000
652.000000 2500.000000 1091.000000 2941.000000 995.000000
1049.000000 51.000000 56.000000 2631.000000 43.000000
1382.000000 2534.000000 1297.000000 2571.000000 1293.000000
1345.000000 2450.000000 269.000000 2289.000000 421.000000
1009.000000 42.000000 918.000000 2894.000000 426.000000
853.000000 205.000000 695.000000 492.000000 796.000000
453.000000 206.000000 846.000000 496.800964 922.503479
924.000000 80.000000 749.000000 2897.000000 533.000000
677.000000 2958.000000 1040.000000 2584.000000 1096.000000
465.000000 233.000000 480.000000 516.691711 607.220520
1254.000000 609.000000 723.000000 2923.000000 495.000000
324.000000 1962.000000 1202.000000 2746.853760 1184.642090
389.000000 392.000000 306.000000 2956.958740 123.569229
917.000000 2486.000000 217.000000 2247.000000 374.000000
787.000000 80.000000 1319.000000 441.000000 1323.000000
911.000000 2934.000000 793.000000 2570.000000 877.000000
1379.000000 1270.000000 974.000000 1521.000000 1063.000000
1455.000000 224.000000 239.000000 2796.000000 89.000000
1516.000000 125.000000 534.000000 763.000000 645.000000
1545.000000 189.000000 1123.000000 2783.000000 1091.000000
1390.000000 2938.000000 869.000000 2571.000000 918.000000
1550.000000 2950.000000 1343.000000 2531.000000 1328.000000
796.000000 407.000000 1772.000000 1364.000000 1670.000000
900.000000 301.000000 327.000000 940.000000 430.000000
1059.000000 598.000000 683.000000 777.000000 785.000000
1352.000000 873.000000 518.000000 3037.000000 92.000000
1186.000000 2842.000000 659.000000 2507.000000 744.000000
803.000000 2902.000000 1317.000000 2541.000000 1289.000000
608.000000 2668.000000 1092.000000 2612.000000 1161.000000
1240.000000 684.000000 515.000000 848.000000 642.000000
914.000000 2937.000000 818.000000 2572.000000 898.000000
309.000000 217.000000 831.000000 2978.416748 594.502319
1404.000000 618.000000 1118.000000 2993.000000 975.000000
832.000000 2899.000000 1066.000000 2541.000000 1091.000000
801.000000 2876.000000 822.000000 2529.000000 897.000000
926.000000 267.000000 343.000000 689.000000 488.000000
682.000000 189.000000 261.000000 2692.000000 217.000000
1472.000000 1964.000000 800.000000 2906.000000 653.000000
691.000000 599.000000 651.000000 778.000000 759.000000
1471.000000 85.000000 860.000000 2917.000000 662.000000
726.000000 2839.000000 613.000000 2504.000000 703.000000
815.000000 250.000000 193.000000 2756.000000 64.000000
982.000000 672.000000 1352.000000 1202.000000 1344.000000
1264.000000 2858.000000 396.000000 2523.000000 541.000000
730.000000 453.000000 1343.000000 1676.000000 1367.000000
1431.000000 133.000000 697.000000 432.000000 798.000000
1123.000000 82.000000 1721.000000 858.000000 1622.000000
933.000000 209.000000 664.000000 496.000000 764.000000
1106.000000 1923.000000 304.000000 2070.000000 453.000000
757.000000 2026.000000 279.000000 2231.000000 415.000000
1288.000000 2921.000000 851.000000 2560.000000 918.000000
1251.000000 2879.000000 408.000000 2537.000000 559.000000
669.000000 655.000000 1029.000000 827.000000 1085.000000
1007.000000 2976.000000 1237.000000 2595.000000 1256.000000
640.000000 2918.000000 1284.000000 2554.000000 1291.000000
1296.000000 2938.000000 1345.000000 2573.000000 1315.000000
571.000000 177.000000 1071.000000 472.582764 1119.697266
1470.000000 1563.000000 431.000000 1959.000000 504.000000
954.000000 2278.000000 311.000000 2193.000000 473.000000
1018.000000 13.000000 483.000000 2811.000000 275.000000
1162.000000 680.000000 586.000000 846.000000 703.000000
1213.000000 545.000000 1277.000000 1039.000000 1295.000000
1406.000000 666.000000 843.000000 836.000000 927.000000
956.000000 120.000000 868.000000 421.000000 946.000000
1291.000000 748.000000 182.000000 864.000000 345.000000
888.000000 355.000000 380.000000 607.000000 538.000000
734.000000 440.000000 531.000000 1218.000000 622.000000
1311.000000 662.000000 485.000000 830.000000 617.000000
1140.000000 2933.000000 1262.000000 2569.000000 1272.000000
1367.000000 193.000000 867.000000 483.000000 935.000000
1253.000000 664.000000 282.000000 648.000000 448.000000
1387.000000 699.000000 459.000000 849.000000 608.000000
1221.000000 565.000000 722.000000 2936.000000 482.000000
1010.000000 2921.000000 1337.000000 2552.000000 1312.000000
925.000000 2302.000000 308.000000 2215.000000 472.000000
1062.000000 781.000000 453.000000 1556.000000 447.000000
1239.000000 63.000000 1500.000000 3017.000000 1267.000000
548.000000 674.000000 681.000000 843.185364 783.170593
1075.000000 605.000000 1226.000000 3003.000000 1112.000000
894.000000 253.000000 299.000000 666.000000 448.000000
991.000000 272.000000 297.000000 682.000000 446.000000
655.000000 2979.000000 1262.000000 2597.000000 1276.000000
501.000000 653.000000 1062.000000 827.453308 1110.036743
711.000000 2901.000000 860.000000 2545.000000 897.000000

2.000000 2270.173096 373.873993 2316.371094 1213.532959 2192.571777 520.193176 2241.939453 1566.575195
1.000000 2331.385498 1193.254517 2285.326660 383.409546 2255.730957 1583.062256 2205.595703 523.226318
4.000000 392.611938 456.612152 334.179260 1229.812012 635.622192 593.271729 577.400879 1580.239990
7.000000 350.806824 1213.641113 407.040497 457.190033 2873.677246 1149.678345 2797.926270 283.806366
15.000000 2808.677979 1073.445557 2755.209229 443.740112 2468.568604 1113.414795 2435.588867 533.584229
23.000000 2172.545166 489.578949 2200.445557 1099.979614 2421.321533 603.257019 2451.158936 1119.933105
22.000000 2655.879883 490.060425 2701.696289 1086.792358 2602.406982 566.494507 2640.085938 1093.327148
24.000000 285.346313 573.229797 242.457428 1120.192749 2970.336426 229.583359 3027.145508 729.945618
5.000000 11.449668 1120.137207 62.266644 583.232361 -1.614761 1376.216919 85.944199 412.964661
21.000000 847.498718 1116.566650 868.013245 603.253906 1259.521484 1293.329346 1263.995117 756.644409
68.000000 308.580811 1116.558960 342.997742 663.054871 846.074951 1126.644897 853.792847 916.561096
128.000000 2743.783447 272.371033 2310.517822 306.561279 2389.942139 449.181030 2226.718506 460.732361
26.000000 350.047638 374.875397 16.723396 385.170135 1003.375977 507.643982 556.832581 527.134949
30.000000 666.499573 432.073608 979.781982 420.675049 647.244873 580.873413 973.019165 566.436523
64.000000 2975.938965 403.406189 3006.670898 710.333313 2697.950195 439.890442 2715.868896 649.783508
163.000000 2509.672607 1229.540771 2529.751709 1506.684692 2766.088135 1229.450317 2779.058594 1373.117432
75.000000 694.154480 693.174316 709.551086 449.971588 859.851074 796.766541 866.236511 593.215271
79.000000 561.279297 460.064941 549.601257 690.148926 742.564941 599.959534 732.015015 800.281677
67.000000 194.696365 1076.756470 209.631470 849.975708 489.338837 1133.468872 500.009552 923.164673
78.000000 100.570442 483.114319 83.377823 700.003540 401.797638 613.481567 385.281006 813.768860
154.000000 2758.934326 316.205658 2962.151611 259.126251 2582.717285 434.344513 2439.720703 472.280090
164.000000 2859.938232 1178.839355 3069.875488 1167.662964 2746.853760 1184.642090 2603.216309 1190.434204
72.000000 1973.359863 367.408875 1763.390503 374.928833 2170.042236 505.390198 1963.325806 509.632568
52.000000 70.046669 853.064941 53.418747 1056.673584 2921.783447 666.222778 2941.788086 896.800720
238.000000 76.204063 1079.960327 93.327942 879.999512 737.789734 1120.054810 743.166748 1009.991882
58.000000 93.289886 445.119232 293.252625 449.984192 402.437317 592.656616 623.399536 581.461670
133.000000 572.194641 689.933167 583.734558 493.356873 755.374512 789.937988 763.050049 629.986389
188.000000 2693.610596 1249.805420 2886.908203 1232.733765 2619.974365 1242.717163 2750.165039 1237.299072
145.000000 108.129974 703.448914 123.150009 513.318848 410.222931 800.016235 421.420258 646.527100
272.000000 3020.660645 1679.954712 3007.636475 1489.933472 2619.939697 1536.816650 2615.516357 1436.717529
74.000000 2533.379639 371.121277 2716.675049 363.533844 2210.014893 516.976379 2416.368408 507.100128
194.000000 2752.140381 826.763123 2766.684570 1006.665222 2695.631836 963.397400 2703.469727 1089.991577
157.000000 2896.947998 1496.637939 2914.695557 1670.201538 2528.974854 1443.406128 2539.393555 1590.043091
186.000000 2657.223389 863.289673 2670.819824 1036.602295 2587.265137 826.626221 2596.056885 956.707886
166.000000 1863.447510 393.737671 2033.492432 388.543488 2050.019287 523.737061 2193.502197 516.853455
38.000000 3072.848877 99.411263 2956.670166 220.003418 2745.216797 168.994080 2584.426758 400.758606
34.000000 2890.031982 1444.950317 3046.637695 1441.862061 2469.957031 1394.949097 2763.357178 1387.621460
244.000000 368.643890 314.063080 245.977936 220.906906 752.477478 451.098785 665.759094 383.552399
263.000000 1566.565918 1075.872192 1720.096313 1073.798828 1489.946899 1205.757324 1593.305786 1204.464233
158.000000 2136.690430 357.241821 1983.343384 363.577667 2019.972290 502.298645 2166.712402 498.372070
173.000000 2696.632324 1368.889771 2850.025391 1364.155273 2629.969971 1352.146362 2766.717773 1348.685181
172.000000 1000.020203 411.280670 846.672424 413.697296 1000.005188 556.658203 1117.369751 628.857117
201.000000 523.183228 1090.794678 670.094727 1087.039185 716.637268 1141.661865 839.991028 1139.490234
181.000000 2696.742188 1328.600830 2843.445312 1322.867432 2626.618652 1314.785034 2760.035156 1311.372192
224.000000 193.330612 1083.243652 46.596855 1087.702759 483.396698 1129.479736 366.639099 1132.109863
200.000000 669.989014 1075.896606 523.304626 1077.987061 840.023682 1124.529907 716.672607 1126.968384
197.000000 2877.746582 111.737907 2754.397949 188.379990 3035.787354 25.956516 2956.958740 123.569229
215.000000 919.994446 694.069214 1063.294312 695.152893 736.606567 807.471924 856.617920 804.617493
299.000000 2916.683105 520.030273 2790.714111 587.990112 2563.351807 660.373230 2466.758057 665.174377
292.000000 2960.831787 961.879883 2831.145508 1019.255920 2589.947021 1034.117798 2493.271240 1027.586304
216.000000 690.025879 690.812622 549.955505 695.268616 856.670227 793.490784 736.656189 796.201477
213.000000 683.439331 830.680298 543.360962 834.379211 850.108215 914.112549 730.015991 917.273132
