Keypoint Matches and Line Matches for pairs 6, 13 
6 corresponds to the image ./resources/Data/CastleP19/images/0006.png 
13 corresponds to the image ./resources/Data/CastleP19/images/0013.png 

8.000000 2273.406738 302.000763 1797.263184 673.499756
10.000000 2270.173096 373.873993 1772.988770 733.907227
78.000000 2484.608398 789.940918 2806.587158 1006.273865
520.000000 1693.451172 456.665253 1449.407227 783.344482
443.000000 1695.855713 656.676392 763.725403 786.686707
636.000000 2972.000000 1649.000000 262.000000 1692.000000
844.000000 2168.000000 180.000000 1770.000000 533.000000
1484.000000 1119.000000 339.000000 399.000000 398.000000
774.000000 2448.000000 201.000000 2789.000000 687.000000
1400.000000 2226.000000 299.000000 1503.000000 615.000000
1115.000000 2958.000000 1635.000000 252.000000 1678.000000
1440.000000 2278.000000 311.000000 591.000000 457.000000
1231.000000 2302.000000 308.000000 1816.000000 689.000000
773.000000 727.000000 182.000000 95.000000 136.000000

4.000000 2273.406738 302.000763 386.592987 371.328308 1797.263184 673.499756 623.504822 452.422791
5.000000 2270.173096 373.873993 2316.371094 1213.532959 1772.988770 733.907227 1820.665405 1870.251831
9.000000 2331.385498 1193.254517 2285.326660 383.409546 1823.212036 1610.005493 1784.393433 749.952148
18.000000 1479.993408 363.124756 886.728149 381.938019 1080.389648 524.782104 684.123169 442.846741
3.000000 1650.107178 400.059235 1856.778198 393.531067 600.019043 523.226624 1779.896973 733.910217
12.000000 1303.459229 412.453064 1503.445557 402.187073 2.848583 419.403473 579.313904 522.176392
227.000000 1693.451172 456.665253 1695.855713 656.676392 769.519043 673.308777 763.725403 786.686707
250.000000 2877.746582 111.737907 2754.397949 188.379990 2540.104492 683.033264 2440.521729 722.697754
