Keypoint Matches and Line Matches for pairs 6, 17 
6 corresponds to the image ./resources/Data/CastleP19/images/0006.png 
17 corresponds to the image ./resources/Data/CastleP19/images/0017.png 

32.000000 2273.406738 302.000763 1816.987793 637.629944
12.000000 2270.173096 373.873993 872.610168 789.500671
7.000000 407.040497 457.190033 1875.673706 696.326660
280.000000 342.997742 663.054871 812.719360 839.964600
484.000000 1695.855713 656.676392 195.470322 853.209351
494.000000 123.150009 513.318848 2103.201416 726.672668
35.000000 2716.675049 363.533844 1170.556030 861.037231
748.000000 577.501831 476.721954 2966.000000 453.000000
496.000000 3072.848877 99.411263 1412.620117 720.001648
1330.000000 2956.670166 220.003418 1313.000000 795.000000
1029.000000 2877.746582 111.737907 1303.000000 740.000000
982.000000 2754.397949 188.379990 1220.000000 720.000000
1270.000000 2972.000000 1649.000000 2788.000000 1748.000000
1282.000000 2806.000000 252.000000 1243.000000 785.000000
724.000000 141.000000 604.000000 2688.000000 628.000000
603.000000 2821.000000 221.000000 1255.000000 773.000000
861.000000 2916.000000 596.000000 1290.000000 1049.000000
1378.000000 2821.000000 264.000000 1255.000000 804.000000
679.000000 2875.000000 210.000000 1293.000000 781.000000
588.000000 2857.000000 176.000000 1244.000000 756.000000
819.000000 407.000000 221.000000 2549.000000 233.000000
1232.000000 2839.000000 409.000000 1254.000000 907.000000
373.000000 1325.000000 206.000000 149.460297 389.141083
1476.000000 2672.000000 192.000000 1049.000000 708.000000
758.000000 2168.000000 180.000000 864.000000 572.000000
1403.000000 212.000000 633.000000 2462.000000 716.000000
1066.000000 2843.000000 229.000000 1269.000000 777.000000
1081.000000 2876.000000 187.000000 1293.000000 767.000000
942.000000 2819.000000 244.000000 1255.000000 788.000000
1018.000000 1350.000000 283.000000 151.000000 492.000000
1023.000000 1307.000000 285.000000 108.000000 481.000000
1034.000000 2895.000000 377.000000 1291.000000 900.000000
1199.000000 2985.000000 1663.000000 2801.000000 1764.000000
1429.000000 556.000000 189.000000 1910.000000 445.000000
707.000000 2788.000000 262.000000 1231.000000 783.000000
362.000000 565.000000 463.000000 2950.308350 444.365570
481.000000 2004.000000 174.000000 570.542969 514.171936
532.000000 2778.000000 290.000000 1209.770874 809.996826
731.000000 2802.000000 210.000000 1244.000000 771.000000
1367.000000 2787.000000 241.000000 1232.000000 769.000000
1448.000000 1328.000000 284.000000 130.000000 487.000000
876.000000 1328.000000 261.000000 132.000000 464.000000
790.000000 2679.000000 64.000000 1129.000000 639.000000
482.000000 189.000000 261.000000 480.448334 572.507202
1337.000000 85.000000 860.000000 3021.000000 874.000000
1423.000000 133.000000 697.000000 2695.000000 688.000000
1090.000000 1328.000000 303.000000 127.000000 510.000000
1241.000000 2278.000000 311.000000 1823.000000 642.000000
1112.000000 2791.000000 281.000000 1270.000000 805.000000
1056.000000 2817.000000 181.000000 1256.000000 743.000000
1271.000000 2302.000000 308.000000 914.000000 753.000000
811.000000 2786.000000 220.000000 1232.000000 754.000000

16.000000 2273.406738 302.000763 386.592987 371.328308 1816.987793 637.629944 1506.987183 740.961426
6.000000 2270.173096 373.873993 2316.371094 1213.532959 872.610168 789.500671 826.333069 1783.317749
7.000000 2331.385498 1193.254517 2285.326660 383.409546 840.932129 1730.195679 883.452087 803.338806
5.000000 392.611938 456.612152 334.179260 1229.812012 1864.570312 699.953918 1903.062744 1733.467529
3.000000 350.806824 1213.641113 407.040497 457.190033 1916.960205 1789.988892 1875.673706 696.326660
74.000000 308.580811 1116.558960 342.997742 663.054871 511.406525 1274.332031 523.955505 1096.489746
20.000000 350.047638 374.875397 16.723396 385.170135 259.792389 577.495422 3.353995 513.250854
8.000000 1303.459229 412.453064 1503.445557 402.187073 2.520668 580.045532 875.842834 790.092041
233.000000 1580.478149 660.022339 1578.937866 463.315552 2340.306885 776.646790 2332.961182 663.357483
114.000000 3020.660645 1679.954712 3007.636475 1489.933472 1854.718384 1786.748779 1848.255371 1633.406860
17.000000 2533.379639 371.121277 2716.675049 363.533844 893.202271 793.874512 1170.556030 861.037231
