Keypoint Matches and Line Matches for pairs 6, 7 
6 corresponds to the image ./resources/Data/CastleP19/images/0006.png 
7 corresponds to the image ./resources/Data/CastleP19/images/0007.png 

2.000000 2273.406738 302.000763 2146.961914 388.709045
3.000000 386.592987 371.328308 529.408691 622.577026
10.000000 2009.980225 1612.554077 1876.698730 1711.846680
8.000000 2270.173096 373.873993 2169.433594 463.576019
14.000000 2331.385498 1193.254517 2236.161621 1283.154663
15.000000 2285.326660 383.409546 2184.348145 463.058624
20.000000 1716.875610 1663.928345 1636.762695 1755.953491
18.000000 392.611938 456.612152 543.465149 700.009644
22.000000 1686.817993 1646.649658 1606.752930 1739.360840
23.000000 920.032959 1653.621582 860.054077 1743.379272
25.000000 1683.407593 1658.686157 1603.369263 1751.117554
28.000000 350.806824 1213.641113 508.130371 1353.688599
29.000000 407.040497 457.190033 556.571533 699.499329
27.000000 1650.036621 1641.331787 1576.701782 1733.140747
33.000000 1620.037231 1623.529907 1550.039307 1715.867676
4.000000 1626.744263 1611.852051 1556.579834 1709.224365
40.000000 1603.421265 1594.555542 1533.394043 1689.695801
38.000000 2172.545166 489.578949 2073.610107 582.987427
39.000000 2200.445557 1099.979614 2103.848145 1189.974365
52.000000 990.027161 1610.135376 960.030212 1703.964600
53.000000 1593.349609 1605.409180 1523.381592 1699.669067
36.000000 2329.685303 496.684021 2231.889404 576.755371
37.000000 2362.783203 1096.697021 2269.155762 1183.385254
46.000000 1767.553955 509.863434 1685.594360 639.898804
47.000000 1778.403809 1109.968628 1696.088867 1219.950195
30.000000 2655.879883 490.060425 2574.896240 536.825928
31.000000 2701.696289 1086.792358 2630.943848 1159.915039
34.000000 2437.643555 1093.473877 2347.559326 1180.165894
35.000000 2402.426025 503.188599 2306.306152 573.131287
44.000000 2275.152100 1096.742798 2179.498535 1186.694458
45.000000 2245.635986 509.884186 2146.820557 596.473572
48.000000 1918.894165 1113.362915 1828.842773 1216.699463
49.000000 1903.183228 526.670715 1812.599365 643.259705
50.000000 1861.345947 510.046173 1773.303711 630.080505
51.000000 1874.975830 1096.705933 1787.023682 1203.324829
58.000000 743.138550 563.324036 811.977295 766.601318
59.000000 716.632812 1120.157104 787.878296 1266.725098
495.000000 754.605164 1110.058472 818.197144 1250.081543
60.000000 425.185638 569.894165 569.223328 793.278137
61.000000 385.869812 1120.181274 535.352722 1270.143433
62.000000 285.346313 573.229797 466.093170 799.955994
63.000000 242.457428 1120.192749 429.751434 1273.314209
54.000000 1566.707275 1576.670166 1500.040039 1672.782104
55.000000 1020.040588 1580.000122 980.040527 1676.186401
74.000000 11.449668 1120.137207 264.193573 1280.383179
75.000000 62.266644 583.232361 305.657837 826.574463
56.000000 847.498718 1116.566650 891.724121 1256.601807
82.000000 452.786530 1113.296753 585.041748 1269.892578
83.000000 485.769470 619.494751 614.129639 829.832275
84.000000 1113.595947 546.593262 1110.350464 723.342041
85.000000 1102.120728 1026.717407 1099.447510 1163.402222
88.000000 1023.337097 1591.486938 993.333191 1686.546875
89.000000 1493.334106 1590.294189 1386.665771 1686.011475
346.000000 1290.043335 381.082825 1263.428345 557.309814
474.000000 1753.302612 362.564087 1659.955078 499.684418
64.000000 308.580811 1116.558960 477.881653 1269.840698
13.000000 2743.783447 272.371033 2640.839600 303.574738
79.000000 2310.517822 306.561279 2183.333496 383.334320
123.000000 1263.374512 381.394653 1230.178711 561.335449
67.000000 1809.801758 1096.670654 1725.292603 1203.358887
86.000000 1479.959106 1114.178345 1406.097046 1235.795898
77.000000 2446.662842 1610.947388 2306.668213 1713.163086
98.000000 824.220093 953.369202 874.050598 1106.560425
99.000000 840.398621 553.349426 888.539795 749.940674
96.000000 841.479431 716.590271 889.652588 893.180969
97.000000 825.258972 1110.079346 874.878052 1250.063965
100.000000 1759.990967 363.067566 1673.128052 498.540466
118.000000 1660.000122 1600.500732 1573.289307 1697.687012
119.000000 2010.001099 1600.395874 1876.692749 1700.754517
125.000000 1511.887451 536.707764 1455.686890 686.649719
94.000000 3007.730469 716.557190 2893.500000 749.980591
95.000000 3042.367676 1053.089600 2935.442871 1109.754028
108.000000 2250.942627 756.619629 2152.835205 840.028259
109.000000 2267.587646 1089.953979 2171.350342 1166.590088
1550.000000 350.047638 374.875397 501.000000 626.000000
191.000000 16.723396 385.170135 260.210571 664.835754
113.000000 1424.990234 1183.332764 1324.234863 1303.341064
103.000000 1793.970703 683.321960 1710.500732 803.324341
110.000000 2975.938965 403.406189 2855.947021 420.081451
111.000000 3006.670898 710.333313 2892.544922 743.422546
148.000000 1599.948242 391.835968 1533.243530 539.364929
149.000000 1296.746460 402.311066 1263.452637 577.510620
126.000000 2509.672607 1229.540771 2424.231934 1316.321533
127.000000 2529.751709 1506.684692 2447.633057 1603.254517
154.000000 1971.080444 1233.158691 1879.424316 1336.553223
155.000000 1981.895996 1506.591675 1890.403320 1603.316772
132.000000 2484.608398 789.940918 2394.888672 859.740723
133.000000 2497.264404 1063.151245 2409.919434 1143.160767
204.000000 1410.020386 1158.308960 1306.809204 1279.656006
205.000000 1136.646484 1161.702881 1076.696411 1290.623779
168.000000 1729.129517 1506.677734 1649.786133 1606.687378
169.000000 1725.693848 1236.721436 1648.308838 1353.343140
152.000000 2145.027588 1506.725098 2050.910645 1603.430908
153.000000 2135.512451 1239.922241 2040.035767 1333.331909
116.000000 1461.651489 1186.667847 1358.915405 1306.631836
213.000000 2870.050293 1600.595703 2783.352783 1702.221436
222.000000 1231.206543 679.999390 1208.584229 830.000488
223.000000 1231.074951 419.999451 1208.640259 603.333008
164.000000 1959.063843 800.013611 1867.383911 906.655762
165.000000 1962.802246 1056.722900 1871.234375 1160.031860
298.000000 1986.654785 1657.500122 1853.350098 1756.074341
299.000000 1729.992676 1653.850952 1656.652344 1750.505737
156.000000 2663.835693 1036.625854 2589.053955 1106.750977
157.000000 2643.265381 783.338867 2565.598145 843.725891
166.000000 2127.419434 1043.430542 2031.009888 1140.090332
167.000000 2117.879150 790.205505 2021.159424 886.880920
176.000000 1722.004272 1053.337036 1643.516846 1163.346680
177.000000 1721.308350 800.005554 1642.488037 920.017639
192.000000 1555.729858 419.969513 1493.404419 569.976501
193.000000 1558.909790 670.013855 1495.911621 805.479126
186.000000 1723.291992 406.665955 1642.482056 543.331665
187.000000 1718.921997 656.647827 1642.005371 783.330688
144.000000 2363.332764 1598.220459 2273.333984 1700.434326
145.000000 2613.333984 1598.308838 2550.005127 1700.004761
233.000000 904.215820 1066.691040 938.366333 1206.718872
677.000000 1202.663086 1306.675781 1175.000000 1424.000000
305.000000 1504.520630 1203.515625 1433.385498 1320.046509
146.000000 2695.770752 1490.054443 2628.625732 1593.431396
147.000000 2680.780518 1243.285889 2609.110840 1320.063477
256.000000 694.154480 693.174316 773.592285 876.682007
257.000000 709.551086 449.971588 785.846558 669.951416
258.000000 536.110657 826.806702 650.694092 1019.865845
259.000000 523.848206 1070.026001 640.183044 1226.676025
522.000000 913.470337 680.037231 945.601807 856.631531
238.000000 1563.854858 1236.652588 1500.874634 1356.653809
239.000000 1570.243774 1473.326782 1504.044678 1573.322876
224.000000 1714.447144 653.335205 1636.851685 779.999329
225.000000 1714.246826 416.668701 1636.011963 556.669128
262.000000 924.661621 446.701721 957.371582 650.020264
263.000000 918.501648 680.048462 951.422485 856.707581
242.000000 1388.445801 666.643982 1342.729614 816.651062
243.000000 1391.854248 433.311737 1348.336914 600.043213
226.000000 1305.220703 1550.017578 1274.840576 1649.967285
227.000000 1307.392700 1316.673462 1278.778809 1429.978149
282.000000 561.279297 460.064941 672.915894 686.645020
283.000000 549.601257 690.148926 662.522400 886.797668
182.000000 897.780579 1243.358887 932.695862 1370.088867
200.000000 2096.654297 1534.545166 2003.320190 1633.188110
201.000000 2326.666016 1533.215210 2236.662842 1632.302856
206.000000 2114.881348 1276.602905 2023.934692 1373.307861
207.000000 2124.221924 1503.433960 2033.666138 1603.319214
316.000000 1736.644287 1334.617310 1659.955200 1438.235352
536.000000 1176.653931 1570.657227 1156.671387 1667.590454
228.000000 1588.898071 1506.675537 1525.541260 1606.671265
229.000000 1587.063599 1279.996826 1524.638672 1386.661255
248.000000 1963.342529 1211.191284 1870.090942 1312.347046
249.000000 1736.663696 1212.949219 1656.690308 1320.610352
240.000000 1739.998169 1412.957275 1659.978638 1515.402344
241.000000 1966.675659 1411.855713 1876.639893 1511.747925
179.000000 2614.581299 386.804932 2530.077637 439.446289
250.000000 1066.201782 659.974487 1071.015137 843.230652
251.000000 1078.285034 439.905823 1080.313965 633.347229
234.000000 2108.536377 616.698669 2010.975098 716.734985
235.000000 2103.725098 396.731018 2004.700562 500.056946
244.000000 2253.341553 1611.609497 2116.670898 1712.797485
245.000000 2033.330200 1612.720947 1899.999634 1713.129150
292.000000 2957.630615 251.985413 2832.598389 260.679565
293.000000 2747.291260 314.170776 2650.496338 340.167542
712.000000 100.570442 483.114319 335.000000 738.000000
341.000000 83.377823 700.003540 330.352875 926.696167
268.000000 1960.034058 1197.976318 1866.779053 1300.120605
269.000000 1743.305664 1199.565186 1663.227417 1306.742554
354.000000 890.007019 1220.975098 926.616516 1348.671143
355.000000 673.327576 1222.530640 753.278503 1355.214844
302.000000 1238.842773 433.355408 1216.179565 613.361816
303.000000 1236.645874 649.999817 1214.211670 810.008789
236.000000 913.665222 1266.801880 945.937988 1390.103394
270.000000 1743.318726 1255.174194 1663.258179 1361.252808
271.000000 1956.664185 1253.084839 1866.687500 1353.909546
266.000000 2758.934326 316.205658 2651.505127 345.623230
267.000000 2962.151611 259.126251 2840.545410 266.658936
1240.000000 913.526428 1493.339355 950.000000 1597.000000
261.000000 920.097595 1283.336426 952.991394 1403.322144
290.000000 1973.359863 367.408875 1870.295288 482.111725
291.000000 1763.390503 374.928833 1673.285278 509.656738
314.000000 941.779785 466.736572 971.024902 666.576111
315.000000 933.532227 676.674500 963.568176 856.675903
414.000000 886.612000 1207.000854 920.151428 1336.589478
415.000000 676.620972 1210.826782 756.551819 1344.196533
264.000000 2309.994629 1196.862671 2213.333496 1288.164673
265.000000 2103.209961 1191.084717 2006.666504 1288.143188
310.000000 1650.107178 400.059235 1577.528076 543.180176
311.000000 1856.778198 393.531067 1767.295044 518.085144
574.000000 2607.460205 629.936279 2528.356934 683.478760
139.000000 2866.370117 1184.838989 2769.480225 1255.667603
435.000000 679.997986 1263.166138 759.911682 1390.853394
436.000000 883.341675 1260.683228 919.946167 1385.155151
246.000000 2356.665771 1532.796509 2263.334961 1631.970825
247.000000 2559.998779 1532.482910 2480.001221 1632.213989
398.000000 76.204063 1079.960327 313.333344 1243.333374
399.000000 93.327942 879.999512 327.301025 1076.719849
366.000000 1303.459229 412.453064 1272.701904 586.052124
367.000000 1503.445557 402.187073 1443.659912 558.708191
1230.000000 1695.855713 656.676392 1616.000000 779.000000
281.000000 293.252625 449.984192 476.593750 696.012573
327.000000 572.194641 689.933167 672.781982 886.860779
344.000000 941.393921 680.043457 972.055542 856.731079
345.000000 947.528320 483.360199 977.594727 680.029114
320.000000 1580.478149 660.022339 1517.503784 796.681885
321.000000 1578.937866 463.315552 1516.346069 606.668640
405.000000 2060.005371 1661.451904 1923.308594 1761.040283
431.000000 108.129974 703.448914 339.442627 923.291199
432.000000 123.150009 513.318848 351.538300 763.197693
362.000000 2673.331299 1532.323975 2603.325195 1632.341187
363.000000 2863.330322 1531.927979 2776.646973 1630.921143
484.000000 903.150818 903.326355 937.113220 1060.016113
278.000000 2533.379639 371.121277 2437.587402 426.392792
279.000000 2716.675049 363.533844 2636.815186 397.697937
312.000000 2752.140381 826.763123 2683.430176 876.657715
313.000000 2766.684570 1006.665222 2701.002441 1066.881958
296.000000 553.471375 850.009155 664.576843 1026.967285
356.000000 1946.682373 476.666260 1853.720825 593.323120
357.000000 1951.514038 656.715515 1858.278687 766.711914
461.000000 2703.333496 1450.002563 2636.669678 1543.444946
462.000000 2883.389160 1445.635620 2790.069580 1539.149780
162.000000 2889.947510 1401.008301 2793.310303 1489.203003
300.000000 2703.339355 1511.641113 2636.665527 1609.224365
301.000000 2523.329834 1510.993652 2439.999268 1609.541260
334.000000 2144.434326 1326.615723 2049.613770 1423.350830
335.000000 2152.606445 1503.366943 2057.742920 1603.435181
322.000000 2896.947998 1496.637939 2812.267334 1593.019775
323.000000 2914.695557 1670.201538 2838.163330 1780.254028
340.000000 116.490562 496.650421 345.126221 749.871277
328.000000 2657.223389 863.289673 2580.285645 926.641235
329.000000 2670.819824 1036.602295 2596.309326 1106.698486
342.000000 2458.966309 460.062408 2364.779053 526.565308
343.000000 2469.430176 633.367737 2377.174072 703.297729
427.000000 2109.936523 470.130280 2011.448608 576.741882
428.000000 2116.578857 643.336731 2017.963623 739.948242
326.000000 577.501831 476.721954 685.809692 700.172791
1106.000000 566.241882 646.859131 685.000000 853.000000
358.000000 2156.661865 1492.483765 2059.981201 1591.813965
359.000000 2326.675293 1491.513672 2233.329346 1589.678589
402.000000 2153.324219 1411.539551 2056.654785 1509.270264
403.000000 2323.336670 1410.666748 2223.385742 1506.561279
9.000000 2320.002930 1370.573364 2231.657715 1463.437622
525.000000 2323.336914 1450.721802 2230.010498 1547.688721
467.000000 1733.337280 1512.261475 1649.990845 1611.934937
468.000000 1563.332031 1512.561401 1496.664062 1612.935059
509.000000 1126.666626 412.244781 1120.076782 600.767883
510.000000 1296.666992 412.233582 1263.971802 586.388977
425.000000 2150.000000 1530.000000 2053.339844 1629.767212
426.000000 1980.000000 1530.000000 1890.000244 1630.115234
376.000000 2127.424805 876.635559 2030.491943 969.979187
377.000000 2134.266846 1043.295044 2037.678833 1139.957153
465.000000 1396.123169 499.940033 1350.190186 663.327332
466.000000 1393.544678 666.669922 1349.896362 816.666443
392.000000 2150.032715 1509.602295 2056.657715 1609.062134
393.000000 1983.312500 1511.457642 1886.673096 1610.680420
441.000000 1725.870728 886.682861 1646.784668 1003.330444
442.000000 1729.264282 1053.348267 1650.672241 1163.317017
418.000000 2310.007568 1207.700562 2213.296143 1298.999390
419.000000 2143.325439 1208.940186 2049.940918 1305.076416
364.000000 2346.667480 1450.208130 2256.667480 1546.745117
365.000000 2513.331299 1449.529541 2429.983154 1544.995117
332.000000 2625.372314 463.433350 2541.466064 503.494110
333.000000 2637.994629 626.821594 2556.947754 683.309143
352.000000 2663.339111 1040.250977 2586.772705 1111.679932
353.000000 2500.016113 1044.029785 2413.289062 1122.634033
396.000000 2636.692383 634.364502 2550.228027 688.851257
397.000000 2473.376953 638.424622 2382.948242 706.310669
338.000000 2533.330322 1522.281250 2449.999023 1621.540771
339.000000 2696.671875 1521.809814 2630.000732 1621.444214
360.000000 2353.337646 1491.534912 2259.996094 1589.251099
361.000000 2516.669678 1491.075928 2433.342041 1588.372437
384.000000 2346.668701 1370.236206 2253.357666 1464.485107
385.000000 2509.990479 1368.871582 2423.352295 1460.906250
386.000000 2346.675049 1410.814575 2256.656250 1506.008789
387.000000 2509.991455 1409.155884 2426.666748 1503.345703
324.000000 223.368134 700.002747 410.805176 912.083313
430.000000 1123.289917 828.879272 1113.412842 983.912842
368.000000 2499.816895 1056.566406 2412.622559 1136.299316
369.000000 2660.066406 1053.661377 2583.646973 1124.575439
513.000000 1726.749146 1059.412720 1643.482788 1172.095215
185.000000 1566.593262 1064.221680 1499.096802 1182.840820
457.000000 2116.637451 648.982788 2016.589722 745.958496
458.000000 1956.577881 653.565002 1862.898560 762.667969
463.000000 1733.369873 1329.999268 1654.297241 1436.646729
464.000000 1736.364990 1490.067993 1657.472046 1590.052368
372.000000 2496.731689 1193.688599 2413.225342 1277.368530
373.000000 2336.652832 1195.173584 2243.238037 1284.340576
374.000000 2500.023682 1204.813843 2413.349609 1290.398560
375.000000 2340.010986 1207.361694 2243.362549 1297.375854
378.000000 2676.704834 1237.241211 2603.398682 1318.611572
379.000000 2516.687500 1238.803223 2433.366699 1324.328979
388.000000 2343.330811 1329.722534 2249.993408 1423.093506
389.000000 2503.347900 1328.335449 2419.955322 1418.386475
453.000000 1983.329712 1521.877197 1893.320679 1621.839722
454.000000 2143.336914 1521.484619 2050.004395 1620.517822
445.000000 1475.733643 869.992798 1421.267212 999.988586
446.000000 1475.463013 1029.997925 1420.384644 1160.002075
394.000000 2473.042969 651.706299 2382.500977 718.656311
395.000000 2630.146729 642.507568 2550.471436 701.203430
370.000000 2662.430664 1346.727783 2594.229492 1433.264771
371.000000 2673.038574 1503.353271 2607.242432 1603.289307
475.000000 1966.561279 1065.209229 1876.135864 1168.026367
476.000000 2123.374512 1063.175537 2026.999878 1158.757935
459.000000 2126.675781 1050.500488 2030.011230 1146.866577
460.000000 1969.939697 1053.367798 1876.414062 1155.512695
437.000000 2149.975098 1250.609253 2056.662109 1346.533325
438.000000 2306.689697 1249.170044 2216.706299 1341.190674
518.000000 1143.103760 1026.660889 1133.789307 1160.014526
519.000000 1147.065796 870.010071 1138.364624 1016.614502
520.000000 2890.031982 1444.950317 2799.996338 1536.505737
521.000000 3046.637695 1441.862061 2943.331055 1533.230591
547.000000 368.643890 314.063080 577.904663 574.490051
548.000000 245.977936 220.906906 458.239380 506.428864
528.000000 1566.565918 1075.872192 1499.645020 1194.143311
529.000000 1720.096313 1073.798828 1640.340332 1185.614380
487.000000 1956.588867 660.933960 1863.325684 769.930542
488.000000 2109.977051 655.956604 2010.035889 753.656921
410.000000 2339.990967 1248.893433 2243.335693 1340.074097
411.000000 2493.341309 1247.629028 2409.931152 1334.576660
503.000000 1573.324707 1523.711792 1500.000610 1623.532715
504.000000 1726.676270 1523.263428 1646.675537 1623.117310
408.000000 2343.325439 1288.671387 2246.698242 1381.091675
409.000000 2496.673096 1287.749390 2413.322021 1376.277344
451.000000 2603.754883 1346.426392 2531.060547 1436.584595
452.000000 2613.369385 1496.664307 2543.183594 1593.344971
208.000000 2001.077515 1503.622681 1912.317871 1606.707153
546.000000 1713.356323 660.528687 1633.444092 787.571289
485.000000 1514.981445 1040.020508 1455.673828 1166.704590
486.000000 1516.845337 889.919434 1458.109253 1016.581909
272.000000 1743.319946 1294.890015 1663.327759 1399.823242
443.000000 2519.988037 1244.009644 2436.691650 1330.834229
444.000000 2670.000000 1243.339478 2596.647949 1326.041138
559.000000 1720.014771 1245.800415 1643.411621 1352.521240
560.000000 1570.020264 1246.701050 1506.669922 1356.769897
501.000000 2126.678955 1241.464966 2030.056763 1338.258911
502.000000 1976.689575 1242.725830 1883.457397 1343.481201
348.000000 2696.742188 1328.600830 2621.488037 1409.878662
505.000000 2061.817383 1349.931030 1972.584961 1449.889526
506.000000 2067.386230 1496.639404 1978.850830 1596.430786
587.000000 818.225830 1103.378174 868.339172 1243.386475
588.000000 822.445374 956.641113 872.582642 1109.976074
277.000000 1006.700439 411.161377 1020.687805 619.470947
308.000000 669.989014 1075.896606 755.101562 1226.580811
483.000000 906.650269 1070.982422 931.715149 1210.061646
561.000000 1642.967285 1496.669312 1575.903076 1593.374634
562.000000 1641.915161 1350.034058 1574.523804 1456.688232
540.000000 2877.746582 111.737907 2748.663574 122.249237
541.000000 2754.397949 188.379990 2644.539062 214.691376
514.000000 2331.444092 1449.942871 2238.049805 1549.937134
515.000000 2337.120850 1593.315308 2244.571533 1693.428589
925.000000 520.087097 1264.012939 643.000000 1399.000000
1171.000000 1063.370850 681.563293 1056.000000 841.000000
532.000000 1983.269531 1250.279907 1890.004395 1350.109375
533.000000 2126.679688 1247.285767 2030.045166 1344.452026
567.000000 1507.924561 616.670105 1449.650146 759.999207
568.000000 1507.534790 760.002380 1449.330078 896.665100
595.000000 2916.683105 520.030273 2794.368408 548.049927
596.000000 2790.714111 587.990112 2687.611572 627.929504
491.000000 2627.179932 893.294922 2553.379395 959.996338
492.000000 2637.680664 1033.507080 2565.119629 1106.790405
493.000000 2571.034668 889.707886 2493.130127 959.771545
494.000000 2580.415039 1029.972290 2503.831299 1106.387085
516.000000 2053.675781 1490.115845 1965.432007 1590.185181
517.000000 2048.251953 1350.067749 1959.620850 1446.817139
472.000000 2606.652832 396.248688 2520.160889 444.584747
600.000000 2972.000000 1649.000000 2889.000000 1759.000000
928.000000 944.000000 1390.000000 973.000000 1501.000000
670.000000 252.000000 321.000000 465.000000 587.000000
1249.000000 661.000000 515.000000 752.000000 728.000000
953.000000 189.000000 665.000000 398.000000 887.000000
798.000000 1464.000000 328.000000 1403.000000 493.000000
699.000000 2896.000000 582.000000 2785.000000 615.000000
1517.000000 578.000000 997.000000 684.000000 1157.000000
608.000000 117.000000 900.000000 344.000000 1091.000000
605.000000 634.000000 997.000000 728.000000 1155.000000
1319.000000 1054.000000 824.000000 1060.000000 981.000000
657.000000 1270.000000 952.000000 1246.000000 1088.000000
1292.000000 2635.000000 1456.000000 2566.000000 1551.000000
875.000000 2878.000000 386.000000 2763.000000 409.000000
948.000000 1284.000000 600.000000 1257.000000 760.000000
720.000000 1024.000000 640.000000 1040.000000 815.000000
913.000000 1672.000000 1013.000000 1602.000000 1128.000000
868.000000 2804.000000 231.000000 2695.000000 254.000000
1027.000000 632.000000 1030.000000 727.000000 1184.000000
867.000000 2568.000000 1419.000000 2493.000000 1512.000000
1060.000000 2650.000000 1092.000000 2574.000000 1166.000000
892.000000 2052.000000 466.000000 1959.000000 569.000000
1016.000000 141.000000 604.000000 364.000000 838.000000
1052.000000 2982.000000 1288.000000 2879.000000 1371.000000
1163.000000 2006.000000 856.000000 1916.000000 958.000000
862.000000 2858.000000 830.000000 2759.000000 880.000000
847.000000 685.000000 306.000000 792.000000 539.000000
1377.000000 2511.000000 594.000000 2426.000000 657.000000
628.000000 2919.000000 826.000000 2812.000000 873.000000
1108.000000 200.000000 532.000000 407.000000 773.000000
780.000000 126.000000 1431.000000 345.000000 1545.000000
783.000000 2821.000000 221.000000 2705.000000 245.000000
778.000000 70.000000 732.000000 309.000000 951.000000
1343.000000 1997.000000 576.000000 1906.000000 683.000000
1204.000000 918.000000 726.000000 950.000000 899.000000
1259.000000 1015.000000 956.000000 1031.000000 1103.000000
1258.000000 2578.000000 1015.000000 2502.000000 1089.000000
604.000000 970.000000 578.000000 996.000000 762.000000
697.000000 2058.000000 607.000000 1965.000000 708.000000
1071.000000 2929.000000 610.000000 2808.000000 643.000000
1214.000000 2631.000000 661.000000 2549.000000 716.000000
1200.000000 2823.000000 440.000000 2717.000000 470.000000
1271.000000 1179.000000 337.000000 1160.000000 528.000000
655.000000 2055.000000 542.000000 1962.000000 644.000000
1023.000000 895.000000 333.000000 972.000000 543.000000
751.000000 892.000000 1191.000000 927.000000 1321.000000
932.000000 1612.000000 946.000000 1547.000000 1067.000000
1142.000000 2560.000000 1297.000000 2484.000000 1385.000000
938.000000 2087.000000 1420.000000 1998.000000 1518.000000
1133.000000 1676.000000 1303.000000 1606.000000 1409.000000
831.000000 2599.000000 958.000000 2523.000000 1028.000000
1115.000000 2821.000000 418.000000 2715.000000 448.000000
1384.000000 92.000000 311.000000 370.000000 589.000000
646.000000 576.000000 1031.000000 683.000000 1187.000000
695.000000 2528.000000 845.000000 2447.000000 914.000000
970.000000 1707.000000 1105.000000 1630.000000 1217.000000
1373.000000 2916.000000 596.000000 2801.000000 629.000000
848.000000 2066.000000 855.000000 1975.000000 953.000000
684.000000 2860.000000 672.000000 2760.000000 706.000000
1300.000000 1656.000000 1575.000000 1583.000000 1672.000000
1309.000000 671.000000 732.000000 755.000000 919.000000
726.000000 539.000000 835.000000 652.000000 1016.000000
667.000000 108.000000 1008.000000 337.000000 1183.000000
691.000000 631.000000 1063.000000 725.000000 1213.000000
1247.000000 2859.000000 197.000000 2742.000000 214.000000
1447.000000 1286.000000 495.000000 1260.000000 663.000000
1256.000000 511.000000 1100.000000 629.000000 1250.000000
999.000000 1005.000000 1308.000000 1023.000000 1425.000000
1448.000000 2898.000000 605.000000 2788.000000 638.000000
857.000000 138.000000 635.000000 362.000000 864.000000
920.000000 1612.000000 869.000000 1548.000000 993.000000
1494.000000 2938.000000 1022.000000 2835.000000 1081.000000
957.000000 677.000000 832.000000 759.000000 1007.000000
1438.000000 1145.000000 843.000000 1136.000000 994.000000
1019.000000 2596.000000 923.000000 2520.000000 992.000000
650.000000 194.000000 603.000000 402.000000 834.000000
1375.000000 952.000000 331.000000 1023.000000 536.000000
845.000000 607.000000 517.000000 710.000000 733.000000
760.000000 1122.000000 1086.000000 1066.000000 1221.000000
1158.000000 1000.000000 1460.000000 1018.000000 1565.000000
1539.000000 2630.000000 1382.000000 2560.000000 1472.000000
820.000000 1996.000000 544.000000 1905.000000 651.000000
775.000000 575.000000 1064.000000 682.000000 1216.000000
606.000000 584.000000 888.000000 690.000000 1061.000000
1326.000000 947.000000 1309.000000 975.000000 1427.000000
1128.000000 2493.000000 681.000000 2403.000000 748.000000
681.000000 2914.000000 573.000000 2798.000000 606.000000
1017.000000 2821.000000 264.000000 2715.000000 277.000000
1078.000000 1672.000000 979.000000 1601.000000 1095.000000
1024.000000 2086.000000 1384.000000 1997.000000 1481.000000
1322.000000 1408.000000 875.000000 1362.000000 1010.000000
985.000000 548.000000 736.000000 659.000000 929.000000
995.000000 148.000000 1431.000000 359.000000 1545.000000
861.000000 1663.000000 481.000000 1593.000000 618.000000
1057.000000 1287.000000 1012.000000 1260.000000 1143.000000
1202.000000 2374.000000 281.000000 2316.000000 345.000000
723.000000 2857.000000 176.000000 2739.000000 191.000000
1277.000000 1025.000000 608.000000 1041.000000 785.000000
1246.000000 407.000000 221.000000 659.000000 477.000000
837.000000 2839.000000 409.000000 2725.000000 440.000000
882.000000 2874.000000 166.000000 2751.000000 182.000000
813.000000 2842.000000 474.000000 2738.000000 498.000000
1031.000000 1325.000000 206.000000 1314.000000 389.000000
471.000000 2461.000000 396.000000 2370.070312 463.879944
1011.000000 157.000000 1072.000000 372.000000 1236.000000
1205.000000 2478.000000 681.000000 2387.000000 750.000000
822.000000 2009.000000 936.000000 1919.000000 1037.000000
805.000000 549.000000 719.000000 661.000000 914.000000
1529.000000 2539.000000 994.000000 2459.000000 1069.000000
1395.000000 2660.000000 848.000000 2583.000000 909.000000
1312.000000 35.000000 1267.000000 288.000000 1415.000000
830.000000 663.000000 855.000000 735.000000 1029.000000
1238.000000 640.000000 888.000000 733.000000 1058.000000
743.000000 1013.000000 1023.000000 1030.000000 1164.000000
626.000000 2112.000000 1099.000000 2016.000000 1195.000000
1499.000000 580.000000 964.000000 686.000000 1129.000000
1103.000000 1342.000000 1080.000000 1302.000000 1207.000000
618.000000 603.000000 588.000000 707.000000 796.000000
682.000000 973.000000 1137.000000 1002.000000 1279.000000
690.000000 2858.000000 627.000000 2749.000000 668.000000
729.000000 128.000000 1397.000000 348.000000 1516.000000
826.000000 2465.000000 663.000000 2372.000000 732.000000
1239.000000 590.000000 1142.000000 690.000000 1286.000000
592.000000 1672.000000 1046.000000 1583.299561 1166.612427
1393.000000 1194.000000 838.000000 1174.000000 987.000000
1080.000000 584.000000 1088.000000 685.000000 1237.000000
724.000000 2057.000000 574.000000 1964.000000 676.000000
1141.000000 2590.000000 843.000000 2513.000000 909.000000
696.000000 1664.000000 556.000000 1594.000000 690.000000
1296.000000 616.000000 1392.000000 712.000000 1507.000000
1385.000000 2860.000000 854.000000 2762.000000 906.000000
1325.000000 942.000000 1460.000000 971.000000 1565.000000
782.000000 192.000000 634.000000 400.000000 860.000000
1179.000000 587.000000 1104.000000 688.000000 1252.000000
1490.000000 1408.000000 329.000000 1355.000000 500.000000
987.000000 968.000000 642.000000 994.000000 820.000000
871.000000 2076.000000 1595.000000 1982.000000 1694.000000
1407.000000 2956.000000 1015.000000 2848.000000 1074.000000
554.000000 2507.000000 528.000000 2445.623047 553.411926
941.000000 2784.000000 372.000000 2674.000000 403.000000
810.000000 2563.000000 1016.000000 2486.000000 1090.000000
786.000000 1616.000000 1386.000000 1551.000000 1490.000000
812.000000 1432.000000 860.000000 1379.000000 995.000000
1096.000000 1028.000000 504.000000 1043.000000 691.000000
1082.000000 2541.000000 1016.000000 2462.000000 1091.000000
1167.000000 536.000000 718.000000 651.000000 914.000000
1225.000000 186.000000 974.000000 396.000000 1087.000000
1007.000000 103.000000 1073.000000 333.000000 1238.000000
1543.000000 2057.000000 1575.000000 1963.000000 1673.000000
666.000000 956.000000 990.000000 984.000000 1136.000000
1367.000000 1370.000000 882.000000 1332.000000 1018.000000
232.000000 917.000000 826.000000 945.031189 989.949707
1356.000000 2840.000000 636.000000 2738.000000 675.000000
1220.000000 2922.000000 445.000000 2796.000000 469.000000
956.000000 1348.000000 997.000000 1313.000000 1127.000000
803.000000 160.000000 1039.000000 374.000000 1208.000000
961.000000 907.000000 708.000000 941.000000 884.000000
843.000000 1993.000000 468.000000 1902.000000 577.000000
966.000000 2843.000000 229.000000 2729.000000 247.000000
800.000000 2596.000000 1077.000000 2517.000000 1153.000000
1061.000000 2612.000000 656.000000 2528.000000 713.000000
1336.000000 2876.000000 187.000000 2753.000000 204.000000
901.000000 174.000000 867.000000 386.000000 1061.000000
946.000000 2942.000000 1073.000000 2842.000000 1135.000000
1042.000000 2897.000000 398.000000 2778.000000 422.000000
733.000000 147.000000 533.000000 368.000000 778.000000
1003.000000 2082.000000 1299.000000 1993.000000 1397.000000
986.000000 1026.000000 576.000000 1042.000000 757.000000
1508.000000 321.000000 1396.000000 482.000000 1514.000000
1262.000000 509.000000 1196.000000 627.000000 1335.000000
1298.000000 1037.000000 989.000000 1049.000000 1132.000000
910.000000 658.000000 587.000000 748.000000 791.000000
1136.000000 601.000000 620.000000 705.000000 824.000000
1552.000000 2557.000000 1093.000000 2474.000000 1171.000000
1065.000000 1613.000000 1014.000000 1547.000000 1132.000000
958.000000 123.000000 1466.000000 343.000000 1575.000000
710.000000 957.000000 957.000000 985.000000 1106.000000
644.000000 105.000000 1040.000000 335.000000 1211.000000
1516.000000 220.000000 532.000000 419.000000 772.000000
879.000000 948.000000 1274.000000 976.000000 1396.000000
1273.000000 2940.000000 1047.000000 2837.000000 1108.000000
1315.000000 2657.000000 766.000000 2579.000000 824.000000
933.000000 1617.000000 1422.000000 1552.000000 1525.000000
668.000000 2488.000000 241.000000 2429.000000 294.000000
935.000000 2021.000000 1300.000000 1932.000000 1399.000000
1183.000000 2527.000000 1250.000000 2443.000000 1337.000000
795.000000 2568.000000 527.000000 2486.000000 582.000000
1041.000000 165.000000 974.000000 378.000000 1153.000000
819.000000 2592.000000 1016.000000 2518.000000 1089.000000
1510.000000 1533.000000 468.000000 1472.000000 618.000000
1567.000000 2507.000000 1068.000000 2419.000000 1148.000000
936.000000 1284.000000 568.000000 1258.000000 730.000000
719.000000 1330.000000 1012.000000 1298.000000 1141.000000
1475.000000 1238.000000 1105.000000 1228.000000 1231.000000
1020.000000 1050.000000 503.000000 1061.000000 689.000000
992.000000 1307.000000 285.000000 1303.000000 463.000000
1293.000000 2895.000000 377.000000 2776.000000 400.000000
693.000000 955.000000 1024.000000 983.000000 1167.000000
635.000000 163.000000 1007.000000 376.000000 1180.000000
1070.000000 678.000000 618.000000 762.000000 818.000000
1059.000000 2011.000000 1004.000000 1922.000000 1105.000000
817.000000 214.000000 810.000000 411.000000 1010.000000
1414.000000 1287.000000 965.000000 1261.000000 1100.000000
833.000000 2994.000000 1183.000000 2882.000000 1253.000000
1044.000000 2470.000000 1677.000000 2322.000000 1783.000000
1154.000000 1678.000000 1457.000000 1608.000000 1560.000000
1153.000000 159.000000 1287.000000 368.000000 1421.000000
627.000000 1612.000000 980.000000 1547.000000 1099.000000
1014.000000 1288.000000 1079.000000 1250.000000 1208.000000
1046.000000 2534.000000 925.000000 2454.000000 997.000000
1421.000000 1779.000000 150.000000 2086.000000 231.000000
1251.000000 149.000000 504.000000 371.000000 753.000000
1476.000000 1341.000000 630.000000 1307.000000 785.000000
996.000000 210.000000 304.000000 431.000000 589.000000
814.000000 1677.000000 1386.000000 1607.000000 1489.000000
736.000000 1605.000000 482.000000 1541.000000 625.000000
773.000000 580.000000 346.000000 717.000000 579.000000
1234.000000 2518.000000 1092.000000 2433.000000 1171.000000
1012.000000 2788.000000 262.000000 2682.000000 287.000000
872.000000 2884.000000 1463.000000 2791.000000 1557.000000
754.000000 2004.000000 174.000000 1935.000000 284.000000
891.000000 1982.000000 256.000000 1918.000000 367.000000
829.000000 2916.000000 802.000000 2810.000000 847.000000
756.000000 1606.000000 557.000000 1541.000000 696.000000
584.000000 2069.000000 1040.000000 1958.849243 1136.718628
619.000000 654.000000 650.000000 746.000000 847.000000
1434.000000 1121.000000 1548.000000 1057.000000 1647.000000
821.000000 520.000000 1118.000000 636.000000 1266.000000
899.000000 2511.000000 240.000000 2453.000000 290.000000
687.000000 1182.000000 726.000000 1166.000000 884.000000
730.000000 2615.000000 679.000000 2533.000000 736.000000
747.000000 2778.000000 290.000000 2666.000000 318.000000
731.000000 2063.000000 911.000000 1987.000000 1008.000000
1328.000000 2502.000000 452.000000 2415.000000 511.000000
969.000000 31.000000 42.000000 283.000000 374.000000
870.000000 1598.000000 1586.000000 1530.000000 1683.000000
1429.000000 1287.000000 989.000000 1261.000000 1122.000000
1551.000000 2841.000000 430.000000 2728.000000 462.000000
1329.000000 1348.000000 950.000000 1313.000000 1083.000000
1365.000000 636.000000 963.000000 730.000000 1126.000000
793.000000 2878.000000 846.000000 2773.000000 899.000000
613.000000 1342.000000 567.000000 1307.000000 725.000000
909.000000 1286.000000 890.000000 1260.000000 1029.000000
1275.000000 1310.000000 865.000000 1281.000000 1006.000000
745.000000 281.000000 311.000000 479.000000 585.000000
854.000000 664.000000 306.000000 776.000000 540.000000
1034.000000 1607.000000 622.000000 1542.000000 758.000000
1196.000000 609.000000 487.000000 711.000000 706.000000
671.000000 1665.000000 1476.000000 1596.000000 1577.000000
1455.000000 1319.000000 1326.000000 1287.000000 1437.000000
1166.000000 2802.000000 210.000000 2692.000000 233.000000
1227.000000 2500.000000 1091.000000 2413.000000 1172.000000
1198.000000 72.000000 1397.000000 307.000000 1517.000000
806.000000 51.000000 56.000000 304.000000 384.000000
781.000000 1119.000000 339.000000 1108.000000 535.000000
878.000000 42.000000 918.000000 287.000000 1109.000000
1143.000000 2110.000000 692.000000 2012.000000 789.000000
1000.000000 1366.000000 566.000000 1327.000000 723.000000
761.000000 2495.000000 759.000000 2405.000000 828.000000
768.000000 2509.000000 561.000000 2424.000000 623.000000
1118.000000 670.000000 1116.000000 752.000000 1259.000000
769.000000 537.000000 805.000000 651.000000 990.000000
1036.000000 2024.000000 1420.000000 1937.000000 1520.000000
1038.000000 1333.000000 784.000000 1293.000000 928.000000
1037.000000 1018.000000 880.000000 1036.000000 1033.000000
295.000000 206.000000 846.000000 403.126709 1042.534790
808.000000 1012.000000 1056.000000 1029.000000 1194.000000
728.000000 80.000000 749.000000 317.000000 965.000000
1394.000000 2958.000000 1040.000000 2851.000000 1101.000000
1433.000000 2878.000000 1048.000000 2783.000000 1111.000000
1349.000000 233.000000 480.000000 429.000000 727.000000
689.000000 1020.000000 1144.000000 985.000000 1277.000000
1055.000000 1366.000000 955.000000 1329.000000 1086.000000
640.000000 1677.000000 1422.000000 1607.000000 1524.000000
1368.000000 2963.000000 1294.000000 2866.000000 1374.000000
815.000000 1342.000000 494.000000 1308.000000 657.000000
1341.000000 174.000000 1124.000000 379.000000 1281.000000
709.000000 900.000000 1112.000000 934.000000 1250.000000
1117.000000 2650.000000 284.000000 2555.000000 324.000000
589.000000 2660.000000 1249.000000 2583.340332 1333.559448
799.000000 111.000000 975.000000 339.000000 1156.000000
530.000000 2110.000000 798.000000 2013.626099 893.622131
896.000000 283.000000 280.000000 486.000000 550.000000
1125.000000 1371.000000 855.000000 1329.000000 993.000000
1524.000000 1456.000000 834.000000 1401.000000 969.000000
683.000000 1253.000000 713.000000 1224.000000 868.000000
1119.000000 2787.000000 241.000000 2680.000000 266.000000
630.000000 972.000000 506.000000 999.000000 697.000000
203.000000 668.000000 1240.000000 747.924316 1376.538452
1294.000000 1366.000000 598.000000 1326.000000 753.000000
718.000000 9.000000 24.000000 261.000000 363.000000
1129.000000 151.000000 1397.000000 362.000000 1515.000000
1134.000000 962.000000 881.000000 990.000000 1037.000000
1483.000000 2116.000000 1253.000000 2016.000000 1362.000000
707.000000 1565.000000 706.000000 1501.000000 840.000000
1371.000000 974.000000 694.000000 994.000000 867.000000
1521.000000 1466.000000 1155.000000 1356.000000 1274.000000
674.000000 1972.000000 770.000000 1879.000000 876.000000
876.000000 1328.000000 284.000000 1321.000000 461.000000
629.000000 80.000000 1319.000000 314.000000 1450.000000
1486.000000 2640.000000 1174.000000 2565.000000 1253.000000
734.000000 2562.000000 450.000000 2479.000000 504.000000
1105.000000 2934.000000 793.000000 2823.000000 839.000000
1297.000000 2296.000000 1567.000000 1919.000000 1660.000000
907.000000 1270.000000 974.000000 1246.000000 1109.000000
740.000000 1328.000000 261.000000 1321.000000 439.000000
642.000000 990.000000 1409.000000 1010.000000 1519.000000
1040.000000 2566.000000 1383.000000 2490.000000 1474.000000
752.000000 189.000000 1123.000000 390.000000 1279.000000
1506.000000 2333.000000 1567.000000 2240.000000 1668.000000
1405.000000 2105.000000 1075.000000 2009.000000 1172.000000
1547.000000 1048.000000 607.000000 1059.000000 783.000000
1210.000000 2347.000000 1579.000000 2258.000000 1669.000000
888.000000 2315.000000 1187.000000 2219.000000 1277.000000
661.000000 1617.000000 1457.000000 1552.000000 1560.000000
722.000000 2119.000000 673.000000 2021.000000 770.000000
897.000000 2089.000000 1456.000000 2000.000000 1555.000000
1051.000000 1036.000000 1022.000000 1047.000000 1162.000000
1530.000000 706.000000 281.000000 808.000000 515.000000
850.000000 1366.000000 630.000000 1326.000000 783.000000
1213.000000 1122.000000 917.000000 1116.000000 1063.000000
1236.000000 301.000000 327.000000 506.000000 588.000000
1085.000000 1288.000000 943.000000 1261.000000 1079.000000
1093.000000 434.000000 467.000000 576.000000 701.000000
1495.000000 598.000000 683.000000 702.000000 879.000000
1212.000000 2935.000000 998.000000 2832.000000 1056.000000
1099.000000 1646.000000 1131.000000 1574.000000 1244.000000
1203.000000 873.000000 518.000000 914.000000 716.000000
906.000000 535.000000 1118.000000 648.000000 1266.000000
1342.000000 2880.000000 1072.000000 2786.000000 1138.000000
1556.000000 2511.000000 265.000000 2454.000000 315.000000
1002.000000 1639.000000 1594.000000 1567.000000 1692.000000
835.000000 1670.000000 868.000000 1602.000000 989.000000
801.000000 2026.000000 1457.000000 1938.000000 1556.000000
918.000000 136.000000 1319.000000 354.000000 1448.000000
1344.000000 2902.000000 1317.000000 2811.000000 1399.000000
742.000000 1014.000000 989.000000 1031.000000 1133.000000
811.000000 2963.000000 272.000000 2842.000000 281.000000
1243.000000 2668.000000 1092.000000 2594.000000 1166.000000
1047.000000 2543.000000 766.000000 2456.000000 832.000000
1033.000000 684.000000 515.000000 767.000000 726.000000
545.000000 2095.000000 407.000000 1996.518921 512.312134
1288.000000 2937.000000 818.000000 2825.000000 865.000000
865.000000 2606.000000 392.000000 2520.000000 439.000000
1424.000000 2607.000000 1571.000000 2532.000000 1673.000000
184.000000 1568.000000 813.000000 1500.819580 943.342041
1089.000000 618.000000 1118.000000 711.000000 1263.000000
789.000000 1724.000000 1104.000000 1645.000000 1215.000000
1266.000000 1421.000000 850.000000 1384.000000 984.000000
1492.000000 1388.000000 881.000000 1344.000000 1016.000000
767.000000 1301.000000 1080.000000 1263.000000 1207.000000
1164.000000 2409.000000 494.000000 2312.000000 564.000000
860.000000 2899.000000 1066.000000 2797.000000 1132.000000
980.000000 2169.000000 470.000000 2070.000000 563.000000
750.000000 1639.000000 1574.000000 1567.000000 1672.000000
943.000000 2876.000000 822.000000 2770.000000 873.000000
665.000000 1671.000000 944.000000 1601.000000 1063.000000
1056.000000 1026.000000 1389.000000 1034.000000 1500.000000
921.000000 2304.000000 1671.000000 2163.000000 1774.000000
1130.000000 2129.000000 1098.000000 2033.000000 1194.000000
1327.000000 1160.000000 858.000000 1146.000000 1016.000000
694.000000 620.000000 1319.000000 716.000000 1435.000000
981.000000 2542.000000 1030.000000 2465.000000 1105.000000
950.000000 1060.000000 722.000000 1065.000000 887.000000
939.000000 267.000000 343.000000 464.000000 606.000000
531.000000 1964.000000 800.000000 1873.463989 904.949768
1148.000000 2390.000000 401.000000 2292.000000 472.000000
840.000000 1369.000000 1286.000000 1266.000000 1401.000000
1430.000000 2108.000000 674.000000 2010.000000 771.000000
1181.000000 2897.000000 1040.000000 2794.000000 1105.000000
744.000000 83.000000 1287.000000 316.000000 1422.000000
579.000000 85.000000 860.000000 321.144806 1060.425659
1068.000000 2839.000000 613.000000 2735.000000 652.000000
633.000000 250.000000 193.000000 455.000000 480.000000
922.000000 2601.000000 993.000000 2526.000000 1064.000000
919.000000 953.000000 1573.000000 976.000000 1670.000000
1474.000000 522.000000 1100.000000 637.000000 1251.000000
804.000000 1354.000000 885.000000 1318.000000 1022.000000
1261.000000 955.000000 1057.000000 983.000000 1197.000000
1263.000000 2573.000000 593.000000 2491.000000 650.000000
721.000000 138.000000 1287.000000 356.000000 1421.000000
1211.000000 1006.000000 1273.000000 1023.000000 1394.000000
1066.000000 1049.000000 575.000000 1060.000000 755.000000
874.000000 2645.000000 445.000000 2568.000000 500.000000
1195.000000 1341.000000 598.000000 1307.000000 755.000000
894.000000 133.000000 697.000000 358.000000 917.000000
632.000000 969.000000 610.000000 995.000000 791.000000
1396.000000 209.000000 664.000000 410.000000 886.000000
1197.000000 2010.000000 969.000000 1921.000000 1071.000000
898.000000 250.000000 244.000000 460.000000 522.000000
1354.000000 1860.000000 420.000000 1771.000000 543.000000
1116.000000 1695.000000 867.000000 1624.000000 987.000000
1242.000000 182.000000 1250.000000 385.000000 1388.000000
1270.000000 1115.000000 528.000000 1126.000000 705.000000
664.000000 2023.000000 1384.000000 1935.000000 1483.000000
1303.000000 1008.000000 764.000000 1023.000000 929.000000
1267.000000 1328.000000 303.000000 1321.000000 478.000000
863.000000 2879.000000 408.000000 2765.000000 432.000000
927.000000 655.000000 1029.000000 742.000000 1183.000000
1201.000000 2226.000000 299.000000 2117.000000 387.000000
973.000000 2976.000000 1237.000000 2873.000000 1313.000000
1091.000000 2921.000000 1311.000000 2825.000000 1394.000000
1228.000000 2893.000000 990.000000 2787.000000 1049.000000
809.000000 2637.000000 784.000000 2558.000000 845.000000
1477.000000 1703.000000 1421.000000 1630.000000 1523.000000
929.000000 2534.000000 739.000000 2446.000000 805.000000
656.000000 1284.000000 632.000000 1257.000000 790.000000
890.000000 1606.000000 589.000000 1542.000000 727.000000
1437.000000 2477.000000 662.000000 2385.000000 731.000000
1172.000000 646.000000 271.000000 760.000000 508.000000
143.000000 952.000000 1593.000000 946.671814 1692.123535
905.000000 2918.000000 1284.000000 2822.000000 1365.000000
1316.000000 2026.000000 256.000000 1961.000000 362.000000
944.000000 2938.000000 1345.000000 2846.000000 1428.000000
294.000000 177.000000 1071.000000 387.712524 1239.560303
1320.000000 953.000000 345.000000 1022.000000 547.000000
1286.000000 2090.000000 1492.000000 2002.000000 1591.000000
849.000000 1563.000000 431.000000 1499.000000 580.000000
1155.000000 2958.000000 1635.000000 2876.000000 1744.000000
1435.000000 1176.000000 856.000000 1158.000000 1003.000000
827.000000 2278.000000 311.000000 2152.000000 396.000000
1077.000000 1613.000000 1047.000000 1548.000000 1164.000000
1109.000000 13.000000 483.000000 272.000000 744.000000
1043.000000 680.000000 586.000000 764.000000 790.000000
1452.000000 1946.000000 676.000000 1853.000000 786.000000
851.000000 1249.000000 857.000000 1224.000000 1001.000000
1432.000000 120.000000 868.000000 347.000000 1064.000000
1282.000000 1269.000000 999.000000 1246.000000 1131.000000
255.000000 170.000000 1265.000000 377.038330 1396.098267
1207.000000 2642.000000 1068.000000 2565.000000 1142.000000
755.000000 965.000000 720.000000 987.000000 892.000000
1235.000000 355.000000 380.000000 502.000000 635.000000
727.000000 1998.000000 609.000000 1908.000000 715.000000
1467.000000 156.000000 826.000000 370.000000 1026.000000
859.000000 662.000000 485.000000 753.000000 701.000000
1032.000000 941.000000 1495.000000 970.000000 1597.000000
1283.000000 2132.000000 303.000000 2024.000000 402.000000
1310.000000 603.000000 705.000000 703.000000 899.000000
382.000000 1981.000000 824.000000 1883.487427 919.929749
638.000000 820.000000 539.000000 871.000000 738.000000
1248.000000 943.000000 642.000000 975.000000 822.000000
1219.000000 2817.000000 181.000000 2700.000000 205.000000
1569.000000 686.000000 282.000000 794.000000 518.000000
1507.000000 1974.000000 695.000000 1867.000000 803.000000
1175.000000 1041.000000 880.000000 1052.000000 1032.000000
954.000000 214.000000 603.000000 415.000000 833.000000
1276.000000 1645.000000 1214.000000 1557.000000 1327.000000
1446.000000 1003.000000 1390.000000 1020.000000 1501.000000
1088.000000 2223.000000 197.000000 2231.000000 270.000000
87.000000 1031.000000 1123.000000 999.847046 1257.081055
1257.000000 295.000000 471.000000 474.000000 715.000000
1223.000000 1553.000000 688.000000 1489.000000 824.000000
708.000000 2881.000000 1273.000000 2792.000000 1352.000000
1008.000000 664.000000 282.000000 776.000000 520.000000
1147.000000 1256.000000 695.000000 1228.000000 851.000000
1285.000000 216.000000 745.000000 414.000000 954.000000
1531.000000 699.000000 459.000000 779.000000 676.000000
1561.000000 2921.000000 1337.000000 2827.000000 1413.000000
645.000000 1001.000000 1425.000000 1019.000000 1533.000000
1445.000000 2625.000000 1572.000000 2551.000000 1674.000000
846.000000 1252.000000 979.000000 1231.000000 1114.000000
994.000000 2940.000000 1249.000000 2844.000000 1326.000000
1399.000000 1722.000000 685.000000 1643.000000 810.000000
1383.000000 781.000000 453.000000 842.000000 664.000000
1009.000000 1475.000000 875.000000 1420.000000 1007.000000
972.000000 1126.000000 896.000000 1119.000000 1044.000000
1493.000000 1345.000000 1286.000000 1305.000000 1400.000000
1488.000000 3037.000000 1598.000000 2934.000000 1702.000000
1456.000000 2165.000000 460.000000 2067.000000 553.000000
1268.000000 674.000000 681.000000 758.000000 873.000000
1562.000000 1061.000000 786.000000 1066.000000 946.000000
823.000000 1338.000000 906.000000 1304.000000 1042.000000
951.000000 2139.000000 1180.000000 2043.000000 1275.000000
1224.000000 253.000000 299.000000 467.000000 568.000000
1113.000000 2899.000000 1292.000000 2794.000000 1377.000000
1186.000000 2786.000000 220.000000 2678.000000 244.000000
1209.000000 1228.000000 883.000000 1190.000000 1026.000000
1582.000000 2979.000000 1262.000000 2877.000000 1339.000000
1449.000000 1675.000000 1268.000000 1605.000000 1375.000000
839.000000 2374.000000 294.000000 2267.000000 366.000000
881.000000 653.000000 1062.000000 740.000000 1212.000000
1360.000000 1565.000000 1107.000000 1500.000000 1224.000000
1420.000000 2943.000000 1260.000000 2846.000000 1337.000000
210.000000 507.000000 1242.000000 632.474426 1380.133179

0.000000 2306.636230 132.485291 265.676544 205.751923 2617.892090 146.913681 481.991089 490.974457
1.000000 2273.406738 302.000763 386.592987 371.328308 2146.961914 388.709045 529.408691 622.577026
4.000000 2270.173096 373.873993 2316.371094 1213.532959 2169.433594 463.576019 2231.657715 1463.437622
8.000000 910.021179 1682.522339 1740.074585 1675.552246 823.347961 1769.513062 1636.692505 1767.585083
7.000000 2331.385498 1193.254517 2285.326660 383.409546 2236.161621 1283.154663 2184.348145 463.058624
10.000000 1716.875610 1663.928345 923.376099 1673.533813 1636.762695 1755.953491 833.378235 1760.789917
9.000000 392.611938 456.612152 334.179260 1229.812012 543.465149 700.009644 484.386108 1506.743774
11.000000 1686.817993 1646.649658 920.032959 1653.621582 1606.752930 1739.360840 860.054077 1743.379272
12.000000 923.377625 1665.181519 1683.407593 1658.686157 863.344666 1753.508545 1603.369263 1751.117554
14.000000 350.806824 1213.641113 407.040497 457.190033 508.130371 1353.688599 556.571533 699.499329
13.000000 923.354614 1644.653564 1650.036621 1641.331787 896.674683 1735.575073 1576.701782 1733.140747
21.000000 810.002380 376.739899 1483.274780 354.864380 863.039062 591.254639 1449.281616 508.258728
16.000000 950.020752 1627.160156 1620.037231 1623.529907 930.022400 1720.015747 1550.039307 1715.867676
2.000000 1626.744263 1611.852051 960.062500 1616.216309 1556.579834 1709.224365 489.987213 1701.848877
6.000000 2808.677979 1073.445557 2755.209229 443.740112 2726.040039 1183.716675 2640.839600 303.574738
20.000000 1603.421265 1594.555542 990.047241 1599.361206 1533.394043 1689.695801 940.042236 1693.411499
19.000000 2172.545166 489.578949 2200.445557 1099.979614 2073.610107 582.987427 2103.848145 1189.974365
26.000000 990.027161 1610.135376 1593.349609 1605.409180 960.030212 1703.964600 1523.381592 1699.669067
18.000000 2329.685303 496.684021 2362.783203 1096.697021 2231.889404 576.755371 2269.155762 1183.385254
23.000000 1767.553955 509.863434 1778.403809 1109.968628 1685.594360 639.898804 1696.088867 1219.950195
15.000000 2655.879883 490.060425 2701.696289 1086.792358 2574.896240 536.825928 2630.943848 1159.915039
36.000000 1479.993408 363.124756 886.728149 381.938019 1406.637085 526.453735 953.704346 589.338867
17.000000 2437.643555 1093.473877 2402.426025 503.188599 2347.559326 1180.165894 2306.306152 573.131287
22.000000 2275.152100 1096.742798 2245.635986 509.884186 2179.498535 1186.694458 2146.820557 596.473572
24.000000 1918.894165 1113.362915 1903.183228 526.670715 1828.842773 1216.699463 1812.599365 643.259705
25.000000 1861.345947 510.046173 1874.975830 1096.705933 1773.303711 630.080505 1787.023682 1203.324829
29.000000 743.138550 563.324036 716.632812 1120.157104 811.977295 766.601318 787.878296 1266.725098
109.000000 754.605164 1110.058472 780.181152 553.341675 828.517212 1043.417236 838.796997 816.612122
30.000000 425.185638 569.894165 385.869812 1120.181274 569.223328 793.278137 535.352722 1270.143433
31.000000 285.346313 573.229797 242.457428 1120.192749 466.093170 799.955994 429.751434 1273.314209
27.000000 1566.707275 1576.670166 1020.040588 1580.000122 1500.040039 1672.782104 980.040527 1676.186401
37.000000 11.449668 1120.137207 62.266644 583.232361 264.193573 1280.383179 305.657837 826.574463
28.000000 847.498718 1116.566650 868.013245 603.253906 891.724121 1256.601807 912.004822 753.279785
41.000000 452.786530 1113.296753 485.769470 619.494751 585.041748 1269.892578 614.129639 829.832275
42.000000 1113.595947 546.593262 1102.120728 1026.717407 1110.350464 723.342041 1099.447510 1163.402222
44.000000 1023.337097 1591.486938 1493.334106 1590.294189 993.333191 1686.546875 1386.665771 1686.011475
173.000000 1290.043335 381.082825 1753.302612 362.564087 1263.428345 557.309814 1436.434814 531.763000
32.000000 308.580811 1116.558960 342.997742 663.054871 477.881653 1269.840698 513.241394 799.742371
39.000000 2743.783447 272.371033 2310.517822 306.561279 2623.193604 319.044281 2183.333496 383.334320
61.000000 830.024719 394.171844 1263.374512 381.394653 936.747192 600.601562 1230.178711 561.335449
33.000000 1801.255005 673.307983 1809.801758 1096.670654 1716.674561 739.999878 1725.292603 1203.358887
220.000000 856.152344 1300.583374 440.160370 1271.072876 756.627686 1425.415283 916.680176 1420.433472
43.000000 1479.959106 1114.178345 1063.295410 1121.023926 1406.097046 1235.795898 999.847046 1257.081055
38.000000 2856.669678 1612.624268 2446.662842 1610.947388 2759.991211 1717.578857 2306.668213 1713.163086
52.000000 1066.724854 1136.629639 1470.050171 1129.513306 1016.595093 1268.633423 1353.559692 1250.989014
40.000000 1473.334839 1140.103516 1069.988159 1145.831421 1476.417603 1264.257690 1033.262817 1273.152100
49.000000 824.220093 953.369202 840.398621 553.349426 874.050598 1106.560425 888.539795 749.940674
48.000000 841.479431 716.590271 825.258972 1110.079346 889.652588 893.180969 874.878052 1250.063965
50.000000 1759.990967 363.067566 2149.996338 349.889587 1673.128052 498.540466 2026.503418 448.839355
64.000000 3070.324951 1156.720337 2689.989014 1193.218506 3046.614258 1222.618774 2759.533936 1243.634521
59.000000 1660.000122 1600.500732 2010.001099 1600.395874 1573.289307 1697.687012 1876.692749 1700.754517
62.000000 1521.753418 883.851929 1511.887451 536.707764 1457.774780 976.706665 1455.686890 686.649719
47.000000 3007.730469 716.557190 3042.367676 1053.089600 2893.500000 749.980591 2935.442871 1109.754028
54.000000 2250.942627 756.619629 2267.587646 1089.953979 2152.835205 840.028259 2171.350342 1166.590088
95.000000 350.047638 374.875397 16.723396 385.170135 496.899323 631.659851 260.210571 664.835754
56.000000 1425.104736 1516.667236 1424.990234 1183.332764 1321.448975 1626.707886 1324.234863 1303.341064
51.000000 1799.874512 1013.395203 1793.970703 683.321960 1716.615723 1143.334229 1710.500732 803.324341
138.000000 666.499573 432.073608 979.781982 420.675049 820.216980 641.936096 1020.687805 619.470947
70.000000 1124.920166 1189.905884 1119.171753 1500.108154 1083.794067 1340.060913 1079.349731 1616.763306
55.000000 2975.938965 403.406189 3006.670898 710.333313 2855.947021 420.081451 2892.544922 743.422546
74.000000 1599.948242 391.835968 1296.746460 402.311066 1533.243530 539.364929 1263.452637 577.510620
107.000000 2033.313843 1599.945312 2330.009033 1598.233154 1893.332275 1699.773682 2123.333496 1699.850220
63.000000 2509.672607 1229.540771 2529.751709 1506.684692 2424.231934 1316.321533 2447.633057 1603.254517
77.000000 1971.080444 1233.158691 1981.895996 1506.591675 1879.424316 1336.553223 1890.403320 1603.316772
66.000000 2484.608398 789.940918 2497.264404 1063.151245 2394.888672 859.740723 2409.919434 1143.160767
102.000000 1410.020386 1158.308960 1136.646484 1161.702881 1306.809204 1279.656006 1076.696411 1290.623779
84.000000 1729.129517 1506.677734 1725.693848 1236.721436 1649.786133 1606.687378 1648.308838 1353.343140
76.000000 2145.027588 1506.725098 2135.512451 1239.922241 2050.910645 1603.430908 2040.035767 1333.331909
58.000000 1461.651489 1186.667847 1461.837036 1453.332031 1358.915405 1306.631836 1356.448975 1619.998291
92.000000 1557.218872 796.738892 1564.052490 1059.981323 1500.819580 943.342041 1499.096802 1182.840820
106.000000 2609.954346 1595.826660 2870.050293 1600.595703 2553.313477 1701.220093 2783.352783 1702.221436
111.000000 1231.206543 679.999390 1231.074951 419.999451 1208.584229 830.000488 1208.640259 603.333008
127.000000 155.372192 1513.211548 179.530197 1256.309082 358.393372 1602.586304 377.038330 1396.098267
82.000000 1959.063843 800.013611 1962.802246 1056.722900 1867.383911 906.655762 1871.234375 1160.031860
149.000000 1986.654785 1657.500122 1729.992676 1653.850952 1853.350098 1756.074341 1656.652344 1750.505737
78.000000 2663.835693 1036.625854 2643.265381 783.338867 2589.053955 1106.750977 2565.598145 843.725891
83.000000 2127.419434 1043.430542 2117.879150 790.205505 2031.009888 1140.090332 2021.159424 886.880920
88.000000 1722.004272 1053.337036 1721.308350 800.005554 1643.516846 1163.346680 1642.488037 920.017639
96.000000 1555.729858 419.969513 1558.909790 670.013855 1493.404419 569.976501 1495.911621 805.479126
93.000000 1723.291992 406.665955 1718.921997 656.647827 1642.482056 543.331665 1642.005371 783.330688
72.000000 2363.332764 1598.220459 2613.333984 1598.308838 2273.333984 1700.434326 2550.005127 1700.004761
116.000000 911.110168 816.789246 904.215820 1066.691040 945.031189 989.949707 938.366333 1206.718872
152.000000 1498.723999 1453.303711 1504.520630 1203.515625 1430.681152 1516.676025 1433.385498 1320.046509
73.000000 2695.770752 1490.054443 2680.780518 1243.285889 2628.625732 1593.431396 2609.110840 1320.063477
249.000000 1057.735107 1053.230347 1068.948608 806.618835 1064.543945 1166.702759 1068.916626 1019.967712
154.000000 672.921204 1066.636475 690.735596 823.143250 755.101562 1226.580811 765.697571 1033.463013
128.000000 694.154480 693.174316 709.551086 449.971588 773.592285 876.682007 785.846558 669.951416
129.000000 536.110657 826.806702 523.848206 1070.026001 650.694092 1019.865845 640.183044 1226.676025
262.000000 913.470337 680.037231 916.081055 436.660370 945.601807 856.631531 950.327759 713.344116
119.000000 1563.854858 1236.652588 1570.243774 1473.326782 1500.874634 1356.653809 1504.044678 1573.322876
112.000000 1714.447144 653.335205 1714.246826 416.668701 1636.851685 779.999329 1636.011963 556.669128
131.000000 924.661621 446.701721 918.501648 680.048462 957.371582 650.020264 951.422485 856.707581
121.000000 1388.445801 666.643982 1391.854248 433.311737 1342.729614 816.651062 1348.336914 600.043213
113.000000 1305.220703 1550.017578 1307.392700 1316.673462 1274.840576 1649.967285 1278.778809 1429.978149
141.000000 561.279297 460.064941 549.601257 690.148926 672.915894 686.645020 662.522400 886.797668
91.000000 897.780579 1243.358887 892.492859 1473.313965 932.695862 1370.088867 924.790649 1610.047974
100.000000 2096.654297 1534.545166 2326.666016 1533.215210 2003.320190 1633.188110 2236.662842 1632.302856
147.000000 194.696365 1076.756470 209.631470 849.975708 387.712524 1239.560303 403.126709 1042.534790
103.000000 2114.881348 1276.602905 2124.221924 1503.433960 2023.934692 1373.307861 2033.666138 1603.319214
158.000000 1736.644287 1334.617310 1963.356689 1332.141602 1659.955200 1438.235352 1850.001831 1433.407349
269.000000 1176.653931 1570.657227 1403.347168 1569.581299 1156.671387 1667.590454 1296.664307 1667.863770
114.000000 1588.898071 1506.675537 1587.063599 1279.996826 1525.541260 1606.671265 1524.638672 1386.661255
124.000000 1963.342529 1211.191284 1736.663696 1212.949219 1870.090942 1312.347046 1656.690308 1320.610352
120.000000 1739.998169 1412.957275 1966.675659 1411.855713 1659.978638 1515.402344 1876.639893 1511.747925
89.000000 2629.382080 610.040955 2614.581299 386.804932 2549.828369 680.014099 2530.077637 439.446289
125.000000 1066.201782 659.974487 1078.285034 439.905823 1071.015137 843.230652 1080.313965 633.347229
117.000000 2108.536377 616.698669 2103.725098 396.731018 2010.975098 716.734985 2004.700562 500.056946
122.000000 2253.341553 1611.609497 2033.330200 1612.720947 2116.670898 1712.797485 1899.999634 1713.129150
146.000000 2957.630615 251.985413 2747.291260 314.170776 2832.598389 260.679565 2650.496338 340.167542
134.000000 1960.034058 1197.976318 1743.305664 1199.565186 1866.779053 1300.120605 1663.227417 1306.742554
177.000000 890.007019 1220.975098 673.327576 1222.530640 926.616516 1348.671143 753.278503 1355.214844
151.000000 1238.842773 433.355408 1236.645874 649.999817 1216.179565 613.361816 1214.211670 810.008789
118.000000 913.665222 1266.801880 905.680298 1483.296997 945.937988 1390.103394 937.343323 1606.693481
135.000000 1743.318726 1255.174194 1956.664185 1253.084839 1663.258179 1361.252808 1866.687500 1353.909546
133.000000 2758.934326 316.205658 2962.151611 259.126251 2651.505127 345.623230 2840.545410 266.658936
248.000000 723.601440 1110.013916 734.481934 900.059509 818.197144 1250.081543 826.023132 1103.299072
90.000000 2859.938232 1178.839355 3069.875488 1167.662964 2806.563965 1245.027710 3046.666016 1229.991333
130.000000 913.526428 1493.339355 920.097595 1283.336426 946.211914 1609.985107 952.991394 1403.322144
145.000000 1973.359863 367.408875 1763.390503 374.928833 1870.295288 482.111725 1673.285278 509.656738
157.000000 941.779785 466.736572 933.532227 676.674500 971.024902 666.576111 963.568176 856.675903
207.000000 886.612000 1207.000854 676.620972 1210.826782 920.151428 1336.589478 756.551819 1344.196533
132.000000 2309.994629 1196.862671 2103.209961 1191.084717 2213.333496 1288.164673 2006.666504 1288.143188
155.000000 1650.107178 400.059235 1856.778198 393.531067 1577.528076 543.180176 1767.295044 518.085144
291.000000 70.046669 853.064941 53.418747 1056.673584 321.144806 1060.425659 308.496399 1193.507202
288.000000 2591.127930 426.576080 2607.460205 629.936279 2516.544434 550.010803 2528.356934 683.478760
69.000000 3069.988770 1173.136597 2866.370117 1184.838989 3046.680664 1236.874146 2769.480225 1255.667603
218.000000 679.997986 1263.166138 883.341675 1260.683228 759.911682 1390.853394 919.946167 1385.155151
123.000000 2356.665771 1532.796509 2559.998779 1532.482910 2263.334961 1631.970825 2480.001221 1632.213989
199.000000 76.204063 1079.960327 93.327942 879.999512 313.333344 1243.333374 327.301025 1076.719849
183.000000 1303.459229 412.453064 1503.445557 402.187073 1272.701904 586.052124 1443.659912 558.708191
140.000000 93.289886 445.119232 293.252625 449.984192 276.846313 718.278381 476.593750 696.012573
172.000000 941.393921 680.043457 947.528320 483.360199 972.055542 856.731079 977.594727 680.029114
160.000000 1580.478149 660.022339 1578.937866 463.315552 1517.503784 796.681885 1516.346069 606.668640
202.000000 2253.335938 1660.747070 2060.005371 1661.451904 2090.007568 1761.985352 1923.308594 1761.040283
216.000000 108.129974 703.448914 123.150009 513.318848 339.442627 923.291199 351.538300 763.197693
181.000000 2673.331299 1532.323975 2863.330322 1531.927979 2603.325195 1632.341187 2776.646973 1630.921143
242.000000 896.021118 1089.975342 903.150818 903.326355 931.715149 1210.061646 937.113220 1060.016113
139.000000 2533.379639 371.121277 2716.675049 363.533844 2437.587402 426.392792 2636.815186 397.697937
156.000000 2752.140381 826.763123 2766.684570 1006.665222 2683.430176 876.657715 2701.002441 1066.881958
148.000000 553.471375 850.009155 541.562134 1029.882690 664.576843 1026.967285 651.674377 1223.443237
178.000000 1946.682373 476.666260 1951.514038 656.715515 1853.720825 593.323120 1858.278687 766.711914
231.000000 2703.333496 1450.002563 2883.389160 1445.635620 2636.669678 1543.444946 2790.069580 1539.149780
81.000000 2889.947510 1401.008301 3070.006348 1396.948608 2793.310303 1489.203003 3046.625977 1481.915527
150.000000 2703.339355 1511.641113 2523.329834 1510.993652 2636.665527 1609.224365 2439.999268 1609.541260
167.000000 2144.434326 1326.615723 2152.606445 1503.366943 2049.613770 1423.350830 2057.742920 1603.435181
161.000000 2896.947998 1496.637939 2914.695557 1670.201538 2812.267334 1593.019775 2838.163330 1780.254028
170.000000 116.490562 496.650421 100.509895 670.046997 345.126221 749.871277 330.352875 926.696167
164.000000 2657.223389 863.289673 2670.819824 1036.602295 2580.285645 926.641235 2596.309326 1106.698486
171.000000 2458.966309 460.062408 2469.430176 633.367737 2364.779053 526.565308 2377.174072 703.297729
214.000000 2109.936523 470.130280 2116.578857 643.336731 2011.448608 576.741882 2017.963623 739.948242
163.000000 577.501831 476.721954 566.241882 646.859131 685.809692 700.172791 672.781982 886.860779
208.000000 2149.985352 1331.601562 2320.001465 1330.171875 2056.584717 1387.495850 2220.070312 1382.144287
126.000000 1253.359253 1027.455566 1083.432739 1033.029907 1246.750000 1157.703491 1039.546387 1174.355591
179.000000 2156.661865 1492.483765 2326.675293 1491.513672 2059.981201 1591.813965 2233.329346 1589.678589
201.000000 2153.324219 1411.539551 2323.336670 1410.666748 2056.654785 1509.270264 2223.385742 1506.561279
263.000000 2153.324463 1451.565552 2323.336914 1450.721802 2086.658203 1549.170044 2230.010498 1547.688721
234.000000 1733.337280 1512.261475 1563.332031 1512.561401 1649.990845 1611.934937 1496.664062 1612.935059
255.000000 1126.666626 412.244781 1296.666992 412.233582 1120.076782 600.767883 1263.971802 586.388977
213.000000 2150.000000 1530.000000 1980.000000 1530.000000 2053.339844 1629.767212 1890.000244 1630.115234
188.000000 2127.424805 876.635559 2134.266846 1043.295044 2030.491943 969.979187 2037.678833 1139.957153
233.000000 1396.123169 499.940033 1393.544678 666.669922 1350.190186 663.327332 1349.896362 816.666443
196.000000 2150.032715 1509.602295 1983.312500 1511.457642 2056.657715 1609.062134 1886.673096 1610.680420
221.000000 1725.870728 886.682861 1729.264282 1053.348267 1646.784668 1003.330444 1650.672241 1163.317017
209.000000 2310.007568 1207.700562 2143.325439 1208.940186 2213.296143 1298.999390 2049.940918 1305.076416
182.000000 2346.667480 1450.208130 2513.331299 1449.529541 2256.667480 1546.745117 2429.983154 1544.995117
166.000000 2625.372314 463.433350 2637.994629 626.821594 2541.466064 503.494110 2556.947754 683.309143
176.000000 2663.339111 1040.250977 2500.016113 1044.029785 2586.772705 1111.679932 2413.289062 1122.634033
198.000000 2636.692383 634.364502 2473.376953 638.424622 2550.228027 688.851257 2382.948242 706.310669
169.000000 2533.330322 1522.281250 2696.671875 1521.809814 2449.999023 1621.540771 2630.000732 1621.444214
241.000000 886.666748 1524.137207 1050.000366 1524.124023 929.998718 1623.366699 1080.036743 1629.027466
180.000000 2353.337646 1491.534912 2516.669678 1491.075928 2259.996094 1589.251099 2433.342041 1588.372437
192.000000 2346.668701 1370.236206 2509.990479 1368.871582 2253.357666 1464.485107 2423.352295 1460.906250
193.000000 2346.675049 1410.814575 2509.991455 1409.155884 2256.656250 1506.008789 2426.666748 1503.345703
162.000000 223.368134 700.002747 236.115402 539.956116 410.805176 912.083313 436.024048 726.579285
215.000000 1283.694946 822.663025 1123.289917 828.879272 1274.046631 961.863647 1113.412842 983.912842
184.000000 2499.816895 1056.566406 2660.066406 1053.661377 2412.622559 1136.299316 2583.646973 1124.575439
257.000000 1726.749146 1059.412720 1566.593262 1064.221680 1643.482788 1172.095215 1499.096802 1182.840820
229.000000 2116.637451 648.982788 1956.577881 653.565002 2016.589722 745.958496 1862.898560 762.667969
232.000000 1733.369873 1329.999268 1736.364990 1490.067993 1654.297241 1436.646729 1657.472046 1590.052368
186.000000 2496.731689 1193.688599 2336.652832 1195.173584 2413.225342 1277.368530 2243.238037 1284.340576
187.000000 2500.023682 1204.813843 2340.010986 1207.361694 2413.349609 1290.398560 2243.362549 1297.375854
189.000000 2676.704834 1237.241211 2516.687500 1238.803223 2603.398682 1318.611572 2433.366699 1324.328979
194.000000 2343.330811 1329.722534 2503.347900 1328.335449 2249.993408 1423.093506 2419.955322 1418.386475
227.000000 1983.329712 1521.877197 2143.336914 1521.484619 1893.320679 1621.839722 2050.004395 1620.517822
223.000000 1475.733643 869.992798 1475.463013 1029.997925 1421.267212 999.988586 1420.384644 1160.002075
197.000000 2473.042969 651.706299 2630.146729 642.507568 2382.500977 718.656311 2550.471436 701.203430
185.000000 2662.430664 1346.727783 2673.038574 1503.353271 2594.229492 1433.264771 2607.242432 1603.289307
238.000000 1966.561279 1065.209229 2123.374512 1063.175537 1876.135864 1168.026367 2026.999878 1158.757935
230.000000 2126.675781 1050.500488 1969.939697 1053.367798 2030.011230 1146.866577 1876.414062 1155.512695
219.000000 2149.975098 1250.609253 2306.689697 1249.170044 2056.662109 1346.533325 2216.706299 1341.190674
260.000000 1143.103760 1026.660889 1147.065796 870.010071 1133.789307 1160.014526 1138.364624 1016.614502
250.000000 1809.996704 1372.904785 1966.653687 1371.677979 1660.000366 1476.684082 1806.671021 1473.537354
261.000000 2890.031982 1444.950317 3046.637695 1441.862061 2799.996338 1536.505737 2943.331055 1533.230591
275.000000 368.643890 314.063080 245.977936 220.906906 577.904663 574.490051 458.239380 506.428864
265.000000 1566.565918 1075.872192 1720.096313 1073.798828 1499.645020 1194.143311 1640.340332 1185.614380
244.000000 1956.588867 660.933960 2109.977051 655.956604 1863.325684 769.930542 2010.035889 753.656921
205.000000 2339.990967 1248.893433 2493.341309 1247.629028 2243.335693 1340.074097 2409.931152 1334.576660
252.000000 1573.324707 1523.711792 1726.676270 1523.263428 1500.000610 1623.532715 1646.675537 1623.117310
204.000000 2343.325439 1288.671387 2496.673096 1287.749390 2246.698242 1381.091675 2413.322021 1376.277344
226.000000 2603.754883 1346.426392 2613.369385 1496.664307 2531.060547 1436.584595 2543.183594 1593.344971
104.000000 2001.077515 1503.622681 1993.298218 1353.335205 1912.317871 1606.707153 1903.156372 1376.673706
274.000000 1713.356323 660.528687 1563.205078 667.046509 1633.444092 787.571289 1495.911621 805.479126
243.000000 1514.981445 1040.020508 1516.845337 889.919434 1455.673828 1166.704590 1458.109253 1016.581909
136.000000 1743.319946 1294.890015 1893.336548 1293.755249 1663.327759 1399.823242 1866.667480 1393.358154
222.000000 2519.988037 1244.009644 2670.000000 1243.339478 2436.691650 1330.834229 2596.647949 1326.041138
281.000000 1720.014771 1245.800415 1570.020264 1246.701050 1643.411621 1352.521240 1506.669922 1356.769897
251.000000 2126.678955 1241.464966 1976.689575 1242.725830 2030.056763 1338.258911 1883.457397 1343.481201
253.000000 2061.817383 1349.931030 2067.386230 1496.639404 1972.584961 1449.889526 1978.850830 1596.430786
295.000000 818.225830 1103.378174 822.445374 956.641113 868.339172 1243.386475 872.582642 1109.976074
282.000000 1642.967285 1496.669312 1641.915161 1350.034058 1575.903076 1593.374634 1574.523804 1456.688232
271.000000 2877.746582 111.737907 2754.397949 188.379990 2748.663574 122.249237 2644.539062 214.691376
258.000000 2331.444092 1449.942871 2337.120850 1593.315308 2238.049805 1549.937134 2244.571533 1693.428589
99.000000 2415.364502 843.415344 2424.380615 986.600708 2315.206787 813.206726 2330.975342 1046.600830
267.000000 1983.269531 1250.279907 2126.679688 1247.285767 1890.004395 1350.109375 2030.045166 1344.452026
285.000000 1507.924561 616.670105 1507.534790 760.002380 1449.650146 759.999207 1449.330078 896.665100
299.000000 2916.683105 520.030273 2790.714111 587.990112 2794.368408 548.049927 2687.611572 627.929504
246.000000 2627.179932 893.294922 2637.680664 1033.507080 2553.379395 959.996338 2565.119629 1106.790405
247.000000 2571.034668 889.707886 2580.415039 1029.972290 2493.130127 959.771545 2503.831299 1106.387085
259.000000 2053.675781 1490.115845 2048.251953 1350.067749 1965.432007 1590.185181 1959.620850 1446.817139
236.000000 2466.585449 400.880676 2606.652832 396.248688 2370.070312 463.879944 2520.160889 444.584747
