Keypoint Matches and Line Matches for pairs 7, 11 
7 corresponds to the image ./resources/Data/CastleP19/images/0007.png 
11 corresponds to the image ./resources/Data/CastleP19/images/0011.png 

285.000000 489.987213 1701.848877 2917.791992 1584.139404
0.000000 543.465149 700.009644 2783.853760 293.287354
1.000000 484.386108 1506.743774 2882.494141 1410.074097
14.000000 508.130371 1353.688599 2873.677246 1149.678345
15.000000 556.571533 699.499329 2797.926270 283.806366
89.000000 912.004822 753.279785 3041.515625 146.486252
47.000000 811.977295 766.601318 2970.336426 229.583359
26.000000 569.223328 793.278137 2823.859863 416.618958
27.000000 535.352722 1270.143433 2878.257568 1016.824585
22.000000 466.093170 799.955994 2763.349609 429.705902
23.000000 429.751434 1273.314209 2817.225586 1043.284302
43.000000 218.757294 816.203857 2602.406982 566.494507
44.000000 172.163177 1276.885498 2640.085938 1093.327148
32.000000 264.193573 1280.383179 2725.845215 1095.907104
28.000000 585.041748 1269.892578 2908.257568 1003.499023
29.000000 614.129639 829.832275 2853.119873 423.670593
68.000000 273.287872 1377.574219 2750.313721 1194.844360
69.000000 3.297493 1364.048706 2459.589844 1213.666260
324.000000 266.689758 1366.206543 2746.853760 1184.642090
321.000000 3.183915 1352.975830 2456.402832 1203.864624
194.000000 349.904663 438.924713 2703.442383 75.058968
414.000000 747.924316 1376.538452 3038.515381 1146.481934
789.000000 632.474426 1380.133179 2953.000000 1147.000000
77.000000 620.105347 1610.005615 2988.531250 1436.811768
90.000000 99.831207 403.908600 2421.525879 181.248947
91.000000 317.333557 467.727142 2669.985352 129.928528
296.000000 358.393372 1602.586304 2799.252930 1476.730469
495.000000 773.592285 876.682007 2961.726807 418.526764
258.000000 640.183044 1226.676025 2961.760498 923.135803
182.000000 276.846313 718.278381 2661.217285 434.277527
183.000000 476.593750 696.012573 2771.954102 291.515808
107.000000 662.522400 886.797668 2915.619385 453.093567
350.000000 387.712524 1239.560303 2782.252686 1016.765259
562.000000 403.126709 1042.534790 2770.048828 763.328064
1471.000000 664.576843 1026.967285 2917.000000 662.000000
364.000000 410.805176 912.083313 2761.023926 620.267700
82.000000 685.809692 700.172791 2877.771484 216.262924
83.000000 672.781982 886.860779 2901.120117 472.928192
108.000000 1237.325073 646.681396 2892.198242 229.769470
124.000000 345.126221 749.871277 2697.950195 439.890442
125.000000 330.352875 926.696167 2715.868896 649.783508
383.000000 213.749588 1280.042114 2703.469727 1089.991577
939.000000 749.947876 1494.528076 2911.000000 1324.000000
354.000000 313.333344 1243.333374 2762.148926 1026.475220
563.000000 496.661438 1690.775391 2923.225830 1574.673828
1208.000000 756.551819 1344.196533 3051.000000 1085.000000
170.000000 339.442627 923.291199 2726.990967 636.635559
171.000000 351.538300 763.197693 2709.056396 449.770660
62.000000 580.350037 676.505920 2807.426025 246.446228
1509.000000 759.911682 1390.853394 3057.000000 1147.000000
318.000000 220.726715 658.171753 2579.264648 393.965424
319.000000 63.883945 636.089233 2439.631348 431.979523
304.000000 220.308487 694.435486 2582.717285 434.344513
305.000000 63.867168 672.805603 2439.720703 472.280090
409.000000 60.257168 678.108398 2443.764404 478.193390
410.000000 206.486908 697.988892 2560.531494 445.215179
292.000000 496.662842 1635.038086 2916.645508 1502.294922
293.000000 643.336243 1635.366089 3069.996582 1503.714233
1321.000000 577.904663 574.490051 2768.000000 109.000000
741.000000 458.239380 506.428864 2772.000000 92.000000
109.000000 644.962524 1403.209351 2975.875488 1179.795898
110.000000 635.014587 1539.879761 2993.552246 1399.982422
103.000000 321.144806 1060.425659 2729.144043 802.472961
176.000000 640.789307 1613.374390 3019.619873 1470.380249
177.000000 647.731689 1479.882080 3000.797119 1286.585083
656.000000 38.000000 616.000000 2418.000000 428.000000
981.000000 667.000000 1508.000000 3023.000000 1325.000000
1397.000000 81.000000 935.000000 2492.000000 744.000000
726.000000 97.000000 902.000000 2504.000000 703.000000
765.000000 143.000000 781.000000 2524.000000 559.000000
1093.000000 690.000000 1061.000000 2956.000000 699.000000
1341.000000 344.000000 1091.000000 2749.000000 847.000000
1144.000000 66.000000 1076.000000 2503.000000 896.000000
627.000000 79.000000 1079.000000 2517.000000 897.000000
677.000000 116.000000 1271.000000 2584.000000 1096.000000
876.000000 114.000000 756.000000 2494.000000 543.000000
884.000000 45.000000 1254.000000 2514.000000 1089.000000
897.000000 664.000000 1570.000000 3031.000000 1412.000000
1207.000000 746.000000 847.000000 2924.000000 367.000000
1202.000000 141.000000 914.000000 2547.000000 703.000000
732.000000 56.000000 1277.000000 2529.000000 1111.000000
1186.000000 93.000000 939.000000 2507.000000 744.000000
815.000000 455.000000 480.000000 2756.000000 64.000000
1235.000000 81.000000 1470.000000 2587.000000 1317.000000
992.000000 691.000000 1332.000000 2978.000000 1127.000000
1197.000000 41.000000 1402.000000 2538.000000 1248.000000
952.000000 112.000000 772.000000 2495.000000 561.000000
1294.000000 98.000000 785.000000 2483.000000 580.000000
777.000000 335.000000 1211.000000 2761.000000 991.000000
1328.000000 683.000000 1187.000000 2974.000000 874.000000
1299.000000 77.000000 1098.000000 2518.000000 917.000000
609.000000 127.000000 760.000000 2506.000000 543.000000
374.000000 142.000000 1416.000000 2623.368896 1277.963989
1390.000000 134.000000 1112.000000 2571.000000 918.000000
1170.000000 103.000000 1268.000000 2572.000000 1095.000000
985.000000 102.000000 752.000000 2480.000000 544.000000
681.000000 74.000000 1241.000000 2540.000000 1071.000000
1175.000000 118.000000 1252.000000 2583.000000 1075.000000
823.000000 139.000000 932.000000 2548.000000 723.000000
750.000000 157.000000 769.000000 2536.000000 540.000000
700.000000 94.000000 1064.000000 2528.000000 877.000000
1012.000000 154.000000 918.000000 2558.000000 703.000000
1480.000000 114.000000 1290.000000 2584.000000 1117.000000
968.000000 47.000000 1235.000000 2512.000000 1068.000000
375.000000 367.000000 1448.000000 2753.453857 1274.409912
1259.000000 124.000000 793.000000 2506.000000 579.000000
801.000000 92.000000 1083.000000 2529.000000 897.000000
776.000000 70.000000 1279.000000 2541.000000 1112.000000
1366.000000 347.000000 455.000000 2694.000000 95.000000
842.000000 666.000000 1539.000000 3027.000000 1369.000000
1264.000000 145.000000 765.000000 2523.000000 541.000000
1288.000000 120.000000 1109.000000 2560.000000 918.000000
1040.000000 335.000000 738.000000 2701.000000 403.000000
916.000000 708.000000 1570.000000 3062.000000 1411.000000
865.000000 331.000000 1575.000000 2800.000000 1465.000000
1251.000000 155.000000 785.000000 2537.000000 559.000000
708.000000 189.000000 875.000000 2576.000000 644.000000
1032.000000 356.000000 1421.000000 2800.000000 1241.000000
523.000000 86.000000 1304.000000 2552.121826 1140.104126
1472.000000 652.000000 1016.000000 2906.000000 653.000000
620.000000 89.000000 1265.000000 2557.000000 1093.000000
1545.000000 390.000000 1279.000000 2783.000000 1091.000000
1081.000000 81.000000 1061.000000 2516.000000 876.000000
1132.000000 118.000000 1403.000000 2600.000000 1241.000000
1540.000000 651.000000 990.000000 2906.000000 600.000000
779.000000 43.000000 1273.000000 2559.000000 1114.000000
994.000000 105.000000 1249.000000 2570.000000 1074.000000
1547.000000 345.000000 1545.000000 2794.000000 1393.000000
870.000000 95.000000 920.000000 2505.000000 724.000000
866.000000 109.000000 924.000000 2518.000000 723.000000
227.000000 22.000000 338.000000 2377.034912 144.289261
1436.000000 68.000000 1058.000000 2502.000000 876.000000
1221.000000 661.000000 914.000000 2936.000000 482.000000
1049.000000 304.000000 384.000000 2631.000000 43.000000
1260.000000 411.000000 1010.000000 2788.000000 712.000000
652.000000 636.000000 1266.000000 2941.000000 995.000000
854.000000 152.000000 295.000000 2552.000000 10.000000
1493.000000 128.000000 910.000000 2532.000000 703.000000
1318.000000 141.000000 798.000000 2525.000000 577.000000
929.000000 100.000000 769.000000 2482.000000 562.000000
616.000000 122.000000 1090.000000 2559.000000 898.000000
355.000000 287.000000 1109.000000 2750.287842 893.307678
1354.000000 90.000000 1101.000000 2529.000000 917.000000
980.000000 740.000000 1212.000000 2982.000000 914.000000
1273.000000 83.000000 1042.000000 2514.000000 857.000000
914.000000 136.000000 1093.000000 2572.000000 898.000000
1044.000000 79.000000 1489.000000 2588.000000 1338.000000
1271.000000 126.000000 928.000000 2534.000000 722.000000
1141.000000 343.000000 893.000000 2727.000000 607.000000
1524.000000 386.000000 1061.000000 2762.000000 804.000000
832.000000 72.000000 1260.000000 2541.000000 1091.000000
1457.000000 306.000000 1368.000000 2786.000000 1183.000000
711.000000 109.000000 1087.000000 2545.000000 897.000000
1119.000000 169.000000 773.000000 2548.000000 540.000000
819.000000 643.000000 1399.000000 2972.000000 1176.000000
1358.000000 322.000000 1157.000000 2755.000000 924.000000
974.000000 742.000000 1183.000000 3003.000000 860.000000
896.000000 130.000000 1320.000000 2596.000000 1148.000000
1035.000000 749.000000 1056.000000 2985.000000 680.000000
309.000000 759.000000 1007.000000 2978.416748 594.502319
1400.000000 343.000000 1575.000000 2817.000000 1464.000000
608.000000 140.000000 1333.000000 2612.000000 1161.000000
911.000000 137.000000 1075.000000 2570.000000 877.000000
973.000000 58.000000 1257.000000 2528.000000 1090.000000
1282.000000 290.000000 1517.000000 2791.000000 1358.000000
1158.000000 283.000000 374.000000 2597.000000 46.000000
593.000000 60.000000 1238.000000 2527.000000 1069.000000
864.000000 744.000000 1154.000000 2998.000000 818.000000
1502.000000 370.000000 1622.000000 2833.000000 1485.000000
1236.000000 21.000000 1176.000000 2471.000000 1011.000000
924.000000 659.000000 929.000000 2897.000000 533.000000
720.000000 124.000000 1071.000000 2558.000000 877.000000
450.000000 191.000000 844.000000 2572.130127 606.749390
665.000000 100.000000 1287.000000 2573.000000 1116.000000
839.000000 124.000000 947.000000 2535.000000 743.000000
67.000000 359.000000 1545.000000 2763.357178 1387.621460
1019.000000 431.000000 589.000000 2697.000000 235.000000
259.000000 628.000000 1080.000000 2943.822754 763.278381
104.000000 333.000000 1238.000000 2750.518799 1029.637573
863.000000 102.000000 731.000000 2475.000000 523.000000
391.000000 177.000000 994.000000 2584.405518 773.258240
868.000000 168.000000 789.000000 2550.000000 558.000000
351.000000 378.000000 1153.000000 2770.077637 883.326233
1550.000000 67.000000 1486.000000 2531.000000 1328.000000
1101.000000 173.000000 1029.000000 2587.000000 819.000000
941.000000 82.000000 917.000000 2491.000000 724.000000
848.000000 111.000000 906.000000 2516.000000 703.000000
1274.000000 662.000000 1601.000000 3037.000000 1456.000000
1043.000000 122.000000 1519.000000 2624.000000 1370.000000
1404.000000 711.000000 1263.000000 2993.000000 975.000000
1018.000000 576.000000 701.000000 2811.000000 275.000000
1037.000000 125.000000 776.000000 2508.000000 561.000000
1009.000000 685.000000 853.000000 2894.000000 426.000000
1296.000000 68.000000 1467.000000 2573.000000 1315.000000
1461.000000 44.000000 1115.000000 2483.000000 941.000000
343.000000 362.000000 1515.000000 2766.717773 1348.685181
966.000000 85.000000 876.000000 2484.000000 680.000000
1377.000000 49.000000 1590.000000 1302.000000 1518.000000
1365.000000 648.000000 1509.000000 3008.000000 1327.000000
786.000000 170.000000 1452.000000 2599.000000 1298.000000
246.000000 117.000000 344.000000 2512.846680 77.273415
1298.000000 761.000000 845.000000 2937.000000 398.000000
725.000000 923.000000 1719.000000 3028.000000 1591.000000
709.000000 688.000000 1252.000000 3013.000000 946.000000
1193.000000 726.000000 1538.000000 3059.000000 1366.000000
569.000000 142.000000 1218.000000 2589.947021 1034.117798
441.000000 396.000000 913.000000 2745.540771 619.796448
1352.000000 914.000000 716.000000 3037.000000 92.000000
847.000000 672.000000 1437.000000 3013.000000 1224.000000
893.000000 506.000000 588.000000 2740.000000 171.000000
1534.000000 360.000000 891.000000 2742.000000 594.000000
297.000000 256.000000 1472.000000 2786.441895 1326.685913
694.000000 385.000000 1388.000000 2802.000000 1201.000000
1039.000000 111.000000 1068.000000 2544.000000 877.000000
1217.000000 474.000000 715.000000 2756.000000 343.000000
614.000000 627.000000 1335.000000 2946.000000 1091.000000
903.000000 78.000000 696.000000 2442.000000 497.000000
1527.000000 94.000000 331.000000 2502.000000 62.000000
1196.000000 48.000000 1212.000000 2507.000000 1043.000000
1070.000000 755.000000 919.000000 2944.000000 494.000000
322.000000 288.000000 1415.000000 2766.088135 1229.450317
362.000000 448.000000 1684.000000 2883.605469 1621.812988
1426.000000 379.000000 1281.000000 2768.000000 1079.000000
442.000000 404.000000 809.000000 2734.816650 503.503937
613.000000 91.000000 1245.000000 2556.000000 1072.000000
918.000000 429.000000 727.000000 2735.000000 378.000000
1001.000000 211.000000 344.000000 2563.000000 49.000000
359.000000 217.000000 1473.000000 2760.035156 1311.372192
1420.000000 106.000000 942.000000 2517.000000 743.000000
1554.000000 842.000000 664.000000 2974.000000 69.000000
682.000000 370.000000 589.000000 2692.000000 217.000000
1449.000000 692.000000 1032.000000 2951.000000 661.000000
1560.000000 67.000000 1392.000000 2552.000000 1234.000000
813.000000 27.000000 1398.000000 2501.000000 1227.000000
1115.000000 112.000000 1310.000000 2583.000000 1138.000000
856.000000 84.000000 898.000000 2490.000000 704.000000
1276.000000 383.000000 836.000000 2720.000000 543.000000
1131.000000 32.000000 1446.000000 2509.000000 1312.000000
1153.000000 202.000000 733.000000 2564.000000 485.000000
1441.000000 347.000000 1064.000000 2746.000000 815.000000
1532.000000 56.000000 1016.000000 2476.000000 835.000000
1412.000000 152.000000 936.000000 2559.000000 722.000000
1172.000000 461.000000 1708.000000 2886.000000 1597.000000
1091.000000 731.000000 1434.000000 3044.000000 1218.000000
1210.000000 568.000000 777.000000 2817.000000 374.000000
1297.000000 480.000000 1698.000000 2907.000000 1585.000000
358.000000 195.000000 1473.000000 2626.618652 1314.785034
887.000000 686.000000 1129.000000 2965.000000 793.000000
1156.000000 296.000000 1450.000000 2785.000000 1278.000000
871.000000 482.000000 1514.000000 2875.000000 1344.000000
356.000000 463.000000 1699.000000 2883.142090 1585.265869
1283.000000 92.000000 714.000000 2457.000000 509.000000
1216.000000 419.000000 772.000000 2684.000000 459.000000
702.000000 684.000000 1157.000000 2969.000000 834.000000
1174.000000 69.000000 1034.000000 2496.000000 851.000000
902.000000 128.000000 888.000000 2503.000000 685.000000
226.000000 177.000000 371.000000 2533.584717 83.986084

144.000000 1556.579834 1709.224365 489.987213 1701.848877 3070.611084 1613.483765 2917.791992 1584.139404
0.000000 543.465149 700.009644 484.386108 1506.743774 2783.853760 293.287354 2882.494141 1410.074097
7.000000 508.130371 1353.688599 556.571533 699.499329 2873.677246 1149.678345 2797.926270 283.806366
45.000000 891.724121 1256.601807 912.004822 753.279785 3071.668213 399.801422 3041.515625 146.486252
24.000000 811.977295 766.601318 787.878296 1266.725098 2970.336426 229.583359 3027.145508 729.945618
13.000000 569.223328 793.278137 535.352722 1270.143433 2823.859863 416.618958 2878.257568 1016.824585
11.000000 466.093170 799.955994 429.751434 1273.314209 2763.349609 429.705902 2817.225586 1043.284302
22.000000 218.757294 816.203857 172.163177 1276.885498 2602.406982 566.494507 2640.085938 1093.327148
16.000000 264.193573 1280.383179 305.657837 826.574463 2725.845215 1095.907104 2678.131104 519.327148
14.000000 585.041748 1269.892578 614.129639 829.832275 2908.257568 1003.499023 2853.119873 423.670593
15.000000 2.309933 1159.881470 44.801247 793.117188 2468.568604 1113.414795 2435.588867 533.584229
183.000000 853.359863 1742.512939 486.752747 1730.668701 2883.605469 1621.812988 2753.594238 1598.542358
35.000000 273.287872 1377.574219 3.297493 1364.048706 2750.313721 1194.844360 2459.589844 1213.666260
164.000000 266.689758 1366.206543 3.183915 1352.975830 2746.853760 1184.642090 2603.216309 1190.434204
99.000000 96.768311 364.917572 349.904663 438.924713 2703.442383 75.058968 2529.750000 86.046989
115.000000 250.830444 379.759491 3.626945 359.712708 2533.584717 83.986084 2377.034912 144.289261
38.000000 496.899323 631.659851 260.210571 664.835754 2745.216797 168.994080 2584.426758 400.758606
210.000000 733.723511 1606.484863 747.924316 1376.538452 3050.553955 1266.944458 3038.515381 1146.481934
39.000000 632.474426 1380.133179 620.105347 1610.005615 2961.830322 1166.485840 2988.531250 1436.811768
46.000000 99.831207 403.908600 317.333557 467.727142 2421.525879 181.248947 2669.985352 129.928528
52.000000 650.694092 1019.865845 640.183044 1226.676025 2921.783447 666.222778 2941.788086 896.800720
93.000000 276.846313 718.278381 476.593750 696.012573 2661.217285 434.277527 2771.954102 291.515808
288.000000 387.712524 1239.560303 403.126709 1042.534790 2780.490479 859.947021 2770.048828 763.328064
156.000000 755.101562 1226.580811 765.697571 1033.463013 2999.051514 740.134399 2978.416748 594.502319
184.000000 410.805176 912.083313 436.024048 726.579285 2761.023926 620.267700 2745.934082 490.084930
42.000000 685.809692 700.172791 672.781982 886.860779 2877.771484 216.262924 2901.120117 472.928192
64.000000 345.126221 749.871277 330.352875 926.696167 2697.950195 439.890442 2715.868896 649.783508
194.000000 231.274689 1106.795654 213.749588 1280.042114 2695.631836 963.397400 2703.469727 1089.991577
179.000000 313.333344 1243.333374 327.301025 1076.719849 2762.148926 1026.475220 2750.287842 893.307678
289.000000 496.661438 1690.775391 663.343018 1691.896362 2923.225830 1574.673828 3020.071289 1582.444702
87.000000 339.442627 923.291199 351.538300 763.197693 2726.990967 636.635559 2709.056396 449.770660
32.000000 580.350037 676.505920 739.879333 658.906189 2807.426025 246.446228 2992.703613 2.854391
161.000000 220.726715 658.171753 63.883945 636.089233 2579.264648 393.965424 2439.631348 431.979523
154.000000 220.308487 694.435486 63.867168 672.805603 2582.717285 434.344513 2439.720703 472.280090
208.000000 60.257168 678.108398 206.486908 697.988892 2443.764404 478.193390 2560.531494 445.215179
148.000000 496.662842 1635.038086 643.336243 1635.366089 2916.645508 1502.294922 3069.996582 1503.714233
56.000000 644.962524 1403.209351 635.014587 1539.879761 2975.875488 1179.795898 2993.552246 1399.982422
53.000000 321.144806 1060.425659 308.496399 1193.507202 2729.144043 802.472961 2750.518799 1029.637573
90.000000 640.789307 1613.374390 647.731689 1479.882080 3019.619873 1470.380249 3000.797119 1286.585083
