Keypoint Matches and Line Matches for pairs 8, 11 
8 corresponds to the image ./resources/Data/CastleP19/images/0008.png 
11 corresponds to the image ./resources/Data/CastleP19/images/0011.png 

285.000000 1453.223511 1666.847046 2917.791992 1584.139404
21.000000 324.966034 797.920349 1828.801270 723.264526
18.000000 313.130707 809.977844 1819.940918 740.000732
7.000000 761.318176 719.695801 2043.689697 519.988586
37.000000 353.452942 792.980408 1840.291870 716.663208
19.000000 265.928192 1589.918945 1829.257446 1496.716797
0.000000 1446.611572 739.963745 2783.853760 293.287354
1.000000 1438.090210 1536.681885 2882.494141 1410.074097
4.000000 880.301636 742.841370 2192.571777 520.193176
3.000000 890.614197 756.697937 2205.595703 523.226318
14.000000 1452.862427 1343.380493 2873.677246 1149.678345
15.000000 1457.484009 736.622131 2797.926270 283.806366
84.000000 773.787476 464.193939 2236.204834 246.386215
47.000000 1668.982788 770.008850 2970.336426 229.583359
1210.000000 1472.611572 799.993469 2817.000000 374.000000
27.000000 1468.409058 1263.349121 2878.257568 1016.824585
72.000000 709.261841 632.769531 1932.712769 453.820435
73.000000 263.864075 755.263184 1777.106445 689.174011
22.000000 1392.615967 823.325134 2763.349609 429.705902
23.000000 1387.464844 1273.342529 2817.225586 1043.284302
1069.000000 1012.319031 1303.445190 2449.000000 1133.000000
30.000000 1046.712891 1283.335327 2468.568604 1113.414795
43.000000 1203.333740 873.333374 2602.406982 566.494507
44.000000 1190.592896 1283.455322 2640.085938 1093.327148
32.000000 1264.153442 1286.607910 2725.845215 1095.907104
28.000000 1507.744019 1259.989136 2908.257568 1003.499023
29.000000 1509.706055 853.315857 2853.119873 423.670593
563.000000 1456.614502 1655.201294 2923.225830 1574.673828
276.000000 1019.912415 636.797119 2389.382324 299.690979
277.000000 772.774780 470.831726 2241.122314 246.828949
36.000000 283.035217 807.981323 1820.089600 736.972229
234.000000 1159.999756 1646.677368 2639.990234 1560.505371
564.000000 1429.982178 1653.989258 3020.071289 1582.444702
93.000000 5.719532 1636.908691 1657.545166 1539.974609
94.000000 32.724762 1370.614380 1650.420044 1293.032715
138.000000 337.693329 688.676758 1823.571167 614.521790
139.000000 76.429710 631.074768 1616.600464 625.408569
356.000000 1426.686890 1662.675293 2883.142090 1585.265869
492.000000 1163.396729 1654.600708 2636.660400 1570.829346
55.000000 704.530090 1483.415894 2057.158203 1376.652588
64.000000 721.110657 1243.179932 2055.253418 1109.943970
362.000000 1423.603027 1688.532837 2883.605469 1621.812988
363.000000 1190.256958 1675.426147 2753.594238 1598.542358
86.000000 456.609039 1655.638428 1886.553101 1559.021240
414.000000 1640.013184 1363.303711 3038.515381 1146.481934
1336.000000 1080.973145 493.447144 2393.000000 159.000000
228.000000 147.643219 722.539612 1670.012939 689.986694
87.000000 3.299011 1646.429199 1630.161011 1546.659546
76.000000 1551.591553 1369.997437 2961.830322 1166.485840
77.000000 1551.935547 1579.996826 2988.531250 1436.811768
309.000000 1644.468140 999.984314 2978.416748 594.502319
1520.000000 901.386841 695.375854 2192.000000 456.000000
202.000000 523.331726 1600.124023 1910.005981 1503.071289
1472.000000 1548.045410 1019.981506 2906.000000 653.000000
109.000000 1562.702271 1386.690552 2975.875488 1179.795898
1502.000000 1349.374634 1583.253662 2833.000000 1485.000000
83.000000 1557.330200 899.992981 2901.120117 472.928192
242.000000 141.163696 742.347778 1666.921387 709.706848
243.000000 18.962111 598.055969 1541.939331 601.101501
101.000000 1560.753174 1033.370850 2921.783447 666.222778
90.000000 1089.942017 527.029236 2421.525879 181.248947
91.000000 1271.690063 556.100647 2669.985352 129.928528
562.000000 1357.103638 1059.942505 2770.048828 763.328064
176.000000 1570.553589 1583.343994 3019.619873 1470.380249
220.000000 17.490091 950.094727 1595.908936 926.703064
221.000000 38.231251 769.796509 1594.395752 756.686890
204.000000 211.507370 1273.487915 1799.419800 1193.382202
205.000000 230.020096 1092.993530 1797.254150 1019.992676
236.000000 144.007782 790.081848 1686.047485 753.323975
237.000000 122.498100 967.374146 1686.622559 920.000122
223.000000 87.927444 1253.574951 1688.251221 1193.347168
322.000000 1285.976074 1400.164429 2766.088135 1229.450317
331.000000 1274.997925 1576.562866 2773.333252 1463.324097
364.000000 1357.427124 946.539246 2761.023926 620.267700
918.000000 1361.237671 769.882874 2735.000000 378.000000
232.000000 241.894852 986.852783 1796.095581 916.770813
233.000000 258.951202 813.230286 1791.647827 750.044983
140.000000 872.967896 727.973999 2170.042236 505.390198
141.000000 707.145569 681.620178 1963.325806 509.632568
66.000000 1050.014526 1512.681030 2469.957031 1394.949097
103.000000 1292.914551 1080.005493 2729.144043 802.472961
104.000000 1292.595947 1250.004883 2750.518799 1029.637573
98.000000 700.180603 647.347229 1937.680542 477.352478
258.000000 1567.775879 1216.715088 2961.760498 923.135803
383.000000 1227.029175 1286.677856 2703.469727 1089.991577
296.000000 1291.791382 1583.374878 2799.252930 1476.730469
107.000000 1568.932129 896.688721 2915.619385 453.093567
108.000000 1568.130127 736.659363 2892.198242 229.769470
124.000000 1299.268188 803.325073 2697.950195 439.890442
125.000000 1297.463989 963.342346 2715.868896 649.783508
272.000000 1440.014282 1543.333984 2883.817383 1416.622681
354.000000 1299.376221 1249.984497 2762.148926 1026.475220
182.000000 1250.650513 782.336609 2661.217285 434.277527
183.000000 1394.008789 742.426270 2771.954102 291.515808
157.000000 772.126160 460.170837 2241.101318 236.735168
170.000000 1304.389526 960.015747 2726.990967 636.635559
171.000000 1306.529419 816.664612 2709.056396 449.770660
320.000000 1156.668335 1356.702148 2600.032227 1190.341553
321.000000 1013.333374 1356.630859 2456.402832 1203.864624
62.000000 1477.664185 713.361633 2807.426025 246.446228
144.000000 902.483765 746.796448 2210.014893 516.976379
145.000000 1036.732666 779.731201 2416.368408 507.100128
348.000000 238.217407 836.467163 1778.460815 773.361206
349.000000 222.862579 973.653748 1780.936646 909.983032
148.000000 777.627869 463.408600 2247.415283 236.761063
489.000000 102.715691 727.215210 1642.152588 704.743469
490.000000 13.382332 626.623169 1560.351562 636.246887
531.000000 1144.563965 1549.529541 2615.516357 1436.717529
304.000000 1200.077881 767.941772 2582.717285 434.344513
305.000000 1073.466431 763.150024 2439.720703 472.280090
333.000000 1036.743530 769.698853 2406.647949 489.481659
231.000000 916.893738 739.110229 2243.302490 502.584717
741.000000 1381.920898 569.970703 2772.000000 92.000000
318.000000 1193.450317 735.873413 2579.264648 393.965424
319.000000 1073.452148 732.472534 2439.631348 431.979523
312.000000 756.758362 689.662415 2019.972290 502.298645
313.000000 869.894409 720.388672 2166.712402 498.372070
328.000000 772.257935 714.277466 2050.019287 523.737061
329.000000 885.947510 742.860535 2193.502197 516.853455
1444.000000 943.227905 683.712097 2242.000000 432.000000
509.000000 90.114410 1271.746460 1693.263672 1203.986572
510.000000 206.895020 1280.166138 1796.613770 1201.300293
226.000000 1200.162354 492.483063 2533.584717 83.986084
1340.000000 1083.283569 487.948486 2396.000000 133.000000
516.000000 124.014931 975.827393 1689.973877 927.861023
517.000000 237.054504 994.292419 1793.291870 926.601929
511.000000 226.283401 1089.785767 1793.439575 1018.843872
222.000000 113.021812 1075.868530 1689.405762 1022.083008
550.000000 206.733887 1269.142578 1793.345947 1191.138428
551.000000 93.313614 1260.251465 1693.321289 1192.245850
292.000000 1456.660156 1603.654297 2916.645508 1502.294922
1012.000000 1156.000000 970.000000 2558.000000 703.000000
1298.000000 1585.000000 863.000000 2937.000000 398.000000
761.000000 891.000000 637.000000 2248.000000 393.000000
1397.000000 1099.000000 990.000000 2492.000000 744.000000
911.000000 1151.000000 1108.000000 2570.000000 877.000000
685.000000 201.000000 944.000000 1758.000000 884.000000
1207.000000 1585.000000 837.000000 2924.000000 367.000000
1534.000000 1318.000000 930.000000 2742.000000 594.000000
977.000000 1091.000000 1448.000000 2542.000000 1310.000000
1288.000000 1140.000000 1139.000000 2560.000000 918.000000
730.000000 73.000000 1450.000000 1676.000000 1367.000000
887.000000 1584.000000 1127.000000 2965.000000 793.000000
1261.000000 164.000000 890.000000 1718.000000 841.000000
744.000000 161.000000 913.000000 1718.000000 863.000000
1101.000000 1176.000000 1067.000000 2587.000000 819.000000
765.000000 1140.000000 851.000000 2524.000000 559.000000
870.000000 1110.000000 976.000000 2505.000000 724.000000
1296.000000 1117.000000 1453.000000 2573.000000 1315.000000
1093.000000 1584.000000 1063.000000 2956.000000 699.000000
1271.000000 1135.000000 981.000000 2534.000000 722.000000
803.000000 1092.000000 1430.000000 2541.000000 1289.000000
1202.000000 1146.000000 967.000000 2547.000000 703.000000
610.000000 138.000000 1121.000000 1720.000000 1059.000000
1156.000000 1310.000000 1435.000000 2785.000000 1278.000000
1294.000000 1105.000000 858.000000 2483.000000 580.000000
720.000000 1141.000000 1106.000000 2558.000000 877.000000
785.000000 189.000000 1233.000000 1779.000000 1158.000000
771.000000 212.000000 845.000000 1756.000000 789.000000
1144.000000 1095.000000 1114.000000 2503.000000 896.000000
1436.000000 1096.000000 1098.000000 2502.000000 876.000000
334.000000 843.000000 656.000000 2156.721191 434.536621
1396.000000 443.000000 1393.000000 1873.000000 1295.000000
750.000000 1151.000000 839.000000 2536.000000 540.000000
823.000000 1145.000000 983.000000 2548.000000 723.000000
665.000000 1133.000000 1296.000000 2573.000000 1116.000000
1043.000000 1159.000000 1498.000000 2624.000000 1370.000000
1385.000000 224.000000 901.000000 1774.000000 839.000000
917.000000 891.000000 620.000000 2247.000000 374.000000
1274.000000 1588.000000 1572.000000 3037.000000 1456.000000
1174.000000 1095.000000 1077.000000 2496.000000 851.000000
757.000000 879.000000 652.000000 2231.000000 415.000000
1410.000000 200.000000 1129.000000 1741.000000 1059.000000
866.000000 1121.000000 979.000000 2518.000000 723.000000
772.000000 123.000000 1252.000000 1722.000000 1181.000000
1236.000000 1064.000000 1202.000000 2471.000000 1011.000000
536.000000 592.000000 980.000000 1922.153809 873.366943
1081.000000 1106.000000 1099.000000 2516.000000 876.000000
630.000000 827.000000 665.000000 2110.000000 451.000000
246.000000 1171.000000 476.000000 2512.846680 77.273415
1037.000000 1126.000000 848.000000 2508.000000 561.000000
640.000000 1103.000000 1433.000000 2554.000000 1291.000000
1550.000000 1091.000000 1464.000000 2531.000000 1328.000000
868.000000 1161.000000 855.000000 2550.000000 558.000000
776.000000 1109.000000 1290.000000 2541.000000 1112.000000
1170.000000 1134.000000 1279.000000 2572.000000 1095.000000
779.000000 1123.000000 1294.000000 2559.000000 1114.000000
1055.000000 111.000000 1201.000000 1704.000000 1136.000000
1290.000000 129.000000 1203.000000 1721.000000 1136.000000
1143.000000 194.000000 1185.000000 1779.000000 1112.000000
1457.000000 1315.000000 1367.000000 2786.000000 1183.000000
925.000000 920.000000 712.000000 2215.000000 472.000000
726.000000 1111.000000 960.000000 2504.000000 703.000000
1480.000000 1144.000000 1298.000000 2584.000000 1117.000000
1083.000000 32.000000 531.000000 1259.000000 524.000000
957.000000 170.000000 836.000000 1718.000000 790.000000
952.000000 1116.000000 846.000000 2495.000000 561.000000
954.000000 905.000000 708.000000 2193.000000 473.000000
968.000000 1089.000000 1252.000000 2512.000000 1068.000000
847.000000 1588.000000 1418.000000 3013.000000 1224.000000
882.000000 140.000000 1097.000000 1720.000000 1036.000000
1318.000000 1140.000000 866.000000 2525.000000 577.000000
981.000000 1587.000000 1486.000000 3023.000000 1325.000000
613.000000 1124.000000 1260.000000 2556.000000 1072.000000
1024.000000 1081.000000 1428.000000 2526.000000 1287.000000
1140.000000 1118.000000 1419.000000 2569.000000 1272.000000
763.000000 1173.000000 426.000000 2532.000000 12.000000
1354.000000 1116.000000 1134.000000 2529.000000 917.000000
873.000000 146.000000 887.000000 1702.000000 841.000000
769.000000 182.000000 1127.000000 1760.000000 1059.000000
874.000000 563.000000 1614.000000 2052.000000 1521.000000
889.000000 192.000000 1209.000000 1779.000000 1135.000000
1420.000000 1120.000000 994.000000 2517.000000 743.000000
639.000000 126.000000 1227.000000 1722.000000 1159.000000
929.000000 1106.000000 844.000000 2482.000000 562.000000
593.000000 1099.000000 1254.000000 2527.000000 1069.000000
681.000000 1110.000000 1256.000000 2540.000000 1071.000000
910.000000 141.000000 934.000000 1702.000000 885.000000
1272.000000 1862.000000 1266.000000 3030.000000 937.000000
627.000000 1106.000000 1116.000000 2517.000000 897.000000
1251.000000 1151.000000 853.000000 2537.000000 559.000000
732.000000 1098.000000 1288.000000 2529.000000 1111.000000
914.000000 1151.000000 1124.000000 2572.000000 898.000000
815.000000 1376.000000 547.000000 2756.000000 64.000000
450.000000 1180.000000 901.000000 2572.130127 606.749390
1299.000000 1105.000000 1132.000000 2518.000000 917.000000
801.000000 1116.000000 1118.000000 2529.000000 897.000000
617.000000 170.000000 1231.000000 1762.000000 1158.000000
711.000000 1130.000000 1121.000000 2545.000000 897.000000
1049.000000 1253.000000 479.000000 2631.000000 43.000000
1131.000000 1080.000000 1446.000000 2509.000000 1312.000000
863.000000 1105.000000 811.000000 2475.000000 523.000000
965.000000 1120.000000 456.000000 2444.000000 85.000000
846.000000 1128.000000 1438.000000 2585.000000 1296.000000
839.000000 1134.000000 997.000000 2535.000000 743.000000
1259.000000 1126.000000 863.000000 2506.000000 579.000000
884.000000 1088.000000 1269.000000 2514.000000 1089.000000
702.000000 1584.000000 1155.000000 2969.000000 834.000000
1175.000000 1145.000000 1264.000000 2583.000000 1075.000000
700.000000 1117.000000 1102.000000 2528.000000 877.000000
920.000000 158.000000 937.000000 1719.000000 885.000000
941.000000 1100.000000 975.000000 2491.000000 724.000000
1477.000000 690.000000 933.000000 1980.000000 798.000000
835.000000 184.000000 1103.000000 1760.000000 1036.000000
790.000000 108.000000 1226.000000 1705.000000 1159.000000
620.000000 1123.000000 1277.000000 2557.000000 1093.000000
1527.000000 1170.000000 459.000000 2502.000000 62.000000
679.000000 700.000000 1382.000000 2043.000000 1264.000000
1264.000000 1141.000000 837.000000 2523.000000 541.000000
595.000000 131.000000 1178.000000 1721.000000 1113.000000
1040.000000 1286.000000 781.000000 2701.000000 403.000000
938.000000 1093.000000 1413.000000 2539.000000 1268.000000
696.000000 173.000000 1207.000000 1762.000000 1135.000000
1106.000000 796.000000 657.000000 2070.000000 453.000000
1449.000000 1584.000000 1036.000000 2951.000000 661.000000
1115.000000 1143.000000 1315.000000 2583.000000 1138.000000
611.000000 206.000000 898.000000 1757.000000 840.000000
842.000000 1587.000000 1515.000000 3027.000000 1369.000000
1146.000000 151.000000 833.000000 1701.000000 791.000000
1440.000000 283.000000 1668.000000 1735.000000 1570.000000
717.000000 29.000000 1061.000000 1617.000000 1017.000000
897.000000 1588.000000 1544.000000 3031.000000 1412.000000
652.000000 1593.000000 1275.000000 2941.000000 995.000000
1007.000000 1140.000000 1408.000000 2595.000000 1256.000000
648.000000 1129.000000 1421.000000 2584.000000 1274.000000
751.000000 42.000000 1062.000000 1628.000000 1018.000000
1161.000000 258.000000 1607.000000 1739.000000 1513.000000
609.000000 1127.000000 834.000000 2506.000000 543.000000
675.000000 1130.000000 1405.000000 2583.000000 1254.000000
1247.000000 1495.000000 1570.000000 2961.000000 1410.000000
1158.000000 1234.000000 474.000000 2597.000000 46.000000
777.000000 1301.000000 1221.000000 2761.000000 991.000000
1357.000000 73.000000 1472.000000 2319.000000 1359.000000
1282.000000 1295.000000 1495.000000 2791.000000 1358.000000
903.000000 1084.000000 784.000000 2442.000000 497.000000
994.000000 1135.000000 1262.000000 2570.000000 1074.000000
767.000000 167.000000 1255.000000 1762.000000 1180.000000
612.000000 890.000000 654.000000 2250.000000 414.000000
1493.000000 1135.000000 966.000000 2532.000000 703.000000
973.000000 1099.000000 1271.000000 2528.000000 1090.000000
1230.000000 1163.000000 824.000000 2545.000000 516.000000
298.000000 1585.000000 889.000000 2941.812744 433.143707
1275.000000 212.000000 1098.000000 1777.000000 1035.000000
1117.000000 668.000000 1299.000000 1994.000000 1177.000000
1018.000000 1474.000000 735.000000 2811.000000 275.000000
1052.000000 1643.000000 1322.000000 3036.000000 1060.000000
792.000000 144.000000 909.000000 1702.000000 863.000000
1328.000000 1585.000000 1182.000000 2974.000000 874.000000
1330.000000 715.000000 873.000000 2007.000000 711.000000
523.000000 1123.000000 1310.000000 2552.121826 1140.104126
391.000000 1177.000000 1034.000000 2584.405518 773.258240
950.000000 13.000000 1076.000000 1605.000000 1034.000000
1186.000000 1110.000000 993.000000 2507.000000 744.000000
939.000000 1471.000000 1477.000000 2911.000000 1324.000000
1232.000000 1431.000000 748.000000 2782.000000 313.000000
1392.000000 106.000000 1250.000000 1706.000000 1181.000000
947.000000 715.000000 1163.000000 2037.000000 1024.000000
727.000000 1103.000000 1400.000000 2550.000000 1249.000000
893.000000 1395.000000 642.000000 2740.000000 171.000000
655.000000 1140.000000 1424.000000 2597.000000 1276.000000
705.000000 204.000000 921.000000 1758.000000 862.000000
1032.000000 1340.000000 1409.000000 2800.000000 1241.000000
1390.000000 1150.000000 1141.000000 2571.000000 918.000000
1235.000000 1128.000000 1455.000000 2587.000000 1317.000000
986.000000 40.000000 1080.000000 1627.000000 1034.000000
1547.000000 1294.000000 1522.000000 2794.000000 1393.000000
1001.000000 1213.000000 467.000000 2563.000000 49.000000
1358.000000 1302.000000 1171.000000 2755.000000 924.000000
1341.000000 1303.000000 1113.000000 2749.000000 847.000000
1009.000000 1570.000000 866.000000 2894.000000 426.000000
864.000000 1620.000000 1149.000000 2998.000000 818.000000
825.000000 156.000000 960.000000 1719.000000 906.000000
616.000000 1140.000000 1123.000000 2559.000000 898.000000
854.000000 1203.000000 432.000000 2552.000000 10.000000
916.000000 1624.000000 1543.000000 3062.000000 1411.000000
303.000000 1283.000000 1602.000000 2786.675293 1501.196411
342.000000 1244.000000 1484.000000 2629.969971 1352.146362
677.000000 1145.000000 1281.000000 2584.000000 1096.000000
856.000000 1101.000000 958.000000 2490.000000 704.000000
1462.000000 1374.000000 1601.000000 2866.000000 1460.000000
671.000000 175.000000 1183.000000 1761.000000 1112.000000
1454.000000 1570.000000 840.000000 2911.000000 380.000000
813.000000 1072.000000 1379.000000 2501.000000 1227.000000
708.000000 1181.000000 930.000000 2576.000000 644.000000
1019.000000 1416.000000 680.000000 2697.000000 235.000000
1388.000000 120.000000 1119.000000 1704.000000 1059.000000
280.000000 12.000000 560.000000 1539.020386 578.970154
1353.000000 837.000000 1560.000000 2051.000000 1490.000000
1196.000000 1088.000000 1232.000000 2507.000000 1043.000000
1193.000000 1624.000000 1514.000000 3059.000000 1366.000000
1283.000000 1096.000000 797.000000 2457.000000 509.000000
1419.000000 1471.000000 1539.000000 2919.000000 1413.000000
1494.000000 1400.000000 1389.000000 2845.000000 1206.000000
1030.000000 1330.000000 1064.000000 2769.000000 780.000000
584.000000 1088.000000 923.000000 2466.758057 665.174377
1355.000000 1302.000000 1196.000000 2758.000000 958.000000
1039.000000 1131.000000 1104.000000 2544.000000 877.000000
448.000000 1620.000000 855.000000 2946.453857 390.023346
1366.000000 1293.000000 539.000000 2694.000000 95.000000
871.000000 1437.000000 1491.000000 2875.000000 1344.000000
1163.000000 1717.000000 737.000000 2996.000000 169.000000
259.000000 1568.000000 1129.000000 2943.822754 763.278381
985.000000 1107.000000 830.000000 2480.000000 544.000000
1276.000000 1306.000000 884.000000 2720.000000 543.000000
924.000000 1552.000000 939.000000 2897.000000 533.000000
1074.000000 1294.000000 1548.000000 2797.000000 1429.000000
1167.000000 948.000000 686.000000 2272.000000 431.000000
937.000000 1422.000000 1447.000000 2855.000000 1325.000000
1145.000000 1522.000000 1476.000000 2952.000000 1318.000000
1487.000000 1158.000000 951.000000 2555.000000 678.000000
1560.000000 1111.000000 1388.000000 2552.000000 1234.000000
832.000000 1110.000000 1273.000000 2541.000000 1091.000000
1381.000000 1423.000000 1361.000000 2895.000000 1151.000000
485.000000 860.000000 675.000000 2123.345703 453.773651
1382.000000 1117.000000 1436.000000 2571.000000 1293.000000
949.000000 1009.000000 1312.000000 2449.000000 1153.000000
1119.000000 1161.000000 841.000000 2548.000000 540.000000
1324.000000 1522.000000 1506.000000 2956.000000 1355.000000
682.000000 1335.000000 654.000000 2692.000000 217.000000
1176.000000 222.000000 924.000000 1775.000000 861.000000
1273.000000 1107.000000 1083.000000 2514.000000 857.000000
522.000000 1119.000000 1225.000000 2543.518555 1039.984131
1107.000000 1073.000000 809.000000 2438.000000 530.000000
896.000000 1157.000000 1323.000000 2596.000000 1148.000000
1412.000000 1155.000000 986.000000 2559.000000 722.000000
902.000000 1111.000000 945.000000 2503.000000 685.000000
1130.000000 23.000000 409.000000 1591.000000 439.000000
1394.000000 220.000000 947.000000 1776.000000 884.000000
710.000000 905.000000 641.000000 2268.000000 392.000000
1038.000000 1471.000000 1415.000000 2943.000000 1226.000000
1010.000000 1102.000000 1450.000000 2552.000000 1312.000000
848.000000 1121.000000 962.000000 2516.000000 703.000000
358.000000 1222.000000 1456.000000 2626.618652 1314.785034
1552.000000 1460.000000 1293.000000 2815.000000 1085.000000
1524.000000 1317.000000 1087.000000 2762.000000 804.000000
1056.000000 708.000000 1258.000000 2040.000000 1130.000000
1545.000000 1316.000000 1304.000000 2783.000000 1091.000000
1554.000000 1733.000000 657.000000 2974.000000 69.000000
1035.000000 1620.000000 1057.000000 2985.000000 680.000000
375.000000 1272.000000 1426.000000 2753.453857 1274.409912
943.000000 86.000000 1447.000000 1689.000000 1365.000000
966.000000 1100.000000 939.000000 2484.000000 680.000000
1217.000000 1395.000000 759.000000 2756.000000 343.000000
1473.000000 1470.000000 1602.000000 2927.000000 1504.000000
807.000000 113.000000 1177.000000 1704.000000 1113.000000
1197.000000 1082.000000 1396.000000 2538.000000 1248.000000

10.000000 232.745438 1653.629150 324.966034 797.920349 1838.243774 1473.313477 1828.801270 723.264526
9.000000 313.130707 809.977844 222.033218 1643.191162 1819.940918 740.000732 1829.257446 1496.716797
3.000000 715.439209 1526.407227 761.318176 719.695801 2076.995361 1560.096191 2043.689697 519.988586
19.000000 353.452942 792.980408 265.928192 1589.918945 1840.291870 716.663208 1846.773193 1266.744019
0.000000 1446.611572 739.963745 1438.090210 1536.681885 2783.853760 293.287354 2882.494141 1410.074097
2.000000 880.301636 742.841370 846.620422 1406.833374 2192.571777 520.193176 2241.939453 1566.575195
1.000000 857.559998 1406.542603 890.614197 756.697937 2255.730957 1583.062256 2205.595703 523.226318
7.000000 1452.862427 1343.380493 1457.484009 736.622131 2873.677246 1149.678345 2797.926270 283.806366
43.000000 773.787476 464.193939 333.311279 696.624878 2236.204834 246.386215 2048.885742 422.570038
24.000000 1668.982788 770.008850 1673.200439 1253.334473 2970.336426 229.583359 3027.145508 729.945618
13.000000 1472.611572 799.993469 1468.409058 1263.349121 2823.859863 416.618958 2878.257568 1016.824585
37.000000 709.261841 632.769531 263.864075 755.263184 1932.712769 453.820435 1777.106445 689.174011
11.000000 1392.615967 823.325134 1387.464844 1273.342529 2763.349609 429.705902 2817.225586 1043.284302
23.000000 1032.896362 876.645569 1012.319031 1303.445190 2421.321533 603.257019 2451.158936 1119.933105
15.000000 1046.712891 1283.335327 1064.821533 869.919189 2468.568604 1113.414795 2435.588867 533.584229
22.000000 1203.333740 873.333374 1190.592896 1283.455322 2602.406982 566.494507 2640.085938 1093.327148
16.000000 1264.153442 1286.607910 1273.735596 876.676086 2725.845215 1095.907104 2678.131104 519.327148
14.000000 1507.744019 1259.989136 1509.706055 853.315857 2908.257568 1003.499023 2853.119873 423.670593
289.000000 1456.614502 1655.201294 1790.060303 1664.506836 2923.225830 1574.673828 3020.071289 1582.444702
140.000000 1019.912415 636.797119 772.774780 470.831726 2389.382324 299.690979 2241.122314 246.828949
18.000000 2.351397 744.330078 283.035217 807.981323 1269.930908 750.527100 1820.089600 736.972229
119.000000 1159.999756 1646.677368 1429.982178 1653.989258 2639.990234 1560.505371 2806.723389 1563.757080
48.000000 5.719532 1636.908691 32.724762 1370.614380 1657.545166 1539.974609 1650.420044 1293.032715
71.000000 337.693329 688.676758 76.429710 631.074768 1823.571167 614.521790 1616.600464 625.408569
180.000000 1426.686890 1662.675293 1163.396729 1654.600708 2883.142090 1585.265869 2750.122070 1572.098877
33.000000 704.530090 1483.415894 721.110657 1243.179932 2055.253418 1109.943970 2064.101074 1413.310913
183.000000 1423.603027 1688.532837 1190.256958 1675.426147 2883.605469 1621.812988 2753.594238 1598.542358
44.000000 456.609039 1655.638428 239.994446 1650.222168 1886.553101 1559.021240 1630.161011 1546.659546
210.000000 1639.050537 1579.966187 1640.013184 1363.303711 3050.553955 1266.944458 3038.515381 1146.481934
99.000000 1080.973145 493.447144 1294.546631 525.163574 2703.442383 75.058968 2529.750000 86.046989
116.000000 147.643219 722.539612 11.702971 555.282532 1670.012939 689.986694 1549.848999 573.290710
39.000000 1551.591553 1369.997437 1551.935547 1579.996826 2961.830322 1166.485840 2988.531250 1436.811768
156.000000 1642.991699 1206.664185 1644.468140 999.984314 2999.051514 740.134399 2978.416748 594.502319
47.000000 901.386841 695.375854 704.440063 636.309814 2181.543457 422.634918 1932.712769 453.820435
103.000000 523.331726 1600.124023 320.033783 1597.440186 1910.005981 1503.071289 1736.610962 1499.098389
56.000000 1562.702271 1386.690552 1560.996216 1580.008789 2975.875488 1179.795898 2993.552246 1399.982422
42.000000 1557.831543 710.020691 1557.330200 899.992981 2877.771484 216.262924 2901.120117 472.928192
123.000000 141.163696 742.347778 18.962111 598.055969 1666.921387 709.706848 1541.939331 601.101501
52.000000 1560.753174 1033.370850 1559.041992 1220.021729 2921.783447 666.222778 2941.788086 896.800720
46.000000 1089.942017 527.029236 1271.690063 556.100647 2421.525879 181.248947 2669.985352 129.928528
288.000000 1355.410645 1243.291016 1357.103638 1059.942505 2780.490479 859.947021 2770.048828 763.328064
90.000000 1570.553589 1583.343994 1569.852905 1400.000610 3019.619873 1470.380249 3000.797119 1286.585083
112.000000 17.490091 950.094727 38.231251 769.796509 1595.908936 926.703064 1594.395752 756.686890
104.000000 211.507370 1273.487915 230.020096 1092.993530 1799.419800 1193.382202 1797.254150 1019.992676
120.000000 144.007782 790.081848 122.498100 967.374146 1686.047485 753.323975 1686.622559 920.000122
113.000000 121.403343 1078.851440 87.927444 1253.574951 1689.405762 1022.083008 1688.251221 1193.347168
163.000000 1285.976074 1400.164429 1274.997925 1576.562866 2766.088135 1229.450317 2779.058594 1373.117432
184.000000 1357.427124 946.539246 1361.237671 769.882874 2761.023926 620.267700 2745.934082 490.084930
118.000000 241.894852 986.852783 258.951202 813.230286 1796.095581 916.770813 1791.647827 750.044983
72.000000 872.967896 727.973999 707.145569 681.620178 2170.042236 505.390198 1963.325806 509.632568
34.000000 1050.014526 1512.681030 1220.004761 1516.452026 2469.957031 1394.949097 2763.357178 1387.621460
53.000000 1292.914551 1080.005493 1292.595947 1250.004883 2729.144043 802.472961 2750.518799 1029.637573
50.000000 536.852051 690.698425 700.180603 647.347229 1800.413696 680.279846 1937.680542 477.352478
131.000000 1567.775879 1216.715088 1566.321899 1050.003052 2961.760498 923.135803 2943.822754 763.278381
194.000000 1231.960449 1126.624390 1227.029175 1286.677856 2695.631836 963.397400 2703.469727 1089.991577
150.000000 1291.791382 1583.374878 1295.506714 1423.306396 2799.252930 1476.730469 2786.441895 1326.685913
55.000000 1568.932129 896.688721 1568.130127 736.659363 2915.619385 453.093567 2892.198242 229.769470
64.000000 1299.268188 803.325073 1297.463989 963.342346 2697.950195 439.890442 2715.868896 649.783508
138.000000 1440.014282 1543.333984 1433.171265 1693.477905 2883.817383 1416.622681 2898.086182 1573.809692
179.000000 1299.376221 1249.984497 1303.101318 1099.994263 2762.148926 1026.475220 2750.287842 893.307678
93.000000 1250.650513 782.336609 1394.008789 742.426270 2661.217285 434.277527 2771.954102 291.515808
80.000000 783.920959 313.380554 772.126160 460.170837 2234.959961 36.616745 2241.101318 236.735168
38.000000 1277.285034 556.620850 1278.947754 700.012207 2745.216797 168.994080 2584.426758 400.758606
87.000000 1304.389526 960.015747 1306.529419 816.664612 2726.990967 636.635559 2709.056396 449.770660
162.000000 1156.668335 1356.702148 1013.333374 1356.630859 2600.032227 1190.341553 2456.402832 1203.864624
32.000000 1477.664185 713.361633 1612.025024 673.490906 2807.426025 246.446228 2992.703613 2.854391
74.000000 902.483765 746.796448 1036.732666 779.731201 2210.014893 516.976379 2416.368408 507.100128
176.000000 238.217407 836.467163 222.862579 973.653748 1778.460815 773.361206 1780.936646 909.983032
76.000000 777.627869 463.408600 788.345398 326.537109 2247.415283 236.761063 2239.986572 33.333820
251.000000 102.715691 727.215210 13.382332 626.623169 1642.152588 704.743469 1560.351562 636.246887
272.000000 1137.750610 1676.546021 1144.563965 1549.529541 2619.939697 1536.816650 2615.516357 1436.717529
154.000000 1200.077881 767.941772 1073.466431 763.150024 2582.717285 434.344513 2439.720703 472.280090
117.000000 1036.743530 769.698853 916.893738 739.110229 2410.097412 495.688354 2243.302490 502.584717
161.000000 1193.450317 735.873413 1073.452148 732.472534 2579.264648 393.965424 2439.631348 431.979523
158.000000 756.758362 689.662415 869.894409 720.388672 2019.972290 502.298645 2166.712402 498.372070
166.000000 772.257935 714.277466 885.947510 742.860535 2050.019287 523.737061 2193.502197 516.853455
169.000000 830.293762 652.277832 943.227905 683.712097 2156.721191 434.536621 2296.585205 428.200256
261.000000 90.114410 1271.746460 206.895020 1280.166138 1693.263672 1203.986572 1796.613770 1201.300293
115.000000 1200.162354 492.483063 1083.283569 487.948486 2533.584717 83.986084 2377.034912 144.289261
265.000000 124.014931 975.827393 237.054504 994.292419 1689.973877 927.861023 1793.291870 926.601929
262.000000 226.283401 1089.785767 113.021812 1075.868530 1793.439575 1018.843872 1689.405762 1022.083008
282.000000 206.733887 1269.142578 93.313614 1260.251465 1793.345947 1191.138428 1693.321289 1192.245850
148.000000 1456.660156 1603.654297 1570.014526 1605.949219 2916.645508 1502.294922 3069.996582 1503.714233
