Keypoint Matches and Line Matches for pairs 9, 14 
9 corresponds to the image ./resources/Data/CastleP19/images/0009.png 
14 corresponds to the image ./resources/Data/CastleP19/images/0014.png 

8.000000 1822.442749 743.306458 2499.925537 633.336975
9.000000 1833.476440 1746.701782 2554.135010 1740.124023
12.000000 1258.727905 790.091064 1837.658081 623.327087
13.000000 1220.413940 1753.477661 1837.132690 1656.668579
15.000000 1268.317871 800.063416 1849.531616 636.666870
11.000000 1835.198975 736.711487 2513.272949 626.999329
560.000000 1642.267090 879.996399 2279.420654 800.024475
230.000000 1666.969971 1343.334229 2321.524414 1260.074951
42.000000 2192.440186 1396.548828 3038.031738 1389.882568
71.000000 2027.494141 1420.118896 2763.283447 1390.243774
84.000000 1939.303955 1426.603760 2640.104004 1400.337158
495.000000 2154.614746 596.596375 2966.351807 513.504272
57.000000 2021.291504 1013.373413 2733.438721 946.659973
504.000000 1951.874756 1446.645020 2649.839844 1411.416748
1389.000000 2169.795410 609.868591 2980.000000 532.000000
1324.000000 1960.832642 1459.979736 2664.000000 1439.000000
65.000000 1750.430908 1456.691895 2444.192383 1420.120239
1044.000000 1940.580566 1053.288086 2630.000000 987.000000
79.000000 1942.933228 1256.671265 2626.658447 1220.000366
78.000000 1927.054810 1039.987061 2616.071777 976.069580
882.000000 1933.725952 1239.986938 2625.000000 1193.000000
91.000000 1747.883911 1293.328979 2436.688232 1256.955322
92.000000 1748.039062 1096.662476 2426.695557 1026.955078
279.000000 1933.883301 713.278259 2612.685791 616.530884
1042.000000 2189.257568 813.371277 3001.000000 756.000000
135.000000 252.725800 1129.541992 981.528931 933.209473
139.000000 1742.379883 973.443848 2421.684814 900.179077
140.000000 1745.995117 786.589172 2414.018555 686.881653
379.000000 1953.675537 1256.748901 2654.451172 1213.469360
222.000000 1689.876221 1119.901123 2350.418213 1056.777710
212.000000 583.219727 1163.680420 1903.390137 1036.647949
268.000000 290.254791 839.628967 1259.904785 606.512634
259.000000 1808.303833 733.083252 2485.510010 627.684692
410.000000 1946.617432 903.334717 2634.059570 816.621399
992.000000 1699.924438 1486.666748 2399.000000 1458.000000
179.000000 694.888428 1176.509766 1478.137451 989.936829
48.000000 2189.036621 983.136108 2999.815186 923.085876
33.000000 1862.296753 594.964844 2591.512451 400.302032
1089.000000 1691.352783 826.666382 2345.000000 733.000000
265.000000 609.654785 890.295227 1314.519165 616.569824
488.000000 1700.795288 1303.347656 2373.414307 1259.996704
284.000000 1699.678223 990.004639 2361.024658 913.302063
285.000000 1697.461182 836.655151 2356.041260 750.019104
27.000000 1276.547607 793.997070 1862.887939 626.008850
28.000000 1426.504883 820.901428 2331.308594 704.069763
385.000000 662.173523 1340.208740 1779.297363 1193.367676
490.000000 700.943481 926.759949 1459.908569 676.663330
491.000000 687.434143 1063.409180 1456.028687 783.310120
38.000000 1853.435303 710.226929 2507.580322 618.561157
290.000000 226.851837 1327.448853 1803.834595 1217.447876
338.000000 226.753677 1315.424194 1209.874390 1151.396118
404.000000 2226.605957 800.003174 3041.850342 753.737793
405.000000 2220.028564 673.331848 3031.194336 626.846313
63.000000 2160.494629 831.430603 2984.520996 770.174561
377.000000 1985.293091 1243.374023 2694.381348 1200.146729
378.000000 1981.736328 1123.380615 2685.816162 1066.721313
66.000000 2015.972168 876.687683 2726.236084 803.381653
162.000000 286.705536 839.759277 733.361023 519.825012
1424.000000 1990.664795 1123.195557 2668.000000 1071.000000
1064.000000 1994.690796 1240.068115 2676.000000 1205.000000
396.000000 1977.009766 893.323364 2672.599121 806.503967
397.000000 1973.624390 776.658203 2664.479248 676.803589
32.000000 2022.484741 435.778503 2905.211426 212.849030
1445.000000 1326.942627 728.633972 2248.000000 587.000000
234.000000 509.856537 874.287659 1257.056030 600.866821
270.000000 399.347290 857.675354 1319.866089 610.875000
452.000000 490.295441 1044.320435 2039.661011 869.281250
933.000000 1725.956055 1650.001099 2406.000000 1636.000000
1444.000000 1725.792358 1543.334717 2402.000000 1521.000000
349.000000 1874.825928 601.385071 2679.797607 424.169464
350.000000 1772.626099 572.502380 2539.924072 390.313965
622.000000 1763.000000 625.000000 2527.000000 453.000000
1023.000000 2208.000000 773.000000 3016.000000 723.000000
340.000000 1493.000000 849.000000 2167.303223 749.987427
1434.000000 1477.000000 480.000000 2901.000000 253.000000
414.000000 1552.000000 857.000000 2043.118652 734.815491
1271.000000 1502.000000 988.000000 2199.000000 777.000000
775.000000 2224.000000 1096.000000 3051.000000 1074.000000
901.000000 1949.000000 1442.000000 2659.000000 1418.000000
846.000000 1275.000000 754.000000 1862.000000 570.000000
863.000000 1958.000000 713.000000 2643.000000 611.000000
692.000000 1714.000000 1243.000000 2388.000000 1181.000000
841.000000 1714.000000 1153.000000 2385.000000 1101.000000
770.000000 1711.000000 959.000000 2376.000000 875.000000
607.000000 1959.000000 740.000000 2645.000000 640.000000
1034.000000 1825.000000 1753.000000 2542.000000 1750.000000
1301.000000 2210.000000 805.000000 3020.000000 757.000000
634.000000 1968.000000 1155.000000 2670.000000 1103.000000
839.000000 2276.000000 416.000000 3032.000000 406.000000
1371.000000 1991.000000 699.000000 2685.000000 592.000000
843.000000 1764.000000 546.000000 2527.000000 364.000000
960.000000 1963.000000 892.000000 2656.000000 807.000000
801.000000 1966.000000 1084.000000 2666.000000 1024.000000
746.000000 1517.000000 1471.000000 1989.000000 1415.000000
591.000000 1962.000000 865.000000 2653.000000 776.000000
1293.000000 1714.000000 1216.000000 2386.000000 1135.000000
612.000000 1714.000000 1270.000000 2389.000000 1218.000000
1327.000000 2049.000000 516.000000 2572.000000 474.000000
754.000000 2205.000000 1416.000000 3056.000000 1407.000000
1049.000000 1699.000000 853.000000 2359.000000 771.000000
831.000000 1529.000000 903.000000 2239.000000 864.000000
738.000000 2207.000000 741.000000 3011.000000 656.000000
624.000000 1970.000000 1217.000000 2674.000000 1171.000000
1415.000000 1714.000000 1569.000000 2403.000000 1548.000000
1382.000000 1702.000000 1155.000000 2370.000000 1104.000000
1494.000000 1978.000000 1449.000000 2745.000000 1412.000000
623.000000 1711.000000 933.000000 2375.000000 841.000000
1127.000000 1966.000000 1055.000000 2664.000000 992.000000
824.000000 2243.000000 617.000000 3004.000000 578.000000
1357.000000 1727.000000 1240.000000 2403.000000 1178.000000
913.000000 1711.000000 849.000000 2373.000000 766.000000
342.000000 272.000000 849.000000 1473.242554 647.267517
1281.000000 1714.000000 1296.000000 2391.000000 1253.000000
673.000000 1969.000000 1186.000000 2672.000000 1137.000000
873.000000 2192.000000 1164.000000 3035.000000 1145.000000
584.000000 1961.000000 835.000000 2651.000000 744.000000
1348.000000 1539.000000 1475.000000 2226.000000 1430.000000
137.000000 1467.000000 1445.000000 2172.616211 1399.944092
1432.000000 16.000000 480.000000 775.000000 164.000000
375.000000 1460.000000 847.000000 2303.259033 763.841064
793.000000 350.000000 1450.000000 1614.000000 1420.000000
170.000000 1680.000000 816.000000 2334.796875 726.631653
764.000000 1515.000000 901.000000 2222.000000 861.000000
1214.000000 164.000000 819.000000 524.000000 488.000000
915.000000 1728.000000 1502.000000 2420.000000 1473.000000
1407.000000 1916.000000 1688.000000 2608.000000 1668.000000
994.000000 2026.000000 526.000000 2551.000000 485.000000
1328.000000 1947.000000 869.000000 2634.000000 782.000000
1189.000000 1292.000000 758.000000 1881.000000 574.000000
35.000000 1792.000000 664.000000 2467.930908 562.409363
766.000000 2207.000000 1021.000000 3021.000000 989.000000
1361.000000 1992.000000 726.000000 2686.000000 622.000000
987.000000 1540.000000 905.000000 2256.000000 866.000000
1492.000000 1952.000000 1158.000000 2650.000000 1107.000000
1479.000000 1951.000000 1088.000000 2646.000000 1029.000000
1184.000000 1946.000000 811.000000 2630.000000 719.000000
1116.000000 1491.000000 1464.000000 2205.000000 1429.000000
1366.000000 1702.000000 1245.000000 2373.000000 1184.000000
635.000000 2224.000000 1017.000000 3043.000000 990.000000
706.000000 1961.000000 806.000000 2649.000000 712.000000
371.000000 1549.000000 1463.000000 2313.336426 1406.621216
904.000000 2255.000000 613.000000 3060.000000 583.000000
1109.000000 1517.000000 1524.000000 2245.000000 1459.000000
751.000000 1998.000000 852.000000 2696.000000 760.000000
1099.000000 1701.000000 1504.000000 2384.000000 1474.000000
1065.000000 1700.000000 936.000000 2361.000000 846.000000
934.000000 1714.000000 1503.000000 2400.000000 1474.000000
1154.000000 1479.000000 1463.000000 2187.000000 1428.000000
800.000000 1710.000000 826.000000 2371.000000 734.000000
1278.000000 1770.000000 685.000000 2447.000000 584.000000
1437.000000 1713.000000 1127.000000 2383.000000 1067.000000
656.000000 407.000000 869.000000 1087.000000 586.000000
1117.000000 1702.000000 1272.000000 2374.000000 1220.000000
776.000000 2236.000000 1226.000000 3040.000000 1182.000000
814.000000 1691.000000 1469.000000 2369.000000 1439.000000
1172.000000 1778.000000 660.000000 2382.000000 588.000000
1012.000000 1726.000000 1474.000000 2439.000000 1434.000000

4.000000 1822.442749 743.306458 1833.476440 1746.701782 2499.925537 633.336975 2554.135010 1740.124023
6.000000 1258.727905 790.091064 1220.413940 1753.477661 1837.658081 623.327087 1837.132690 1656.668579
7.000000 1231.818726 1750.069824 1268.317871 800.063416 1850.016846 1656.666626 1849.531616 636.666870
1.000000 135.301590 789.559937 8.983256 1704.104492 500.778198 402.124817 338.127777 1764.310425
2.000000 21.574398 1696.878784 141.050659 810.141541 355.393921 1763.575928 515.093079 406.873810
5.000000 1841.391968 1399.987061 1835.198975 736.711487 2565.852539 1690.205078 2513.272949 626.999329
3.000000 140.200027 802.054077 740.635437 895.935974 519.551514 402.701721 1843.476807 622.469177
291.000000 1640.703735 1346.669067 1642.267090 879.996399 2279.420654 800.024475 2283.358398 893.332275
118.000000 1666.969971 1343.334229 1668.283203 903.328186 2321.524414 1260.074951 2314.055908 1079.970093
119.000000 1595.317261 906.692383 1589.656372 1343.372070 2170.474365 1066.598389 2173.701416 1246.660034
65.000000 2126.556396 546.437317 2396.593262 416.514252 2853.477539 448.308350 3069.992188 466.759003
12.000000 2.343066 569.299988 135.301590 789.559937 2.803634 319.892242 500.778198 402.124817
22.000000 2208.688477 1419.924805 2217.871582 1666.745850 3038.031738 1389.882568 3063.895508 1690.525146
25.000000 2172.304688 969.885071 2184.441162 1213.278076 2999.815186 923.085876 3021.588867 1200.137085
36.000000 2032.450073 1663.487061 2027.494141 1420.118896 2781.052979 1636.830933 2763.283447 1390.243774
43.000000 1939.303955 1426.603760 1944.952881 1663.294678 2640.104004 1400.337158 2653.597900 1633.159424
29.000000 2025.737549 1240.018188 2021.291504 1013.373413 2750.203125 1209.987061 2733.438721 946.659973
32.000000 2169.795410 609.868591 2178.618652 819.918030 2963.869629 516.351807 2984.520996 770.174561
33.000000 1752.226929 1663.342896 1750.430908 1456.691895 2456.516602 1673.664673 2444.192383 1420.120239
40.000000 1927.054810 1039.987061 1933.725952 1239.986938 2616.071777 976.069580 2626.658447 1220.000366
47.000000 1747.883911 1293.328979 1748.039062 1096.662476 2436.688232 1256.955322 2426.695557 1026.955078
144.000000 1933.883301 713.278259 1936.626953 906.667236 2612.685791 616.530884 2620.948486 779.952026
86.000000 362.411377 1140.302856 338.916077 1327.367798 1296.564941 969.994995 1286.621704 1173.331177
72.000000 1742.379883 973.443848 1745.995117 786.589172 2421.684814 900.179077 2414.018555 686.881653
197.000000 1953.675537 1256.748901 1948.544067 1070.040039 2654.451172 1213.469360 2646.254639 1080.025269
114.000000 1689.876221 1119.901123 1692.696411 1306.625977 2350.418213 1056.777710 2347.546631 1239.961548
69.000000 462.714172 1336.932373 480.251282 1152.566406 966.873901 1146.680908 981.528931 933.209473
133.000000 1647.798706 809.058289 1808.303833 733.083252 2331.308594 704.069763 2485.510010 627.684692
129.000000 395.028595 856.868835 374.020386 1033.017700 1074.787720 576.760559 1063.602173 750.017334
213.000000 1946.617432 903.334717 1941.732910 726.618774 2634.059570 816.621399 2626.166992 690.031128
57.000000 1700.241943 1663.332886 1699.924438 1486.666748 2365.849609 1430.089600 2363.669922 1653.336670
85.000000 679.586243 1349.963501 694.888428 1176.509766 1233.461060 1166.855713 1244.581055 963.219421
138.000000 494.836334 1046.817749 511.957825 876.528381 1252.262573 776.618530 1259.904785 606.512634
88.000000 1691.352783 826.666382 1691.326294 996.666870 2334.796875 726.631653 2339.659668 930.008118
155.000000 1740.371582 694.112549 1586.955322 767.271973 2329.355713 630.538025 2173.673340 604.624146
137.000000 609.654785 890.295227 593.870911 1050.053101 1314.519165 616.569824 1306.848145 786.674866
254.000000 1700.795288 1303.347656 1699.895508 1143.333862 2373.414307 1259.996704 2369.110840 1153.234863
147.000000 1699.678223 990.004639 1697.461182 836.655151 2361.024658 913.302063 2356.041260 750.019104
14.000000 1276.547607 793.997070 1426.504883 820.901428 1862.887939 626.008850 2331.308594 704.069763
255.000000 700.943481 926.759949 687.434143 1063.409180 1459.908569 676.663330 1456.028687 783.310120
20.000000 1853.435303 710.226929 1973.516602 655.276367 2507.580322 618.561157 2807.148193 474.086945
201.000000 1426.531006 810.716309 1296.768188 786.130615 1796.494263 697.787781 1666.492310 677.800537
142.000000 226.753677 1315.424194 100.008278 1306.548462 943.198730 1128.261108 779.903748 1114.473145
210.000000 2226.605957 800.003174 2220.028564 673.331848 3041.850342 753.737793 3031.194336 626.846313
196.000000 1985.293091 1243.374023 1981.736328 1123.380615 2694.381348 1200.146729 2685.816162 1066.721313
176.000000 460.015808 1333.118164 343.244781 1324.538818 1209.874390 1151.396118 1063.195435 1138.199341
122.000000 340.348328 1335.308594 456.867645 1343.959961 1290.333496 1172.923950 1467.081787 1188.674561
206.000000 1977.009766 893.323364 1973.624390 776.658203 2672.599121 806.503967 2664.479248 676.803589
115.000000 376.608612 1040.472168 490.272858 1054.447388 1067.161133 749.924194 1247.240601 776.042480
120.000000 509.856537 874.287659 399.347290 857.675354 1257.056030 600.866821 1080.064697 572.923584
179.000000 490.295441 1044.320435 379.946503 1030.424927 1232.859253 760.097107 1089.500000 740.284729
182.000000 1874.825928 601.385071 1772.626099 572.502380 2679.797607 424.169464 2539.924072 390.313965
