Keypoint Matches and Line Matches for pairs 9, 18 
9 corresponds to the image ./resources/Data/CastleP19/images/0009.png 
18 corresponds to the image ./resources/Data/CastleP19/images/0018.png 

4.000000 1822.442749 743.306458 2023.635742 473.246002
9.000000 1258.727905 790.091064 1085.345703 637.377686
16.000000 1268.317871 800.063416 1094.858154 649.937744
933.000000 1642.267090 879.996399 1603.000000 778.000000
43.000000 2753.783203 806.631958 2711.379395 699.907349
67.000000 2880.484863 266.618347 2901.973633 149.825287
86.000000 2707.899902 346.828247 2681.977539 246.533188
106.000000 2727.446777 352.838318 2700.160889 250.365067
39.000000 1700.784302 528.028931 1700.712769 376.645508
40.000000 1450.727173 505.324432 1423.991699 347.155182
799.000000 2389.783203 470.017426 2429.000000 324.000000
195.000000 2417.145752 496.479340 2452.274170 359.893677
1271.000000 1460.458252 520.079346 1430.000000 375.000000
107.000000 2399.225586 483.159424 2439.714844 348.569855
143.000000 2154.614746 596.596375 2216.744141 445.237244
190.000000 22.097721 1286.980347 849.486816 1134.559570
354.000000 2427.376221 509.957123 2480.188965 383.325226
258.000000 2169.795410 609.868591 2227.884033 456.637543
356.000000 1748.039062 1096.662476 1743.373169 966.665344
232.000000 1933.883301 713.278259 1905.268921 589.945923
540.000000 1936.626953 906.667236 1932.242310 719.971863
97.000000 1473.177368 555.437195 1447.841187 398.178619
98.000000 1663.859131 569.574890 1660.927979 414.692535
138.000000 2727.876465 629.887695 2717.269043 438.292786
418.000000 2179.543945 623.186401 2252.374023 476.694855
170.000000 252.725800 1129.541992 727.214233 953.193542
269.000000 1745.995117 786.589172 1748.915039 656.583557
388.000000 1948.544067 1070.040039 1918.268188 956.647644
201.000000 1689.876221 1119.901123 1662.926147 986.714722
24.000000 1808.303833 733.083252 2010.716797 464.817322
511.000000 1941.732910 726.618774 1974.021851 593.322144
299.000000 1691.352783 826.666382 1667.802856 693.305176
1258.000000 1586.955322 767.271973 1549.000000 617.000000
80.000000 2716.725586 346.793762 2689.623047 245.816528
81.000000 2869.615723 275.838623 2895.692139 154.468521
82.000000 2762.884277 808.511841 2719.834473 699.375549
527.000000 2746.411621 449.695343 2731.874756 316.553253
491.000000 1699.895508 1143.333862 1683.585571 1013.333618
33.000000 1276.547607 793.997070 1103.177368 640.923706
439.000000 675.648621 1199.902222 699.911682 986.661194
406.000000 1546.390747 1626.417114 1536.306274 1486.752686
428.000000 1466.305908 1760.002441 1447.690796 1610.026855
1047.000000 2857.196533 304.429565 2884.000000 183.000000
550.000000 1586.478516 795.641968 1547.105347 684.124268
1462.000000 1682.669922 716.676392 1674.000000 552.000000
389.000000 1560.596680 493.974976 1546.484985 330.631439
390.000000 1674.255981 519.171143 1667.937866 365.582886
192.000000 2417.736572 492.423187 2454.353760 355.729675
104.000000 1326.942627 728.633972 1153.590698 575.154480
375.000000 490.295441 1044.320435 716.488525 781.352722
1076.000000 1528.000000 1526.000000 1512.000000 1374.000000
174.000000 1413.000000 592.000000 1384.828491 440.013855
761.000000 1526.000000 1041.000000 1504.000000 892.000000
1119.000000 1542.000000 1358.000000 1526.000000 1214.000000
1333.000000 1292.000000 742.000000 1119.000000 583.000000
820.000000 2259.000000 687.000000 2296.000000 521.000000
765.000000 1528.000000 1508.000000 1512.000000 1358.000000
672.000000 1504.000000 899.000000 1481.000000 750.000000
1322.000000 1526.000000 1024.000000 1504.000000 876.000000
1200.000000 1548.000000 1011.000000 1528.000000 864.000000
1016.000000 1493.000000 849.000000 1455.000000 683.000000
596.000000 1548.000000 1028.000000 1529.000000 880.000000
600.000000 1537.000000 1043.000000 1517.000000 894.000000
1091.000000 2241.000000 588.000000 2337.000000 435.000000
551.000000 1469.000000 821.000000 1446.645386 666.790039
950.000000 1477.000000 480.000000 1463.000000 313.000000
744.000000 1530.000000 887.000000 1506.000000 739.000000
597.000000 1501.000000 1037.000000 1479.000000 887.000000
737.000000 1531.000000 1356.000000 1514.000000 1211.000000
1163.000000 1552.000000 857.000000 1530.000000 711.000000
624.000000 1198.000000 716.000000 1032.000000 562.000000
695.000000 1502.000000 988.000000 1479.000000 840.000000
852.000000 1494.000000 882.000000 1468.000000 733.000000
1104.000000 1551.000000 875.000000 1529.000000 727.000000
1221.000000 1275.000000 754.000000 1100.000000 594.000000
1315.000000 1958.000000 713.000000 1993.000000 581.000000
988.000000 1502.000000 1502.000000 1486.000000 1351.000000
1114.000000 1546.000000 1157.000000 1527.000000 1019.000000
787.000000 1488.000000 1165.000000 1465.000000 1023.000000
630.000000 1541.000000 889.000000 1518.000000 741.000000
760.000000 1519.000000 1354.000000 1501.000000 1208.000000
598.000000 1488.000000 1148.000000 1465.000000 1007.000000
837.000000 1535.000000 1155.000000 1515.000000 1017.000000
674.000000 1392.000000 569.000000 1357.000000 426.000000
971.000000 1524.000000 1171.000000 1503.000000 1032.000000
696.000000 1523.000000 1188.000000 1502.000000 1048.000000
589.000000 1494.000000 1348.000000 1475.000000 1202.000000
995.000000 1491.000000 1481.000000 1475.000000 1332.000000
1401.000000 1490.000000 1036.000000 1466.000000 885.000000
632.000000 1490.000000 1517.000000 1473.000000 1364.000000
1445.000000 1511.000000 1039.000000 1491.000000 889.000000
1069.000000 1532.000000 1303.000000 1514.000000 1161.000000
794.000000 1494.000000 867.000000 1468.000000 717.000000
626.000000 1524.000000 1154.000000 1503.000000 1016.000000
574.000000 1505.000000 869.000000 1481.000000 719.000000
334.000000 1878.000000 606.000000 1666.133301 539.041260
640.000000 1501.000000 1020.000000 1479.000000 871.000000
612.000000 1475.000000 498.000000 1461.000000 336.000000
1448.000000 1714.000000 1216.000000 1700.000000 1065.000000
969.000000 1529.000000 1490.000000 1512.000000 1341.000000
683.000000 2049.000000 516.000000 1897.000000 416.000000
752.000000 1505.000000 884.000000 1481.000000 735.000000
1080.000000 1509.000000 1185.000000 1489.000000 1044.000000
634.000000 1541.000000 874.000000 1518.000000 725.000000
993.000000 1510.000000 1151.000000 1489.000000 1012.000000
1310.000000 1520.000000 1318.000000 1501.000000 1175.000000
588.000000 1491.000000 1002.000000 1467.000000 854.000000
1040.000000 1493.000000 1365.000000 1475.000000 1217.000000
1231.000000 1510.000000 1168.000000 1488.000000 1028.000000
1479.000000 1517.000000 1505.000000 1500.000000 1355.000000
586.000000 1499.000000 1167.000000 1477.000000 1025.000000
1317.000000 1621.000000 488.000000 1605.000000 317.000000
1387.000000 1461.000000 493.000000 1449.000000 323.000000
708.000000 1499.000000 1149.000000 1477.000000 1009.000000
1023.000000 1448.000000 498.000000 1422.000000 341.000000
927.000000 1552.000000 495.000000 1533.000000 332.000000
899.000000 1527.000000 1007.000000 1504.000000 861.000000
740.000000 1524.000000 496.000000 1507.000000 334.000000
548.000000 1465.000000 922.000000 1446.316162 781.915283
618.000000 1484.000000 1311.000000 1463.000000 1167.000000
1372.000000 1515.000000 871.000000 1493.000000 721.000000
636.000000 1490.000000 1019.000000 1467.000000 870.000000
1326.000000 1499.000000 480.000000 1485.000000 311.000000
741.000000 1447.000000 514.000000 1421.000000 356.000000
778.000000 1529.000000 445.000000 1515.000000 280.000000
615.000000 1499.000000 1184.000000 1477.000000 1042.000000
1071.000000 1551.000000 477.000000 1533.000000 306.000000
904.000000 1531.000000 1338.000000 1514.000000 1194.000000
1369.000000 1544.000000 1208.000000 1515.000000 1065.000000
1425.000000 1546.000000 1061.000000 1517.000000 909.000000
592.000000 1535.000000 1190.000000 1515.000000 1050.000000
682.000000 2531.000000 579.000000 2535.000000 428.000000
1090.000000 1505.000000 1350.000000 1487.000000 1204.000000
1391.000000 1529.000000 1472.000000 1513.000000 1323.000000
1410.000000 1522.000000 839.000000 1497.000000 691.000000
839.000000 1551.000000 890.000000 1529.000000 743.000000
1493.000000 1702.000000 1218.000000 1685.000000 1067.000000
1024.000000 272.000000 849.000000 14.000000 547.000000
980.000000 1490.000000 1499.000000 1474.000000 1348.000000
916.000000 1530.000000 1373.000000 1514.000000 1226.000000
1263.000000 1541.000000 859.000000 1519.000000 709.000000
1075.000000 1530.000000 872.000000 1506.000000 724.000000
1123.000000 1667.000000 516.000000 1647.000000 355.000000
919.000000 1643.000000 492.000000 1625.000000 323.000000
1359.000000 1601.000000 754.000000 1549.000000 598.000000
1056.000000 1540.000000 1492.000000 1525.000000 1343.000000
753.000000 1583.000000 505.000000 1560.000000 349.000000
1001.000000 1499.000000 498.000000 1483.000000 335.000000
910.000000 1506.000000 1332.000000 1487.000000 1188.000000
1239.000000 1515.000000 901.000000 1492.000000 752.000000
941.000000 1483.000000 1328.000000 1462.000000 1183.000000
583.000000 1537.000000 1026.000000 1517.000000 878.000000
806.000000 1489.000000 981.000000 1453.000000 820.000000
1432.000000 1539.000000 1529.000000 1524.000000 1377.000000
903.000000 1546.000000 1174.000000 1527.000000 1036.000000
770.000000 1699.000000 911.000000 1723.000000 748.000000
763.000000 1506.000000 1315.000000 1487.000000 1171.000000
881.000000 1292.000000 758.000000 1117.000000 598.000000
595.000000 1495.000000 1331.000000 1475.000000 1185.000000
1067.000000 1416.000000 534.000000 1405.000000 366.000000
1444.000000 1482.000000 1346.000000 1462.000000 1199.000000
832.000000 1760.000000 1072.000000 1686.000000 922.000000
921.000000 1540.000000 905.000000 1518.000000 757.000000
893.000000 1702.000000 1245.000000 1685.000000 1096.000000
646.000000 1961.000000 806.000000 1994.000000 641.000000
812.000000 1501.000000 1003.000000 1479.000000 856.000000
800.000000 1700.000000 936.000000 1690.000000 784.000000
796.000000 1532.000000 1320.000000 1514.000000 1178.000000
628.000000 1535.000000 1173.000000 1515.000000 1034.000000
1375.000000 1710.000000 826.000000 1736.000000 691.000000
594.000000 1538.000000 1009.000000 1517.000000 862.000000
1301.000000 207.000000 1303.000000 688.000000 1099.000000
824.000000 1545.000000 1192.000000 1526.000000 1052.000000
1223.000000 2185.000000 643.000000 2135.000000 585.000000
1150.000000 1547.000000 1045.000000 1528.000000 896.000000
748.000000 1495.000000 1295.000000 1475.000000 1153.000000
1051.000000 1315.000000 663.000000 1168.000000 524.000000
860.000000 1542.000000 1340.000000 1526.000000 1197.000000
1452.000000 1286.000000 1523.000000 1296.000000 1387.000000
1237.000000 1495.000000 511.000000 1472.000000 354.000000
1470.000000 1621.000000 504.000000 1602.000000 344.000000

2.000000 1822.442749 743.306458 1833.476440 1746.701782 2023.635742 473.246002 2050.541260 1593.400391
7.000000 1258.727905 790.091064 1220.413940 1753.477661 1085.345703 637.377686 1059.491577 1339.982056
8.000000 1088.666504 1589.205200 1132.712891 776.452393 1070.866821 1346.811279 1094.858154 649.937744
1.000000 1841.391968 1399.987061 1835.198975 736.711487 2064.039062 1596.818237 2035.306885 466.955536
10.000000 573.711670 1858.137329 1102.523315 1881.594482 663.422791 1767.247314 1226.634399 1775.528564
221.000000 1666.969971 1343.334229 1668.283203 903.328186 1646.136719 1113.343018 1643.938965 993.322266
104.000000 1595.317261 906.692383 1589.656372 1343.372070 1662.926147 986.714722 1661.672852 1150.038452
190.000000 1441.728760 1343.378784 1453.046875 913.238098 1267.497192 860.010498 1269.143433 729.989136
28.000000 2126.556396 546.437317 2396.593262 416.514252 2166.988770 353.977081 2386.958984 243.917542
49.000000 2776.904785 816.897827 2795.721924 1073.406738 2728.789062 709.884644 2740.391602 923.312073
20.000000 1700.784302 528.028931 1450.727173 505.324432 1700.712769 376.645508 1423.991699 347.155182
186.000000 2440.470459 726.638245 2427.376221 509.957123 2485.777100 513.371582 2480.188965 383.325226
50.000000 1473.177368 555.437195 1663.859131 569.574890 1447.841187 398.178619 1660.927979 414.692535
218.000000 2189.257568 813.371277 2179.543945 623.186401 2255.901611 596.689148 2252.374023 476.694855
162.000000 1742.379883 973.443848 1745.995117 786.589172 1640.378174 840.014709 1645.709229 703.166199
12.000000 1647.798706 809.058289 1808.303833 733.083252 1566.396729 679.441284 2010.716797 464.817322
284.000000 1946.617432 903.334717 1941.732910 726.618774 1932.242310 719.971863 1930.945190 616.654785
41.000000 2716.725586 346.793762 2869.615723 275.838623 2689.623047 245.816528 2895.692139 154.468521
277.000000 2762.287354 610.103516 2746.411621 449.695343 2738.139404 420.112549 2731.874756 316.553253
258.000000 1700.795288 1303.347656 1699.895508 1143.333862 1683.467407 1123.333496 1683.585571 1013.333618
17.000000 1276.547607 793.997070 1426.504883 820.901428 1103.177368 640.923706 1417.125366 693.950867
54.000000 2857.715576 292.267273 2727.446777 352.838318 2884.408691 169.104828 2700.160889 250.365067
56.000000 2910.141846 773.761047 2776.904785 816.897827 2923.884766 655.424744 2730.789795 706.328857
212.000000 1541.471924 1763.266479 1546.390747 1626.417114 1532.738525 1609.982788 1536.306274 1486.752686
223.000000 1465.366455 1623.273560 1466.305908 1760.002441 1450.840332 1490.109619 1447.690796 1610.026855
57.000000 2199.810791 536.255981 2076.536865 593.051697 2239.717773 342.767700 2063.641602 430.618042
170.000000 226.753677 1315.424194 100.008278 1306.548462 699.914551 1111.227661 566.531250 1101.946411
289.000000 1586.478516 795.641968 1459.903809 801.105164 1547.105347 684.124268 1446.645386 666.790039
197.000000 267.826050 1016.385803 143.175339 1001.307739 716.488525 781.352722 589.823608 764.672729
4.000000 1139.597534 768.905701 1258.727905 790.091064 162.775696 483.320953 1085.345703 637.377686
204.000000 1560.596680 493.974976 1674.255981 519.171143 1546.484985 330.631439 1667.937866 365.582886
99.000000 2521.454102 446.626526 2417.736572 492.423187 2606.979980 290.735809 2454.353760 355.729675
