Keypoint Matches and Line Matches for pairs 0, 18 
0 corresponds to the image ./resources/Data/CastleP30/images/0000.png 
18 corresponds to the image ./resources/Data/CastleP30/images/0018.png 

22.000000 970.672791 227.910400 565.057678 526.897766
10.000000 2206.754639 166.661896 1033.949463 723.353821
145.000000 2189.857422 153.024872 1023.181335 715.411011
25.000000 1361.208740 513.298828 2809.307373 540.390686
30.000000 1261.754883 529.973450 2988.746582 563.094482
31.000000 1251.877686 1116.698242 3053.468506 1126.651123
13.000000 2210.623535 144.706497 1045.159790 710.275146
130.000000 2872.865967 840.047913 809.788086 1240.365723
407.000000 2813.239014 259.724762 1126.438477 920.413391
408.000000 3070.517822 171.510544 1233.234497 912.068726
301.000000 726.136108 732.841003 196.260864 898.019104
312.000000 1098.603149 636.694214 732.803345 890.101501
151.000000 2810.766846 256.594757 1123.152588 913.433960
405.000000 3072.250244 139.521500 1233.394775 900.717896
406.000000 2843.151855 222.834122 1126.654175 909.854675
156.000000 2596.242920 333.367798 930.364807 930.012512
140.000000 2576.718262 93.329140 1238.463989 713.323364
459.000000 2902.247314 576.432373 1136.917725 1110.001709
249.000000 1792.799316 1043.346802 794.747925 1223.271484
250.000000 1787.245239 823.234619 799.800903 1066.552734
479.000000 1201.128784 1056.724365 430.486237 1130.036987
150.000000 2807.483398 13.251092 1129.114624 726.638428
1501.000000 2556.949951 114.010422 1223.000000 727.000000
129.000000 1644.495361 859.992065 820.759155 1046.709717
167.000000 1645.903076 1066.671875 528.417114 1166.832275
554.000000 1208.490967 653.310120 629.973022 836.665283
393.000000 2876.540039 842.665894 1116.598145 1235.257812
157.000000 1776.807739 433.329224 936.653320 746.551941
329.000000 556.520996 987.850403 46.344448 1054.792480
478.000000 687.788147 1346.544189 438.110229 1029.856201
542.000000 586.920044 525.541443 382.148468 746.416992
390.000000 1502.664795 1509.953491 3041.711426 1500.144531
152.000000 1638.692871 489.973480 835.217346 759.916321
114.000000 2903.190430 809.277161 1114.068359 1223.466675
281.000000 2860.584961 209.942764 1144.681763 900.027649
1462.000000 1948.262939 372.384705 855.000000 775.000000
564.000000 2961.163086 3.200850 1224.187256 796.617676
430.000000 739.786987 721.066345 2950.205322 665.185120
1251.000000 1667.061279 1333.327881 818.000000 1380.000000
391.000000 714.057373 843.378174 166.622406 963.329163
308.000000 704.358948 1000.063477 381.592743 1119.866943
471.000000 583.357971 696.541565 2830.410645 512.352417
446.000000 1073.338013 1531.966431 309.928619 1511.729614
521.000000 1679.154785 1039.961304 831.991211 1226.757324
512.000000 1961.142212 539.797546 829.993469 936.594116
118.000000 1648.952515 1067.838989 334.030457 1130.489868
539.000000 1770.253662 430.601440 933.562927 745.277771
540.000000 1642.427490 484.519257 839.960388 756.331055
516.000000 1646.910034 854.232361 823.643066 1044.265747
86.000000 1780.254150 1296.806274 443.758667 1308.330078
291.000000 1979.062500 526.595276 846.061890 926.636230
292.000000 1975.189697 396.611359 853.102417 786.655029
820.000000 1131.000000 246.000000 2634.000000 404.000000
1126.000000 1458.000000 533.000000 2906.000000 579.000000
883.000000 1494.000000 892.000000 2969.000000 919.000000
713.000000 2048.000000 1538.000000 858.000000 1564.000000
1371.000000 2079.000000 1538.000000 882.000000 1565.000000
775.000000 1234.000000 264.000000 396.000000 341.000000
1464.000000 2023.000000 508.000000 915.000000 920.000000
789.000000 1774.000000 1030.000000 622.000000 1176.000000
1497.000000 1404.000000 734.000000 2879.000000 758.000000
859.000000 1657.000000 1545.000000 519.000000 1521.000000
1104.000000 1004.000000 250.000000 2563.000000 493.000000
1460.000000 1459.000000 492.000000 2901.000000 541.000000
1145.000000 1135.000000 422.000000 180.000000 530.000000
1512.000000 1700.000000 879.000000 740.000000 1072.000000
1473.000000 2189.000000 27.000000 1023.000000 658.000000
632.000000 2005.000000 483.000000 903.000000 892.000000
899.000000 1406.000000 508.000000 854.000000 803.000000
766.000000 1201.000000 249.000000 378.000000 327.000000
376.000000 2825.000000 17.000000 1142.377441 736.736145
708.000000 844.000000 70.000000 433.000000 345.000000
719.000000 1225.000000 1117.000000 3024.000000 1201.000000
987.000000 1134.000000 500.000000 438.000000 683.000000
674.000000 1440.000000 499.000000 2884.000000 544.000000
1237.000000 981.000000 242.000000 570.000000 539.000000
664.000000 1192.000000 1317.000000 595.000000 1382.000000
1470.000000 632.000000 942.000000 91.000000 1014.000000
1083.000000 2146.000000 85.000000 1005.000000 677.000000
1213.000000 902.000000 327.000000 3045.000000 449.000000
846.000000 1124.000000 901.000000 364.000000 1011.000000

2.000000 940.355896 312.761505 908.901917 1209.961548 518.169495 593.660339 445.175171 1673.232544
4.000000 926.393005 1190.213257 955.086670 329.947296 460.836761 1640.278931 530.203552 603.124023
6.000000 2266.155273 919.636536 2221.088379 156.405579 1016.763245 1586.777832 1045.159790 710.275146
5.000000 2206.754639 166.661896 2242.302979 823.569458 1033.949463 723.353821 1003.943848 1626.686890
73.000000 1607.604858 422.030792 2189.857422 153.024872 834.857361 738.689209 1023.181335 715.411011
12.000000 1357.351929 1123.316650 1361.208740 513.298828 2868.802002 1153.449585 2809.307373 540.390686
15.000000 1261.754883 529.973450 1251.877686 1116.698242 2988.746582 563.094482 3053.468506 1126.651123
104.000000 1586.402954 372.777649 2090.169922 133.691467 1003.132507 656.941162 836.527405 667.878723
7.000000 1069.367188 156.147797 746.160400 34.680443 740.044189 526.592102 0.346882 88.374367
32.000000 826.633545 263.447632 516.582214 173.624756 235.894806 424.842651 3.639282 306.068390
59.000000 572.811523 686.627197 549.611877 993.555969 354.338623 934.122559 334.030457 1130.489868
209.000000 2813.239014 259.724762 3070.517822 171.510544 1126.438477 920.413391 1233.234497 912.068726
11.000000 646.652161 193.380295 389.816833 113.925438 565.057678 526.897766 5.311549 215.771317
76.000000 2786.978760 2.991395 2810.766846 256.594757 1129.114624 726.638428 1123.152588 913.433960
208.000000 3072.250244 139.521500 2843.151855 222.834122 1233.394775 900.717896 1126.654175 909.854675
70.000000 2596.242920 333.367798 2576.718262 93.329140 1237.231201 903.336975 1238.463989 713.323364
252.000000 741.482971 313.240265 730.244202 536.678955 463.414307 666.671692 457.200897 766.699829
126.000000 1792.799316 1043.346802 1787.245239 823.234619 794.747925 1223.271484 799.800903 1066.552734
65.000000 1644.495361 859.992065 1645.903076 1066.671875 820.759155 1046.709717 809.788086 1240.365723
287.000000 1211.622314 449.973663 1208.490967 653.310120 596.330688 726.646362 590.679077 820.041077
202.000000 2876.540039 842.665894 3070.486816 805.901733 1116.598145 1235.257812 1226.662109 1229.905518
166.000000 736.664551 1010.017273 556.520996 987.850403 172.736557 1082.702515 46.344448 1054.792480
162.000000 586.920044 525.541443 760.460632 564.621277 215.306442 680.132568 92.563622 631.961243
77.000000 1638.692871 489.973480 1641.006592 666.653503 835.217346 759.916321 824.609192 943.599548
149.000000 749.793945 567.583923 590.352905 531.762512 233.316589 528.752319 105.659279 468.854156
187.000000 714.057373 843.378174 704.358948 1000.063477 105.209023 943.185791 93.386063 1060.005371
281.000000 1770.253662 430.601440 1642.427490 484.519257 933.562927 745.277771 839.960388 756.331055
263.000000 1223.798706 1066.098145 1089.983398 1050.138794 443.500458 1139.236328 346.378571 1117.983154
133.000000 1151.510376 640.039001 1154.955566 506.622467 881.071045 926.576355 887.188782 773.354187
152.000000 726.136108 732.841003 596.434509 707.889648 196.260864 898.019104 62.929577 858.012268
14.000000 705.094116 238.417526 830.832397 277.308746 2.381885 315.204132 529.917297 583.495911
26.000000 1196.652222 390.049377 1320.107422 426.300873 545.760925 591.767517 834.857361 738.689209
