Keypoint Matches and Line Matches for pairs 0, 1 
0 corresponds to the image ./resources/Data/CastleP30/images/0000.png 
1 corresponds to the image ./resources/Data/CastleP30/images/0001.png 

14.000000 940.355896 312.761505 377.229584 580.168518
11.000000 955.086670 329.947296 389.327667 589.823853
22.000000 970.672791 227.910400 435.768677 513.425415
28.000000 1615.491089 1156.711182 717.911987 1239.954102
29.000000 1608.279175 426.650726 729.568604 709.990540
42.000000 371.722900 296.540771 134.948608 520.094055
16.000000 490.797699 1053.165527 174.773849 1146.559082
17.000000 537.127991 353.143250 206.777222 583.339600
26.000000 834.129456 396.850067 332.718262 630.130005
27.000000 804.082642 1073.366577 307.212830 1163.359497
32.000000 2206.754639 166.661896 1251.389404 683.317871
30.000000 1607.604858 422.030792 726.553467 704.164673
31.000000 2189.857422 153.024872 1246.695068 680.628845
65.000000 962.314941 1093.413940 372.425781 1176.773926
36.000000 878.738342 1079.949829 337.649628 1166.710083
37.000000 904.055725 443.229523 359.728546 666.654663
24.000000 1031.036499 1096.596069 397.962219 1183.234619
146.000000 1357.351929 1123.316650 564.480591 1206.606567
1241.000000 1361.208740 513.298828 581.000000 746.000000
41.000000 1561.035767 1116.657227 701.551880 1213.367554
34.000000 1261.754883 529.973450 504.687531 693.380981
35.000000 1251.877686 1116.698242 486.856934 1200.124023
60.000000 2139.476562 72.275696 1236.911987 630.910583
407.000000 386.399139 503.065460 135.055450 726.553406
260.000000 1364.919434 349.360718 586.702209 624.538635
261.000000 1009.160339 246.229858 462.589294 534.357361
225.000000 2166.295410 1563.345947 1182.909302 1506.662231
98.000000 200.314148 1533.075195 29.618700 1526.646240
1051.000000 176.653687 1565.693359 78.000000 1565.000000
12.000000 2210.623535 144.706497 1263.200684 680.036377
187.000000 276.475311 629.398010 88.252251 809.882141
424.000000 1049.972168 1635.683716 356.597412 1592.668701
254.000000 2841.053467 529.891968 1602.556885 999.904724
255.000000 2872.865967 840.047913 1609.073608 1153.514404
89.000000 549.611877 993.555969 199.340958 1113.276367
1067.000000 1969.645264 100.757088 1096.000000 612.000000
55.000000 1712.157715 261.449554 736.878418 557.172913
104.000000 193.625992 1230.025879 31.048664 1290.070923
105.000000 167.120712 1530.040161 14.603510 1533.419189
167.000000 747.928772 716.399963 289.204437 889.955750
134.000000 1097.648071 789.898499 432.645203 946.774902
234.000000 1988.625610 1296.598267 1052.240723 1356.661133
235.000000 1998.175171 1569.947266 1052.620117 1521.065918
330.000000 2813.239014 259.724762 1599.854736 859.455444
391.000000 646.652161 193.380295 273.443665 463.175476
392.000000 389.816833 113.925438 169.593887 390.580963
132.000000 714.492981 999.905518 267.788300 1109.903076
133.000000 726.136108 732.841003 277.140015 896.541321
168.000000 1310.081177 866.667297 513.944397 1010.018982
169.000000 1307.999146 1123.317139 507.935760 1203.269165
380.000000 2810.766846 256.594757 1596.242188 856.680054
154.000000 740.064697 546.669312 289.356293 746.639160
155.000000 749.801697 292.964417 297.905792 546.577148
111.000000 580.054138 520.226440 222.932648 723.484619
214.000000 1639.295776 1309.964722 735.729675 1353.323608
215.000000 1642.602905 1556.676514 733.932068 1526.672852
499.000000 2843.151855 222.834122 1613.348633 847.077148
1359.000000 1036.016846 723.313599 408.000000 891.000000
99.000000 203.296463 1213.082886 42.868935 1279.796143
381.000000 2596.242920 333.367798 1484.247925 863.398071
382.000000 2576.718262 93.329140 1480.764893 733.312866
247.000000 863.377808 1627.690308 306.834991 1598.199707
383.000000 2364.666260 410.771484 1349.973267 868.860535
384.000000 2591.257324 333.882019 1480.058105 865.811462
339.000000 2843.882324 525.329590 1606.645020 996.080933
222.000000 1232.330078 656.651001 482.774292 843.322144
441.000000 2850.389404 531.430176 1616.765381 1006.132690
360.000000 2570.601318 91.438087 1477.026978 734.871887
178.000000 272.087463 390.146820 88.396423 606.755188
179.000000 287.817017 166.513123 97.959541 419.895569
107.000000 226.388565 1193.873291 57.448505 1266.500732
188.000000 741.482971 313.240265 288.355835 556.583069
189.000000 730.244202 536.678955 279.029297 739.950623
530.000000 286.865448 449.081848 99.890335 656.895203
531.000000 70.248871 402.183838 3.112502 610.460266
280.000000 1792.799316 1043.346802 893.086670 1176.663818
281.000000 1787.245239 823.234619 894.823303 1026.645386
312.000000 1828.379272 1456.320312 910.009949 1456.670166
313.000000 1837.354248 1673.442749 909.862610 1596.670044
291.000000 1929.299683 1456.691528 1000.101501 1456.666260
455.000000 1613.445190 1215.239014 713.472473 1283.860718
456.000000 1400.072876 1210.228638 600.087402 1278.237793
507.000000 1201.128784 1056.724365 459.811066 1153.326660
752.000000 2828.620850 223.136520 1618.000000 837.000000
1229.000000 2556.949951 114.010422 1468.000000 739.000000
361.000000 2362.756592 195.288986 1343.658081 740.728027
536.000000 2570.937500 319.232697 1466.800293 853.350708
537.000000 2376.736084 390.189758 1359.904785 857.612061
286.000000 1644.495361 859.992065 753.603638 1033.277466
287.000000 1645.903076 1066.671875 750.928162 1180.016968
393.000000 1936.597656 363.242737 1038.425781 750.011292
358.000000 1942.194946 566.894043 1036.543457 884.390076
242.000000 1211.622314 449.973663 478.384552 679.944397
243.000000 1208.490967 653.310120 472.989319 836.654846
364.000000 2111.106445 289.382904 1176.693970 744.247437
365.000000 1937.986084 359.905457 1043.280396 748.227173
363.000000 1782.263916 620.031250 894.293701 887.175171
395.000000 1776.807739 433.329224 895.573181 759.998108
476.000000 1236.785034 1273.908081 476.681549 1321.375366
477.000000 1420.051147 1268.354492 590.001587 1320.148682
143.000000 677.806396 1526.729858 235.419800 1520.109985
1043.000000 203.142014 1209.288696 43.000000 1274.000000
438.000000 1502.077759 1686.673584 658.638611 1616.741333
439.000000 1502.664795 1509.953491 660.281982 1500.004028
290.000000 1936.680054 1700.870239 1000.616028 1603.319458
389.000000 1638.692871 489.973480 758.918396 763.386902
390.000000 1641.006592 666.653503 755.903320 890.061157
1308.000000 929.990662 1555.774170 310.000000 1542.000000
156.000000 1803.293945 1634.519409 890.069336 1572.064331
157.000000 1630.041016 1628.766235 689.959229 1578.785400
501.000000 2903.190430 809.277161 1626.674561 1140.215942
230.000000 1799.995728 1620.100830 883.328918 1563.112793
231.000000 1630.020264 1612.856934 716.662415 1566.453369
576.000000 1958.377319 1600.070801 1019.883972 1543.333618
577.000000 1950.959839 1430.103638 1019.634521 1440.000854
223.000000 1219.849365 436.631622 486.169434 673.256836
591.000000 1383.324463 393.785675 607.055298 657.804443
590.000000 1553.312500 393.259735 707.450073 675.574036
1061.000000 2479.594482 911.139160 1396.000000 1159.000000
417.000000 2646.713623 880.254456 1493.317505 1156.245605
15.000000 903.447449 1248.254761 346.089264 1300.263306
960.000000 1948.262939 372.384705 1047.000000 757.000000
394.000000 1953.371338 539.999084 1037.613037 876.694092
786.000000 890.008362 1422.746460 370.000000 1438.000000
412.000000 1403.372925 1516.667725 589.646057 1499.943115
413.000000 1398.980469 1683.306519 590.756958 1623.326538
359.000000 2094.617188 503.052551 1169.847412 877.178833
137.000000 256.438232 436.646637 73.234985 636.660217
88.000000 579.523560 689.051636 221.749222 854.060852
308.000000 199.742599 253.310974 49.364498 483.513672
797.000000 1669.270020 1493.343384 780.000000 1478.000000
1216.000000 1230.058228 1230.630249 489.000000 1295.000000
508.000000 2093.627686 310.708710 1163.356689 753.938721
991.000000 1552.511475 354.743347 699.000000 644.000000
488.000000 714.057373 843.378174 264.663025 986.751770
489.000000 704.358948 1000.063477 257.622650 1096.727905
410.000000 652.256592 826.800476 237.951752 970.076965
411.000000 642.964722 983.509094 230.555832 1093.566284
1037.000000 203.352646 1561.046265 99.000000 1564.000000
430.000000 1197.916504 1366.699341 453.150696 1393.324585
431.000000 1193.828613 1523.346313 447.515564 1510.201660
886.000000 2490.435059 343.301666 1419.000000 845.000000
474.000000 1390.039917 1215.267944 593.331116 1278.908203
475.000000 1236.703003 1218.430176 479.998260 1279.137939
954.000000 2477.359619 346.993652 1404.000000 845.000000
1225.000000 667.572693 373.010773 266.000000 612.000000
911.000000 673.111389 526.823120 250.000000 725.000000
141.000000 1520.026978 7.222673 710.998413 400.415955
992.000000 1523.411255 15.140200 722.000000 399.000000
946.000000 1373.259277 21.617815 612.000000 354.000000
1076.000000 1223.329224 1531.611816 465.000000 1518.000000
1344.000000 1073.338013 1531.966431 405.000000 1522.000000
570.000000 1679.154785 1039.961304 774.986084 1163.368530
571.000000 1676.825073 889.997559 777.184753 1060.010986
221.000000 248.077469 649.706116 73.145805 819.827637
479.000000 1950.317017 776.513489 1037.090942 1022.919556
10.000000 923.324951 1380.250854 353.557159 1403.343140
1243.000000 1070.050659 1385.148926 408.000000 1405.000000
1258.000000 1731.747070 879.963928 832.000000 1050.000000
213.000000 919.996582 1467.057373 347.342072 1473.407227
515.000000 2416.674316 660.028687 1363.311768 1008.159668
502.000000 2098.650391 489.633850 1163.322266 866.330078
503.000000 1961.142212 539.797546 1053.331055 869.932007
1207.000000 1076.738647 1215.711060 395.000000 1282.000000
1237.000000 1238.024414 633.361755 480.000000 824.000000
344.000000 1643.354980 1562.281738 736.646729 1529.294922
345.000000 1786.696289 1565.226562 873.298340 1525.429932
564.000000 1229.998169 1429.655640 473.360229 1440.817505
565.000000 1373.345215 1428.887939 576.691345 1437.416870
562.000000 1230.014648 1511.282593 469.924042 1501.247070
563.000000 1373.329224 1509.644043 573.362976 1497.480591
336.000000 1648.952515 1067.838989 753.187683 1183.009644
337.000000 1788.948242 1041.149780 889.903076 1177.565430
362.000000 1645.233765 665.994080 759.860107 893.403564
546.000000 1233.363403 1352.206055 473.337585 1380.686768
547.000000 1373.382812 1350.300415 580.000183 1380.026733
376.000000 1770.253662 430.601440 893.374939 754.354492
377.000000 1642.427490 484.519257 763.319336 759.655884
366.000000 1780.385864 818.091919 890.012024 1023.686707
367.000000 1646.910034 854.232361 756.719421 1028.218506
368.000000 1780.254150 1296.806274 873.348511 1348.149414
369.000000 1643.344971 1306.825684 739.994995 1349.513062
299.000000 436.868958 1053.960571 142.973221 1144.910400
687.000000 696.747192 1238.661499 255.000000 1295.000000
420.000000 1079.961670 1543.443359 410.049347 1527.945801
881.000000 1236.704224 1159.333496 476.000000 1228.000000
1338.000000 1512.850464 1385.277954 662.000000 1414.000000
135.000000 1090.320557 1063.757812 423.916168 1160.160156
1319.000000 136.827057 793.061157 48.000000 942.000000
435.000000 1101.614868 646.462463 436.299866 836.875854
1290.000000 2046.536377 503.338196 1116.000000 858.000000
709.000000 1821.715210 1426.717407 907.000000 1438.000000
1232.000000 1979.062500 526.595276 1061.000000 861.000000
506.000000 1195.730103 916.658752 463.704254 1043.346436
147.000000 1380.000000 856.666687 570.075195 1003.243713
273.000000 1320.107422 426.300873 529.066284 667.974060
284.000000 1560.105225 1599.991577 703.413025 1562.697754
1389.000000 2035.303467 506.791229 1082.000000 859.000000
657.000000 1423.000000 544.000000 622.000000 779.000000
608.000000 1476.000000 920.000000 652.000000 1066.000000
757.000000 1453.000000 1658.000000 618.000000 1603.000000
810.000000 1476.000000 528.000000 659.000000 774.000000
665.000000 1440.000000 342.000000 638.000000 628.000000
604.000000 1423.000000 524.000000 622.000000 764.000000
628.000000 1422.000000 937.000000 614.000000 1075.000000
1202.000000 1176.000000 862.000000 459.000000 1005.000000
982.000000 1440.000000 539.000000 635.000000 778.000000
712.000000 1421.000000 1372.000000 605.000000 1397.000000
601.000000 1422.000000 914.000000 614.000000 1058.000000
1479.000000 1424.000000 307.000000 627.000000 598.000000
663.000000 1422.000000 1143.000000 609.000000 1228.000000
741.000000 1748.000000 549.000000 856.000000 828.000000
1078.000000 242.000000 497.000000 39.000000 690.000000
837.000000 1757.000000 945.000000 852.000000 1105.000000
606.000000 1476.000000 874.000000 653.000000 1032.000000
777.000000 1476.000000 897.000000 653.000000 1049.000000
888.000000 1476.000000 508.000000 660.000000 759.000000
689.000000 1879.000000 1356.000000 950.000000 1388.000000
1462.000000 536.000000 1140.000000 192.000000 1219.000000
1196.000000 1492.000000 307.000000 677.000000 610.000000
1379.000000 2212.000000 1217.000000 1242.000000 1307.000000
796.000000 163.000000 481.000000 30.000000 671.000000
1467.000000 1185.000000 469.000000 463.000000 692.000000
632.000000 1476.000000 670.000000 657.000000 880.000000
802.000000 1477.000000 1125.000000 649.000000 1217.000000
828.000000 1439.000000 932.000000 627.000000 1072.000000
678.000000 1476.000000 691.000000 657.000000 896.000000
1222.000000 201.000000 469.000000 57.000000 669.000000
867.000000 1182.000000 611.000000 459.000000 805.000000
630.000000 1229.000000 708.000000 245.000000 772.000000
1326.000000 1829.000000 1306.000000 918.000000 1356.000000
1084.000000 2025.000000 926.000000 1084.000000 1123.000000
568.000000 1754.000000 1538.000000 856.690369 1514.415649
613.000000 1421.000000 1348.000000 605.000000 1379.000000
779.000000 1758.000000 983.000000 852.000000 1131.000000
764.000000 1475.000000 292.000000 664.000000 595.000000
259.000000 2366.000000 433.000000 1341.912476 880.036743
1053.000000 1423.000000 346.000000 626.000000 629.000000
57.000000 1672.000000 299.000000 776.653748 629.657410
902.000000 1916.000000 1419.000000 983.000000 1429.000000
917.000000 1422.000000 1119.000000 610.000000 1210.000000
1146.000000 1880.000000 1419.000000 950.000000 1429.000000
1505.000000 1477.000000 1389.000000 646.000000 1408.000000
1431.000000 712.000000 1062.000000 275.000000 1142.000000
872.000000 2166.000000 390.000000 1214.000000 818.000000
505.000000 1649.000000 1320.000000 753.365479 1361.146973
1055.000000 592.000000 561.000000 222.000000 760.000000
1263.000000 1133.000000 532.000000 461.000000 752.000000
716.000000 1693.000000 570.000000 802.000000 831.000000
882.000000 1711.000000 1371.000000 800.000000 1396.000000
1322.000000 1492.000000 327.000000 676.000000 624.000000
1060.000000 1175.000000 942.000000 457.000000 1067.000000
655.000000 1423.000000 708.000000 618.000000 904.000000
619.000000 1899.000000 1355.000000 967.000000 1388.000000
1103.000000 2211.000000 593.000000 1229.000000 940.000000
1104.000000 2374.000000 369.000000 1363.000000 847.000000
747.000000 1477.000000 1078.000000 649.000000 1183.000000
598.000000 1478.000000 1354.000000 645.000000 1383.000000
1464.000000 1440.000000 682.000000 631.000000 886.000000
631.000000 1475.000000 331.000000 663.000000 625.000000
1189.000000 2041.000000 102.000000 1082.000000 584.000000
1298.000000 1458.000000 925.000000 641.000000 1068.000000
594.000000 1476.000000 712.000000 656.000000 912.000000
927.000000 1423.000000 504.000000 623.000000 749.000000
771.000000 1459.000000 1335.000000 632.000000 1370.000000
596.000000 1477.000000 1102.000000 649.000000 1200.000000
643.000000 1423.000000 327.000000 626.000000 614.000000
1450.000000 1458.000000 316.000000 652.000000 611.000000
1561.000000 278.000000 480.000000 89.000000 681.000000
1010.000000 1440.000000 303.000000 639.000000 597.000000
1328.000000 1110.000000 387.000000 447.000000 641.000000
1390.000000 1458.000000 533.000000 648.000000 775.000000
1272.000000 246.000000 1114.000000 113.000000 1198.000000
1523.000000 1494.000000 892.000000 666.000000 1046.000000
494.000000 1765.000000 445.000000 883.382568 764.418091
1367.000000 2072.000000 1405.000000 1097.000000 1423.000000
1381.000000 1879.000000 1433.000000 951.000000 1439.000000
1125.000000 1173.000000 1012.000000 456.000000 1121.000000
686.000000 1965.000000 494.000000 1061.000000 840.000000
780.000000 590.000000 722.000000 221.000000 887.000000
1474.000000 1423.000000 687.000000 619.000000 888.000000
966.000000 1494.000000 665.000000 670.000000 879.000000
633.000000 1702.000000 995.000000 798.000000 1133.000000
1194.000000 2079.000000 1538.000000 1108.000000 1502.000000
1032.000000 1282.000000 328.000000 395.000000 483.000000
887.000000 1152.000000 1592.000000 439.000000 1565.000000
1047.000000 1422.000000 1096.000000 611.000000 1193.000000
1011.000000 1440.000000 322.000000 639.000000 613.000000
1005.000000 1459.000000 296.000000 652.000000 596.000000
697.000000 1492.000000 287.000000 677.000000 595.000000
593.000000 1789.000000 242.000000 925.000000 635.000000
611.000000 653.000000 1288.000000 225.000000 1335.000000
980.000000 2023.000000 508.000000 1101.000000 858.000000
1405.000000 1604.000000 1239.000000 717.000000 1323.000000
1526.000000 1116.000000 1277.000000 430.000000 1325.000000
623.000000 1766.000000 542.000000 875.000000 827.000000
1115.000000 1459.000000 696.000000 644.000000 898.000000
1153.000000 1459.000000 902.000000 640.000000 1051.000000
805.000000 1403.000000 1148.000000 598.000000 1230.000000
1527.000000 2040.000000 1389.000000 1085.000000 1412.000000
1041.000000 1495.000000 1073.000000 663.000000 1179.000000
1457.000000 1459.000000 675.000000 645.000000 882.000000
1226.000000 1447.000000 1044.000000 636.000000 1157.000000
974.000000 2085.000000 1405.000000 1118.000000 1423.000000
844.000000 2064.000000 1429.000000 1098.000000 1445.000000
548.000000 1774.000000 1030.000000 873.328674 1166.500977
1159.000000 1334.000000 328.000000 282.000000 388.000000
1345.000000 1459.000000 512.000000 648.000000 760.000000
660.000000 1705.000000 621.000000 820.000000 869.000000
688.000000 1404.000000 734.000000 607.000000 921.000000
983.000000 1714.000000 1027.000000 816.000000 1157.000000
732.000000 706.000000 334.000000 269.000000 570.000000
1524.000000 1422.000000 960.000000 614.000000 1091.000000
1420.000000 1183.000000 577.000000 459.000000 778.000000
1495.000000 583.000000 1285.000000 211.000000 1334.000000
817.000000 1766.000000 563.000000 875.000000 848.000000
1550.000000 1845.000000 174.000000 825.000000 517.000000
1371.000000 1459.000000 879.000000 640.000000 1034.000000
1361.000000 1439.000000 745.000000 631.000000 918.000000
1449.000000 1494.000000 869.000000 666.000000 1029.000000
1215.000000 1181.000000 643.000000 458.000000 829.000000
698.000000 1701.000000 959.000000 798.000000 1108.000000
1481.000000 1125.000000 159.000000 201.000000 256.000000
1472.000000 2027.000000 966.000000 1084.000000 1148.000000
647.000000 1755.000000 864.000000 852.000000 1048.000000
472.000000 1774.000000 833.000000 880.031189 1034.132080
569.000000 1657.000000 1545.000000 753.333557 1516.677856
818.000000 644.000000 1470.000000 218.000000 1477.000000
754.000000 1458.000000 336.000000 614.000000 614.000000
1211.000000 1150.000000 1192.000000 233.000000 1225.000000
549.000000 1660.000000 1051.000000 766.746826 1169.507690
1313.000000 2179.000000 552.000000 1228.000000 924.000000
880.000000 1439.000000 909.000000 627.000000 1055.000000
703.000000 647.000000 1428.000000 220.000000 1444.000000
1070.000000 2068.000000 1351.000000 1098.000000 1387.000000
684.000000 1445.000000 1672.000000 611.000000 1613.000000
1428.000000 585.000000 1039.000000 248.000000 1149.000000
1160.000000 2882.000000 550.000000 1625.000000 1020.000000
1152.000000 1931.000000 1426.000000 1002.000000 1434.000000
1320.000000 1931.000000 121.000000 897.000000 487.000000
1414.000000 2189.000000 44.000000 1250.000000 620.000000
1419.000000 1443.000000 1645.000000 611.000000 1595.000000
858.000000 331.000000 779.000000 162.000000 939.000000
739.000000 235.000000 657.000000 56.000000 822.000000
1175.000000 1176.000000 828.000000 459.000000 979.000000
1271.000000 1892.000000 1432.000000 974.000000 1439.000000
683.000000 1771.000000 1015.000000 852.000000 1156.000000
798.000000 1749.000000 606.000000 856.000000 869.000000
969.000000 1694.000000 599.000000 802.000000 851.000000
1087.000000 1519.000000 1229.000000 676.000000 1307.000000
1073.000000 1405.000000 692.000000 607.000000 890.000000
592.000000 1478.000000 1330.000000 645.000000 1366.000000
379.000000 2807.000000 9.000000 1592.137329 726.599243
841.000000 1421.000000 1407.000000 607.000000 1421.000000
1269.000000 769.000000 811.000000 294.000000 959.000000
772.000000 1707.000000 565.000000 821.000000 830.000000
1228.000000 750.000000 584.000000 278.000000 799.000000
1098.000000 2112.000000 1567.000000 1138.000000 1518.000000
656.000000 2023.000000 886.000000 1083.000000 1097.000000
636.000000 1422.000000 868.000000 615.000000 1024.000000
895.000000 1422.000000 891.000000 615.000000 1041.000000
914.000000 1398.000000 1485.000000 595.000000 1479.000000
862.000000 120.000000 115.000000 26.000000 369.000000
723.000000 382.000000 1339.000000 119.000000 1377.000000
1072.000000 1476.000000 467.000000 661.000000 729.000000
1517.000000 2136.000000 1442.000000 1166.000000 1443.000000
693.000000 2002.000000 1292.000000 1063.000000 1351.000000
600.000000 1422.000000 1324.000000 606.000000 1361.000000
1417.000000 1916.000000 1299.000000 992.000000 1353.000000
1380.000000 1174.000000 977.000000 457.000000 1094.000000
961.000000 1700.000000 879.000000 799.000000 1050.000000
620.000000 186.000000 798.000000 32.000000 938.000000
964.000000 1404.000000 920.000000 602.000000 1061.000000
1009.000000 2094.000000 1256.000000 1152.000000 1338.000000
820.000000 1476.000000 851.000000 653.000000 1015.000000
1183.000000 605.000000 938.000000 212.000000 1057.000000
1267.000000 577.000000 975.000000 211.000000 1089.000000
1129.000000 578.000000 1384.000000 207.000000 1411.000000
1363.000000 1726.000000 1406.000000 813.000000 1421.000000
1065.000000 2473.000000 830.000000 1391.000000 1112.000000
1178.000000 750.000000 604.000000 292.000000 793.000000
1295.000000 1773.000000 1430.000000 887.000000 1438.000000
1422.000000 2005.000000 483.000000 1082.000000 839.000000
865.000000 1186.000000 437.000000 270.000000 541.000000
1384.000000 708.000000 689.000000 273.000000 861.000000
1184.000000 2088.000000 1444.000000 1118.000000 1445.000000
667.000000 1423.000000 483.000000 623.000000 733.000000
1454.000000 1377.000000 782.000000 592.000000 957.000000
514.000000 2600.000000 611.000000 1473.328003 1007.881104
1552.000000 93.000000 462.000000 9.000000 660.000000
1286.000000 1406.000000 508.000000 611.000000 750.000000
652.000000 683.000000 738.000000 249.000000 898.000000
1453.000000 1153.000000 1612.000000 449.000000 1578.000000
1288.000000 1447.000000 634.000000 644.000000 852.000000
249.000000 1223.000000 812.000000 477.669678 963.067688
1049.000000 1404.000000 896.000000 603.000000 1043.000000
822.000000 1757.000000 1453.000000 838.000000 1452.000000
674.000000 1423.000000 729.000000 618.000000 920.000000
627.000000 635.000000 441.000000 265.000000 640.000000
597.000000 698.000000 494.000000 262.000000 700.000000
1173.000000 1715.000000 955.000000 817.000000 1107.000000
513.000000 3017.000000 1392.000000 1716.642090 1419.399536
920.000000 730.000000 1063.000000 274.000000 1158.000000
1246.000000 2085.000000 1390.000000 1132.000000 1411.000000
1218.000000 1439.000000 1366.000000 617.000000 1393.000000
1528.000000 1439.000000 1343.000000 619.000000 1375.000000
800.000000 2067.000000 1516.000000 1117.000000 1492.000000
873.000000 1962.000000 783.000000 1047.000000 1027.000000
1112.000000 1405.000000 548.000000 611.000000 780.000000
1314.000000 1101.000000 679.000000 435.000000 859.000000
1208.000000 1678.000000 1353.000000 782.000000 1373.000000
1121.000000 604.000000 510.000000 233.000000 716.000000
504.000000 1773.000000 1311.000000 863.372498 1358.064819
928.000000 1165.000000 1476.000000 444.000000 1475.000000
861.000000 1154.000000 211.000000 412.000000 463.000000
921.000000 580.000000 666.000000 230.000000 855.000000
1545.000000 1416.000000 810.000000 594.000000 981.000000
1493.000000 1347.000000 382.000000 575.000000 634.000000
1227.000000 1167.000000 1402.000000 447.000000 1419.000000
1221.000000 1148.000000 777.000000 246.000000 851.000000
891.000000 1201.000000 249.000000 462.000000 521.000000
460.000000 2825.000000 17.000000 1606.689941 733.918091
740.000000 1696.000000 1372.000000 781.000000 1397.000000
682.000000 2071.000000 635.000000 1137.000000 951.000000
926.000000 1948.000000 1427.000000 1017.000000 1435.000000
1285.000000 637.000000 862.000000 249.000000 1005.000000
614.000000 700.000000 457.000000 264.000000 670.000000
1426.000000 2157.000000 1441.000000 1135.000000 1445.000000
1281.000000 1774.000000 1453.000000 857.000000 1451.000000
986.000000 1516.000000 551.000000 695.000000 799.000000
434.000000 1134.000000 500.000000 444.518219 720.318604
1421.000000 1458.000000 717.000000 645.000000 913.000000
788.000000 1166.000000 1439.000000 435.000000 1447.000000
1540.000000 195.000000 1111.000000 44.000000 1195.000000
988.000000 682.000000 777.000000 247.000000 928.000000
996.000000 2030.000000 1326.000000 1075.000000 1387.000000
1131.000000 1440.000000 499.000000 636.000000 747.000000
427.000000 2121.000000 982.000000 1166.528931 1167.529297
699.000000 1377.000000 993.000000 588.000000 1115.000000
444.000000 544.000000 1493.000000 182.458298 1496.572388
1423.000000 2079.000000 552.000000 1144.000000 900.000000
1469.000000 1476.000000 1054.000000 649.000000 1166.000000
971.000000 2040.000000 790.000000 1103.000000 1040.000000
1094.000000 981.000000 242.000000 446.000000 530.000000
944.000000 1192.000000 1317.000000 449.000000 1354.000000
893.000000 1459.000000 1083.000000 637.000000 1185.000000
794.000000 1713.000000 1489.000000 799.000000 1478.000000
1542.000000 1079.000000 1078.000000 417.000000 1171.000000
599.000000 222.000000 340.000000 55.000000 558.000000
889.000000 733.000000 1157.000000 273.000000 1231.000000
1292.000000 2028.000000 1390.000000 1074.000000 1412.000000
1199.000000 2026.000000 445.000000 1102.000000 819.000000
607.000000 1130.000000 101.000000 424.000000 385.000000
640.000000 1402.000000 1377.000000 594.000000 1400.000000
163.000000 1515.000000 50.000000 703.839600 417.956940
823.000000 2162.000000 1567.000000 1179.000000 1518.000000
860.000000 1866.000000 1433.000000 940.000000 1439.000000
1501.000000 642.000000 317.000000 241.000000 553.000000
1190.000000 1758.000000 1488.000000 838.000000 1476.000000
726.000000 610.000000 397.000000 238.000000 625.000000
1478.000000 278.000000 503.000000 89.000000 699.000000
1351.000000 2114.000000 809.000000 1159.000000 1052.000000
943.000000 1985.000000 1234.000000 1051.000000 1314.000000
1059.000000 1405.000000 528.000000 610.000000 765.000000
1436.000000 2007.000000 422.000000 1082.000000 820.000000
1316.000000 2530.000000 291.000000 1460.000000 843.000000
845.000000 902.000000 327.000000 361.000000 575.000000
1415.000000 2942.000000 1417.000000 1687.000000 1434.000000
110.000000 591.000000 221.000000 235.144867 486.760132
1317.000000 1476.000000 649.000000 657.000000 865.000000
463.000000 2140.000000 1567.000000 1166.634399 1518.874268
1017.000000 475.000000 280.000000 135.000000 498.000000
763.000000 1403.000000 1101.000000 598.000000 1196.000000
58.000000 245.000000 1162.000000 66.596695 1239.777832
609.000000 2081.000000 488.000000 1136.000000 857.000000
1430.000000 1459.000000 1287.000000 634.000000 1335.000000
1124.000000 1459.000000 1358.000000 633.000000 1387.000000
1046.000000 547.000000 1427.000000 188.000000 1445.000000
1077.000000 1440.000000 886.000000 627.000000 1038.000000
790.000000 1134.000000 487.000000 267.000000 599.000000
679.000000 1692.000000 504.000000 802.000000 782.000000
258.000000 2343.000000 173.000000 1337.943115 726.633667
1525.000000 1462.000000 1644.000000 625.000000 1593.000000

7.000000 940.355896 312.761505 908.901917 1209.961548 377.229584 580.168518 346.089264 1300.263306
5.000000 926.393005 1190.213257 955.086670 329.947296 353.557159 1403.343140 389.327667 589.823853
10.000000 2266.155273 919.636536 2221.088379 156.405579 1268.541260 1216.597534 1261.278809 669.938721
11.000000 970.672791 227.910400 273.317230 3.383317 435.768677 513.425415 -0.753865 185.439728
14.000000 1615.491089 1156.711182 1608.279175 426.650726 717.911987 1239.954102 729.568604 709.990540
21.000000 371.722900 296.540771 314.893738 1023.455322 134.948608 520.094055 106.607796 1006.663208
86.000000 154.029755 24.456356 826.746704 236.412628 173.128540 380.288513 327.009827 489.516541
8.000000 490.797699 1053.165527 537.127991 353.143250 174.773849 1146.559082 206.777222 583.339600
13.000000 834.129456 396.850067 804.082642 1073.366577 332.718262 630.130005 307.212830 1163.359497
16.000000 2206.754639 166.661896 2242.302979 823.569458 1251.389404 683.317871 1257.148315 1199.994629
15.000000 1607.604858 422.030792 2189.857422 153.024872 726.553467 704.164673 1246.695068 680.628845
32.000000 984.595093 453.261230 962.314941 1093.413940 385.690643 876.623535 372.425781 1176.773926
18.000000 878.738342 1079.949829 904.055725 443.229523 337.649628 1166.710083 359.728546 666.654663
12.000000 1031.036499 1096.596069 1049.995483 479.897400 397.962219 1183.234619 423.982147 646.375000
73.000000 1357.351929 1123.316650 1361.208740 513.298828 564.480591 1206.606567 570.075195 1003.243713
20.000000 1555.627686 526.645630 1561.035767 1116.657227 712.363098 723.459045 701.551880 1213.367554
17.000000 1261.754883 529.973450 1251.877686 1116.698242 504.687531 693.380981 486.856934 1200.124023
56.000000 1586.402954 372.777649 2090.169922 133.691467 966.802979 638.360779 733.638062 657.120911
30.000000 2139.476562 72.275696 1702.602905 288.524323 1236.911987 630.910583 930.114136 648.642029
206.000000 354.136902 936.726440 386.399139 503.065460 126.379410 849.979797 135.055450 726.553406
130.000000 1364.919434 349.360718 1009.160339 246.229858 586.702209 624.538635 462.589294 534.357361
112.000000 2153.944824 1199.979248 2166.295410 1563.345947 1184.708618 1336.681274 1182.909302 1506.662231
53.000000 200.314148 1533.075195 230.269012 1182.786255 41.841274 1506.569702 57.448505 1266.500732
93.000000 248.635880 946.546936 276.475311 629.398010 75.886024 993.280701 88.252251 809.882141
215.000000 1363.337158 1626.803589 1049.972168 1635.683716 356.597412 1592.668701 473.385529 1580.500854
127.000000 2841.053467 529.891968 2872.865967 840.047913 1602.556885 999.904724 1609.073608 1153.514404
44.000000 572.811523 686.627197 549.611877 993.555969 221.749222 854.060852 199.340958 1113.276367
52.000000 193.625992 1230.025879 167.120712 1530.040161 31.048664 1290.070923 14.603510 1533.419189
83.000000 733.775513 1003.190674 747.928772 716.399963 278.450897 1083.247192 289.204437 889.955750
67.000000 1097.648071 789.898499 1085.557495 1070.095947 432.645203 946.774902 423.916168 1160.160156
54.000000 96.014130 123.264229 67.056313 396.707916 17.960083 346.749603 2.581968 586.618469
117.000000 1988.625610 1296.598267 1998.175171 1569.947266 1052.240723 1356.661133 1052.620117 1521.065918
166.000000 2813.239014 259.724762 3070.517822 171.510544 1599.854736 859.455444 1736.703979 854.328796
198.000000 646.652161 193.380295 389.816833 113.925438 273.443665 463.175476 169.593887 390.580963
66.000000 714.492981 999.905518 726.136108 732.841003 267.788300 1109.903076 277.140015 896.541321
84.000000 1310.081177 866.667297 1307.999146 1123.317139 513.944397 1010.018982 507.935760 1203.269165
192.000000 2786.978760 2.991395 2810.766846 256.594757 1592.137329 726.599243 1596.242188 856.680054
77.000000 740.064697 546.669312 749.801697 292.964417 289.356293 746.639160 297.905792 546.577148
124.000000 1225.809326 1059.987305 1229.519531 809.943420 470.463837 1116.688477 477.669678 963.067688
55.000000 596.557556 273.326050 580.054138 520.226440 235.144867 486.760132 222.932648 723.484619
107.000000 1639.295776 1309.964722 1642.602905 1556.676514 735.729675 1353.323608 733.932068 1526.672852
253.000000 3072.250244 139.521500 2843.151855 222.834122 1723.444214 842.974060 1613.348633 847.077148
49.000000 185.432999 1453.489380 203.296463 1213.082886 29.618700 1526.646240 42.868935 1279.796143
193.000000 2596.242920 333.367798 2576.718262 93.329140 1484.247925 863.398071 1480.764893 733.312866
123.000000 623.251648 1638.119263 863.377808 1627.690308 153.519989 1615.033447 306.834991 1598.199707
194.000000 2364.666260 410.771484 2591.257324 333.882019 1349.973267 868.860535 1480.058105 865.811462
170.000000 3070.804443 462.925446 2843.882324 525.329590 1743.370972 991.015381 1606.645020 996.080933
111.000000 1232.330078 656.651001 1235.970947 423.270477 482.774292 843.322144 486.169434 673.256836
119.000000 253.091629 955.562012 23.264269 930.636841 156.744568 1123.005249 2.602245 1086.412964
181.000000 2570.601318 91.438087 2362.660645 178.391266 1477.026978 734.871887 1343.658081 740.728027
89.000000 272.087463 390.146820 287.817017 166.513123 88.396423 606.755188 97.959541 419.895569
94.000000 741.482971 313.240265 730.244202 536.678955 288.355835 556.583069 279.029297 739.950623
269.000000 286.865448 449.081848 70.248871 402.183838 99.890335 656.895203 3.112502 610.460266
140.000000 1792.799316 1043.346802 1787.245239 823.234619 893.086670 1176.663818 894.823303 1026.645386
157.000000 1828.379272 1456.320312 1837.354248 1673.442749 910.009949 1456.670166 909.862610 1596.670044
145.000000 1936.885010 1669.992188 1929.299683 1456.691528 1000.616028 1603.319458 1000.101501 1456.666260
231.000000 1613.445190 1215.239014 1400.072876 1210.228638 713.472473 1283.860718 600.087402 1278.237793
223.000000 3070.332764 484.571411 2864.055908 541.458191 1733.404541 1002.018250 1616.765381 1006.132690
257.000000 1203.890625 843.340515 1201.128784 1056.724365 463.704254 1043.346436 459.811066 1153.326660
272.000000 2570.937500 319.232697 2376.736084 390.189758 1466.800293 853.350708 1359.904785 857.612061
143.000000 1644.495361 859.992065 1645.903076 1066.671875 753.603638 1033.277466 750.928162 1180.016968
121.000000 1211.622314 449.973663 1208.490967 653.310120 478.384552 679.944397 472.989319 836.654846
151.000000 2876.540039 842.665894 3070.486816 805.901733 1609.073608 1153.514404 1750.049072 1147.827271
183.000000 2111.106445 289.382904 1937.986084 359.905457 1176.693970 744.247437 1043.280396 748.227173
200.000000 1782.263916 620.031250 1776.807739 433.329224 894.293701 887.175171 895.573181 759.998108
242.000000 1236.785034 1273.908081 1420.051147 1268.354492 476.681549 1321.375366 590.001587 1320.148682
71.000000 687.788147 1346.544189 677.806396 1526.729858 246.150864 1316.639404 235.419800 1520.109985
116.000000 2379.752686 2.813966 2216.853027 80.391571 1426.662231 626.426636 1260.115479 629.531128
64.000000 1860.019653 1683.929321 1680.024170 1684.829712 900.203308 1605.616577 683.097168 1613.474976
222.000000 1502.077759 1686.673584 1502.664795 1509.953491 658.638611 1616.741333 660.281982 1500.004028
105.000000 1760.003906 1703.588013 1936.680054 1700.870239 896.563049 1614.260498 1069.862061 1606.796997
197.000000 1638.692871 489.973480 1641.006592 666.653503 758.918396 763.386902 755.903320 890.061157
142.000000 1623.804565 1609.997192 1622.753784 1433.336792 703.413025 1562.697754 712.798584 1416.205322
78.000000 1803.293945 1634.519409 1630.041016 1628.766235 890.069336 1572.064331 689.959229 1578.785400
254.000000 3071.197021 776.052917 2903.190430 809.277161 1736.770996 1136.176025 1626.674561 1140.215942
115.000000 1799.995728 1620.100830 1630.020264 1612.856934 883.328918 1563.112793 716.662415 1566.453369
292.000000 1958.377319 1600.070801 1950.959839 1430.103638 1019.883972 1543.333618 1019.634521 1440.000854
299.000000 1383.324463 393.785675 1553.312500 393.259735 707.450073 675.574036 607.055298 657.804443
211.000000 2479.594482 911.139160 2646.713623 880.254456 1373.111572 1160.752075 1493.317505 1156.245605
199.000000 1948.262939 372.384705 1953.371338 539.999084 1038.425781 750.011292 1037.613037 876.694092
209.000000 1403.372925 1516.667725 1398.980469 1683.306519 589.646057 1499.943115 590.756958 1623.326538
180.000000 1942.194946 566.894043 2094.617188 503.052551 1036.543457 884.390076 1169.847412 877.178833
68.000000 270.768127 273.108551 256.438232 436.646637 86.819183 430.010040 73.234985 636.660217
155.000000 199.742599 253.310974 185.826462 413.549866 49.364498 483.513672 40.017773 623.334534
258.000000 2093.627686 310.708710 1948.262939 372.384705 1163.356689 753.938721 1053.392212 758.188721
248.000000 714.057373 843.378174 704.358948 1000.063477 264.663025 986.751770 257.622650 1096.727905
208.000000 652.256592 826.800476 642.964722 983.509094 237.951752 970.076965 230.555832 1093.566284
218.000000 1197.916504 1366.699341 1193.828613 1523.346313 453.150696 1393.324585 447.515564 1510.201660
241.000000 1390.039917 1215.267944 1236.703003 1218.430176 593.331116 1278.908203 479.998260 1279.137939
57.000000 1523.411255 15.140200 1373.259277 21.617815 500.909454 365.189087 727.357910 390.476593
289.000000 1679.154785 1039.961304 1676.825073 889.997559 774.986084 1163.368530 777.184753 1060.010986
110.000000 239.860077 796.658813 248.077469 649.706116 64.811417 990.072388 73.145805 819.827637
243.000000 1950.317017 776.513489 1956.484863 923.480835 1150.130005 1015.249756 1037.090942 1022.919556
261.000000 2558.140625 622.175598 2416.674316 660.028687 1473.328003 1007.881104 1363.311768 1008.159668
255.000000 2098.650391 489.633850 1961.142212 539.797546 1163.322266 866.330078 1053.331055 869.932007
173.000000 1643.354980 1562.281738 1786.696289 1565.226562 736.646729 1529.294922 873.298340 1525.429932
286.000000 1229.998169 1429.655640 1373.345215 1428.887939 473.360229 1440.817505 576.691345 1437.416870
285.000000 1230.014648 1511.282593 1373.329224 1509.644043 469.924042 1501.247070 573.362976 1497.480591
169.000000 1648.952515 1067.838989 1788.948242 1041.149780 753.187683 1183.009644 889.903076 1177.565430
182.000000 1645.233765 665.994080 1778.241455 618.416992 759.860107 893.403564 894.293701 887.175171
277.000000 1233.363403 1352.206055 1373.382812 1350.300415 473.337585 1380.686768 580.000183 1380.026733
190.000000 1770.253662 430.601440 1642.427490 484.519257 893.374939 754.354492 763.319336 759.655884
184.000000 1780.385864 818.091919 1646.910034 854.232361 890.012024 1023.686707 756.719421 1028.218506
185.000000 1780.254150 1296.806274 1643.344971 1306.825684 873.348511 1348.149414 739.994995 1349.513062
70.000000 1383.210205 32.810547 1520.056641 28.441072 507.443329 379.211151 710.998413 400.415955
213.000000 1079.961670 1543.443359 1213.355469 1541.858765 410.049347 1527.945801 529.980103 1530.827148
220.000000 1166.429810 510.083588 1162.832764 643.319824 444.518219 720.318604 436.299866 836.875854
22.000000 705.094116 238.417526 830.832397 277.308746 1.550323 305.942596 389.354095 570.945190
81.000000 1379.653198 60.197052 1510.171631 53.201736 510.027527 399.707733 703.839600 417.956940
136.000000 1196.652222 390.049377 1320.107422 426.300873 406.402527 580.369812 529.066284 667.974060
