Keypoint Matches and Line Matches for pairs 10, 25 
10 corresponds to the image ./resources/Data/CastleP30/images/0010.png 
25 corresponds to the image ./resources/Data/CastleP30/images/0025.png 

13.000000 2273.406738 302.000763 3070.083496 297.059753
26.000000 386.592987 371.328308 1766.669434 580.012634
11.000000 392.611938 456.612152 1771.237671 656.637329
28.000000 810.002380 376.739899 2350.143311 474.014435
113.000000 242.457428 1120.192749 2051.024170 1223.281372
34.000000 350.047638 374.875397 1733.559448 587.695190
1.000000 979.781982 420.675049 3070.644775 379.825531
331.000000 543.638550 686.679138 2030.844849 816.633728
118.000000 194.696365 1076.756470 1979.090332 1230.041870
119.000000 209.631470 849.975708 1970.021729 1033.178833
293.000000 100.570442 483.114319 1248.899780 816.684448
122.000000 941.779785 466.736572 2974.518799 493.179932
123.000000 933.532227 676.674500 2999.568359 686.722534
557.000000 76.204063 1079.960327 1834.065430 1223.320679
319.000000 93.327942 879.999512 2075.178223 1059.913818
521.000000 572.194641 689.933167 2050.244141 813.321899
267.000000 116.490562 496.650421 1417.530273 786.692078
1196.000000 577.501831 476.721954 1809.000000 719.000000
167.000000 846.672424 413.697296 2440.147461 500.736786
283.000000 193.330612 1083.243652 2220.287842 1193.216675
341.000000 46.596855 1087.702759 1823.558350 1229.331543
160.000000 669.989014 1075.896606 2790.334473 1143.974121
161.000000 523.304626 1077.987061 2610.207520 1159.133423
186.000000 919.960144 685.004822 2573.335693 740.013672
400.000000 124.485596 139.298737 1224.938354 506.334290
401.000000 15.051382 48.615959 1116.388428 443.816528
185.000000 690.025879 690.812622 2743.680176 712.118591
296.000000 549.955505 695.268616 2040.462402 822.834595
1074.000000 2972.000000 1649.000000 2811.000000 1761.000000
725.000000 141.000000 604.000000 1463.000000 884.000000
658.000000 434.000000 1730.000000 2168.000000 1893.000000
1395.000000 442.000000 1711.000000 2177.000000 1832.000000
670.000000 576.000000 1031.000000 2651.000000 1104.000000
1077.000000 94.000000 750.000000 1401.000000 992.000000
1042.000000 539.000000 835.000000 2054.000000 1028.000000
603.000000 194.000000 603.000000 1518.000000 874.000000
1191.000000 407.000000 221.000000 1301.000000 536.000000
1409.000000 127.000000 744.000000 1266.000000 1063.000000
1200.000000 181.000000 1039.000000 1952.000000 1172.000000
1098.000000 35.000000 1267.000000 1815.000000 1403.000000
1205.000000 2168.000000 180.000000 2913.000000 136.000000
1228.000000 186.000000 974.000000 2209.000000 1110.000000
1268.000000 103.000000 1073.000000 2111.000000 1189.000000
1505.000000 1058.000000 327.000000 2754.000000 344.000000
1424.000000 203.000000 503.000000 1518.000000 791.000000
708.000000 147.000000 533.000000 1518.000000 850.000000
1049.000000 105.000000 1040.000000 2109.000000 1154.000000
1076.000000 220.000000 532.000000 1538.000000 846.000000
1145.000000 407.000000 240.000000 2097.000000 335.000000
1109.000000 798.000000 327.000000 2379.000000 400.000000
1239.000000 678.000000 618.000000 1946.000000 802.000000
1164.000000 159.000000 1287.000000 1971.000000 1421.000000
1378.000000 210.000000 304.000000 1196.000000 663.000000
1393.000000 580.000000 346.000000 1568.000000 602.000000
270.000000 565.000000 463.000000 1603.307617 746.531799
804.000000 108.000000 801.000000 1351.000000 985.000000
1362.000000 222.000000 503.000000 1537.000000 785.000000
1283.000000 31.000000 42.000000 1133.000000 420.000000
1453.000000 744.000000 544.000000 2286.000000 629.000000
868.000000 51.000000 56.000000 1147.000000 431.000000
1452.000000 82.000000 1574.000000 2125.000000 1706.000000
434.000000 233.000000 480.000000 1373.634399 791.607788
1309.000000 392.000000 306.000000 1979.000000 402.000000
961.000000 9.000000 24.000000 1117.000000 409.000000
1167.000000 125.000000 534.000000 1327.000000 883.000000
1119.000000 1048.000000 607.000000 2727.000000 643.000000
1381.000000 598.000000 683.000000 2079.000000 807.000000
1353.000000 267.000000 343.000000 1279.000000 646.000000
646.000000 189.000000 261.000000 1209.000000 645.000000
23.000000 476.000000 356.000000 1838.241577 544.402100
183.000000 85.000000 860.000000 1575.386719 1076.661133
1464.000000 102.000000 314.000000 1264.000000 665.000000
1105.000000 177.000000 1071.000000 1952.000000 1204.000000
848.000000 2021.000000 141.000000 2903.000000 114.000000
19.000000 13.000000 483.000000 1099.682495 785.126953
866.000000 680.000000 586.000000 1946.000000 776.000000
73.000000 666.000000 843.000000 2789.993164 926.610657
748.000000 748.000000 182.000000 1690.000000 419.000000
143.000000 170.000000 1265.000000 2240.058838 1381.330688
1459.000000 355.000000 380.000000 1738.000000 595.000000
93.000000 1065.000000 449.000000 2743.557129 531.163330
1408.000000 943.000000 642.000000 2314.000000 741.000000
1454.000000 193.000000 867.000000 2204.000000 1032.000000
1053.000000 214.000000 603.000000 1481.000000 835.000000
1317.000000 1265.000000 168.000000 2133.000000 306.000000
230.000000 699.000000 459.000000 1960.041626 680.224792
698.000000 63.000000 1500.000000 1966.000000 1609.000000
1336.000000 727.000000 182.000000 1707.000000 414.000000
1252.000000 674.000000 681.000000 2373.000000 760.000000

1.000000 2306.636230 132.485291 265.676544 205.751923 2316.379150 262.197968 1207.414307 543.126465
13.000000 2273.406738 302.000763 386.592987 371.328308 2313.815674 458.844757 1766.669434 580.012634
6.000000 392.611938 456.612152 334.179260 1229.812012 1771.237671 656.637329 1789.878052 1443.336182
5.000000 350.806824 1213.641113 407.040497 457.190033 1801.678589 1440.040161 1781.172363 643.185547
15.000000 810.002380 376.739899 1483.274780 354.864380 2350.143311 474.014435 2689.841064 402.577484
53.000000 452.786530 1113.296753 485.769470 619.494751 2244.407959 1206.823242 2230.051025 999.765320
68.000000 308.580811 1116.558960 342.997742 663.054871 1737.795044 1253.412476 1730.858032 1060.088867
18.000000 350.047638 374.875397 16.723396 385.170135 1733.559448 587.695190 1446.826904 650.729187
0.000000 666.499573 432.073608 979.781982 420.675049 1781.172363 643.185547 3070.644775 379.825531
84.000000 694.154480 693.174316 709.551086 449.971588 2486.173340 766.711426 2469.865967 586.981262
100.000000 561.279297 460.064941 549.601257 690.148926 2012.911133 668.804810 2019.538696 840.019653
61.000000 194.696365 1076.756470 209.631470 849.975708 1979.090332 1230.041870 1970.021729 1033.178833
152.000000 100.570442 483.114319 83.377823 700.003540 1248.899780 816.684448 1248.572754 963.180847
63.000000 941.779785 466.736572 933.532227 676.674500 2974.518799 493.179932 2999.568359 686.722534
166.000000 76.204063 1079.960327 93.327942 879.999512 2081.727539 1200.075073 2075.178223 1059.913818
10.000000 93.289886 445.119232 293.252625 449.984192 1099.682495 785.126953 1760.458130 648.888672
270.000000 572.194641 689.933167 583.734558 493.356873 2050.244141 813.321899 2045.255249 706.576843
139.000000 116.490562 496.650421 100.509895 670.046997 1417.530273 786.692078 1412.749634 937.190063
117.000000 223.368134 700.002747 236.115402 539.956116 1758.404053 883.381592 1753.559814 723.225647
290.000000 368.643890 314.063080 245.977936 220.906906 954.973389 706.470703 864.582642 657.685303
86.000000 1000.020203 411.280670 846.672424 413.697296 2616.426514 465.466248 2440.147461 500.736786
118.000000 153.331451 1516.401245 3.338959 1517.462036 2240.029785 1616.405151 2080.012451 1617.957520
186.000000 745.371460 1457.203247 632.722290 1551.978394 2530.792969 1447.023438 2431.788330 1531.523071
147.000000 193.330612 1083.243652 46.596855 1087.702759 2220.287842 1193.216675 2073.306396 1206.364258
134.000000 43.337566 1100.157959 189.988205 1096.226562 1579.621460 1266.111572 1733.122559 1251.168335
83.000000 669.989014 1075.896606 523.304626 1077.987061 2790.334473 1143.974121 2610.207520 1159.133423
96.000000 1063.370850 681.563293 919.960144 685.004822 2743.680176 712.118591 2573.335693 740.013672
208.000000 124.485596 139.298737 15.051382 48.615959 1224.938354 506.334290 1116.388428 443.816528
