Keypoint Matches and Line Matches for pairs 11, 24 
11 corresponds to the image ./resources/Data/CastleP30/images/0011.png 
24 corresponds to the image ./resources/Data/CastleP30/images/0024.png 

14.000000 2110.466309 343.903809 2639.993896 279.931702
8.000000 2128.453613 420.327881 2641.174072 360.922577
10.000000 420.785767 630.052185 1184.232666 500.016541
3.000000 2143.396240 419.769775 2656.794922 363.319824
571.000000 2146.899414 338.548767 2680.041748 277.211670
23.000000 406.597656 552.739929 1189.978394 419.786469
18.000000 373.174957 558.636780 1153.447021 424.499054
104.000000 1985.806519 1326.705811 2657.756348 1313.233887
105.000000 1996.434204 1560.010620 2676.323730 1516.697998
193.000000 885.163818 603.285889 1724.807129 526.628845
798.000000 200.496048 680.037354 763.000000 617.000000
398.000000 166.227829 387.771576 453.801331 296.485809
185.000000 2339.917480 665.749207 2793.639160 613.756165
489.000000 2521.541016 1063.481445 3012.709717 1036.744873
13.000000 1046.260864 537.959778 1196.858521 493.454071
343.000000 219.317444 361.226837 513.765686 273.510681
96.000000 99.358315 294.486694 400.029236 179.451691
740.000000 2426.232666 649.763794 2887.000000 596.000000
616.000000 54.000000 211.000000 334.000000 91.000000
1428.000000 277.000000 956.000000 886.000000 920.000000
1504.000000 428.000000 451.000000 1053.000000 366.000000
782.000000 2851.000000 1700.000000 148.000000 1726.000000
1335.000000 2453.000000 1464.000000 2930.000000 1464.000000
1290.000000 128.000000 283.000000 406.000000 155.000000
1152.000000 2511.000000 1336.000000 3015.000000 1331.000000
820.000000 150.000000 294.000000 422.000000 170.000000
1130.000000 218.000000 830.000000 595.000000 742.000000
778.000000 215.000000 513.000000 522.000000 425.000000
154.000000 242.000000 1368.000000 1393.372070 1307.992554
1463.000000 106.000000 270.000000 388.000000 139.000000
1407.000000 16.000000 163.000000 262.000000 60.000000
1300.000000 33.000000 811.000000 335.000000 736.000000
1388.000000 198.000000 1109.000000 768.000000 1067.000000
632.000000 642.000000 788.000000 1108.000000 700.000000
1406.000000 10.000000 702.000000 288.000000 623.000000
956.000000 980.000000 726.000000 1616.000000 661.000000
1386.000000 396.000000 561.000000 1180.000000 430.000000
1244.000000 1565.000000 635.000000 2081.000000 598.000000
816.000000 776.000000 344.000000 1186.000000 238.000000
1231.000000 2864.000000 1715.000000 157.000000 1736.000000
966.000000 2381.000000 583.000000 2911.000000 531.000000
1080.000000 2480.000000 986.000000 2959.000000 952.000000
1021.000000 15.000000 260.000000 328.000000 141.000000
636.000000 8.000000 720.000000 287.000000 643.000000
1401.000000 2383.000000 617.000000 2825.000000 569.000000
1416.000000 174.000000 893.000000 680.000000 847.000000
1488.000000 578.000000 765.000000 1081.000000 702.000000
758.000000 2460.000000 1046.000000 2934.000000 1010.000000
1182.000000 323.000000 682.000000 494.000000 410.000000
912.000000 267.000000 898.000000 727.000000 842.000000
1321.000000 175.000000 1168.000000 602.000000 1108.000000
1090.000000 2413.000000 1303.000000 2877.000000 1300.000000
1245.000000 201.000000 804.000000 636.000000 738.000000
1503.000000 980.000000 476.000000 1919.000000 341.000000
917.000000 2859.000000 1686.000000 159.000000 1713.000000
1510.000000 216.000000 877.000000 358.000000 810.000000
763.000000 1531.000000 294.000000 1962.000000 175.000000
700.000000 279.000000 770.000000 686.000000 708.000000
997.000000 165.000000 968.000000 554.000000 912.000000
311.000000 46.000000 662.000000 326.874817 576.142090
678.000000 527.000000 402.000000 1028.000000 277.000000
289.000000 190.000000 669.000000 752.993408 606.819458
1387.000000 2142.000000 347.000000 2672.000000 288.000000
1341.000000 2354.000000 586.000000 2789.000000 542.000000
1411.000000 1944.000000 594.000000 2497.000000 564.000000
1053.000000 1264.000000 668.000000 1896.000000 612.000000
1320.000000 85.000000 277.000000 364.000000 150.000000
197.000000 294.000000 658.000000 1393.437744 551.257751
1380.000000 1463.000000 645.000000 2020.000000 602.000000
1308.000000 981.000000 696.000000 1616.000000 632.000000

3.000000 2564.138428 117.485825 342.318481 410.345245 1726.674438 180.069870 486.090240 318.154541
7.000000 2110.466309 343.903809 792.698059 501.349823 2639.993896 279.931702 1789.764282 357.413788
4.000000 2128.453613 420.327881 2195.417969 1416.974487 2641.174072 360.922577 2768.312500 1577.191528
5.000000 420.785767 630.052185 365.198517 1466.790527 1184.232666 500.016541 1164.815063 1556.632690
1.000000 2198.968506 1239.618042 2143.396240 419.769775 2796.908203 1693.658936 2656.794922 363.319824
6.000000 388.726471 1313.693726 434.374176 630.515015 1178.316284 1546.754395 1196.858521 493.454071
121.000000 116.813667 1240.295044 157.530991 760.073303 703.186157 783.327454 709.995972 613.199768
11.000000 786.880737 508.506836 406.597656 552.739929 1783.637573 359.671570 1189.978394 419.786469
18.000000 3.101499 1846.507935 343.501312 1834.945801 1340.096313 1954.333496 1620.386108 1927.342285
31.000000 2354.181641 816.427856 2370.364014 1099.788818 2788.502441 839.803650 2813.123291 1070.022461
9.000000 373.174957 558.636780 100.042969 590.369873 1153.447021 424.499054 453.276215 492.747192
53.000000 1985.806519 1326.705811 1996.434204 1560.010620 2657.756348 1313.233887 2676.323730 1516.697998
8.000000 123.661278 646.907288 343.644257 626.721680 349.667816 573.144348 1173.532715 495.447693
139.000000 200.496048 680.037354 186.686600 863.334839 543.174744 629.796265 534.931274 793.740784
267.000000 887.557861 800.020996 891.794556 619.963806 1482.439697 700.008423 1481.367676 586.653748
270.000000 3.422348 323.109222 166.227829 387.771576 364.914093 229.449539 451.539307 301.482208
277.000000 195.836456 863.506165 207.579987 693.396362 566.960510 773.352173 574.003967 663.376282
81.000000 2543.454102 1068.649780 2373.273193 1079.013916 3026.937744 1042.400635 2839.901123 1051.244019
93.000000 2506.733643 650.743469 2339.917480 665.749207 2973.532227 599.110535 2793.639160 613.756165
235.000000 2551.560547 1386.810669 2565.099365 1553.460693 2964.879883 1386.870239 2979.300049 1513.413086
248.000000 2509.683350 920.026184 2521.541016 1063.481445 2997.633789 916.545349 3012.709717 1036.744873
244.000000 660.024841 1310.703613 799.968323 1305.768066 1463.303711 1311.027832 1586.659546 1309.441772
174.000000 219.317444 361.226837 99.358315 294.486694 513.765686 273.510681 400.029236 179.451691
182.000000 153.856979 257.221252 42.641689 176.848709 455.655609 177.078827 350.738586 76.027351
