Keypoint Matches and Line Matches for pairs 12, 15 
12 corresponds to the image ./resources/Data/CastleP30/images/0012.png 
15 corresponds to the image ./resources/Data/CastleP30/images/0015.png 

7.000000 616.053284 639.691162 2099.505127 541.105347
15.000000 583.310547 1684.829590 2226.725586 1725.831909
23.000000 883.311829 1744.766602 2375.958496 1812.385864
20.000000 879.977722 1752.994263 2373.269043 1824.087036
10.000000 633.366455 716.428711 2145.228516 623.224731
11.000000 577.106201 1496.698364 2196.239746 1513.166748
29.000000 909.958252 1727.525635 2456.172852 1771.455688
24.000000 913.311096 1737.805664 2416.311279 1808.012695
30.000000 946.643127 1721.281250 2463.050537 1787.597290
18.000000 599.967224 1346.907349 2199.063721 1336.531982
19.000000 646.197144 712.813049 2158.630371 616.930908
44.000000 976.659912 1706.161255 2503.234619 1768.461060
57.000000 996.644653 1679.775024 2536.446045 1732.232056
58.000000 1006.662903 1690.398682 2543.128418 1748.010132
75.000000 1036.663330 1663.563232 2583.198242 1711.445190
38.000000 957.684143 1253.238403 2525.615723 1176.762329
32.000000 883.995667 773.365417 2378.405273 606.524475
33.000000 860.587219 1256.695068 2426.931885 1199.978271
71.000000 71.872124 1270.217285 1746.538696 1306.607300
54.000000 657.792664 803.412292 2179.573242 709.826599
55.000000 625.302185 1266.804688 2211.398682 1243.249878
64.000000 562.279907 813.253662 2103.196777 746.674011
65.000000 527.734070 1270.080688 2130.801270 1259.956909
60.000000 572.073853 1266.573242 2166.375732 1250.016357
61.000000 605.957336 809.700195 2137.433105 733.290405
82.000000 116.869911 1266.689453 1774.402100 1296.712402
83.000000 167.739761 813.079834 1765.181152 839.962708
68.000000 337.631622 1286.454102 1988.306519 1289.929199
41.000000 1007.030029 602.243835 2480.480469 334.078156
80.000000 332.688446 829.936829 1915.808228 823.248230
81.000000 289.233368 1273.584717 1931.851685 1289.936401
78.000000 376.106689 1276.911377 2015.196899 1283.399658
79.000000 414.653748 840.116516 1993.972046 813.304504
67.000000 1079.926514 1269.176270 2565.981689 1176.459961
102.000000 1165.707642 729.973572 2669.512695 440.051788
72.000000 671.319153 1266.534912 2250.729736 1230.166260
73.000000 699.225525 839.731384 2219.440918 740.248596
340.000000 583.328491 1673.731079 2229.944580 1714.481934
348.000000 993.348694 1678.742920 2526.604736 1725.602783
76.000000 1043.306885 1673.549927 2589.960693 1727.796997
77.000000 1416.669189 1676.334717 3069.958496 1744.526855
53.000000 1049.995117 1256.596436 2543.124512 1155.675659
90.000000 935.046387 1243.262573 2499.706055 1166.692017
91.000000 950.317444 893.347168 2462.129639 730.103577
94.000000 1063.268799 1265.520508 2562.874756 1174.605225
95.000000 1386.889526 1247.288940 2959.917480 1086.295532
116.000000 383.342987 1369.757080 2033.385864 1382.061157
117.000000 66.778198 1357.190308 1753.228027 1389.203491
86.000000 1352.449219 1616.751831 2992.485107 1637.157593
416.000000 376.708069 1359.016357 2026.692505 1372.630249
331.000000 66.696098 1345.967407 1749.827026 1380.133789
528.000000 990.078064 613.830383 2466.512207 359.749695
157.000000 456.434326 467.394958 1996.489502 418.058350
156.000000 218.283752 400.764099 1753.160278 421.669281
84.000000 1498.813354 1339.998535 2998.517578 1196.863647
110.000000 995.820435 1363.415039 2584.433105 1316.558716
111.000000 988.158813 1596.715698 2612.236572 1599.780396
490.000000 810.907715 1596.687500 2430.018066 1630.620972
123.000000 816.031372 1373.165894 2401.502930 1350.357422
140.000000 714.939392 1376.752197 2305.620361 1363.165527
141.000000 703.220398 1596.660645 2324.702637 1623.232910
186.000000 1008.898376 986.739929 2537.450928 832.920654
120.000000 1340.126709 1275.897217 2902.756592 1130.609741
121.000000 1123.330811 1286.615601 2632.857910 1187.754517
97.000000 1082.762451 1173.166626 2575.947266 1047.359741
194.000000 219.653320 437.945312 1769.984863 458.114258
146.000000 829.177185 1216.613037 2389.378906 1146.706787
147.000000 843.087219 1003.100159 2373.025146 893.568604
114.000000 1008.682373 1383.416382 2601.970215 1339.824585
115.000000 999.884827 1596.799316 2626.911133 1619.978271
108.000000 1389.025635 816.650024 2969.431396 460.470551
371.000000 1010.010010 860.000183 2519.495361 678.925232
1239.000000 1013.650085 650.005493 2488.000000 405.000000
180.000000 461.449768 1599.558105 2120.653809 1630.161743
181.000000 478.973358 1392.681641 2106.967773 1403.516479
559.000000 847.908630 889.885681 2356.419189 756.138245
112.000000 1008.708679 1599.954712 2636.748291 1619.992676
106.000000 1258.948975 813.345886 2797.944580 523.163635
107.000000 1260.065063 610.000366 2759.470459 233.403641
234.000000 1026.732666 1006.923340 2557.618652 846.172852
166.000000 1020.891785 660.026123 2497.457275 416.584900
226.000000 550.120056 1710.738037 2196.955811 1757.253906
227.000000 353.257812 1701.632812 2006.957153 1737.241943
184.000000 733.026611 1016.651672 2271.866943 933.186523
128.000000 1281.262573 636.595276 2792.565430 259.475952
129.000000 1274.479004 833.372803 2818.821045 529.798889
130.000000 553.346863 1682.690796 2196.652588 1723.685791
142.000000 1267.432983 620.012756 2772.126221 253.083817
143.000000 1264.207764 813.347900 2801.857910 506.448639
430.000000 490.098175 1236.173096 2096.166016 1227.062256
178.000000 745.728882 1033.273438 2287.569824 949.745605
179.000000 733.594482 1223.349976 2301.191650 1176.595093
176.000000 722.910767 1599.976196 2348.307861 1626.788208
177.000000 733.594971 1410.014771 2332.014404 1399.855347
428.000000 753.979309 706.522461 2247.776611 566.570801
560.000000 743.955017 893.366699 2263.225830 799.770569
364.000000 956.618958 899.998047 2470.572021 746.614258
158.000000 1033.781860 676.555725 2514.716553 425.608093
159.000000 1026.597900 863.330688 2536.780029 666.656433
210.000000 803.330261 1620.760010 2419.998779 1653.621704
211.000000 990.007324 1621.514648 2620.009277 1654.450073
100.000000 1080.774292 629.095825 2551.316162 348.805847
208.000000 512.603638 922.743591 2075.805908 880.347290
209.000000 527.214172 739.512085 2066.576904 680.311707
1434.000000 388.285461 1396.801270 2046.000000 1419.000000
192.000000 766.056580 713.513489 2262.237061 576.525940
193.000000 753.937500 896.706665 2275.671387 790.062622
150.000000 1283.124634 829.994751 2834.519775 523.200195
151.000000 1287.630737 650.024170 2806.853271 276.645752
242.000000 346.874451 1100.019897 1972.826904 1103.351318
243.000000 329.933228 1276.660278 1979.347412 1286.689819
355.000000 742.308838 1223.278198 2313.708252 1173.582275
232.000000 390.385712 1596.699097 2066.520020 1630.006958
233.000000 404.687408 1426.500366 2057.513184 1439.959839
240.000000 451.128418 766.483765 2013.321777 726.499268
241.000000 437.009338 936.695068 2022.571045 910.038391
188.000000 1035.001221 860.054626 2549.275391 656.740540
189.000000 1040.572510 690.018738 2527.515137 443.246857
132.000000 1319.808228 592.282043 2833.283203 178.528625
133.000000 1486.991333 561.779419 3058.486572 36.213051
218.000000 762.806519 893.303467 2286.658691 783.333923
219.000000 772.255615 726.605591 2272.129395 589.840088
270.000000 421.451050 1243.450806 2049.023438 1240.048584
271.000000 434.412018 1083.420654 2040.399048 1066.646851
286.000000 990.000549 1343.346924 2576.435303 1288.599854
287.000000 829.994324 1349.860962 2409.908447 1316.111816
292.000000 819.994507 1552.645630 2429.924072 1567.978027
293.000000 980.010925 1551.369263 2596.731201 1561.717163
1330.000000 183.653793 700.935974 1762.000000 727.000000
507.000000 340.196808 721.861023 1886.886963 711.978394
195.000000 432.435150 500.176544 1983.317505 457.735840
306.000000 446.030365 933.286865 2031.207031 903.263855
307.000000 457.457153 776.724365 2021.805298 739.896118
298.000000 826.622681 1451.384644 2423.177002 1441.784424
299.000000 983.359985 1447.848877 2586.527344 1425.287842
290.000000 823.321533 1518.894897 2426.630371 1526.024658
291.000000 980.005920 1517.220581 2593.330322 1516.613647
282.000000 820.000000 1586.685059 2433.340576 1610.411255
283.000000 976.666565 1586.556519 2603.286865 1607.387451
220.000000 727.015747 1396.691772 2321.260010 1383.113037
221.000000 716.014160 1549.953125 2330.543213 1576.640625
310.000000 983.412537 1331.612183 2566.302734 1274.655518
311.000000 829.958313 1339.151245 2409.932129 1302.958862
367.000000 942.521118 1246.638550 2508.521729 1170.134277
412.000000 333.783905 679.737793 1899.665894 670.086060
318.000000 833.252869 1384.316284 2419.781982 1358.512573
319.000000 983.305237 1379.179688 2573.238037 1336.016357
360.000000 333.601105 714.572754 1903.080688 704.397583
361.000000 187.197449 695.849609 1766.254272 719.628540
88.000000 670.283630 692.005249 2176.153564 584.514404
312.000000 833.274292 1418.076416 2423.306152 1399.775513
313.000000 980.007324 1413.571289 2579.706055 1380.897583
302.000000 423.984528 1060.209961 2026.764404 1042.818848
303.000000 416.266388 1206.645630 2039.212891 1206.473022
351.000000 139.796829 697.245605 1733.303955 733.572266
352.000000 3.534764 649.426025 1593.366577 716.396118
182.000000 1397.301758 673.351868 2949.381104 240.505188
183.000000 1393.121216 816.660461 2977.425537 459.902985
465.000000 1000.412292 1063.346924 2540.676270 926.605347
357.000000 360.803040 418.741791 1880.273682 396.257355
358.000000 220.432953 394.191193 1742.961182 417.591583
296.000000 2.602552 662.149536 1573.008423 726.197388
297.000000 136.343491 707.617249 1736.880005 744.785767
101.000000 1310.713501 592.434570 2825.460938 180.124298
648.000000 183.000000 1237.000000 1829.000000 1260.000000
847.000000 257.000000 944.000000 1860.000000 953.000000
796.000000 215.000000 933.000000 1822.000000 949.000000
665.000000 230.000000 807.000000 1819.000000 821.000000
627.000000 231.000000 791.000000 1819.000000 804.000000
639.000000 411.000000 1561.000000 2079.000000 1588.000000
649.000000 748.000000 1498.000000 2359.000000 1504.000000
601.000000 233.000000 775.000000 1818.000000 788.000000
1031.000000 218.000000 803.000000 1807.000000 819.000000
606.000000 763.000000 1186.000000 2329.000000 1128.000000
1198.000000 468.000000 851.000000 2040.000000 813.000000
839.000000 162.000000 642.000000 1746.000000 674.000000
1270.000000 300.000000 301.000000 1841.000000 304.000000
661.000000 783.000000 860.000000 2302.000000 740.000000
1343.000000 327.000000 329.000000 1870.000000 330.000000
1114.000000 217.000000 915.000000 1821.000000 931.000000
825.000000 414.000000 1533.000000 2078.000000 1557.000000
913.000000 271.000000 818.000000 1858.000000 824.000000
926.000000 1103.000000 698.000000 2599.000000 429.000000
691.000000 438.000000 1344.000000 2069.000000 1348.000000
836.000000 167.000000 1271.000000 1818.000000 1296.000000
659.000000 575.000000 1503.000000 2195.000000 1517.000000
1405.000000 372.000000 394.000000 1897.000000 369.000000
1169.000000 1295.000000 1087.000000 2905.000000 879.000000
881.000000 255.000000 961.000000 1861.000000 971.000000
1355.000000 396.000000 1282.000000 2030.000000 1286.000000
687.000000 1047.000000 1106.000000 2605.000000 972.000000
750.000000 181.000000 1256.000000 1830.000000 1279.000000
600.000000 203.000000 1460.000000 1875.000000 1486.000000
753.000000 443.000000 1184.000000 2060.000000 1174.000000
980.000000 1309.000000 668.000000 2841.000000 291.000000
1056.000000 245.000000 779.000000 1829.000000 789.000000
701.000000 229.000000 1092.000000 1853.000000 1108.000000
1233.000000 230.000000 919.000000 1832.000000 933.000000
769.000000 194.000000 1259.000000 1842.000000 1281.000000
861.000000 786.000000 806.000000 2297.000000 676.000000
1134.000000 416.000000 1504.000000 2077.000000 1526.000000
983.000000 1101.000000 763.000000 2608.000000 512.000000
1412.000000 254.000000 1098.000000 1876.000000 1110.000000
783.000000 269.000000 947.000000 1872.000000 954.000000
829.000000 191.000000 1457.000000 1863.000000 1484.000000
793.000000 327.000000 343.000000 1886.000000 333.000000
760.000000 226.000000 954.000000 1833.000000 968.000000
735.000000 201.000000 1477.000000 1876.000000 1504.000000
958.000000 274.000000 787.000000 1857.000000 791.000000
1452.000000 1091.000000 1103.000000 2654.000000 956.000000
672.000000 1056.000000 826.000000 2569.000000 609.000000
1353.000000 473.000000 793.000000 2036.000000 750.000000
779.000000 422.000000 1440.000000 2073.000000 1456.000000
617.000000 214.000000 951.000000 1822.000000 967.000000
1352.000000 441.000000 1211.000000 2061.000000 1204.000000
818.000000 284.000000 806.000000 1868.000000 808.000000
658.000000 215.000000 1071.000000 1837.000000 1088.000000
1386.000000 1306.000000 793.000000 2861.000000 463.000000
758.000000 221.000000 1284.000000 1870.000000 1305.000000
1054.000000 1307.000000 735.000000 2851.000000 383.000000
755.000000 225.000000 1247.000000 1869.000000 1267.000000
959.000000 1099.000000 820.000000 2616.000000 585.000000
1077.000000 1360.000000 1082.000000 2993.000000 852.000000
765.000000 268.000000 331.000000 1823.000000 338.000000
1378.000000 990.000000 562.000000 2438.000000 298.000000
707.000000 242.000000 810.000000 1830.000000 821.000000
787.000000 169.000000 1253.000000 1818.000000 1277.000000
732.000000 176.000000 1409.000000 1845.000000 1442.000000
885.000000 470.000000 1439.000000 2104.000000 1452.000000
912.000000 243.000000 1077.000000 1864.000000 1090.000000
795.000000 464.000000 902.000000 2043.000000 869.000000
840.000000 188.000000 1082.000000 1815.000000 1103.000000
1050.000000 237.000000 361.000000 1768.000000 380.000000
682.000000 1046.000000 1136.000000 2609.000000 1010.000000
797.000000 1061.000000 679.000000 2551.000000 422.000000
868.000000 1013.000000 904.000000 2528.000000 722.000000
754.000000 466.000000 876.000000 2041.000000 841.000000
1223.000000 810.000000 1060.000000 2336.000000 976.000000
1201.000000 211.000000 1106.000000 1838.000000 1125.000000
1358.000000 1052.000000 1039.000000 2601.000000 884.000000
638.000000 202.000000 947.000000 1810.000000 966.000000
1095.000000 607.000000 650.000000 2095.000000 556.000000
968.000000 762.000000 1214.000000 2332.000000 1162.000000
1543.000000 446.000000 1157.000000 2058.000000 1145.000000
717.000000 242.000000 1095.000000 1865.000000 1109.000000
678.000000 1309.000000 1029.000000 2913.000000 794.000000
915.000000 424.000000 1414.000000 2072.000000 1427.000000
1493.000000 1356.000000 662.000000 2902.000000 257.000000
1226.000000 829.000000 713.000000 2325.000000 553.000000
961.000000 267.000000 964.000000 1872.000000 972.000000
1454.000000 280.000000 837.000000 1868.000000 840.000000
1007.000000 262.000000 783.000000 1845.000000 790.000000
1041.000000 1089.000000 1163.000000 2612.000000 1029.000000
685.000000 164.000000 1409.000000 1833.000000 1440.000000
1348.000000 1116.000000 818.000000 2630.000000 579.000000
1037.000000 236.000000 1269.000000 1881.000000 1288.000000
952.000000 752.000000 1429.000000 2353.000000 1420.000000
728.000000 209.000000 1124.000000 1838.000000 1142.000000
692.000000 271.000000 930.000000 1871.000000 936.000000
669.000000 1222.000000 1417.000000 2839.000000 1361.000000
1185.000000 196.000000 1410.000000 1862.000000 1445.000000
718.000000 1353.000000 816.000000 2928.000000 475.000000
625.000000 244.000000 795.000000 1830.000000 805.000000
764.000000 240.000000 826.000000 1829.000000 837.000000
615.000000 199.000000 1103.000000 1827.000000 1123.000000
830.000000 1049.000000 896.000000 2566.000000 701.000000
1457.000000 136.000000 729.000000 1738.000000 763.000000
1154.000000 243.000000 958.000000 1849.000000 970.000000
1463.000000 123.000000 443.000000 1700.000000 494.000000
1126.000000 842.000000 923.000000 2362.000000 797.000000
822.000000 724.000000 1392.000000 2317.000000 1378.000000
1012.000000 393.000000 404.000000 1924.000000 373.000000
696.000000 213.000000 1088.000000 1838.000000 1106.000000
890.000000 244.000000 940.000000 1848.000000 951.000000
741.000000 228.000000 1110.000000 1853.000000 1126.000000
1033.000000 165.000000 1394.000000 1833.000000 1422.000000
1048.000000 873.000000 534.000000 2371.000000 333.000000
1370.000000 217.000000 1462.000000 1888.000000 1489.000000
1517.000000 259.000000 1328.000000 1907.000000 1347.000000
689.000000 784.000000 833.000000 2300.000000 708.000000
1219.000000 231.000000 1074.000000 1853.000000 1089.000000
1304.000000 409.000000 1589.000000 2081.000000 1618.000000
1238.000000 1295.000000 1108.000000 2909.000000 909.000000
929.000000 240.000000 1113.000000 1865.000000 1127.000000
119.000000 544.000000 1667.000000 2196.689697 1712.625244
455.000000 475.000000 1234.000000 2082.415039 1229.873901
1055.000000 192.000000 1277.000000 1842.000000 1300.000000
1017.000000 939.000000 747.000000 2429.000000 554.000000
1387.000000 187.000000 1100.000000 1814.000000 1121.000000
999.000000 272.000000 802.000000 1857.000000 807.000000
843.000000 202.000000 1067.000000 1826.000000 1087.000000
742.000000 718.000000 1263.000000 2293.000000 1225.000000
1034.000000 791.000000 719.000000 2290.000000 574.000000
1228.000000 178.000000 1398.000000 1873.000000 1429.000000
1193.000000 111.000000 429.000000 1688.000000 482.000000
794.000000 190.000000 1064.000000 1814.000000 1085.000000
782.000000 866.000000 488.000000 2352.000000 280.000000
1172.000000 1077.000000 1555.000000 2718.000000 1564.000000
1032.000000 1173.000000 1044.000000 2734.000000 854.000000
766.000000 456.000000 482.000000 1999.000000 432.000000
920.000000 286.000000 790.000000 1867.000000 792.000000
1325.000000 664.000000 716.000000 2174.000000 612.000000
1315.000000 1101.000000 1636.000000 2663.000000 1673.000000
806.000000 259.000000 926.000000 1860.000000 935.000000
1025.000000 234.000000 1287.000000 1882.000000 1307.000000
1231.000000 1035.000000 1273.000000 2541.000000 1188.000000
1013.000000 171.000000 1235.000000 1817.000000 1259.000000
1547.000000 1276.000000 854.000000 2822.000000 557.000000
964.000000 228.000000 936.000000 1833.000000 951.000000
723.000000 1119.000000 696.000000 2612.000000 421.000000
653.000000 1060.000000 705.000000 2554.000000 455.000000
1029.000000 1359.000000 1125.000000 3001.000000 914.000000
1100.000000 414.000000 413.000000 1948.000000 376.000000
1196.000000 741.000000 935.000000 2268.000000 838.000000
1539.000000 825.000000 801.000000 2334.000000 656.000000
1322.000000 237.000000 1395.000000 1895.000000 1418.000000
716.000000 744.000000 1558.000000 2364.000000 1577.000000
922.000000 252.000000 1116.000000 1877.000000 1129.000000
1257.000000 552.000000 609.000000 2103.000000 536.000000
1301.000000 219.000000 1302.000000 1870.000000 1323.000000
799.000000 1372.000000 813.000000 2948.000000 466.000000
1462.000000 450.000000 1532.000000 2108.000000 1556.000000
694.000000 246.000000 923.000000 1848.000000 934.000000
1011.000000 570.000000 730.000000 2099.000000 656.000000
1422.000000 1100.000000 792.000000 2611.000000 549.000000
495.000000 292.000000 1002.000000 1896.933472 1003.322632
1079.000000 192.000000 370.000000 1741.000000 401.000000
1306.000000 1111.000000 1218.000000 2611.000000 1100.000000
1442.000000 1354.000000 787.000000 2922.000000 434.000000
802.000000 211.000000 1263.000000 1857.000000 1284.000000
1023.000000 771.000000 1036.000000 2316.000000 950.000000
848.000000 746.000000 1528.000000 2362.000000 1540.000000
1553.000000 1123.000000 1199.000000 2640.000000 1065.000000
763.000000 765.000000 1158.000000 2326.000000 1094.000000
901.000000 1306.000000 764.000000 2856.000000 423.000000
1128.000000 990.000000 1316.000000 2570.000000 1255.000000
552.000000 305.000000 858.000000 1891.460815 856.615906
289.000000 1386.000000 607.000000 2926.375244 169.496979
1189.000000 1107.000000 1101.000000 2668.000000 952.000000
1035.000000 460.000000 1413.000000 2084.000000 1424.000000
1102.000000 279.000000 1000.000000 1882.000000 1006.000000
1338.000000 289.000000 772.000000 1867.000000 772.000000
1153.000000 782.000000 1248.000000 2349.000000 1199.000000
1544.000000 250.000000 1134.000000 1876.000000 1146.000000
811.000000 10.000000 620.000000 1584.000000 686.000000
1115.000000 191.000000 1296.000000 1841.000000 1318.000000
516.000000 463.000000 927.000000 2055.836426 893.379517
697.000000 196.000000 1240.000000 1841.000000 1262.000000
738.000000 1057.000000 797.000000 2565.000000 573.000000
1298.000000 179.000000 724.000000 1764.000000 749.000000
1490.000000 534.000000 612.000000 2078.000000 546.000000
973.000000 439.000000 1237.000000 2063.000000 1231.000000
977.000000 711.000000 1083.000000 2262.000000 1016.000000
1558.000000 1086.000000 1349.000000 2706.000000 1293.000000
729.000000 553.000000 590.000000 2101.000000 514.000000
1535.000000 1096.000000 1034.000000 2632.000000 872.000000
1277.000000 291.000000 390.000000 1820.000000 391.000000
641.000000 260.000000 799.000000 1845.000000 806.000000
681.000000 179.000000 1274.000000 1831.000000 1298.000000
1243.000000 1035.000000 1040.000000 2582.000000 890.000000
708.000000 743.000000 921.000000 2268.000000 822.000000
1249.000000 259.000000 814.000000 1845.000000 822.000000
1136.000000 1294.000000 1167.000000 2787.000000 992.000000
762.000000 199.000000 719.000000 1777.000000 740.000000
686.000000 1005.000000 889.000000 2518.000000 706.000000
1466.000000 435.000000 1096.000000 2043.000000 1080.000000
899.000000 223.000000 1266.000000 1870.000000 1286.000000
1480.000000 743.000000 1587.000000 2368.000000 1614.000000
1120.000000 1374.000000 726.000000 2934.000000 341.000000
942.000000 262.000000 385.000000 1793.000000 396.000000
1309.000000 190.000000 1042.000000 1811.000000 1063.000000
1167.000000 841.000000 524.000000 2336.000000 332.000000
925.000000 220.000000 787.000000 1807.000000 803.000000
1214.000000 1055.000000 872.000000 2569.000000 668.000000
954.000000 249.000000 1315.000000 1895.000000 1335.000000
650.000000 1117.000000 789.000000 2625.000000 542.000000
1299.000000 1187.000000 1031.000000 2748.000000 833.000000
737.000000 1369.000000 892.000000 2942.000000 558.000000
1194.000000 450.000000 571.000000 2029.000000 520.000000
1232.000000 1117.000000 1345.000000 2701.000000 1272.000000
1453.000000 453.000000 1069.000000 2042.000000 1053.000000
715.000000 237.000000 1250.000000 1880.000000 1268.000000
801.000000 212.000000 1245.000000 1857.000000 1264.000000
951.000000 1058.000000 769.000000 2562.000000 536.000000
1377.000000 1355.000000 728.000000 2913.000000 351.000000
798.000000 790.000000 744.000000 2292.000000 604.000000
1111.000000 1306.000000 812.000000 2846.000000 491.000000
644.000000 770.000000 1064.000000 2318.000000 982.000000
1190.000000 1164.000000 1213.000000 2667.000000 1081.000000
855.000000 172.000000 1213.000000 1814.000000 1236.000000
826.000000 1127.000000 647.000000 2610.000000 352.000000
1151.000000 200.000000 1085.000000 1827.000000 1105.000000
880.000000 1011.000000 993.000000 2542.000000 835.000000
955.000000 769.000000 1282.000000 2343.000000 1241.000000
1416.000000 1309.000000 1121.000000 2930.000000 922.000000
853.000000 766.000000 1129.000000 2324.000000 1060.000000
808.000000 184.000000 825.000000 1777.000000 848.000000
1062.000000 425.000000 1211.000000 2049.000000 1206.000000
1458.000000 937.000000 1704.000000 2452.000000 1766.000000
1161.000000 769.000000 808.000000 2282.000000 683.000000
491.000000 696.000000 1605.000000 2320.014404 1633.830078
679.000000 1117.000000 983.000000 2657.000000 791.000000
656.000000 1297.000000 885.000000 2860.000000 592.000000
859.000000 159.000000 1195.000000 1799.000000 1220.000000
1155.000000 734.000000 1429.000000 2336.000000 1421.000000
1456.000000 484.000000 1427.000000 2115.000000 1436.000000
1448.000000 509.000000 1395.000000 2156.000000 1431.000000
1413.000000 822.000000 855.000000 2340.000000 721.000000
1086.000000 1374.000000 785.000000 2944.000000 424.000000
1267.000000 611.000000 1552.000000 2140.000000 1578.000000
1285.000000 766.000000 862.000000 2286.000000 747.000000
1337.000000 1373.000000 992.000000 2984.000000 719.000000
1216.000000 395.000000 1561.000000 2066.000000 1588.000000
886.000000 555.000000 503.000000 2079.000000 420.000000
1262.000000 205.000000 912.000000 1810.000000 930.000000
1566.000000 782.000000 906.000000 2301.000000 794.000000
833.000000 133.000000 457.000000 1711.000000 506.000000
1273.000000 323.000000 397.000000 1849.000000 387.000000
1510.000000 510.000000 626.000000 2083.000000 563.000000
1281.000000 531.000000 1457.000000 2011.000000 1516.000000
494.000000 303.000000 888.000000 1892.513306 893.366272
944.000000 1218.000000 888.000000 2739.000000 627.000000
1497.000000 1399.000000 586.000000 2939.000000 125.000000
1560.000000 1048.000000 936.000000 2573.000000 749.000000
1374.000000 425.000000 973.000000 2018.000000 951.000000
850.000000 233.000000 380.000000 1767.000000 399.000000
757.000000 203.000000 930.000000 1810.000000 948.000000
860.000000 222.000000 752.000000 1804.000000 768.000000
1563.000000 397.000000 1533.000000 2064.000000 1557.000000
1139.000000 745.000000 1187.000000 2312.000000 1132.000000
1450.000000 559.000000 1456.000000 2135.000000 1470.000000
277.000000 1223.000000 703.000000 2732.607422 383.398804
1036.000000 1374.000000 756.000000 2939.000000 382.000000
1342.000000 417.000000 1372.000000 2057.000000 1380.000000
1472.000000 1170.000000 634.000000 2658.000000 315.000000
775.000000 1081.000000 1419.000000 2700.000000 1379.000000
1251.000000 177.000000 1292.000000 1831.000000 1316.000000
872.000000 1079.000000 1492.000000 2710.000000 1478.000000
1047.000000 430.000000 1158.000000 2046.000000 1148.000000
347.000000 755.000000 1671.000000 2383.377930 1721.699341
1205.000000 498.000000 923.000000 2069.000000 883.000000
1341.000000 912.000000 676.000000 2392.000000 478.000000
1008.000000 754.000000 1399.000000 2351.000000 1385.000000
567.000000 971.000000 1280.000000 2549.779541 1212.034668
1266.000000 497.000000 1090.000000 2086.000000 1067.000000
1459.000000 1085.000000 1015.000000 2641.000000 847.000000
1138.000000 282.000000 822.000000 1869.000000 825.000000
985.000000 833.000000 1011.000000 2365.000000 904.000000
842.000000 1244.000000 1188.000000 2714.000000 1026.000000
1506.000000 464.000000 1155.000000 2072.000000 1141.000000
1421.000000 561.000000 1425.000000 2178.000000 1431.000000
1531.000000 1375.000000 659.000000 2923.000000 245.000000
1119.000000 383.000000 1307.000000 2023.000000 1314.000000
743.000000 1076.000000 1586.000000 2737.000000 1608.000000
300.000000 816.000000 1483.000000 2426.417480 1483.626343
1019.000000 826.000000 1256.000000 2394.000000 1203.000000
1526.000000 997.000000 1247.000000 2560.000000 1142.000000
1051.000000 1360.000000 1103.000000 2997.000000 882.000000
1515.000000 831.000000 925.000000 2349.000000 803.000000
803.000000 1477.000000 1197.000000 2929.000000 972.000000
1407.000000 725.000000 1588.000000 2350.000000 1614.000000
1523.000000 435.000000 1504.000000 2091.000000 1525.000000
1485.000000 788.000000 1260.000000 2358.000000 1213.000000
835.000000 1118.000000 761.000000 2621.000000 505.000000
751.000000 145.000000 1179.000000 1785.000000 1204.000000
781.000000 408.000000 1114.000000 2022.000000 1105.000000
703.000000 451.000000 1095.000000 2055.000000 1078.000000
773.000000 986.000000 1059.000000 2525.000000 925.000000
898.000000 743.000000 1671.000000 2374.000000 1715.000000
301.000000 964.000000 1479.000000 2590.017334 1470.211304
1508.000000 833.000000 880.000000 2342.000000 753.000000
675.000000 209.000000 1281.000000 1857.000000 1303.000000
1113.000000 221.000000 1410.000000 1885.000000 1431.000000
1486.000000 808.000000 1389.000000 2396.000000 1366.000000
1242.000000 449.000000 904.000000 2031.000000 873.000000
576.000000 1109.000000 993.000000 2651.541504 810.771179
893.000000 1122.000000 891.000000 2647.000000 669.000000
87.000000 1355.000000 1320.000000 2941.140381 1199.866089
869.000000 1099.000000 848.000000 2620.000000 622.000000
470.000000 289.000000 1036.000000 1898.139160 1049.966064
1213.000000 211.000000 735.000000 1790.000000 753.000000
1436.000000 457.000000 794.000000 2025.000000 756.000000
720.000000 267.000000 1347.000000 1919.000000 1365.000000

3.000000 2173.456299 377.397125 616.053284 639.691162 2898.332520 -8.774045 2099.505127 541.105347
7.000000 1596.409546 1700.238892 583.310547 1684.829590 3069.397461 1785.217896 2226.725586 1725.831909
10.000000 879.977722 1752.994263 1663.267578 1758.828369 2373.269043 1824.087036 3069.704346 1883.466797
5.000000 633.366455 716.428711 577.106201 1496.698364 2145.228516 623.224731 2196.239746 1513.166748
12.000000 913.311096 1737.805664 1636.626587 1741.401367 2416.311279 1808.012695 3069.673340 1857.635132
15.000000 946.643127 1721.281250 1609.959106 1724.668091 2463.050537 1787.597290 3069.701172 1827.839600
9.000000 599.967224 1346.907349 646.197144 712.813049 2199.063721 1336.531982 2158.630371 616.930908
22.000000 976.659912 1706.161255 1583.315186 1707.604614 2503.234619 1768.461060 3069.834717 1799.666992
28.000000 1566.649292 1681.057373 996.644653 1679.775024 3069.865723 1753.384888 2536.446045 1732.232056
29.000000 1006.662903 1690.398682 1559.995728 1690.954590 2543.128418 1748.010132 3069.952637 1771.079712
37.000000 1536.666382 1663.807861 1036.663330 1663.563232 3070.041016 1725.220459 2583.198242 1711.445190
19.000000 957.684143 1253.238403 977.901123 760.050598 2525.615723 1176.762329 2473.411865 603.326172
16.000000 883.995667 773.365417 860.587219 1256.695068 2378.405273 606.524475 2426.931885 1199.978271
35.000000 126.869385 796.303345 71.872124 1270.217285 1737.391479 813.196289 1746.538696 1306.607300
27.000000 657.792664 803.412292 625.302185 1266.804688 2179.573242 709.826599 2211.398682 1243.249878
31.000000 997.600342 592.380005 1452.468872 518.043884 2493.264160 316.559784 2926.241455 36.010509
32.000000 562.279907 813.253662 527.734070 1270.080688 2103.196777 746.674011 2130.801270 1259.956909
30.000000 572.073853 1266.573242 605.957336 809.700195 2166.375732 1250.016357 2137.433105 733.290405
41.000000 116.869911 1266.689453 167.739761 813.079834 1774.402100 1296.712402 1765.181152 839.962708
34.000000 337.631622 1286.454102 378.282684 833.478333 1988.306519 1289.929199 1966.730591 790.141113
20.000000 1453.328613 529.971069 1007.030029 602.243835 2960.642334 24.328943 2480.480469 334.078156
40.000000 332.688446 829.936829 289.233368 1273.584717 1915.808228 823.248230 1931.851685 1289.936401
39.000000 376.106689 1276.911377 414.653748 840.116516 2015.196899 1283.399658 1993.972046 813.304504
33.000000 1516.456787 1261.459961 1079.926514 1269.176270 3066.693359 1079.577393 2565.981689 1176.459961
51.000000 1165.707642 729.973572 1153.862671 1160.014526 2669.512695 440.051788 2702.458008 750.093018
36.000000 671.319153 1266.534912 699.225525 839.731384 2250.729736 1230.166260 2219.440918 740.248596
170.000000 583.328491 1673.731079 993.348694 1678.742920 2229.944580 1714.481934 2373.426514 1721.399780
38.000000 1043.306885 1673.549927 1416.669189 1676.334717 2589.960693 1727.796997 3069.958496 1744.526855
26.000000 1403.038940 1232.375000 1049.995117 1256.596436 3069.591797 1044.730103 2543.124512 1155.675659
45.000000 935.046387 1243.262573 950.317444 893.347168 2499.706055 1166.692017 2462.129639 730.103577
47.000000 1063.268799 1265.520508 1386.889526 1247.288940 2562.874756 1174.605225 2959.917480 1086.295532
206.000000 903.494629 1726.311523 580.050964 1712.167603 2410.196045 1777.594849 2286.596924 1767.523560
58.000000 383.342987 1369.757080 66.778198 1357.190308 2033.385864 1382.061157 1753.228027 1389.203491
43.000000 1352.449219 1616.751831 1357.110962 1300.006592 2992.485107 1637.157593 2941.140381 1199.866089
165.000000 376.708069 1359.016357 66.696098 1345.967407 1896.605225 1372.197876 1749.827026 1380.133789
267.000000 990.078064 613.830383 1276.995972 568.763184 2466.512207 359.749695 2557.004395 303.880463
78.000000 218.283752 400.764099 456.434326 467.394958 1753.160278 421.669281 1996.489502 418.058350
55.000000 995.820435 1363.415039 988.158813 1596.715698 2584.433105 1316.558716 2612.236572 1599.780396
42.000000 1391.430542 1299.975098 1388.381226 1533.355713 2998.517578 1196.863647 3056.937988 1636.630615
61.000000 810.907715 1596.687500 816.031372 1373.165894 2420.428955 1623.765137 2401.502930 1350.357422
70.000000 714.939392 1376.752197 703.220398 1596.660645 2305.620361 1363.165527 2324.702637 1623.232910
93.000000 1008.898376 986.739929 1001.677185 1206.721680 2537.450928 832.920654 2558.917236 1047.109253
60.000000 1340.126709 1275.897217 1123.330811 1286.615601 2902.756592 1130.609741 2632.857910 1187.754517
102.000000 586.649353 649.894348 373.567200 684.762573 2072.996826 566.135803 1902.605347 674.111267
48.000000 1296.829468 1155.281250 1082.762451 1173.166626 2958.156738 943.233765 2575.947266 1047.359741
97.000000 219.653320 437.945312 426.479736 494.022766 1769.984863 458.114258 1983.317505 457.735840
73.000000 829.177185 1216.613037 843.087219 1003.100159 2389.378906 1146.706787 2373.025146 893.568604
57.000000 1008.682373 1383.416382 999.884827 1596.799316 2601.970215 1339.824585 2626.911133 1619.978271
54.000000 1389.025635 816.650024 1392.672974 603.322021 2969.431396 460.470551 2934.831787 173.554596
90.000000 461.449768 1599.558105 478.973358 1392.681641 2120.653809 1630.161743 2106.967773 1403.516479
56.000000 1008.708679 1599.954712 1015.840759 1396.637695 2636.748291 1619.992676 2611.683594 1339.849365
53.000000 1258.948975 813.345886 1260.065063 610.000366 2797.944580 523.163635 2759.470459 233.403641
117.000000 1026.732666 1006.923340 1011.661926 1206.540527 2557.618652 846.172852 2572.837891 1033.373779
83.000000 1020.891785 660.026123 1015.036011 860.049866 2497.457275 416.584900 2521.581299 649.836426
113.000000 550.120056 1710.738037 353.257812 1701.632812 2196.955811 1757.253906 2006.957153 1737.241943
92.000000 733.026611 1016.651672 723.424805 1213.337769 2271.866943 933.186523 2288.920898 1150.084839
64.000000 1281.262573 636.595276 1274.479004 833.372803 2792.565430 259.475952 2818.821045 529.798889
65.000000 553.346863 1682.690796 356.627075 1678.545898 2196.652588 1723.685791 1926.680054 1712.995728
71.000000 1267.432983 620.012756 1264.207764 813.347900 2772.126221 253.083817 2801.857910 506.448639
216.000000 490.098175 1236.173096 504.389832 1045.994629 2096.166016 1227.062256 2089.533203 1106.876343
89.000000 745.728882 1033.273438 733.594482 1223.349976 2287.569824 949.745605 2301.191650 1176.595093
88.000000 722.910767 1599.976196 733.594971 1410.014771 2348.307861 1626.788208 2332.014404 1399.855347
215.000000 753.979309 706.522461 743.955017 893.366699 2247.776611 566.570801 2258.136963 686.539673
183.000000 956.618958 899.998047 948.963806 1086.760864 2470.572021 746.614258 2483.104004 883.354370
79.000000 1033.781860 676.555725 1026.597900 863.330688 2514.716553 425.608093 2536.780029 666.656433
105.000000 803.330261 1620.760010 990.007324 1621.514648 2419.998779 1653.621704 2620.009277 1654.450073
44.000000 896.292969 653.885925 1080.774292 629.095825 2176.153564 584.514404 2549.532227 351.253479
104.000000 512.603638 922.743591 527.214172 739.512085 2075.805908 880.347290 2066.576904 680.311707
96.000000 766.056580 713.513489 753.937500 896.706665 2262.237061 576.525940 2275.671387 790.062622
75.000000 1283.124634 829.994751 1287.630737 650.024170 2834.519775 523.200195 2806.853271 276.645752
121.000000 346.874451 1100.019897 329.933228 1276.660278 1972.826904 1103.351318 1979.347412 1286.689819
178.000000 742.308838 1223.278198 751.808044 1046.584717 2313.708252 1173.582275 2301.916016 1033.452637
116.000000 390.385712 1596.699097 404.687408 1426.500366 2066.520020 1630.006958 2057.513184 1439.959839
120.000000 451.128418 766.483765 437.009338 936.695068 2013.321777 726.499268 2022.571045 910.038391
94.000000 1035.001221 860.054626 1040.572510 690.018738 2549.275391 656.740540 2527.515137 443.246857
66.000000 1319.808228 592.282043 1486.991333 561.779419 2833.283203 178.528625 3058.486572 36.213051
297.000000 1310.109375 563.975952 1476.494141 535.653076 2883.300537 96.615486 2966.655273 43.315434
109.000000 762.806519 893.303467 772.255615 726.605591 2286.658691 783.333923 2272.129395 589.840088
135.000000 421.451050 1243.450806 434.412018 1083.420654 2049.023438 1240.048584 2040.399048 1066.646851
143.000000 990.000549 1343.346924 829.994324 1349.860962 2576.435303 1288.599854 2409.908447 1316.111816
146.000000 819.994507 1552.645630 980.010925 1551.369263 2429.924072 1567.978027 2596.731201 1561.717163
256.000000 183.653793 700.935974 340.196808 721.861023 1780.059814 723.870911 1886.886963 711.978394
175.000000 432.435150 500.176544 421.083588 656.745239 1988.842529 458.597504 2011.157104 599.287781
153.000000 446.030365 933.286865 457.457153 776.724365 2031.207031 903.263855 2021.805298 739.896118
149.000000 826.622681 1451.384644 983.359985 1447.848877 2423.177002 1441.784424 2586.527344 1425.287842
145.000000 823.321533 1518.894897 980.005920 1517.220581 2426.630371 1526.024658 2593.330322 1516.613647
141.000000 820.000000 1586.685059 976.666565 1586.556519 2433.340576 1610.411255 2603.286865 1607.387451
110.000000 727.015747 1396.691772 716.014160 1549.953125 2321.260010 1383.113037 2330.543213 1576.640625
155.000000 983.412537 1331.612183 829.958313 1339.151245 2566.302734 1274.655518 2409.932129 1302.958862
184.000000 947.823853 1093.258057 942.521118 1246.638550 2496.100342 1033.384766 2508.521729 1170.134277
207.000000 333.783905 679.737793 183.635559 660.921631 1899.665894 670.086060 1776.606201 682.746033
159.000000 833.252869 1384.316284 983.305237 1379.179688 2419.781982 1358.512573 2573.238037 1336.016357
181.000000 333.601105 714.572754 187.197449 695.849609 1903.080688 704.397583 1766.254272 719.628540
156.000000 833.274292 1418.076416 980.007324 1413.571289 2423.306152 1399.775513 2579.706055 1380.897583
59.000000 409.940887 1670.539429 556.675110 1672.779541 1920.096802 1703.674316 2196.689697 1712.625244
151.000000 423.984528 1060.209961 416.266388 1206.645630 2026.764404 1042.818848 2039.212891 1206.473022
176.000000 139.796829 697.245605 3.534764 649.426025 1733.303955 733.572266 1593.366577 716.396118
202.000000 1121.133057 1163.368164 1125.535400 1019.965271 2688.437744 993.505615 2674.837891 870.201721
91.000000 1397.301758 673.351868 1393.121216 816.660461 2949.381104 240.505188 2977.425537 459.902985
234.000000 995.693726 1206.634644 1000.412292 1063.346924 2550.948242 1039.914062 2540.676270 926.605347
179.000000 360.803040 418.741791 220.432953 394.191193 1880.273682 396.257355 1742.961182 417.591583
148.000000 2.602552 662.149536 136.343491 707.617249 1573.008423 726.197388 1736.880005 744.785767
50.000000 1176.546875 609.031372 1310.713501 592.434570 2551.316162 348.805847 2825.460938 180.124298
