Keypoint Matches and Line Matches for pairs 12, 17 
12 corresponds to the image ./resources/Data/CastleP30/images/0012.png 
17 corresponds to the image ./resources/Data/CastleP30/images/0017.png 

110.000000 583.310547 1684.829590 2457.139160 1805.898926
2.000000 633.366455 716.428711 2349.912842 613.087769
45.000000 909.958252 1727.525635 2522.547852 1846.619141
12.000000 599.967224 1346.907349 2421.365479 1383.230835
13.000000 646.197144 712.813049 2362.845947 603.620117
68.000000 1006.662903 1690.398682 2626.494873 1819.386719
23.000000 860.587219 1256.695068 2591.911133 1163.131958
62.000000 126.869385 796.303345 2001.114746 866.626465
63.000000 71.872124 1270.217285 2018.777832 1356.590576
1187.000000 625.302185 1266.804688 2429.000000 1279.000000
50.000000 562.279907 813.253662 2327.180420 753.051575
51.000000 527.734070 1270.080688 2366.993896 1296.642700
286.000000 605.957336 809.700195 2350.895020 743.259766
58.000000 116.869911 1266.689453 2038.284302 1350.065918
60.000000 332.688446 829.936829 2169.962891 846.488831
61.000000 289.233368 1273.584717 2196.405029 1336.680786
52.000000 376.106689 1276.911377 2273.520752 1335.779419
64.000000 1516.456787 1261.459961 3063.990479 1052.027100
65.000000 1079.926514 1269.176270 2592.444580 1185.030762
87.000000 1165.707642 729.973572 2758.163086 363.150482
1061.000000 1153.862671 1160.014526 2847.000000 1013.000000
36.000000 671.319153 1266.534912 2458.530029 1266.789307
400.000000 583.328491 1673.731079 2463.060791 1796.622559
75.000000 1403.038940 1232.375000 2905.550537 1040.526733
490.000000 950.317444 893.347168 2602.969238 703.374023
122.000000 1386.889526 1247.288940 2894.469971 1063.160156
133.000000 383.342987 1369.757080 2296.763916 1436.929565
1532.000000 1357.110962 1300.006592 2886.000000 1158.000000
358.000000 376.708069 1359.016357 2296.715332 1425.349487
332.000000 66.696098 1345.967407 2023.126709 1437.185303
1359.000000 218.283752 400.764099 1988.000000 456.000000
97.000000 995.820435 1363.415039 2730.144775 1353.317261
446.000000 816.031372 1373.165894 2584.418213 1396.741699
125.000000 714.939392 1376.752197 2507.577881 1409.918945
118.000000 703.220398 1596.660645 2541.117920 1696.832886
1439.000000 1340.126709 1275.897217 2864.000000 1124.000000
120.000000 1082.762451 1173.166626 2642.953369 1021.543091
159.000000 219.653320 437.945312 2009.975220 479.791748
160.000000 426.479736 494.022766 2225.178467 454.168457
188.000000 843.087219 1003.100159 2540.554199 896.914551
93.000000 1008.682373 1383.416382 2748.950195 1376.435669
94.000000 999.884827 1596.799316 2781.337402 1696.531372
81.000000 1389.025635 816.650024 3014.570312 350.287384
82.000000 1392.672974 603.322021 2967.896729 9.831385
373.000000 1010.010010 860.000183 2644.411377 641.386780
1052.000000 1013.650085 650.005493 2609.000000 341.000000
1183.000000 478.973358 1392.681641 2359.000000 1455.000000
567.000000 847.908630 889.885681 2521.929688 739.243042
99.000000 1008.708679 1599.954712 2800.486084 1700.323853
100.000000 1015.840759 1396.637695 2765.539795 1393.082397
550.000000 1258.948975 813.345886 2869.891846 416.679230
1324.000000 1260.065063 610.000366 2822.000000 120.000000
309.000000 1026.732666 1006.923340 2687.965088 826.207458
575.000000 1020.891785 660.026123 2617.239746 353.270477
103.000000 1281.262573 636.595276 2853.503662 141.490417
104.000000 1274.479004 833.372803 2885.345215 440.140656
329.000000 553.346863 1682.690796 2426.702881 1806.261475
330.000000 356.627075 1678.545898 2289.938965 1794.016113
261.000000 1267.432983 620.012756 2839.112305 139.075531
374.000000 490.098175 1236.173096 2342.850586 1266.701904
582.000000 504.389832 1045.994629 2325.317871 1036.773071
131.000000 745.728882 1033.273438 2476.679443 956.411560
132.000000 733.594482 1223.349976 2495.492676 1203.168701
242.000000 722.910767 1599.976196 2558.226318 1700.168457
123.000000 1033.781860 676.555725 2632.274414 362.194336
124.000000 1026.597900 863.330688 2660.448486 623.286316
360.000000 803.330261 1620.760010 2606.699707 1731.902832
1004.000000 990.007324 1621.514648 2693.000000 1739.000000
218.000000 896.292969 653.885925 2515.354004 418.676514
408.000000 1080.774292 629.095825 2655.876953 272.542603
487.000000 512.603638 922.743591 2315.286865 890.124634
392.000000 388.285461 1396.801270 2309.603516 1469.364258
143.000000 766.056580 713.513489 2442.161621 553.181702
144.000000 753.937500 896.706665 2458.294678 783.219177
293.000000 1283.124634 829.994751 2902.075684 406.004089
376.000000 1287.630737 650.024170 2866.913086 150.138260
303.000000 742.308838 1223.278198 2509.943848 1196.672363
183.000000 390.385712 1596.699097 2337.764893 1700.153076
184.000000 404.687408 1426.500366 2323.597656 1493.315186
201.000000 451.128418 766.483765 2259.739502 736.457947
202.000000 437.009338 936.695068 2272.872803 929.804871
139.000000 1035.001221 860.054626 2675.532471 609.739746
140.000000 1040.572510 690.018738 2648.322021 379.804108
341.000000 762.806519 893.303467 2472.514160 769.765442
342.000000 772.255615 726.605591 2460.094238 636.657837
220.000000 421.451050 1243.450806 2309.370850 1276.711060
221.000000 434.412018 1083.420654 2296.420410 1093.350708
456.000000 340.196808 721.861023 2133.600830 731.299500
255.000000 446.030365 933.286865 2282.666504 916.719116
256.000000 457.457153 776.724365 2269.294678 746.722168
1420.000000 826.622681 1451.384644 2612.000000 1493.000000
1033.000000 983.359985 1447.848877 2721.000000 1476.000000
1446.000000 823.321533 1518.894897 2621.000000 1587.000000
1162.000000 820.000000 1586.685059 2630.000000 1683.000000
117.000000 727.015747 1396.691772 2521.073975 1429.669312
362.000000 333.783905 679.737793 2149.791992 685.604492
363.000000 183.635559 660.921631 2023.401733 710.349304
1131.000000 833.252869 1384.316284 2604.000000 1401.000000
433.000000 333.601105 714.572754 2133.084473 725.436401
434.000000 187.197449 695.849609 2026.723999 746.950195
268.000000 816.384521 671.338806 2466.357666 473.347565
296.000000 409.940887 1670.539429 2346.797607 1786.259155
306.000000 556.675110 1672.779541 2439.961182 1796.914795
179.000000 423.984528 1060.209961 2282.492188 1069.255127
366.000000 139.796829 697.245605 1993.345093 766.293457
367.000000 3.534764 649.426025 1866.699463 762.293213
177.000000 1397.301758 673.351868 2985.890869 93.916176
1520.000000 220.432953 394.191193 1990.000000 434.000000
225.000000 136.343491 707.617249 1996.734131 777.590820
195.000000 1176.546875 609.031372 2737.887695 184.563934
196.000000 1310.713501 592.434570 2876.748291 46.774910
654.000000 183.000000 1237.000000 2092.000000 1310.000000
785.000000 257.000000 944.000000 2117.000000 986.000000
1390.000000 215.000000 933.000000 2078.000000 985.000000
1113.000000 230.000000 807.000000 2073.000000 850.000000
907.000000 231.000000 791.000000 2072.000000 833.000000
653.000000 748.000000 1498.000000 2562.000000 1564.000000
954.000000 233.000000 775.000000 2071.000000 816.000000
945.000000 218.000000 803.000000 2060.000000 850.000000
997.000000 763.000000 1186.000000 2521.000000 1149.000000
1107.000000 162.000000 642.000000 2002.000000 704.000000
913.000000 300.000000 301.000000 2109.000000 308.000000
699.000000 783.000000 860.000000 2484.000000 726.000000
1191.000000 217.000000 915.000000 2078.000000 966.000000
1318.000000 167.000000 1271.000000 2081.000000 1348.000000
995.000000 372.000000 394.000000 2142.000000 372.000000
1053.000000 396.000000 1282.000000 2284.000000 1344.000000
1184.000000 1047.000000 1106.000000 2733.000000 920.000000
914.000000 786.000000 1558.000000 2601.000000 1644.000000
737.000000 181.000000 1256.000000 2093.000000 1330.000000
592.000000 203.000000 1460.000000 2144.000000 1548.000000
1419.000000 443.000000 1184.000000 2307.000000 1214.000000
889.000000 245.000000 779.000000 2083.000000 816.000000
976.000000 229.000000 1092.000000 2112.000000 1149.000000
1101.000000 230.000000 919.000000 2089.000000 966.000000
884.000000 194.000000 1259.000000 2105.000000 1331.000000
1216.000000 786.000000 806.000000 2477.000000 658.000000
930.000000 254.000000 1098.000000 2136.000000 1151.000000
1126.000000 269.000000 947.000000 2128.000000 987.000000
1142.000000 327.000000 343.000000 2133.000000 336.000000
1538.000000 226.000000 954.000000 2090.000000 1003.000000
1272.000000 201.000000 1477.000000 2145.000000 1568.000000
831.000000 274.000000 787.000000 2110.000000 817.000000
554.000000 207.000000 1300.000000 2115.064209 1376.753174
758.000000 1037.000000 1420.000000 2794.000000 1427.000000
643.000000 1056.000000 826.000000 2690.000000 559.000000
1417.000000 168.000000 974.000000 2035.000000 1037.000000
1201.000000 422.000000 1440.000000 2327.000000 1514.000000
1215.000000 214.000000 951.000000 2079.000000 1003.000000
1021.000000 284.000000 806.000000 2122.000000 834.000000
681.000000 215.000000 1071.000000 2097.000000 1129.000000
838.000000 221.000000 1284.000000 2134.000000 1356.000000
806.000000 151.000000 1409.000000 2087.000000 1497.000000
923.000000 225.000000 1247.000000 2132.000000 1316.000000
430.000000 153.000000 638.000000 1979.205566 699.845520
1087.000000 242.000000 810.000000 2083.000000 850.000000
900.000000 169.000000 1253.000000 2080.000000 1328.000000
839.000000 176.000000 1409.000000 2112.000000 1502.000000
1228.000000 470.000000 1439.000000 2359.000000 1511.000000
977.000000 243.000000 1077.000000 2124.000000 1130.000000
1081.000000 188.000000 1082.000000 2074.000000 1146.000000
711.000000 237.000000 361.000000 2011.000000 398.000000
1430.000000 1013.000000 904.000000 2654.000000 689.000000
1005.000000 211.000000 1106.000000 2098.000000 1167.000000
1252.000000 202.000000 947.000000 2066.000000 1002.000000
197.000000 607.000000 650.000000 2285.262695 545.793884
1212.000000 762.000000 1214.000000 2525.000000 1185.000000
927.000000 242.000000 1095.000000 2125.000000 1150.000000
691.000000 1034.000000 1493.000000 2806.000000 1537.000000
962.000000 1309.000000 1029.000000 2992.000000 736.000000
1177.000000 821.000000 1125.000000 2543.000000 1062.000000
1521.000000 1356.000000 662.000000 2933.000000 142.000000
932.000000 829.000000 713.000000 2492.000000 525.000000
1380.000000 262.000000 783.000000 2097.000000 816.000000
784.000000 146.000000 1465.000000 2103.000000 1559.000000
690.000000 164.000000 1409.000000 2100.000000 1499.000000
1453.000000 1116.000000 818.000000 2730.000000 526.000000
863.000000 236.000000 1269.000000 2145.000000 1338.000000
1203.000000 752.000000 1429.000000 2554.000000 1470.000000
685.000000 271.000000 930.000000 2127.000000 968.000000
810.000000 196.000000 1410.000000 2129.000000 1504.000000
1026.000000 244.000000 795.000000 2083.000000 833.000000
1139.000000 842.000000 737.000000 2496.000000 555.000000
844.000000 199.000000 1103.000000 2087.000000 1166.000000
1458.000000 1049.000000 896.000000 2685.000000 660.000000
895.000000 243.000000 958.000000 2106.000000 1004.000000
1069.000000 842.000000 923.000000 2527.000000 785.000000
1540.000000 724.000000 1392.000000 2517.000000 1425.000000
878.000000 1032.000000 1556.000000 2818.000000 1633.000000
1079.000000 393.000000 404.000000 2172.000000 373.000000
956.000000 213.000000 1088.000000 2098.000000 1148.000000
870.000000 244.000000 940.000000 2105.000000 985.000000
1024.000000 795.000000 1398.000000 2581.000000 1426.000000
1097.000000 228.000000 1110.000000 2113.000000 1168.000000
1522.000000 769.000000 1327.000000 2538.000000 1333.000000
905.000000 165.000000 1394.000000 2099.000000 1481.000000
667.000000 217.000000 1462.000000 2156.000000 1551.000000
1255.000000 259.000000 1328.000000 2169.000000 1400.000000
744.000000 784.000000 833.000000 2481.000000 691.000000
864.000000 231.000000 1074.000000 2111.000000 1129.000000
1188.000000 409.000000 1589.000000 2356.000000 1691.000000
1041.000000 1309.000000 1141.000000 3015.000000 882.000000
1096.000000 240.000000 1113.000000 2126.000000 1169.000000
761.000000 544.000000 1667.000000 2473.000000 1789.000000
1404.000000 192.000000 1277.000000 2105.000000 1352.000000
1111.000000 939.000000 747.000000 2569.000000 511.000000
1199.000000 187.000000 1100.000000 2074.000000 1165.000000
697.000000 272.000000 802.000000 2111.000000 834.000000
1193.000000 202.000000 1067.000000 2085.000000 1128.000000
1471.000000 791.000000 719.000000 2467.000000 550.000000
989.000000 824.000000 1059.000000 2536.000000 974.000000
1112.000000 178.000000 1398.000000 2141.000000 1488.000000
969.000000 190.000000 1064.000000 2072.000000 1127.000000
1379.000000 866.000000 488.000000 2535.000000 221.000000
879.000000 1332.000000 1067.000000 3001.000000 766.000000
1459.000000 1077.000000 1555.000000 2836.000000 1632.000000
1503.000000 260.000000 910.000000 2115.000000 949.000000
1550.000000 1173.000000 1044.000000 2832.000000 818.000000
1364.000000 445.000000 1589.000000 2375.000000 1687.000000
1483.000000 456.000000 482.000000 2256.000000 425.000000
736.000000 286.000000 790.000000 2121.000000 816.000000
780.000000 1038.000000 1390.000000 2788.000000 1382.000000
307.000000 436.000000 740.000000 2235.680176 715.580200
1256.000000 664.000000 716.000000 2376.000000 598.000000
714.000000 803.000000 1497.000000 2594.000000 1561.000000
1286.000000 1101.000000 1636.000000 2864.000000 1753.000000
1504.000000 259.000000 926.000000 2116.000000 967.000000
1180.000000 234.000000 1287.000000 2145.000000 1358.000000
668.000000 171.000000 1235.000000 2079.000000 1309.000000
659.000000 1031.000000 1586.000000 2823.000000 1681.000000
656.000000 228.000000 936.000000 2090.000000 985.000000
1340.000000 1060.000000 705.000000 2670.000000 390.000000
1198.000000 414.000000 413.000000 2201.000000 372.000000
1449.000000 237.000000 1395.000000 2159.000000 1476.000000
579.000000 477.000000 1208.000000 2327.192383 1239.961792
626.000000 744.000000 1558.000000 2570.000000 1645.000000
765.000000 252.000000 1116.000000 2136.000000 1170.000000
836.000000 246.000000 923.000000 2104.000000 967.000000
1218.000000 570.000000 730.000000 2320.000000 653.000000
407.000000 292.000000 1002.000000 2150.690186 1033.299072
425.000000 515.000000 845.000000 2293.264648 796.671875
1267.000000 1111.000000 1218.000000 2636.000000 1107.000000
704.000000 211.000000 1263.000000 2120.000000 1334.000000
1388.000000 771.000000 1036.000000 2503.000000 955.000000
908.000000 746.000000 1528.000000 2566.000000 1604.000000
1534.000000 812.000000 1032.000000 2516.000000 945.000000
1397.000000 1123.000000 1199.000000 2675.000000 1048.000000
981.000000 818.000000 1182.000000 2551.000000 1137.000000
1278.000000 765.000000 1158.000000 2518.000000 1112.000000
1535.000000 1306.000000 764.000000 2920.000000 318.000000
772.000000 990.000000 1316.000000 2716.000000 1281.000000
421.000000 305.000000 858.000000 2142.965088 883.353882
1262.000000 1057.000000 1635.000000 2651.000000 1754.000000
1422.000000 1339.000000 928.000000 2978.000000 555.000000
1342.000000 1386.000000 607.000000 2955.000000 38.000000
1213.000000 1264.000000 1228.000000 2758.000000 1073.000000
803.000000 289.000000 772.000000 2119.000000 796.000000
754.000000 10.000000 620.000000 1819.000000 731.000000
1132.000000 191.000000 1296.000000 2105.000000 1371.000000
1133.000000 196.000000 1240.000000 2104.000000 1312.000000
845.000000 1057.000000 797.000000 2685.000000 519.000000
1068.000000 264.000000 367.000000 2034.000000 393.000000
1168.000000 711.000000 1083.000000 2458.000000 1030.000000
650.000000 567.000000 606.000000 2291.000000 512.000000
920.000000 1096.000000 1034.000000 2758.000000 847.000000
854.000000 260.000000 799.000000 2098.000000 833.000000
614.000000 179.000000 1274.000000 2094.000000 1350.000000
904.000000 1035.000000 1040.000000 2718.000000 870.000000
750.000000 259.000000 814.000000 2099.000000 850.000000
1539.000000 199.000000 719.000000 2025.000000 769.000000
843.000000 1005.000000 889.000000 2646.000000 671.000000
1171.000000 92.000000 1498.000000 2150.000000 1594.000000
1002.000000 223.000000 1266.000000 2133.000000 1336.000000
1310.000000 743.000000 1587.000000 2573.000000 1686.000000
875.000000 1374.000000 726.000000 2979.000000 218.000000
1352.000000 354.000000 385.000000 2117.000000 372.000000
1336.000000 296.000000 272.000000 2101.000000 282.000000
986.000000 190.000000 1042.000000 2068.000000 1103.000000
157.000000 841.000000 524.000000 2518.246338 275.154541
1066.000000 220.000000 787.000000 2060.000000 833.000000
1065.000000 249.000000 1315.000000 2157.000000 1387.000000
1269.000000 1117.000000 789.000000 2723.000000 486.000000
405.000000 1187.000000 1031.000000 2846.311523 790.414001
1536.000000 1369.000000 892.000000 3021.000000 492.000000
1151.000000 1117.000000 1345.000000 2722.000000 1341.000000
692.000000 237.000000 1250.000000 2143.000000 1317.000000
934.000000 147.000000 1516.000000 2179.000000 1599.000000
1054.000000 212.000000 1245.000000 2119.000000 1314.000000
982.000000 1058.000000 769.000000 2680.000000 480.000000
1436.000000 790.000000 744.000000 2458.000000 589.000000
1076.000000 1306.000000 812.000000 2899.000000 414.000000
1497.000000 770.000000 1064.000000 2507.000000 990.000000
847.000000 1164.000000 1213.000000 2740.000000 1047.000000
1051.000000 172.000000 1213.000000 2075.000000 1285.000000
411.000000 1127.000000 647.000000 2704.008545 277.355225
964.000000 585.000000 556.000000 2318.000000 470.000000
1546.000000 841.000000 1415.000000 2608.000000 1437.000000
727.000000 200.000000 1085.000000 2086.000000 1147.000000
463.000000 1011.000000 993.000000 2676.656006 816.649841
760.000000 769.000000 1282.000000 2530.000000 1273.000000
868.000000 185.000000 1219.000000 2091.000000 1292.000000
800.000000 766.000000 1129.000000 2514.000000 1075.000000
1322.000000 425.000000 1211.000000 2309.000000 1245.000000
1411.000000 258.000000 748.000000 2083.000000 781.000000
521.000000 769.000000 808.000000 2470.612549 669.942383
580.000000 482.000000 1154.000000 2320.655273 1149.952393
1555.000000 696.000000 1605.000000 2528.000000 1709.000000
1334.000000 785.000000 921.000000 2501.000000 805.000000
764.000000 1117.000000 983.000000 2764.000000 754.000000
1373.000000 1297.000000 885.000000 2922.000000 509.000000
917.000000 159.000000 1195.000000 2058.000000 1269.000000
1363.000000 484.000000 1427.000000 2366.000000 1570.000000
1166.000000 1463.000000 938.000000 3022.000000 523.000000
1307.000000 509.000000 1395.000000 2394.000000 1485.000000
1341.000000 1204.000000 1029.000000 2788.000000 841.000000
848.000000 1374.000000 785.000000 2992.000000 312.000000
1170.000000 611.000000 1552.000000 2462.000000 1643.000000
1037.000000 766.000000 862.000000 2454.000000 741.000000
1370.000000 1373.000000 992.000000 3041.000000 642.000000
1325.000000 555.000000 503.000000 2316.000000 404.000000
1369.000000 77.000000 1503.000000 2187.000000 1763.000000
876.000000 205.000000 912.000000 2065.000000 965.000000
1389.000000 465.000000 1503.000000 2366.000000 1588.000000
321.000000 323.000000 397.000000 2100.099121 392.704681
867.000000 807.000000 1427.000000 2585.000000 1465.000000
1158.000000 1109.000000 1034.000000 2770.000000 840.000000
1128.000000 531.000000 1457.000000 2376.000000 1491.000000
1348.000000 303.000000 888.000000 2146.000000 915.000000
1425.000000 323.000000 377.000000 2088.000000 378.000000
819.000000 425.000000 973.000000 2282.000000 982.000000
822.000000 203.000000 930.000000 2066.000000 984.000000
1466.000000 747.000000 1159.000000 2504.000000 1118.000000
832.000000 819.000000 1154.000000 2547.000000 1099.000000
649.000000 222.000000 752.000000 2055.000000 796.000000
1235.000000 397.000000 1533.000000 2334.000000 1624.000000
552.000000 1223.000000 703.000000 2808.880127 283.707642
1093.000000 1274.000000 871.000000 2885.000000 524.000000
1386.000000 726.000000 1558.000000 2555.000000 1646.000000
975.000000 1374.000000 756.000000 2985.000000 265.000000
1209.000000 417.000000 1372.000000 2316.000000 1431.000000
1300.000000 1170.000000 634.000000 2742.000000 221.000000
912.000000 177.000000 1292.000000 2095.000000 1369.000000
1241.000000 1079.000000 1492.000000 2825.000000 1535.000000
756.000000 802.000000 1527.000000 2598.000000 1602.000000
1127.000000 1201.000000 708.000000 2770.000000 324.000000
424.000000 498.000000 923.000000 2301.566650 906.548279
926.000000 90.000000 611.000000 1880.000000 687.000000
1523.000000 416.000000 806.000000 2227.000000 801.000000
1280.000000 754.000000 1399.000000 2551.000000 1433.000000
1230.000000 971.000000 1280.000000 2627.000000 1249.000000
581.000000 497.000000 1090.000000 2332.412354 1126.739258
928.000000 1085.000000 1015.000000 2720.000000 828.000000
1137.000000 167.000000 1119.000000 2055.000000 1187.000000
1469.000000 1312.000000 1060.000000 2993.000000 779.000000
326.000000 1339.000000 1057.000000 2971.267578 654.531372
1529.000000 561.000000 1425.000000 2391.000000 1449.000000
1020.000000 1375.000000 659.000000 2964.000000 113.000000
1426.000000 383.000000 1307.000000 2289.000000 1362.000000
646.000000 1036.000000 1450.000000 2799.000000 1473.000000
1072.000000 968.000000 1689.000000 2560.000000 1816.000000
1074.000000 826.000000 1256.000000 2570.000000 1230.000000
902.000000 435.000000 1504.000000 2332.000000 1590.000000
965.000000 788.000000 1260.000000 2542.000000 1242.000000
1508.000000 1118.000000 761.000000 2719.000000 445.000000
1331.000000 485.000000 1347.000000 2310.000000 1409.000000
1095.000000 145.000000 1179.000000 2044.000000 1253.000000
958.000000 986.000000 1059.000000 2662.000000 913.000000
885.000000 743.000000 1671.000000 2560.000000 1795.000000
963.000000 209.000000 1281.000000 2121.000000 1354.000000
1353.000000 838.000000 826.000000 2507.000000 670.000000
676.000000 221.000000 1410.000000 2154.000000 1509.000000
1059.000000 1111.000000 1200.000000 2723.000000 1072.000000
1477.000000 808.000000 1389.000000 2580.000000 1411.000000
1089.000000 557.000000 1489.000000 2402.000000 1607.000000
1014.000000 1295.000000 1129.000000 3005.000000 942.000000
882.000000 1075.000000 969.000000 2722.000000 751.000000
1274.000000 1122.000000 891.000000 2750.000000 617.000000
770.000000 679.000000 1421.000000 2489.000000 1470.000000
55.000000 1355.000000 1320.000000 2900.686768 1203.251221
292.000000 1099.000000 848.000000 2718.734619 576.821899
846.000000 289.000000 1036.000000 2153.000000 1078.000000
994.000000 211.000000 735.000000 2039.000000 782.000000
1405.000000 457.000000 794.000000 2273.000000 766.000000
1277.000000 270.000000 1207.000000 2161.000000 1266.000000
1179.000000 267.000000 1347.000000 2183.000000 1419.000000
1464.000000 453.000000 852.000000 2278.000000 832.000000

55.000000 1596.409546 1700.238892 583.310547 1684.829590 2740.172363 1838.504272 2457.139160 1805.898926
14.000000 879.977722 1752.994263 1663.267578 1758.828369 2433.507568 1941.922974 3069.126221 2020.408936
1.000000 633.366455 716.428711 577.106201 1496.698364 2349.912842 613.087769 2427.604736 1640.181152
6.000000 599.967224 1346.907349 646.197144 712.813049 2421.365479 1383.230835 2362.845947 603.620117
33.000000 1536.666382 1663.807861 1036.663330 1663.563232 3069.791748 1823.728271 2616.383789 1798.394043
35.000000 957.684143 1253.238403 977.901123 760.050598 2653.546143 999.977173 2606.720703 563.327515
11.000000 883.995667 773.365417 860.587219 1256.695068 2522.645264 505.685608 2591.911133 1163.131958
31.000000 126.869385 796.303345 71.872124 1270.217285 2001.114746 866.626465 2018.777832 1356.590576
17.000000 657.792664 803.412292 625.302185 1266.804688 2381.335449 679.894714 2428.123047 1273.481323
51.000000 997.600342 592.380005 1452.468872 518.043884 2603.516113 230.165344 2809.354248 2.748924
25.000000 562.279907 813.253662 527.734070 1270.080688 2327.180420 753.051575 2366.993896 1296.642700
105.000000 572.073853 1266.573242 605.957336 809.700195 2383.170654 1170.011841 2369.637939 983.359558
29.000000 116.869911 1266.689453 167.739761 813.079834 2038.284302 1350.065918 2019.316895 856.821106
30.000000 332.688446 829.936829 289.233368 1273.584717 2169.962891 846.488831 2196.405029 1336.680786
26.000000 376.106689 1276.911377 414.653748 840.116516 2273.520752 1335.779419 2237.960205 793.904663
32.000000 1516.456787 1261.459961 1079.926514 1269.176270 3063.990479 1052.027100 2592.444580 1185.030762
44.000000 1165.707642 729.973572 1153.862671 1160.014526 2758.163086 363.150482 2798.934326 696.796875
18.000000 671.319153 1266.534912 699.225525 839.731384 2458.530029 1266.789307 2409.263184 676.449951
204.000000 583.328491 1673.731079 993.348694 1678.742920 2463.060791 1796.622559 2576.718750 1806.036987
38.000000 1403.038940 1232.375000 1049.995117 1256.596436 2905.550537 1040.526733 2569.072754 1174.335083
249.000000 935.046387 1243.262573 950.317444 893.347168 2614.126221 803.244751 2602.969238 703.374023
61.000000 1063.268799 1265.520508 1386.889526 1247.288940 2645.274414 1152.795776 2894.469971 1063.160156
67.000000 383.342987 1369.757080 66.778198 1357.190308 2296.763916 1436.929565 2053.338135 1443.506836
27.000000 1352.449219 1616.751831 1357.110962 1300.006592 2962.154785 1717.206299 2900.686768 1203.251221
183.000000 376.708069 1359.016357 66.696098 1345.967407 2296.715332 1425.349487 2166.630127 1428.489136
48.000000 990.078064 613.830383 1276.995972 568.763184 2820.220947 3.534692 2604.087891 240.687790
53.000000 456.434326 467.394958 174.097229 405.154602 2266.412598 397.600586 1978.386475 428.091553
46.000000 1133.815308 1330.051270 1130.095093 1606.757568 2815.581787 1380.113525 2849.394287 1703.396729
49.000000 995.820435 1363.415039 988.158813 1596.715698 2730.144775 1353.317261 2764.704590 1663.180420
146.000000 1391.430542 1299.975098 1388.381226 1533.355713 2965.909668 1203.445923 2989.206787 1360.117920
227.000000 810.907715 1596.687500 816.031372 1373.165894 2587.980225 1503.400757 2584.418213 1396.741699
63.000000 714.939392 1376.752197 703.220398 1596.660645 2507.577881 1409.918945 2530.723389 1669.935547
128.000000 1008.898376 986.739929 1001.677185 1206.721680 2669.006348 810.110840 2687.939941 979.857971
99.000000 586.649353 649.894348 373.567200 684.762573 2285.262695 545.793884 2155.510010 691.932556
60.000000 1296.829468 1155.281250 1082.762451 1173.166626 2885.882080 914.879578 2642.953369 1021.543091
80.000000 219.653320 437.945312 426.479736 494.022766 2009.975220 479.791748 2225.178467 454.168457
94.000000 829.177185 1216.613037 843.087219 1003.100159 2558.359619 1096.515625 2540.554199 896.914551
47.000000 1008.682373 1383.416382 999.884827 1596.799316 2748.950195 1376.435669 2781.337402 1696.531372
41.000000 1389.025635 816.650024 1392.672974 603.322021 3014.570312 350.287384 2967.896729 9.831385
50.000000 1008.708679 1599.954712 1015.840759 1396.637695 2800.486084 1700.323853 2765.539795 1393.082397
114.000000 1258.948975 813.345886 1260.065063 610.000366 2833.991699 136.579620 2857.782959 316.519073
156.000000 1026.732666 1006.923340 1011.661926 1206.540527 2687.965088 826.207458 2702.527100 973.082764
294.000000 1020.891785 660.026123 1015.036011 860.049866 2617.239746 353.270477 2627.108887 443.284851
52.000000 1281.262573 636.595276 1274.479004 833.372803 2853.503662 141.490417 2885.345215 440.140656
168.000000 553.346863 1682.690796 356.627075 1678.545898 2426.702881 1806.261475 2289.938965 1794.016113
297.000000 490.098175 1236.173096 504.389832 1045.994629 2332.412354 1126.739258 2325.317871 1036.773071
66.000000 745.728882 1033.273438 733.594482 1223.349976 2476.679443 956.411560 2495.492676 1203.168701
122.000000 722.910767 1599.976196 733.594971 1410.014771 2558.226318 1700.168457 2541.738525 1526.501587
62.000000 1033.781860 676.555725 1026.597900 863.330688 2632.274414 362.194336 2660.448486 623.286316
184.000000 803.330261 1620.760010 990.007324 1621.514648 2606.699707 1731.902832 2736.660645 1729.647095
110.000000 896.292969 653.885925 1080.774292 629.095825 2515.354004 418.676514 2645.006836 288.331299
248.000000 512.603638 922.743591 527.214172 739.512085 2315.286865 890.124634 2306.246338 790.037964
200.000000 388.285461 1396.801270 373.060211 1579.977295 2309.603516 1469.364258 2321.147217 1583.217041
72.000000 766.056580 713.513489 753.937500 896.706665 2442.161621 553.181702 2458.294678 783.219177
148.000000 1283.124634 829.994751 1287.630737 650.024170 2902.075684 406.004089 2882.921875 249.642075
229.000000 346.874451 1100.019897 329.933228 1276.660278 2153.416748 1083.329712 2158.059326 1189.939331
153.000000 742.308838 1223.278198 751.808044 1046.584717 2509.943848 1196.672363 2494.770508 1046.521484
92.000000 390.385712 1596.699097 404.687408 1426.500366 2337.764893 1700.153076 2323.597656 1493.315186
101.000000 451.128418 766.483765 437.009338 936.695068 2259.739502 736.457947 2272.872803 929.804871
70.000000 1035.001221 860.054626 1040.572510 690.018738 2675.532471 609.739746 2648.322021 379.804108
174.000000 762.806519 893.303467 772.255615 726.605591 2472.514160 769.765442 2460.094238 636.657837
111.000000 421.451050 1243.450806 434.412018 1083.420654 2309.370850 1276.711060 2296.420410 1093.350708
232.000000 183.653793 700.935974 340.196808 721.861023 2029.861572 752.661011 2133.600830 731.299500
129.000000 446.030365 933.286865 457.457153 776.724365 2282.666504 916.719116 2269.294678 746.722168
134.000000 123.379646 556.603577 -0.721792 465.525452 1976.328613 588.659668 1824.683716 520.281982
59.000000 727.015747 1396.691772 716.014160 1549.953125 2521.073975 1429.669312 2541.117920 1696.832886
185.000000 333.783905 679.737793 183.635559 660.921631 2149.791992 685.604492 2023.401733 710.349304
221.000000 333.601105 714.572754 187.197449 695.849609 2133.084473 725.436401 2026.723999 746.950195
135.000000 670.283630 692.005249 816.384521 671.338806 2355.199463 595.329590 2466.357666 473.347565
90.000000 423.984528 1060.209961 416.266388 1206.645630 2282.492188 1069.255127 2299.343018 1276.448975
187.000000 139.796829 697.245605 3.534764 649.426025 1993.345093 766.293457 1866.699463 762.293213
206.000000 1121.133057 1163.368164 1125.535400 1019.965271 2858.999023 903.445679 2846.311523 790.414001
89.000000 1397.301758 673.351868 1393.121216 816.660461 2985.890869 93.916176 3015.087158 299.751221
113.000000 2.602552 662.149536 136.343491 707.617249 1813.264648 772.455933 1996.734131 777.590820
98.000000 1176.546875 609.031372 1310.713501 592.434570 2737.887695 184.563934 2876.748291 46.774910
