Keypoint Matches and Line Matches for pairs 12, 22 
12 corresponds to the image ./resources/Data/CastleP30/images/0012.png 
22 corresponds to the image ./resources/Data/CastleP30/images/0022.png 

35.000000 616.053284 639.691162 2467.930908 562.409363
8.000000 633.366455 716.428711 2499.925537 633.336975
10.000000 599.967224 1346.907349 2565.852539 1690.205078
11.000000 646.197144 712.813049 2513.272949 626.999329
170.000000 562.279907 813.253662 2334.796875 726.631653
230.000000 572.073853 1266.573242 2321.524414 1260.074951
330.000000 605.957336 809.700195 2306.422607 770.009094
694.000000 699.225525 839.731384 2523.000000 781.000000
84.000000 714.939392 1376.752197 2640.104004 1400.337158
49.000000 1001.677185 1206.721680 3021.588867 1200.137085
1278.000000 586.649353 649.894348 2447.000000 584.000000
56.000000 829.177185 1216.613037 2750.203125 1209.987061
57.000000 843.087219 1003.100159 2733.438721 946.659973
754.000000 1008.682373 1383.416382 3056.000000 1407.000000
66.000000 847.908630 889.885681 2726.236084 803.381653
481.000000 859.200439 683.289612 2700.099121 563.544312
48.000000 1026.732666 1006.923340 2999.815186 923.085876
62.000000 1020.891785 660.026123 2963.869629 516.351807
573.000000 490.098175 1236.173096 2291.452393 1236.752197
361.000000 504.389832 1045.994629 2313.041992 1076.058472
1044.000000 745.728882 1033.273438 2630.000000 987.000000
79.000000 733.594482 1223.349976 2626.658447 1220.000366
86.000000 753.979309 706.522461 2596.198242 602.067871
1389.000000 1033.781860 676.555725 2980.000000 532.000000
63.000000 1026.597900 863.330688 2984.520996 770.174561
140.000000 527.214172 739.512085 2414.018555 686.881653
480.000000 766.056580 713.513489 2602.931641 609.143860
379.000000 742.308838 1223.278198 2654.451172 1213.469360
1145.000000 1040.572510 690.018738 2984.000000 578.000000
410.000000 762.806519 893.303467 2634.059570 816.621399
488.000000 421.451050 1243.450806 2373.414307 1259.996704
285.000000 457.457153 776.724365 2356.041260 750.019104
504.000000 727.015747 1396.691772 2649.839844 1411.416748
38.000000 670.283630 692.005249 2507.580322 618.561157
222.000000 423.984528 1060.209961 2350.418213 1056.777710
736.000000 805.000000 1155.000000 2716.000000 1128.000000
624.000000 763.000000 1186.000000 2674.000000 1171.000000
591.000000 783.000000 860.000000 2653.000000 776.000000
1361.000000 828.000000 739.000000 2686.000000 622.000000
987.000000 500.000000 898.000000 2256.000000 866.000000
775.000000 1047.000000 1106.000000 3051.000000 1074.000000
765.000000 443.000000 1184.000000 2262.000000 1199.000000
706.000000 786.000000 806.000000 2649.000000 712.000000
599.000000 2915.000000 1764.000000 118.000000 1591.000000
1023.000000 1056.000000 826.000000 3016.000000 723.000000
590.000000 422.000000 1440.000000 2206.000000 1457.000000
612.000000 441.000000 1211.000000 2389.000000 1218.000000
1210.000000 1045.000000 1166.000000 3058.000000 1146.000000
1022.000000 268.000000 331.000000 2909.000000 264.000000
1245.000000 470.000000 1439.000000 2283.000000 1460.000000
1244.000000 1046.000000 1136.000000 3054.000000 1110.000000
770.000000 466.000000 876.000000 2376.000000 875.000000
1032.000000 810.000000 1060.000000 2709.000000 1014.000000
635.000000 1052.000000 1039.000000 3043.000000 990.000000
1146.000000 607.000000 650.000000 2461.000000 577.000000
1064.000000 762.000000 1214.000000 2676.000000 1205.000000
949.000000 424.000000 1414.000000 2262.000000 1432.000000
1055.000000 821.000000 1125.000000 2727.000000 1091.000000
1371.000000 829.000000 713.000000 2685.000000 592.000000
847.000000 842.000000 737.000000 2698.000000 617.000000
901.000000 724.000000 1392.000000 2659.000000 1418.000000
722.000000 165.000000 1394.000000 1744.000000 1399.000000
698.000000 217.000000 1462.000000 1768.000000 1505.000000
584.000000 784.000000 833.000000 2651.000000 744.000000
800.000000 475.000000 769.000000 2371.000000 734.000000
863.000000 791.000000 719.000000 2643.000000 611.000000
1031.000000 824.000000 1059.000000 2721.000000 1011.000000
1380.000000 866.000000 488.000000 2792.000000 386.000000
904.000000 1119.000000 696.000000 3060.000000 583.000000
824.000000 1060.000000 705.000000 3004.000000 578.000000
1464.000000 825.000000 801.000000 2692.000000 695.000000
994.000000 552.000000 609.000000 2551.000000 485.000000
651.000000 1100.000000 792.000000 3014.000000 689.000000
971.000000 807.000000 1127.000000 2714.000000 1094.000000
1127.000000 771.000000 1036.000000 2664.000000 992.000000
1481.000000 812.000000 1032.000000 2706.000000 981.000000
760.000000 818.000000 1182.000000 2731.000000 1160.000000
673.000000 765.000000 1158.000000 2672.000000 1137.000000
860.000000 784.000000 1587.000000 2444.000000 1655.000000
1012.000000 460.000000 1413.000000 2439.000000 1434.000000
414.000000 289.000000 772.000000 2043.118652 734.815491
1189.000000 10.000000 620.000000 1881.000000 574.000000
709.000000 439.000000 1237.000000 2264.000000 1229.000000
766.000000 1035.000000 1040.000000 3021.000000 989.000000
1382.000000 435.000000 1096.000000 2370.000000 1104.000000
839.000000 1034.000000 566.000000 3032.000000 406.000000
622.000000 841.000000 524.000000 2527.000000 453.000000
1437.000000 453.000000 1069.000000 2383.000000 1067.000000
177.000000 562.000000 544.000000 2803.391357 429.232483
738.000000 1058.000000 769.000000 3011.000000 656.000000
607.000000 790.000000 744.000000 2645.000000 640.000000
801.000000 770.000000 1064.000000 2666.000000 1024.000000
711.000000 585.000000 556.000000 2578.000000 411.000000
784.000000 804.000000 1183.000000 2718.000000 1163.000000
1327.000000 885.000000 552.000000 2572.000000 474.000000
634.000000 766.000000 1129.000000 2670.000000 1103.000000
1117.000000 425.000000 1211.000000 2374.000000 1220.000000
1184.000000 769.000000 808.000000 2630.000000 719.000000
942.000000 511.000000 1017.000000 71.000000 799.000000
751.000000 822.000000 855.000000 2696.000000 760.000000
1328.000000 766.000000 862.000000 2634.000000 782.000000
1147.000000 839.000000 799.000000 2703.000000 691.000000
843.000000 555.000000 503.000000 2527.000000 364.000000
990.000000 465.000000 1503.000000 2287.000000 1560.000000
78.000000 733.000000 1021.000000 2616.071777 976.069580
659.000000 784.000000 509.000000 2688.000000 372.000000
1066.000000 97.000000 537.000000 1450.000000 301.000000
1492.000000 747.000000 1159.000000 2650.000000 1107.000000
660.000000 978.000000 474.000000 2887.000000 307.000000
539.000000 498.000000 923.000000 2398.962646 899.911194
67.000000 861.000000 673.000000 2699.071777 550.890381
1213.000000 2927.000000 1780.000000 127.000000 1605.000000
1294.000000 2901.000000 1748.000000 108.000000 1577.000000
433.000000 833.000000 1011.000000 2730.913086 943.207642
1309.000000 767.000000 514.000000 2670.000000 386.000000
669.000000 219.000000 1446.000000 1767.000000 1487.000000
1236.000000 435.000000 1504.000000 2230.000000 1558.000000
841.000000 451.000000 1095.000000 2385.000000 1101.000000
1346.000000 833.000000 880.000000 2708.000000 788.000000
832.000000 838.000000 826.000000 2705.000000 723.000000
1494.000000 808.000000 1389.000000 2745.000000 1412.000000
1065.000000 449.000000 904.000000 2361.000000 846.000000
1301.000000 1099.000000 848.000000 3020.000000 757.000000
978.000000 2922.000000 1749.000000 132.000000 1577.000000

18.000000 2173.456299 377.397125 616.053284 639.691162 2776.831055 400.313202 2467.930908 562.409363
4.000000 633.366455 716.428711 577.106201 1496.698364 2499.925537 633.336975 2554.135010 1740.124023
5.000000 599.967224 1346.907349 646.197144 712.813049 2565.852539 1690.205078 2513.272949 626.999329
118.000000 572.073853 1266.573242 605.957336 809.700195 2321.524414 1260.074951 2314.055908 1079.970093
65.000000 990.078064 613.830383 1276.995972 568.763184 2853.477539 448.308350 3069.992188 466.759003
22.000000 995.820435 1363.415039 988.158813 1596.715698 3038.031738 1389.882568 3063.895508 1690.525146
43.000000 714.939392 1376.752197 703.220398 1596.660645 2640.104004 1400.337158 2653.597900 1633.159424
29.000000 829.177185 1216.613037 843.087219 1003.100159 2750.203125 1209.987061 2733.438721 946.659973
34.000000 847.908630 889.885681 859.200439 683.289612 2726.236084 803.381653 2699.071777 550.890381
25.000000 1026.732666 1006.923340 1011.661926 1206.540527 2999.815186 923.085876 3021.588867 1200.137085
32.000000 1020.891785 660.026123 1015.036011 860.049866 2963.869629 516.351807 2984.520996 770.174561
40.000000 745.728882 1033.273438 733.594482 1223.349976 2616.071777 976.069580 2626.658447 1220.000366
44.000000 753.979309 706.522461 743.955017 893.366699 2596.198242 602.067871 2607.626221 836.792053
27.000000 896.292969 653.885925 1080.774292 629.095825 2803.310303 473.608856 3070.333740 496.024170
72.000000 512.603638 922.743591 527.214172 739.512085 2421.684814 900.179077 2414.018555 686.881653
197.000000 742.308838 1223.278198 751.808044 1046.584717 2654.451172 1213.469360 2646.254639 1080.025269
213.000000 762.806519 893.303467 772.255615 726.605591 2634.059570 816.621399 2626.166992 690.031128
20.000000 670.283630 692.005249 816.384521 671.338806 2507.580322 618.561157 2807.148193 474.086945
114.000000 423.984528 1060.209961 416.266388 1206.645630 2350.418213 1056.777710 2347.546631 1239.961548
191.000000 139.796829 697.245605 3.534764 649.426025 139.926056 440.498444 2.815164 420.159851
12.000000 2.602552 662.149536 136.343491 707.617249 2.803634 319.892242 500.778198 402.124817
