Keypoint Matches and Line Matches for pairs 12, 26 
12 corresponds to the image ./resources/Data/CastleP30/images/0012.png 
26 corresponds to the image ./resources/Data/CastleP30/images/0026.png 

1.000000 616.053284 639.691162 1882.903198 671.750366
10.000000 633.366455 716.428711 1898.160767 746.634460
7.000000 646.197144 712.813049 1908.914185 733.060303
29.000000 997.600342 592.380005 2360.068115 563.591553
572.000000 218.283752 400.764099 1203.550415 570.598755
173.000000 1535.694092 805.658569 2627.170898 802.518066
43.000000 586.649353 649.894348 1856.962891 681.080933
106.000000 219.653320 437.945312 1215.792969 597.523315
107.000000 426.479736 494.022766 1405.643066 634.950500
183.000000 859.200439 683.289612 2276.960938 713.316956
100.000000 1281.262573 636.595276 3016.269287 542.971252
312.000000 1264.207764 813.347900 2370.774902 843.285400
230.000000 753.979309 706.522461 1924.236816 796.651306
201.000000 743.955017 893.366699 2119.200684 913.234741
169.000000 1033.781860 676.555725 2349.263916 696.505859
252.000000 527.214172 739.512085 1701.940308 847.321411
371.000000 388.285461 1396.801270 1721.781250 1466.646362
411.000000 766.056580 713.513489 1937.009399 801.466492
359.000000 742.308838 1223.278198 1957.685425 1280.063843
337.000000 451.128418 766.483765 1455.339844 906.818665
558.000000 437.009338 936.695068 1467.082642 1023.351624
560.000000 1040.572510 690.018738 2145.324707 783.264771
402.000000 421.451050 1243.450806 1758.752319 1300.073120
509.000000 434.412018 1083.420654 1463.634644 1216.671631
498.000000 432.435150 500.176544 1408.074829 639.966431
499.000000 421.083588 656.745239 1406.214600 746.716858
794.000000 -0.721792 465.525452 1004.000000 644.000000
381.000000 423.984528 1060.209961 1440.355835 1190.028442
427.000000 220.432953 394.191193 1197.410278 555.408569
40.000000 136.343491 707.617249 1163.890625 881.439453
172.000000 1669.914673 786.054077 2793.829590 769.144287
1123.000000 183.000000 1237.000000 1219.000000 1359.000000
857.000000 257.000000 944.000000 1268.000000 1072.000000
585.000000 215.000000 933.000000 1230.000000 1063.000000
755.000000 230.000000 807.000000 1234.000000 943.000000
636.000000 231.000000 791.000000 1235.000000 928.000000
1118.000000 233.000000 775.000000 1236.000000 913.000000
1080.000000 218.000000 803.000000 1222.000000 940.000000
648.000000 468.000000 851.000000 1493.000000 972.000000
610.000000 783.000000 860.000000 1852.000000 919.000000
1198.000000 327.000000 329.000000 1301.000000 486.000000
656.000000 217.000000 915.000000 1230.000000 1047.000000
589.000000 271.000000 818.000000 1272.000000 953.000000
722.000000 167.000000 1271.000000 1205.000000 1389.000000
1356.000000 372.000000 394.000000 1358.000000 521.000000
681.000000 255.000000 961.000000 1268.000000 1088.000000
640.000000 1047.000000 1106.000000 2202.000000 1180.000000
590.000000 181.000000 1256.000000 1218.000000 1375.000000
699.000000 443.000000 1184.000000 1481.000000 1295.000000
951.000000 245.000000 779.000000 1247.000000 916.000000
1014.000000 229.000000 1092.000000 1251.000000 1223.000000
843.000000 230.000000 919.000000 1243.000000 1050.000000
1049.000000 194.000000 1259.000000 1231.000000 1378.000000
591.000000 786.000000 806.000000 1852.000000 895.000000
629.000000 1101.000000 763.000000 2173.000000 827.000000
1156.000000 254.000000 1098.000000 1275.000000 1228.000000
685.000000 269.000000 947.000000 1281.000000 1075.000000
759.000000 327.000000 343.000000 1299.000000 504.000000
840.000000 226.000000 954.000000 1242.000000 1081.000000
727.000000 274.000000 787.000000 1273.000000 923.000000
536.000000 168.000000 974.000000 1194.004395 1103.368408
1129.000000 214.000000 951.000000 1230.000000 1078.000000
680.000000 284.000000 806.000000 1285.000000 941.000000
744.000000 215.000000 1071.000000 1237.000000 1203.000000
632.000000 221.000000 1284.000000 1257.000000 1402.000000
611.000000 225.000000 1247.000000 1258.000000 1369.000000
690.000000 1099.000000 820.000000 2174.000000 853.000000
713.000000 1045.000000 1166.000000 2040.000000 1234.000000
938.000000 268.000000 331.000000 1250.000000 505.000000
1370.000000 990.000000 562.000000 2981.000000 354.000000
1159.000000 242.000000 810.000000 1247.000000 946.000000
771.000000 169.000000 1253.000000 1205.000000 1372.000000
798.000000 243.000000 1077.000000 1263.000000 1210.000000
1303.000000 484.000000 609.000000 1545.000000 629.000000
1083.000000 464.000000 902.000000 1492.000000 994.000000
792.000000 188.000000 1082.000000 1211.000000 1213.000000
901.000000 237.000000 361.000000 1226.000000 516.000000
988.000000 502.000000 872.000000 1536.000000 984.000000
644.000000 211.000000 1106.000000 1236.000000 1234.000000
985.000000 202.000000 947.000000 1217.000000 1076.000000
1024.000000 607.000000 650.000000 1877.000000 683.000000
1094.000000 762.000000 1214.000000 2042.000000 1265.000000
983.000000 446.000000 1157.000000 1481.000000 1267.000000
653.000000 242.000000 1095.000000 1263.000000 1226.000000
845.000000 821.000000 1125.000000 2061.000000 1199.000000
410.000000 829.000000 713.000000 2053.543213 774.231567
1048.000000 267.000000 964.000000 1280.000000 1090.000000
1140.000000 262.000000 783.000000 1261.000000 920.000000
893.000000 1116.000000 818.000000 2261.000000 835.000000
868.000000 236.000000 1269.000000 1270.000000 1388.000000
799.000000 271.000000 930.000000 1281.000000 1059.000000
1178.000000 1353.000000 816.000000 2755.000000 766.000000
594.000000 504.000000 846.000000 1536.000000 963.000000
1149.000000 244.000000 795.000000 1247.000000 931.000000
667.000000 199.000000 1103.000000 1223.000000 1231.000000
1133.000000 824.000000 828.000000 1800.000000 906.000000
1507.000000 514.000000 962.000000 1583.000000 1046.000000
673.000000 243.000000 958.000000 1256.000000 1085.000000
889.000000 123.000000 443.000000 1116.000000 620.000000
904.000000 724.000000 1392.000000 2159.000000 1452.000000
991.000000 393.000000 404.000000 1360.000000 538.000000
769.000000 213.000000 1088.000000 1236.000000 1218.000000
1004.000000 244.000000 940.000000 1256.000000 1069.000000
662.000000 228.000000 1110.000000 1250.000000 1239.000000
1427.000000 165.000000 1394.000000 1213.000000 1504.000000
746.000000 231.000000 1074.000000 1251.000000 1207.000000
770.000000 240.000000 1113.000000 1262.000000 1242.000000
613.000000 192.000000 1277.000000 1230.000000 1394.000000
811.000000 187.000000 1100.000000 1211.000000 1229.000000
878.000000 272.000000 802.000000 1273.000000 938.000000
603.000000 202.000000 1067.000000 1224.000000 1199.000000
757.000000 169.000000 375.000000 1172.000000 534.000000
1254.000000 217.000000 819.000000 1222.000000 957.000000
1460.000000 824.000000 1059.000000 2059.000000 1156.000000
1461.000000 178.000000 1398.000000 1254.000000 1514.000000
1052.000000 111.000000 429.000000 1103.000000 609.000000
698.000000 190.000000 1064.000000 1212.000000 1197.000000
1025.000000 260.000000 910.000000 1269.000000 1040.000000
856.000000 286.000000 790.000000 1285.000000 925.000000
1260.000000 451.000000 878.000000 1475.000000 996.000000
1032.000000 1433.000000 395.000000 2709.000000 266.000000
892.000000 259.000000 926.000000 1269.000000 1057.000000
773.000000 234.000000 1287.000000 1270.000000 1404.000000
658.000000 171.000000 1235.000000 1206.000000 1356.000000
1471.000000 228.000000 936.000000 1242.000000 1065.000000
1143.000000 414.000000 413.000000 1375.000000 547.000000
772.000000 226.000000 1128.000000 1250.000000 1254.000000
651.000000 477.000000 1208.000000 1525.000000 1290.000000
1016.000000 252.000000 1116.000000 1275.000000 1244.000000
1035.000000 322.000000 410.000000 1293.000000 562.000000
865.000000 219.000000 1302.000000 1256.000000 1417.000000
928.000000 1372.000000 813.000000 2701.000000 776.000000
775.000000 246.000000 923.000000 1256.000000 1054.000000
1299.000000 292.000000 1002.000000 1301.000000 1130.000000
1430.000000 515.000000 845.000000 1551.000000 960.000000
1081.000000 192.000000 370.000000 1191.000000 526.000000
1015.000000 211.000000 1263.000000 1244.000000 1382.000000
825.000000 238.000000 1131.000000 1262.000000 1257.000000
1419.000000 818.000000 1182.000000 2000.000000 1238.000000
481.000000 305.000000 858.000000 1303.765503 998.358582
1210.000000 279.000000 1000.000000 1270.000000 1123.000000
1135.000000 289.000000 772.000000 1296.000000 897.000000
785.000000 10.000000 620.000000 920.000000 761.000000
716.000000 191.000000 1296.000000 1229.000000 1409.000000
1065.000000 463.000000 927.000000 1492.000000 1014.000000
1061.000000 196.000000 1240.000000 1231.000000 1361.000000
1062.000000 179.000000 724.000000 1169.000000 864.000000
1070.000000 439.000000 1237.000000 1480.000000 1320.000000
1321.000000 264.000000 367.000000 1249.000000 517.000000
776.000000 260.000000 799.000000 1261.000000 935.000000
872.000000 179.000000 1274.000000 1217.000000 1391.000000
1177.000000 259.000000 814.000000 1260.000000 950.000000
1169.000000 199.000000 719.000000 1202.000000 857.000000
1184.000000 223.000000 1266.000000 1258.000000 1385.000000
1350.000000 1374.000000 726.000000 2516.000000 756.000000
1223.000000 354.000000 385.000000 1324.000000 520.000000
501.000000 190.000000 1042.000000 1195.124023 1156.054077
708.000000 220.000000 787.000000 1223.000000 925.000000
1331.000000 237.000000 1250.000000 1271.000000 1371.000000
682.000000 212.000000 1245.000000 1245.000000 1366.000000
917.000000 458.000000 531.000000 1430.000000 666.000000
675.000000 214.000000 368.000000 1207.000000 522.000000
192.000000 1127.000000 647.000000 2273.261719 709.692444
660.000000 200.000000 1085.000000 1224.000000 1215.000000
989.000000 117.000000 477.000000 1122.000000 657.000000
1493.000000 1659.000000 1058.000000 2819.000000 1108.000000
877.000000 185.000000 1219.000000 1219.000000 1342.000000
1153.000000 766.000000 1129.000000 1779.000000 1233.000000
480.000000 184.000000 825.000000 1199.744995 970.968445
1328.000000 769.000000 808.000000 1779.000000 910.000000
676.000000 482.000000 1154.000000 1525.000000 1262.000000
1441.000000 159.000000 1195.000000 1195.000000 1322.000000
1047.000000 253.000000 978.000000 1279.000000 1106.000000
1023.000000 1374.000000 785.000000 2517.000000 784.000000
1390.000000 766.000000 862.000000 1780.000000 933.000000
1077.000000 839.000000 799.000000 1870.000000 891.000000
1306.000000 205.000000 912.000000 1219.000000 1045.000000
288.000000 133.000000 457.000000 1124.758911 630.010559
1317.000000 323.000000 397.000000 1297.000000 544.000000
964.000000 733.000000 1021.000000 1933.000000 1126.000000
1483.000000 784.000000 509.000000 1844.000000 618.000000
852.000000 510.000000 626.000000 1442.000000 726.000000
511.000000 303.000000 888.000000 1303.852417 1017.764038
1131.000000 323.000000 377.000000 1274.000000 505.000000
916.000000 233.000000 380.000000 1224.000000 538.000000
728.000000 203.000000 930.000000 1218.000000 1060.000000
1481.000000 222.000000 752.000000 1223.000000 892.000000
1388.000000 438.000000 1257.000000 1661.000000 1329.000000
1096.000000 243.000000 886.000000 1250.000000 1021.000000
696.000000 177.000000 1292.000000 1217.000000 1407.000000
1127.000000 430.000000 1158.000000 1463.000000 1269.000000
1139.000000 167.000000 1119.000000 1186.000000 1257.000000
674.000000 282.000000 822.000000 1285.000000 956.000000
245.000000 833.000000 1011.000000 2070.223633 1094.884766
1255.000000 1451.000000 387.000000 2734.000000 257.000000
1264.000000 165.000000 1290.000000 1205.000000 1404.000000
1456.000000 464.000000 1155.000000 1508.000000 1264.000000
1045.000000 767.000000 514.000000 1856.000000 534.000000
1398.000000 219.000000 1446.000000 1566.000000 1544.000000
859.000000 1118.000000 761.000000 2261.000000 808.000000
550.000000 145.000000 1179.000000 1183.556519 1310.059204
1039.000000 1046.000000 683.000000 2124.000000 756.000000
661.000000 209.000000 1281.000000 1244.000000 1399.000000
974.000000 838.000000 826.000000 2055.000000 877.000000
720.000000 227.000000 1229.000000 1258.000000 1352.000000
1455.000000 228.000000 821.000000 1234.000000 958.000000
1320.000000 805.000000 830.000000 1816.000000 926.000000
1166.000000 289.000000 1036.000000 1303.000000 1156.000000
896.000000 211.000000 735.000000 1213.000000 876.000000
1151.000000 453.000000 852.000000 1476.000000 975.000000

0.000000 2173.456299 377.397125 616.053284 639.691162 3069.787109 349.216919 1882.903198 671.750366
5.000000 633.366455 716.428711 577.106201 1496.698364 1898.160767 746.634460 1920.433472 1780.062500
3.000000 599.967224 1346.907349 646.197144 712.813049 1933.513916 1836.588379 1908.914185 733.060303
15.000000 997.600342 592.380005 1452.468872 518.043884 2360.068115 563.591553 2693.110596 475.821045
96.000000 332.688446 829.936829 289.233368 1273.584717 1318.570190 1203.503052 1313.175903 1369.994873
147.000000 376.106689 1276.911377 414.653748 840.116516 1412.807495 1329.669922 1419.226440 1189.811523
23.000000 218.283752 400.764099 456.434326 467.394958 1451.220337 604.803162 1201.674438 546.202820
22.000000 586.649353 649.894348 373.567200 684.762573 1856.962891 681.080933 1603.483643 750.548340
54.000000 219.653320 437.945312 426.479736 494.022766 1215.792969 597.523315 1405.643066 634.950500
51.000000 1901.557007 536.627930 1906.865479 749.995056 3016.269287 542.971252 3040.155273 736.647522
116.000000 847.908630 889.885681 859.200439 683.289612 2078.309082 919.816772 2061.291992 767.266235
75.000000 1281.262573 636.595276 1274.479004 833.372803 2591.270752 642.937317 2607.586914 819.906372
118.000000 753.979309 706.522461 743.955017 893.366699 1924.236816 796.651306 1928.015381 949.518982
129.000000 512.603638 922.743591 527.214172 739.512085 1713.798706 993.295532 1701.940308 847.321411
190.000000 388.285461 1396.801270 373.060211 1579.977295 1721.781250 1466.646362 1723.188110 1590.001709
184.000000 742.308838 1223.278198 751.808044 1046.584717 1957.685425 1280.063843 1954.191040 1153.309692
286.000000 451.128418 766.483765 437.009338 936.695068 1471.484741 923.252014 1467.082642 1023.351624
287.000000 1035.001221 860.054626 1040.572510 690.018738 2148.771729 883.375610 2145.324707 783.264771
292.000000 762.806519 893.303467 772.255615 726.605591 1954.018433 926.661255 1953.229248 826.667480
261.000000 421.451050 1243.450806 434.412018 1083.420654 1461.896606 1323.364258 1463.634644 1216.671631
256.000000 432.435150 500.176544 421.083588 656.745239 1408.074829 639.966431 1406.214600 746.716858
277.000000 333.783905 679.737793 183.635559 660.921631 1312.822144 751.835938 1213.125977 724.078308
272.000000 333.601105 714.572754 187.197449 695.849609 1307.094604 885.014099 1206.098633 858.859985
11.000000 670.283630 692.005249 816.384521 671.338806 1326.016479 880.799744 1886.729736 736.912292
195.000000 423.984528 1060.209961 416.266388 1206.645630 1440.355835 1190.028442 1439.404175 1313.328735
20.000000 2.602552 662.149536 136.343491 707.617249 896.807190 802.855774 1163.890625 881.439453
1.000000 1176.546875 609.031372 1310.713501 592.434570 1903.609131 731.083618 3070.220703 434.200226
89.000000 1669.914673 786.054077 1535.694092 805.658569 2793.829590 769.144287 2627.170898 802.518066
