Keypoint Matches and Line Matches for pairs 14, 15 
14 corresponds to the image ./resources/Data/CastleP30/images/0014.png 
15 corresponds to the image ./resources/Data/CastleP30/images/0015.png 

7.000000 1735.103027 756.665161 2099.505127 541.105347
15.000000 1813.262451 1825.710205 2226.725586 1725.831909
29.000000 2076.597900 1863.242676 2456.172852 1771.455688
20.000000 2006.427856 1907.789551 2373.269043 1824.087036
10.000000 1767.516357 829.973267 2145.228516 623.224731
369.000000 1798.454956 1813.486816 2208.603516 1716.915161
24.000000 2049.781494 1891.434082 2416.311279 1808.012695
50.000000 692.399719 986.588135 1077.022461 876.683655
4.000000 1203.336670 876.458191 1551.772705 723.388672
30.000000 2083.198486 1871.932617 2463.050537 1787.597290
3.000000 1214.600952 889.954041 1563.422485 733.332703
46.000000 726.552856 969.711182 1105.982422 856.635742
49.000000 703.448425 974.173340 1087.401367 863.684570
19.000000 1779.765991 826.469055 2158.630371 616.930908
44.000000 2116.575928 1854.735840 2503.234619 1768.461060
57.000000 2139.864746 1823.402222 2536.446045 1732.232056
1.000000 1082.472778 863.168335 1418.898682 713.323975
58.000000 2149.906738 1836.053833 2543.128418 1748.010132
75.000000 2179.990234 1806.286255 2583.198242 1711.445190
36.000000 66.802261 892.423218 473.074310 815.937134
37.000000 670.151733 982.314880 1057.258301 874.052979
32.000000 1989.200317 843.191650 2378.405273 606.524475
33.000000 2018.284058 1363.242920 2426.931885 1199.978271
53.000000 2153.431641 1333.994019 2543.124512 1155.675659
13.000000 64.854271 900.195740 469.750458 820.253967
38.000000 2108.863281 1346.740723 2525.615723 1176.762329
39.000000 2076.485107 850.011841 2473.411865 603.326172
55.000000 1813.222412 1386.670410 2211.398682 1243.249878
70.000000 1368.208862 970.057678 1737.391479 813.196289
1097.000000 1362.572510 1446.697144 1744.000000 1331.000000
34.000000 1126.940308 617.087341 1504.798218 468.522278
40.000000 2519.910889 429.804443 2960.642334 24.328943
41.000000 2090.846924 625.193298 2480.480469 334.078156
60.000000 1769.008179 1390.028687 2166.375732 1250.016357
61.000000 1755.698120 929.931580 2137.433105 733.290405
64.000000 1721.196899 939.876770 2103.196777 746.674011
65.000000 1733.713135 1399.989624 2130.801270 1259.956909
68.000000 1588.943726 1420.014526 1988.306519 1289.929199
69.000000 1582.654175 963.342712 1966.730591 790.141113
62.000000 2097.046875 614.165833 2493.264160 316.559784
72.000000 1851.906006 1380.055420 2250.729736 1230.166260
73.000000 1834.970215 943.399109 2219.440918 740.248596
76.000000 2186.664551 1816.771851 2589.960693 1727.796997
78.000000 1616.425781 1416.720459 2015.196899 1283.399658
79.000000 1609.957764 986.667297 1993.972046 813.304504
80.000000 1537.912598 989.994995 1915.808228 823.248230
81.000000 1539.645874 1420.001465 1931.851685 1289.936401
163.000000 2245.485596 1211.200439 2676.123779 1004.454224
82.000000 1393.208008 1423.332275 1774.402100 1296.712402
83.000000 1396.996338 996.640015 1765.181152 839.962708
223.000000 1011.119873 781.272217 1333.150879 634.565430
568.000000 646.859680 933.794617 1033.616577 824.082153
86.000000 2524.493408 1740.208618 2992.485107 1637.157593
84.000000 2532.866943 1373.383179 2998.517578 1196.863647
85.000000 2572.105225 1740.131348 3056.937988 1636.630615
94.000000 2162.156982 1349.684082 2562.874756 1174.605225
95.000000 2509.084717 1291.234619 2959.917480 1086.295532
102.000000 2255.399170 733.200806 2669.512695 440.051788
126.000000 730.547302 869.829285 1127.020386 759.653992
127.000000 470.131866 829.155701 856.317444 733.633423
130.000000 1786.756470 1819.693237 2196.652588 1723.685791
131.000000 1526.668091 1813.274902 1926.680054 1712.995728
160.000000 1347.962036 754.469055 1716.047119 581.218750
161.000000 1126.365112 623.844971 1503.391724 473.108459
108.000000 2503.198975 783.345703 2969.431396 460.470551
485.000000 2485.998047 516.441101 2939.488037 130.063034
359.000000 1633.998535 619.145630 2016.329956 418.702881
110.000000 2157.487549 1463.271851 2584.433105 1316.558716
111.000000 2175.734863 1706.736450 2612.236572 1599.780396
152.000000 162.994736 1562.885742 594.478271 1449.573486
153.000000 133.679214 1803.375488 575.379761 1696.824707
186.000000 2127.760254 1046.584839 2537.450928 832.920654
114.000000 2173.805176 1486.415405 2601.970215 1339.824585
115.000000 2189.670654 1726.688354 2626.911133 1619.978271
122.000000 2001.791138 1730.239868 2420.428955 1623.765137
123.000000 1989.989990 1490.328369 2401.502930 1350.357422
120.000000 2463.207275 1329.207275 2902.756592 1130.609741
112.000000 2200.844727 1730.181396 2636.748291 1619.992676
91.000000 2062.403564 953.390503 2462.129639 730.103577
140.000000 1900.689697 1503.300537 2305.620361 1363.165527
141.000000 1911.447876 1729.931274 2324.702637 1623.232910
146.000000 1985.015259 1313.397095 2389.378906 1146.706787
147.000000 1976.396362 1090.139160 2373.025146 893.568604
156.000000 1400.344482 611.508972 1753.160278 421.669281
157.000000 1620.697388 626.224487 1996.489502 418.058350
128.000000 2362.778320 599.799805 2792.565430 259.475952
129.000000 2378.635742 819.858093 2818.821045 529.798889
234.000000 2145.308350 1063.039673 2557.618652 846.172852
145.000000 93.383537 766.319946 473.445251 692.053833
142.000000 2344.752441 586.532593 2772.126221 253.083817
143.000000 2364.904785 799.851562 2801.857910 506.448639
220.000000 1913.106812 1516.550293 2321.260010 1383.113037
150.000000 2390.310303 819.973267 2834.519775 523.200195
151.000000 2372.490234 613.118835 2806.853271 276.645752
226.000000 1786.949829 1849.180054 2196.955811 1757.253906
180.000000 1711.095337 1733.384888 2120.653809 1630.161743
181.000000 1706.337158 1526.750977 2106.967773 1403.516479
132.000000 2397.325195 538.103210 2833.283203 178.528625
133.000000 2584.407471 452.343384 3058.486572 36.213051
176.000000 1931.654541 1733.410156 2348.307861 1626.788208
177.000000 1922.348999 1530.045044 2332.014404 1399.855347
229.000000 17.421164 1410.570801 453.352264 1313.630859
202.000000 30.744225 833.417358 417.612091 760.829346
158.000000 2118.490723 706.550537 2514.716553 425.608093
159.000000 2131.229736 906.588379 2536.780029 666.656433
178.000000 1893.902466 1133.193604 2287.569824 949.745605
179.000000 1901.064941 1333.295166 2301.191650 1176.595093
184.000000 1880.260010 1113.496948 2271.866943 933.186523
185.000000 1890.899902 1313.285400 2288.920898 1150.084839
166.000000 2103.208252 693.342834 2497.457275 416.584900
167.000000 2118.172119 890.138977 2521.581299 649.836426
428.000000 1868.243652 793.252441 2247.776611 566.570801
430.000000 1702.821655 1366.802246 2096.166016 1227.062256
236.000000 289.014313 1233.608032 698.566895 1139.894165
237.000000 266.853333 1422.965088 684.995178 1323.702148
238.000000 537.505798 912.617981 920.902649 809.166199
239.000000 414.836884 768.718262 796.125671 674.087280
188.000000 2141.388916 903.228760 2549.275391 656.740540
189.000000 2127.338867 716.616028 2527.515137 443.246857
192.000000 1880.467773 803.192749 2262.237061 576.525940
193.000000 1887.375732 989.973755 2275.671387 790.062622
554.000000 2520.059814 1188.335449 2966.723145 954.797485
252.000000 87.378075 913.441406 496.278259 836.627258
253.000000 59.408195 1097.589355 478.299683 1013.837158
194.000000 1409.818604 645.853943 1769.984863 458.114258
195.000000 1594.116455 659.120972 1983.317505 457.735840
248.000000 392.505585 1430.224365 804.732544 1326.570679
249.000000 408.954559 1246.572998 813.374512 1145.332886
264.000000 193.599091 1110.030762 603.528381 1020.013306
265.000000 213.693176 929.458496 615.337769 846.576172
262.000000 157.313965 1403.407471 581.426086 1306.764282
263.000000 177.232773 1222.368408 593.192017 1131.909668
383.000000 2293.566895 1206.941650 2729.735840 986.696960
246.000000 512.718262 1253.610352 921.714478 1154.286499
247.000000 494.359009 1433.777466 901.334412 1333.485107
355.000000 1910.994385 1330.278442 2313.708252 1173.582275
208.000000 1693.913574 1053.528564 2075.805908 880.347290
209.000000 1688.139404 873.499939 2066.576904 680.311707
258.000000 406.295990 769.385010 790.979736 674.739441
259.000000 252.558792 862.048279 646.021667 775.740967
272.000000 403.902924 790.906250 786.860596 698.175842
273.000000 252.825546 885.858704 646.805420 800.190552
222.000000 1184.216919 819.268738 1523.903564 662.816589
482.000000 321.851501 946.245361 719.808777 855.360901
261.000000 300.631012 1123.405029 704.756775 1030.332642
256.000000 610.556458 1440.046387 1018.170776 1336.730835
257.000000 625.287048 1263.218384 1025.707764 1159.959106
244.000000 1133.918701 436.695374 1507.085449 280.008575
245.000000 1125.248901 613.427307 1503.327637 463.333221
210.000000 2003.332275 1755.592041 2419.998779 1653.621704
211.000000 2179.998779 1755.417480 2620.009277 1654.450073
224.000000 1196.418701 864.525940 1539.974976 710.173706
225.000000 1023.625427 828.595215 1350.069702 682.848999
254.000000 22.760109 1049.929321 428.478607 976.312500
255.000000 44.149982 876.356506 441.370300 799.613586
268.000000 422.636780 1136.916382 822.758423 1040.135254
269.000000 437.720734 962.700745 830.521240 866.149170
347.000000 1959.869995 1814.853394 2383.377930 1721.699341
348.000000 2133.436035 1819.502319 2526.604736 1725.602783
232.000000 1656.437988 1733.405884 2066.520020 1630.006958
233.000000 1652.908813 1560.008667 2057.513184 1439.959839
165.000000 2363.705811 477.469971 2783.700684 107.225090
266.000000 537.630676 976.761292 929.063721 873.977173
267.000000 520.912537 1147.083374 918.163818 1046.946899
218.000000 1896.588135 986.670471 2286.658691 783.333923
219.000000 1888.343994 816.585388 2272.129395 589.840088
242.000000 1579.940186 1250.000122 1972.826904 1103.351318
243.000000 1580.121094 1419.999878 1979.347412 1286.689819
274.000000 528.833008 927.710144 914.138184 825.893738
275.000000 415.715851 801.203003 794.817078 701.644043
89.000000 2140.315186 650.776917 2549.532227 351.253479
294.000000 633.686768 1160.026611 1030.470703 1053.348877
295.000000 646.256470 993.302429 1035.967041 886.643616
240.000000 1631.263306 909.966248 2013.321777 726.499268
241.000000 1635.721680 1076.691895 2022.571045 910.038391
250.000000 1130.944946 616.708435 1509.870850 463.332794
251.000000 1138.020508 456.726532 1510.635498 283.336029
270.000000 1650.752197 1379.981079 2049.023438 1240.048584
271.000000 1646.717773 1219.998657 2040.399048 1066.646851
98.000000 121.207809 836.172485 522.316162 766.612305
205.000000 1526.343872 852.631714 1902.605347 674.111267
286.000000 2149.883789 1442.366455 2576.435303 1288.599854
287.000000 2000.043579 1460.363159 2409.908447 1316.111816
402.000000 2257.672119 1213.495361 2688.437744 993.505615
290.000000 2010.037109 1644.169067 2426.630371 1526.024658
291.000000 2160.037354 1637.505859 2593.330322 1516.613647
292.000000 2013.256470 1680.755005 2429.924072 1567.978027
293.000000 2163.321777 1676.281860 2596.731201 1561.717163
306.000000 1643.215698 1073.336792 2031.207031 903.263855
307.000000 1638.780762 923.270874 2021.805298 739.896118
300.000000 2010.009521 1606.827515 2426.417480 1483.626343
301.000000 2159.876465 1597.921143 2590.017334 1470.211304
282.000000 2016.632202 1718.056396 2433.340576 1610.411255
283.000000 2166.644043 1715.394653 2603.286865 1607.387451
118.000000 1519.984863 1804.859619 1920.096802 1703.674316
338.000000 78.974991 1089.861938 496.987366 1006.693237
339.000000 98.731216 943.162476 508.881531 863.240601
314.000000 1583.597046 893.973938 1964.269287 714.923401
315.000000 1720.409424 837.661438 2099.724365 635.194702
362.000000 2326.035889 1200.046753 2767.343506 976.596497
90.000000 2086.632568 1336.669067 2499.706055 1166.692017
367.000000 2093.969971 1339.953369 2508.521729 1170.134277
349.000000 1608.322632 663.018494 1988.842529 458.597504
298.000000 2010.023804 1570.319092 2423.177002 1441.784424
299.000000 2156.620117 1559.375610 2586.527344 1425.287842
296.000000 1225.915161 880.910278 1573.008423 726.197388
297.000000 1370.613403 906.536255 1736.880005 744.785767
522.000000 2513.299561 1297.669800 2963.293945 1087.843872
310.000000 2143.256348 1429.429199 2566.302734 1274.655518
311.000000 1999.831055 1448.745361 2409.932129 1302.958862
302.000000 1636.227417 1199.741577 2026.764404 1042.818848
303.000000 1642.181152 1343.242798 2039.212891 1206.473022
101.000000 2382.377930 544.239990 2825.460938 180.124298
276.000000 2318.130859 836.572327 2747.925293 553.219788
277.000000 2308.903809 693.403992 2732.607422 383.398804
318.000000 2006.424561 1497.777588 2419.781982 1358.512573
319.000000 2146.577148 1482.512085 2573.238037 1336.016357
312.000000 2009.738037 1533.741211 2423.306152 1399.775513
313.000000 2150.104736 1521.170654 2579.706055 1380.897583
330.000000 1506.678833 1497.137695 1896.605225 1372.197876
331.000000 1366.600098 1500.753052 1749.827026 1380.133789
372.000000 628.370239 1013.188416 1019.763855 906.655762
373.000000 616.210999 1149.959473 1013.465149 1043.339355
345.000000 1499.949951 1836.665771 1900.704590 1736.689941
346.000000 1502.301514 1699.867676 1899.434814 1593.367920
340.000000 1816.623901 1811.281982 2229.944580 1714.481934
341.000000 1953.360718 1815.845947 2373.426514 1721.399780
353.000000 1421.691772 1699.754883 1812.759888 1592.843506
354.000000 1425.610596 1833.364258 1820.068726 1733.502930
1527.000000 2535.858154 1046.735718 3023.000000 786.000000
432.000000 153.380264 1412.473511 576.694702 1315.955933
433.000000 23.403557 1405.380005 456.618652 1311.216919
434.000000 20.149038 1417.311523 456.675659 1323.099243
435.000000 150.119186 1424.516602 576.754639 1327.708984
288.000000 2353.960449 591.528198 2780.417969 254.054779
289.000000 2473.056641 542.659180 2926.375244 169.496979
585.000000 2443.165527 479.631042 2883.300537 96.615486
452.000000 190.245682 1107.854736 600.044617 1019.407776
453.000000 63.334755 1093.320923 483.287323 1010.610840
320.000000 2435.008545 663.168396 2883.760254 327.033295
321.000000 2447.519775 790.244202 2903.112549 480.448303
228.000000 49.705994 1209.822021 471.688843 1123.211182
328.000000 2178.656738 890.102356 2591.022461 636.906677
329.000000 2169.002686 763.409302 2575.772949 490.092804
512.000000 766.540466 1701.047607 836.582886 1588.950439
513.000000 893.372620 1694.044556 943.367310 1580.425293
379.000000 1062.958374 1681.373169 1099.068848 1567.166870
446.000000 63.376564 1106.248535 482.903168 1022.891541
447.000000 187.110413 1119.041382 600.161621 1030.994385
336.000000 2178.473633 763.189941 2586.354980 486.345795
337.000000 2188.282715 886.802917 2601.592285 629.830872
528.000000 2076.464844 642.867615 2466.512207 359.749695
412.000000 1523.315674 849.560059 1899.665894 670.086060
413.000000 1399.780029 854.503296 1776.606201 682.746033
1042.000000 1958.581543 1593.403931 2357.000000 1470.000000
1420.000000 1968.137695 1593.279175 2396.000000 1466.000000
478.000000 2072.895020 574.586365 2457.220947 287.603424
479.000000 1958.410889 534.543396 2349.383545 262.665192
463.000000 93.237038 910.621338 499.740082 832.498413
332.000000 2396.537109 986.123535 2845.601807 723.500671
333.000000 2279.378174 1014.059143 2708.722900 769.536072
444.000000 496.200409 917.102783 886.198120 820.466187
445.000000 414.078949 829.302612 803.076599 736.922058
487.000000 390.008392 1426.515381 800.060608 1325.237549
488.000000 270.008331 1419.849976 689.834717 1320.564697
370.000000 2227.029297 881.098694 2643.636475 620.645813
371.000000 2113.916992 918.434631 2519.495361 678.925232
384.000000 1089.469604 856.294006 1426.394531 709.101807
385.000000 1206.558716 877.269165 1556.262207 723.618103
334.000000 2434.774658 783.515320 2887.967773 476.506775
335.000000 2423.531494 666.647583 2870.366455 333.288300
1434.000000 1640.994385 1536.534058 2046.000000 1419.000000
468.000000 270.146820 1430.827026 686.730286 1331.694336
469.000000 386.803680 1437.661255 800.151489 1336.098145
364.000000 2070.540039 973.301758 2470.572021 746.614258
365.000000 2077.361084 1089.959351 2483.104004 883.354370
438.000000 1816.669067 1755.737671 2226.666992 1653.156738
439.000000 1933.334961 1756.033936 2346.666748 1653.350098
116.000000 1629.994385 1508.782959 2033.385864 1382.061157
1203.000000 2513.308350 946.540833 2985.000000 666.000000
510.000000 419.936005 1133.892822 816.703369 1036.208130
511.000000 306.560852 1120.925049 709.920166 1027.664062
483.000000 303.565704 1131.237915 706.807190 1038.098022
484.000000 416.982849 1143.815430 816.944763 1046.235962
368.000000 1806.046509 1689.804932 2201.404785 1579.926147
448.000000 1053.753418 1677.712158 1103.241211 1559.763184
449.000000 948.050842 1720.187500 993.703125 1602.383423
489.000000 293.116608 1232.436279 703.084045 1137.392212
422.000000 1817.610596 696.956970 2209.670410 468.572510
423.000000 1708.987427 663.264343 2089.797852 447.835327
426.000000 1930.066772 859.822632 2317.990234 636.558594
427.000000 1935.989014 973.368652 2327.791260 756.574829
386.000000 1943.068604 1316.859009 2347.101074 1156.900513
387.000000 1937.009033 1203.493164 2336.619385 1026.939331
380.000000 1497.616089 585.810791 1857.381226 384.814606
381.000000 1607.271973 610.662659 1987.212646 402.704712
1100.000000 1567.520020 576.642151 1948.000000 376.000000
388.000000 2122.124023 925.902100 2526.815186 687.008911
389.000000 2228.037354 894.644470 2645.681396 635.409058
88.000000 1797.592285 798.934875 2176.153564 584.514404
394.000000 1927.439697 973.471008 2318.954590 766.747192
395.000000 1921.523315 863.430664 2309.198730 640.061707
520.000000 496.788422 1443.825073 906.769104 1340.102417
521.000000 606.871948 1448.542236 1013.434204 1343.484375
416.000000 1623.338379 1498.480347 2026.692505 1372.630249
417.000000 1513.328491 1498.111694 1903.338379 1373.841797
498.000000 240.571854 866.484070 633.554504 781.422668
499.000000 132.428741 848.895081 526.394531 769.017517
440.000000 1163.176514 794.107849 1506.368652 638.906372
441.000000 1270.179443 815.780884 1623.620728 654.506287
351.000000 1366.837524 895.740723 1733.303955 733.572266
352.000000 1260.114014 876.048828 1593.366577 716.396118
547.000000 606.770691 1437.899902 1013.362610 1332.407593
548.000000 499.871002 1432.604004 909.921936 1329.134888
344.000000 2461.155029 556.138184 2915.481689 187.018173
541.000000 630.307068 1157.369507 1026.802979 1051.578857
542.000000 526.443542 1145.244751 923.317383 1043.538818
107.000000 2334.325928 573.218567 2759.470459 233.403641
539.000000 523.351135 1156.507080 920.173889 1054.484619
540.000000 626.885315 1168.036621 1023.646973 1062.730957
514.000000 620.140869 1261.706177 1023.144592 1156.592896
515.000000 516.430542 1252.727051 916.449585 1150.415894
326.000000 38.574543 1399.830688 472.523132 1306.604980
490.000000 2010.057861 1735.543701 2430.018066 1630.620972
491.000000 1906.708130 1738.250977 2320.014404 1633.830078
1391.000000 1660.812988 1616.656128 2075.000000 1497.000000
1538.000000 1662.148193 1720.015259 2068.000000 1619.000000
470.000000 1516.666626 1200.000000 1898.139160 1049.966064
471.000000 1516.666626 1303.333374 1900.750732 1163.316040
592.000000 316.000000 1694.000000 752.000000 1588.000000
598.000000 320.000000 1655.000000 738.000000 1550.000000
594.000000 539.000000 1296.000000 943.000000 1193.000000
596.000000 314.000000 1710.000000 751.000000 1604.000000
1124.000000 1221.000000 773.000000 1579.000000 616.000000
612.000000 309.000000 1758.000000 748.000000 1650.000000
593.000000 363.000000 1282.000000 772.000000 1184.000000
651.000000 355.000000 1364.000000 767.000000 1265.000000
813.000000 332.000000 755.000000 736.000000 670.000000
767.000000 307.000000 1386.000000 722.000000 1287.000000
674.000000 384.000000 734.000000 784.000000 646.000000
615.000000 1447.000000 1263.000000 1827.000000 1123.000000
705.000000 357.000000 1339.000000 768.000000 1240.000000
673.000000 159.000000 1020.000000 568.000000 936.000000
848.000000 1946.000000 1656.000000 2362.000000 1540.000000
892.000000 563.000000 1020.000000 956.000000 916.000000
637.000000 339.000000 1091.000000 742.000000 997.000000
649.000000 1944.000000 1624.000000 2359.000000 1504.000000
644.000000 1920.000000 1163.000000 2318.000000 982.000000
636.000000 312.000000 1336.000000 726.000000 1238.000000
617.000000 1447.000000 1119.000000 1822.000000 967.000000
656.000000 2411.000000 878.000000 2860.000000 592.000000
751.000000 1407.000000 1338.000000 1785.000000 1204.000000
1386.000000 2412.000000 772.000000 2861.000000 463.000000
695.000000 535.000000 1352.000000 940.000000 1248.000000
640.000000 574.000000 1378.000000 980.000000 1274.000000
861.000000 1909.000000 893.000000 2297.000000 676.000000
785.000000 68.000000 1344.000000 498.000000 1251.000000
727.000000 603.000000 1025.000000 996.000000 920.000000
763.000000 1925.000000 1262.000000 2326.000000 1094.000000
1422.000000 2199.000000 816.000000 2611.000000 549.000000
621.000000 291.000000 1360.000000 706.000000 1262.000000
899.000000 1482.000000 1416.000000 1870.000000 1286.000000
904.000000 528.000000 1423.000000 937.000000 1319.000000
879.000000 517.000000 1350.000000 923.000000 1247.000000
832.000000 115.000000 1373.000000 542.000000 1278.000000
789.000000 1223.000000 841.000000 1566.000000 683.000000
754.000000 1655.000000 1015.000000 2041.000000 841.000000
980.000000 2400.000000 629.000000 2841.000000 291.000000
780.000000 394.000000 641.000000 793.000000 555.000000
1149.000000 171.000000 1709.000000 615.000000 1604.000000
1085.000000 542.000000 1069.000000 937.000000 967.000000
613.000000 119.000000 959.000000 529.000000 878.000000
849.000000 118.000000 1347.000000 544.000000 1254.000000
958.000000 1483.000000 958.000000 1857.000000 791.000000
700.000000 1036.000000 1534.000000 1391.000000 1420.000000
888.000000 1220.000000 791.000000 1578.000000 634.000000
1369.000000 294.000000 1335.000000 708.000000 1237.000000
622.000000 166.000000 965.000000 573.000000 882.000000
657.000000 559.000000 1071.000000 953.000000 968.000000
629.000000 569.000000 1425.000000 978.000000 1320.000000
1108.000000 580.000000 1300.000000 984.000000 1195.000000
626.000000 1045.000000 1311.000000 1394.000000 1186.000000
970.000000 315.000000 1574.000000 727.000000 1472.000000
597.000000 352.000000 1389.000000 766.000000 1289.000000
591.000000 311.000000 1743.000000 749.000000 1635.000000
739.000000 300.000000 1277.000000 711.000000 1181.000000
652.000000 121.000000 1321.000000 546.000000 1229.000000
974.000000 2162.000000 892.000000 2573.000000 644.000000
1058.000000 375.000000 595.000000 769.000000 509.000000
639.000000 1670.000000 1697.000000 2079.000000 1588.000000
634.000000 304.000000 1410.000000 721.000000 1311.000000
1084.000000 582.000000 1276.000000 984.000000 1172.000000
1051.000000 2514.000000 1124.000000 2997.000000 882.000000
743.000000 2283.000000 1716.000000 2737.000000 1608.000000
676.000000 374.000000 1365.000000 786.000000 1265.000000
993.000000 599.000000 1076.000000 993.000000 972.000000
929.000000 1483.000000 1269.000000 1865.000000 1127.000000
1070.000000 593.000000 1143.000000 990.000000 1038.000000
638.000000 1436.000000 1117.000000 1810.000000 966.000000
1348.000000 2214.000000 843.000000 2630.000000 579.000000
665.000000 1448.000000 983.000000 1819.000000 821.000000
696.000000 1458.000000 1248.000000 1838.000000 1106.000000
603.000000 351.000000 991.000000 748.000000 898.000000
987.000000 839.000000 1145.000000 1204.000000 1027.000000
738.000000 2157.000000 831.000000 2565.000000 573.000000
616.000000 342.000000 1067.000000 743.000000 974.000000
602.000000 1942.000000 513.000000 2328.000000 240.000000
1452.000000 2226.000000 1163.000000 2654.000000 956.000000
661.000000 1912.000000 949.000000 2302.000000 740.000000
907.000000 555.000000 1116.000000 951.000000 1013.000000
1037.000000 1493.000000 1418.000000 1881.000000 1288.000000
753.000000 1663.000000 1319.000000 2060.000000 1174.000000
933.000000 379.000000 582.000000 771.000000 497.000000
867.000000 83.000000 1232.000000 507.000000 1143.000000
959.000000 2202.000000 847.000000 2616.000000 585.000000
604.000000 326.000000 1042.000000 727.000000 949.000000
951.000000 2155.000000 800.000000 2562.000000 536.000000
1151.000000 1447.000000 1246.000000 1827.000000 1105.000000
609.000000 128.000000 1262.000000 551.000000 1171.000000
1111.000000 2403.000000 795.000000 2846.000000 491.000000
798.000000 1906.000000 829.000000 2292.000000 604.000000
1336.000000 1913.000000 976.000000 2305.000000 771.000000
1137.000000 321.000000 747.000000 726.000000 664.000000
1396.000000 169.000000 1726.000000 613.000000 1620.000000
713.000000 135.000000 1374.000000 561.000000 1279.000000
968.000000 1929.000000 1320.000000 2332.000000 1162.000000
889.000000 522.000000 1295.000000 927.000000 1192.000000
623.000000 167.000000 1742.000000 613.000000 1635.000000
1549.000000 149.000000 1093.000000 563.000000 1007.000000
846.000000 435.000000 1241.000000 839.000000 1141.000000
811.000000 1239.000000 845.000000 1584.000000 686.000000
795.000000 1655.000000 1041.000000 2043.000000 869.000000
1163.000000 366.000000 1257.000000 773.000000 1160.000000
1057.000000 613.000000 1123.000000 1009.000000 1018.000000
1031.000000 1437.000000 981.000000 1807.000000 819.000000
675.000000 1471.000000 1431.000000 1857.000000 1303.000000
778.000000 309.000000 1361.000000 724.000000 1262.000000
1299.000000 2312.000000 1067.000000 2748.000000 833.000000
913.000000 1483.000000 988.000000 1858.000000 824.000000
1264.000000 1433.000000 1556.000000 1821.000000 1437.000000
607.000000 376.000000 1341.000000 787.000000 1241.000000
599.000000 111.000000 1014.000000 524.000000 932.000000
768.000000 152.000000 1069.000000 564.000000 983.000000
1146.000000 532.000000 1375.000000 940.000000 1272.000000
779.000000 1668.000000 1576.000000 2073.000000 1456.000000
724.000000 597.000000 1098.000000 992.000000 994.000000
1160.000000 388.000000 1049.000000 787.000000 954.000000
772.000000 336.000000 1114.000000 740.000000 1020.000000
1171.000000 323.000000 1065.000000 725.000000 972.000000
1232.000000 2267.000000 1433.000000 2701.000000 1272.000000
1212.000000 1516.000000 1646.000000 1912.000000 1534.000000
920.000000 1494.000000 959.000000 1867.000000 792.000000
1246.000000 1433.000000 1592.000000 1822.000000 1476.000000
840.000000 1436.000000 1245.000000 1815.000000 1103.000000
1467.000000 1221.000000 757.000000 1578.000000 597.000000
973.000000 1664.000000 1371.000000 2063.000000 1231.000000
1123.000000 407.000000 1052.000000 805.000000 956.000000
758.000000 1482.000000 1433.000000 1870.000000 1305.000000
1479.000000 227.000000 1673.000000 628.000000 1570.000000
942.000000 1436.000000 589.000000 1793.000000 396.000000
620.000000 1698.000000 714.000000 2084.000000 506.000000
717.000000 1483.000000 1252.000000 1865.000000 1109.000000
653.000000 2150.000000 730.000000 2554.000000 455.000000
1378.000000 2057.000000 585.000000 2438.000000 298.000000
681.000000 1446.000000 1426.000000 1831.000000 1298.000000
790.000000 51.000000 1317.000000 480.000000 1226.000000
679.000000 2235.000000 1025.000000 2657.000000 791.000000
809.000000 394.000000 996.000000 790.000000 902.000000
1460.000000 130.000000 1611.000000 558.000000 1507.000000
1495.000000 339.000000 1575.000000 740.000000 1472.000000
667.000000 571.000000 1402.000000 979.000000 1297.000000
721.000000 65.000000 1370.000000 496.000000 1277.000000
876.000000 2259.000000 1572.000000 2705.000000 1437.000000
703.000000 1661.000000 1231.000000 2055.000000 1078.000000
747.000000 321.000000 1089.000000 724.000000 996.000000
1113.000000 1493.000000 1551.000000 1885.000000 1431.000000
1306.000000 2214.000000 1289.000000 2611.000000 1100.000000
891.000000 385.000000 1073.000000 785.000000 977.000000
764.000000 1457.000000 999.000000 1829.000000 837.000000
829.000000 1471.000000 1600.000000 1863.000000 1484.000000
955.000000 1938.000000 1393.000000 2343.000000 1241.000000
925.000000 1437.000000 966.000000 1807.000000 803.000000
903.000000 541.000000 1272.000000 944.000000 1169.000000
1039.000000 87.000000 1036.000000 503.000000 954.000000
806.000000 1483.000000 1091.000000 1860.000000 935.000000
1092.000000 1433.000000 1574.000000 1821.000000 1457.000000
808.000000 1409.000000 1006.000000 1777.000000 848.000000
759.000000 332.000000 988.000000 731.000000 896.000000
1145.000000 1381.000000 1725.000000 1772.000000 1619.000000
1425.000000 916.000000 1091.000000 1268.000000 966.000000
1337.000000 2511.000000 992.000000 2984.000000 719.000000
684.000000 539.000000 1115.000000 935.000000 1012.000000
893.000000 2229.000000 921.000000 2647.000000 669.000000
794.000000 1436.000000 1228.000000 1814.000000 1085.000000
1400.000000 2504.000000 872.000000 2972.000000 572.000000
818.000000 1494.000000 974.000000 1868.000000 808.000000
1016.000000 2474.000000 1204.000000 2914.000000 976.000000
714.000000 1494.000000 1586.000000 1887.000000 1469.000000
1189.000000 2240.000000 1160.000000 2668.000000 952.000000
1122.000000 1883.000000 957.000000 2269.000000 750.000000
729.000000 1713.000000 724.000000 2101.000000 514.000000
919.000000 598.000000 1301.000000 1001.000000 1196.000000
1045.000000 382.000000 1283.000000 790.000000 1185.000000
748.000000 881.000000 1681.000000 929.000000 1567.000000
1353.000000 1652.000000 933.000000 2036.000000 750.000000
1164.000000 105.000000 1063.000000 520.000000 980.000000
641.000000 1472.000000 971.000000 1845.000000 806.000000
1553.000000 2240.000000 1260.000000 2640.000000 1065.000000
871.000000 320.000000 1254.000000 730.000000 1157.000000
1262.000000 1436.000000 1084.000000 1810.000000 930.000000
843.000000 1447.000000 1230.000000 1826.000000 1087.000000
755.000000 1482.000000 1398.000000 1869.000000 1267.000000
728.000000 1456.000000 1281.000000 1838.000000 1142.000000
802.000000 1471.000000 1414.000000 1857.000000 1284.000000
1431.000000 173.000000 1071.000000 583.000000 984.000000
716.000000 1948.000000 1688.000000 2364.000000 1577.000000
645.000000 2259.000000 1556.000000 2704.000000 1421.000000
946.000000 1145.000000 803.000000 1484.000000 650.000000
799.000000 2485.000000 783.000000 2948.000000 466.000000
611.000000 345.000000 1044.000000 745.000000 951.000000
915.000000 1667.000000 1550.000000 2072.000000 1427.000000
1494.000000 326.000000 1583.000000 760.000000 1482.000000
682.000000 2185.000000 1206.000000 2609.000000 1010.000000
1079.000000 1384.000000 588.000000 1741.000000 401.000000
819.000000 402.000000 1098.000000 802.000000 1002.000000
926.000000 2191.000000 713.000000 2599.000000 429.000000
632.000000 325.000000 1592.000000 726.000000 1490.000000
770.000000 286.000000 1410.000000 704.000000 1310.000000
1047.000000 1650.000000 1295.000000 2046.000000 1148.000000
650.000000 2212.000000 811.000000 2625.000000 542.000000
1134.000000 1669.000000 1640.000000 2077.000000 1526.000000
719.000000 156.000000 1044.000000 567.000000 959.000000
1295.000000 1689.000000 1755.000000 2098.000000 1651.000000
144.000000 323.000000 795.000000 726.301758 714.171692
1188.000000 1458.000000 1676.000000 1851.000000 1566.000000
712.000000 280.000000 1693.000000 685.000000 1587.000000
1133.000000 1382.000000 1572.000000 1768.000000 1455.000000
1344.000000 565.000000 997.000000 957.000000 894.000000
1257.000000 1726.000000 751.000000 2103.000000 536.000000
862.000000 385.000000 725.000000 784.000000 637.000000
690.000000 513.000000 1398.000000 921.000000 1295.000000
691.000000 1669.000000 1478.000000 2069.000000 1348.000000
757.000000 1436.000000 1101.000000 1810.000000 948.000000
937.000000 318.000000 1278.000000 729.000000 1182.000000
1286.000000 47.000000 1343.000000 478.000000 1250.000000
1249.000000 1472.000000 986.000000 1845.000000 822.000000
1066.000000 1018.000000 960.000000 1354.000000 822.000000
206.000000 156.000000 1804.000000 601.320679 1690.103271
766.000000 1620.000000 640.000000 1999.000000 432.000000
1377.000000 2457.000000 686.000000 2913.000000 351.000000
900.000000 284.000000 1674.000000 687.000000 1569.000000
606.000000 1927.000000 1292.000000 2329.000000 1128.000000
1240.000000 615.000000 1101.000000 1010.000000 995.000000
1048.000000 1975.000000 596.000000 2371.000000 333.000000
1248.000000 2279.000000 1642.000000 2714.000000 1521.000000
824.000000 1493.000000 1236.000000 1876.000000 1092.000000
800.000000 616.000000 1079.000000 1011.000000 973.000000
847.000000 1482.000000 1107.000000 1860.000000 953.000000
1169.000000 2439.000000 1116.000000 2905.000000 879.000000
722.000000 1456.000000 1579.000000 1846.000000 1461.000000
1138.000000 1494.000000 989.000000 1869.000000 825.000000
833.000000 1349.000000 680.000000 1711.000000 506.000000
906.000000 2411.000000 1625.000000 2876.000000 1499.000000
678.000000 2448.000000 1046.000000 2913.000000 794.000000
648.000000 1446.000000 1391.000000 1829.000000 1260.000000
837.000000 2535.000000 580.000000 3003.000000 205.000000
1086.000000 2484.000000 748.000000 2944.000000 424.000000
1333.000000 2291.000000 928.000000 2720.000000 669.000000
858.000000 301.000000 1674.000000 705.000000 1569.000000
874.000000 1254.000000 750.000000 1612.000000 590.000000
916.000000 405.000000 1075.000000 803.000000 979.000000
1445.000000 1493.000000 1568.000000 1886.000000 1450.000000
1315.000000 2249.000000 1772.000000 2663.000000 1673.000000
967.000000 420.000000 1257.000000 825.000000 1158.000000
1199.000000 1236.000000 776.000000 1595.000000 617.000000
961.000000 1493.000000 1126.000000 1872.000000 972.000000
1355.000000 1632.000000 1419.000000 2030.000000 1286.000000
1311.000000 288.000000 1385.000000 705.000000 1286.000000
765.000000 1464.000000 538.000000 1823.000000 338.000000
983.000000 2196.000000 784.000000 2608.000000 512.000000
1454.000000 1492.000000 1004.000000 1868.000000 840.000000
730.000000 2506.000000 1201.000000 2956.000000 970.000000
783.000000 1493.000000 1109.000000 1872.000000 954.000000
1387.000000 1436.000000 1262.000000 1814.000000 1121.000000
796.000000 1447.000000 1102.000000 1822.000000 949.000000
966.000000 548.000000 990.000000 939.000000 888.000000
773.000000 2114.000000 1128.000000 2525.000000 925.000000
986.000000 1680.000000 703.000000 2064.000000 496.000000
1228.000000 1482.000000 1549.000000 1873.000000 1429.000000
1335.000000 1403.000000 932.000000 1769.000000 769.000000
777.000000 327.000000 1574.000000 760.000000 1473.000000
917.000000 515.000000 1374.000000 923.000000 1271.000000
1076.000000 404.000000 737.000000 800.000000 648.000000
1001.000000 1470.000000 1547.000000 1860.000000 1427.000000
1480.000000 1950.000000 1720.000000 2368.000000 1614.000000
1442.000000 2464.000000 754.000000 2922.000000 434.000000
868.000000 2123.000000 955.000000 2528.000000 722.000000
718.000000 2468.000000 788.000000 2928.000000 475.000000
1063.000000 1381.000000 1632.000000 1770.000000 1519.000000
1329.000000 98.000000 956.000000 510.000000 876.000000
1233.000000 1457.000000 1087.000000 1832.000000 933.000000
992.000000 491.000000 1616.000000 903.000000 1510.000000
647.000000 291.000000 1554.000000 733.000000 1453.000000
1430.000000 319.000000 1112.000000 723.000000 1019.000000
803.000000 2486.000000 1202.000000 2929.000000 972.000000
1181.000000 101.000000 1088.000000 518.000000 1004.000000
801.000000 1471.000000 1396.000000 1857.000000 1264.000000
1176.000000 1041.000000 1409.000000 1393.000000 1289.000000
850.000000 1413.000000 589.000000 1767.000000 399.000000
1185.000000 1471.000000 1564.000000 1862.000000 1445.000000
805.000000 593.000000 1356.000000 999.000000 1251.000000
1201.000000 1458.000000 1265.000000 1838.000000 1125.000000
950.000000 2189.000000 686.000000 2595.000000 395.000000
1237.000000 319.000000 1445.000000 735.000000 1344.000000
1161.000000 1894.000000 898.000000 2282.000000 683.000000
1198.000000 1654.000000 990.000000 2040.000000 813.000000
865.000000 350.000000 1413.000000 764.000000 1313.000000
844.000000 108.000000 1039.000000 522.000000 956.000000
982.000000 992.000000 1054.000000 1332.000000 922.000000
960.000000 138.000000 1349.000000 563.000000 1254.000000
1099.000000 447.000000 1242.000000 850.000000 1143.000000
853.000000 1924.000000 1232.000000 2324.000000 1060.000000
838.000000 59.000000 1256.000000 486.000000 1168.000000
1528.000000 2060.000000 603.000000 2443.000000 311.000000
1167.000000 1943.000000 592.000000 2336.000000 332.000000
1397.000000 605.000000 1004.000000 996.000000 897.000000
685.000000 1445.000000 1558.000000 1833.000000 1440.000000
358.000000 1383.000000 607.000000 1742.961182 417.591583
1533.000000 2492.000000 813.000000 2954.000000 500.000000
734.000000 277.000000 1726.000000 683.000000 1620.000000
1213.000000 1424.000000 919.000000 1790.000000 753.000000
1326.000000 511.000000 1422.000000 920.000000 1318.000000
1515.000000 1957.000000 1008.000000 2349.000000 803.000000
670.000000 132.000000 1236.000000 552.000000 1146.000000
1486.000000 1985.000000 1504.000000 2396.000000 1366.000000
662.000000 1445.000000 1576.000000 1834.000000 1459.000000
1338.000000 1494.000000 942.000000 1867.000000 772.000000
1025.000000 1493.000000 1435.000000 1882.000000 1307.000000
1012.000000 1555.000000 580.000000 1924.000000 373.000000
1304.000000 1671.000000 1724.000000 2081.000000 1618.000000
912.000000 1483.000000 1235.000000 1864.000000 1090.000000
1091.000000 2068.000000 709.000000 2460.000000 442.000000
1298.000000 1398.000000 912.000000 1764.000000 749.000000
952.000000 1942.000000 1549.000000 2353.000000 1420.000000
1010.000000 1482.000000 1583.000000 1875.000000 1466.000000
869.000000 2204.000000 878.000000 2620.000000 622.000000
710.000000 71.000000 1318.000000 500.000000 1227.000000
814.000000 1471.000000 1582.000000 1862.000000 1464.000000
1055.000000 1457.000000 1428.000000 1842.000000 1300.000000
692.000000 1493.000000 1092.000000 1871.000000 936.000000
1518.000000 1832.000000 1806.000000 2245.000000 1709.000000
1077.000000 2512.000000 1100.000000 2993.000000 852.000000
1158.000000 1937.000000 1017.000000 2328.000000 814.000000
1096.000000 1381.000000 1755.000000 1773.000000 1650.000000
1411.000000 412.000000 999.000000 808.000000 903.000000
810.000000 353.000000 588.000000 747.000000 505.000000
1224.000000 2402.000000 1527.000000 2862.000000 1379.000000
1148.000000 530.000000 1399.000000 938.000000 1296.000000
1374.000000 1629.000000 1114.000000 2018.000000 951.000000
1352.000000 1663.000000 1346.000000 2061.000000 1204.000000
1341.000000 2005.000000 732.000000 2392.000000 478.000000
762.000000 1411.000000 906.000000 1777.000000 740.000000
1004.000000 2480.000000 1016.000000 2951.000000 754.000000
1059.000000 1421.000000 1523.000000 1805.000000 1402.000000
1008.000000 1940.000000 1518.000000 2351.000000 1385.000000
1395.000000 445.000000 1260.000000 849.000000 1159.000000
817.000000 247.000000 1226.000000 658.000000 1132.000000
1231.000000 2148.000000 1359.000000 2541.000000 1188.000000
820.000000 2208.000000 1059.000000 2632.000000 835.000000
897.000000 819.000000 1748.000000 885.000000 1641.000000
1482.000000 1929.000000 1006.000000 2320.000000 803.000000
1033.000000 1445.000000 1541.000000 1833.000000 1422.000000
1453.000000 1660.000000 1206.000000 2042.000000 1053.000000
1032.000000 2300.000000 1083.000000 2734.000000 854.000000
1562.000000 1000.000000 1450.000000 1349.000000 1333.000000
771.000000 43.000000 1369.000000 476.000000 1276.000000
1217.000000 2468.000000 1255.000000 2909.000000 1038.000000
1094.000000 459.000000 1616.000000 873.000000 1509.000000
1236.000000 84.000000 1061.000000 500.000000 978.000000
1238.000000 2443.000000 1140.000000 2909.000000 909.000000
1030.000000 1697.000000 1516.000000 2098.000000 1390.000000
971.000000 1031.000000 1083.000000 1373.000000 950.000000
726.000000 1773.000000 1493.000000 2174.000000 1362.000000
1483.000000 1492.000000 1642.000000 1885.000000 1529.000000
939.000000 2526.000000 1253.000000 2986.000000 1034.000000
1501.000000 1712.000000 1592.000000 2115.000000 1472.000000
1370.000000 1494.000000 1604.000000 1888.000000 1489.000000
1050.000000 1414.000000 572.000000 1768.000000 380.000000
797.000000 2149.000000 703.000000 2551.000000 422.000000
854.000000 1455.000000 1597.000000 1846.000000 1480.000000
1023.000000 1919.000000 1134.000000 2316.000000 950.000000
552.000000 1514.000000 1020.000000 1891.460815 856.615906
787.000000 1435.000000 1407.000000 1818.000000 1277.000000
1458.000000 2073.000000 1851.000000 2452.000000 1766.000000
1072.000000 1943.000000 1580.000000 2356.000000 1456.000000
1433.000000 1598.000000 606.000000 1976.000000 399.000000
1187.000000 541.000000 935.000000 928.000000 833.000000
782.000000 1961.000000 551.000000 2352.000000 280.000000
804.000000 187.000000 968.000000 592.000000 883.000000
732.000000 1455.000000 1560.000000 1845.000000 1442.000000
977.000000 1868.000000 1190.000000 2262.000000 1016.000000
784.000000 1861.000000 780.000000 2242.000000 554.000000
741.000000 1472.000000 1267.000000 1853.000000 1126.000000
1412.000000 1494.000000 1253.000000 1876.000000 1110.000000
894.000000 176.000000 1653.000000 614.000000 1506.000000
1462.000000 1699.000000 1667.000000 2108.000000 1556.000000
377.000000 1647.000000 1755.000000 2053.335205 1651.905273
880.000000 2131.000000 1053.000000 2542.000000 835.000000
1013.000000 1435.000000 1390.000000 1817.000000 1259.000000
1456.000000 1713.000000 1559.000000 2115.000000 1436.000000
1121.000000 1444.000000 1594.000000 1835.000000 1478.000000
1021.000000 116.000000 828.000000 508.000000 749.000000
1358.000000 2180.000000 1097.000000 2601.000000 884.000000
1067.000000 258.000000 1226.000000 669.000000 1132.000000
1018.000000 1438.000000 951.000000 1807.000000 787.000000
1126.000000 1968.000000 1005.000000 2362.000000 797.000000
742.000000 1893.000000 1375.000000 2293.000000 1225.000000
1543.000000 1662.000000 1293.000000 2058.000000 1145.000000
707.000000 1458.000000 984.000000 1830.000000 821.000000
715.000000 1493.000000 1400.000000 1880.000000 1268.000000
1029.000000 2517.000000 1150.000000 3001.000000 914.000000
1566.000000 1912.000000 997.000000 2301.000000 794.000000
756.000000 372.000000 1390.000000 784.000000 1289.000000
1314.000000 353.000000 969.000000 749.000000 876.000000
1128.000000 2147.000000 1412.000000 2570.000000 1255.000000
1472.000000 2246.000000 627.000000 2658.000000 315.000000
749.000000 589.000000 1403.000000 997.000000 1298.000000
1054.000000 2406.000000 705.000000 2851.000000 383.000000
1443.000000 540.000000 1092.000000 936.000000 990.000000
886.000000 1699.000000 639.000000 2079.000000 420.000000
1220.000000 1655.000000 1576.000000 2060.000000 1456.000000
957.000000 1730.000000 1558.000000 2133.000000 1435.000000
1267.000000 1779.000000 1686.000000 2140.000000 1578.000000
610.000000 299.000000 1693.000000 704.000000 1587.000000
1449.000000 2171.000000 1736.000000 2608.000000 1632.000000
1115.000000 1456.000000 1445.000000 1841.000000 1318.000000
659.000000 1791.000000 1633.000000 2195.000000 1517.000000
922.000000 1493.000000 1271.000000 1877.000000 1129.000000
999.000000 1483.000000 973.000000 1857.000000 807.000000
881.000000 1482.000000 1124.000000 1861.000000 971.000000
835.000000 2210.000000 780.000000 2621.000000 505.000000
1413.000000 1947.000000 937.000000 2340.000000 721.000000
1327.000000 2373.000000 1027.000000 2818.000000 779.000000
605.000000 557.000000 1094.000000 952.000000 991.000000
1510.000000 1717.000000 775.000000 2083.000000 563.000000
631.000000 378.000000 609.000000 770.000000 521.000000
1488.000000 2286.000000 1757.000000 2733.000000 1656.000000
1118.000000 318.000000 1673.000000 753.000000 1568.000000
720.000000 1527.000000 1489.000000 1919.000000 1365.000000
901.000000 2409.000000 739.000000 2856.000000 423.000000
627.000000 1448.000000 967.000000 1819.000000 804.000000
1208.000000 396.000000 975.000000 791.000000 880.000000
890.000000 1471.000000 1106.000000 1848.000000 951.000000
863.000000 1482.000000 1565.000000 1874.000000 1447.000000
1409.000000 1895.000000 926.000000 2284.000000 715.000000
902.000000 381.000000 1119.000000 782.000000 1023.000000
1405.000000 1488.000000 569.000000 1897.000000 369.000000
825.000000 1669.000000 1668.000000 2078.000000 1557.000000
1407.000000 1933.000000 1720.000000 2350.000000 1614.000000
1439.000000 2151.000000 1458.000000 2577.000000 1309.000000
1129.000000 2349.000000 1260.000000 2763.000000 1055.000000
687.000000 2182.000000 1172.000000 2605.000000 972.000000
872.000000 2260.000000 1605.000000 2710.000000 1478.000000
956.000000 2404.000000 1554.000000 2864.000000 1395.000000
1102.000000 1504.000000 1158.000000 1882.000000 1006.000000
1219.000000 1472.000000 1234.000000 1853.000000 1089.000000
836.000000 1434.000000 1425.000000 1818.000000 1296.000000
1389.000000 785.000000 1714.000000 853.000000 1602.000000
573.000000 276.000000 886.000000 681.345093 791.891296
918.000000 2216.000000 925.000000 2632.000000 676.000000
1301.000000 1482.000000 1450.000000 1870.000000 1323.000000
841.000000 62.000000 1396.000000 494.000000 1302.000000
1153.000000 1946.000000 1355.000000 2349.000000 1199.000000
1120.000000 2477.000000 680.000000 2934.000000 341.000000
391.000000 2466.000000 570.000000 2913.583008 203.762833
1130.000000 389.000000 902.000000 781.000000 808.000000
207.000000 188.000000 1590.000000 616.938477 1490.281738
1558.000000 2270.000000 1447.000000 2706.000000 1293.000000
52.000000 2588.000000 1268.000000 3069.591797 1044.730103
1068.000000 1713.000000 1656.000000 2119.000000 1543.000000
1242.000000 1643.000000 1044.000000 2031.000000 873.000000
654.000000 112.000000 1398.000000 540.000000 1303.000000
932.000000 50.000000 635.000000 440.000000 566.000000
1247.000000 1712.000000 1624.000000 2117.000000 1507.000000
1250.000000 2385.000000 1051.000000 2834.000000 806.000000
1450.000000 1731.000000 1590.000000 2135.000000 1470.000000
1330.000000 1397.000000 893.000000 1762.000000 727.000000
1376.000000 1673.000000 1202.000000 2065.000000 1044.000000
600.000000 1482.000000 1602.000000 1875.000000 1486.000000
914.000000 271.000000 1244.000000 681.000000 1150.000000
1154.000000 1471.000000 1122.000000 1849.000000 970.000000
1313.000000 342.000000 622.000000 741.000000 539.000000
1402.000000 2266.000000 1486.000000 2710.000000 1337.000000
1083.000000 2276.000000 1017.000000 2703.000000 776.000000
390.000000 2379.000000 606.000000 2802.398926 268.392639
1112.000000 1447.000000 1212.000000 1825.000000 1068.000000
826.000000 2205.000000 651.000000 2610.000000 352.000000
1106.000000 1969.000000 1445.000000 2374.000000 1315.000000
1349.000000 2290.000000 1738.000000 2738.000000 1635.000000
1317.000000 1381.000000 1602.000000 1769.000000 1489.000000
723.000000 2204.000000 709.000000 2612.000000 421.000000
1285.000000 1896.000000 954.000000 2286.000000 747.000000
1239.000000 2094.000000 679.000000 2488.000000 405.000000
860.000000 1436.000000 934.000000 1804.000000 768.000000
1193.000000 1328.000000 658.000000 1688.000000 482.000000
1209.000000 879.000000 1759.000000 933.000000 1650.000000
625.000000 1459.000000 969.000000 1830.000000 805.000000
701.000000 1472.000000 1251.000000 1853.000000 1108.000000
1436.000000 1641.000000 937.000000 2025.000000 756.000000
1043.000000 298.000000 1742.000000 735.000000 1635.000000
774.000000 431.000000 626.000000 822.000000 536.000000
1498.000000 1710.000000 892.000000 2091.000000 698.000000
972.000000 896.000000 1681.000000 947.000000 1565.000000
663.000000 1001.000000 953.000000 1338.000000 816.000000
658.000000 1458.000000 1231.000000 1837.000000 1088.000000
921.000000 1690.000000 1481.000000 2090.000000 1350.000000
1178.000000 141.000000 1323.000000 565.000000 1230.000000
655.000000 2266.000000 1422.000000 2698.000000 1250.000000
1279.000000 872.000000 1879.000000 916.000000 1784.000000
1243.000000 2163.000000 1101.000000 2582.000000 890.000000
1408.000000 786.000000 1730.000000 852.000000 1620.000000
1216.000000 1657.000000 1697.000000 2066.000000 1588.000000
1547.000000 2382.000000 847.000000 2822.000000 557.000000
984.000000 551.000000 1400.000000 959.000000 1296.000000
1155.000000 1925.000000 1551.000000 2336.000000 1421.000000
672.000000 2160.000000 862.000000 2569.000000 609.000000
788.000000 2397.000000 868.000000 2842.000000 581.000000
769.000000 1457.000000 1410.000000 1842.000000 1281.000000
760.000000 1457.000000 1121.000000 1833.000000 968.000000
1517.000000 1516.000000 1474.000000 1907.000000 1347.000000
1114.000000 1446.000000 1085.000000 1821.000000 931.000000
119.000000 1783.000000 1805.000000 2196.689697 1712.625244
1015.000000 91.000000 1012.000000 504.000000 930.000000
1147.000000 388.000000 702.000000 786.000000 614.000000
1325.000000 1795.000000 824.000000 2174.000000 612.000000
1281.000000 1605.000000 1630.000000 2011.000000 1516.000000
1363.000000 196.000000 938.000000 598.000000 855.000000
1475.000000 1421.000000 1191.000000 1795.000000 1046.000000
1544.000000 1492.000000 1287.000000 1876.000000 1146.000000
688.000000 179.000000 1023.000000 587.000000 937.000000
822.000000 1911.000000 1512.000000 2317.000000 1378.000000
694.000000 1472.000000 1089.000000 1848.000000 934.000000
1354.000000 2180.000000 1128.000000 2601.000000 920.000000
495.000000 1516.000000 1158.000000 1896.933472 1003.322632
1384.000000 351.000000 748.000000 750.000000 661.000000
859.000000 1420.000000 1353.000000 1799.000000 1220.000000
775.000000 2254.000000 1522.000000 2700.000000 1379.000000
1523.000000 1683.000000 1639.000000 2091.000000 1525.000000
567.000000 2125.000000 1373.000000 2549.779541 1212.034668
908.000000 1892.000000 1456.000000 2294.000000 1305.000000
1273.000000 1489.000000 586.000000 1849.000000 387.000000
856.000000 113.000000 1609.000000 545.000000 1505.000000
991.000000 79.000000 1258.000000 505.000000 1169.000000
1351.000000 1448.000000 940.000000 1818.000000 774.000000
852.000000 914.000000 1157.000000 1268.000000 1034.000000
1294.000000 2229.000000 1196.000000 2658.000000 995.000000
1342.000000 1655.000000 1508.000000 2057.000000 1380.000000
989.000000 2402.000000 940.000000 2867.000000 670.000000
1215.000000 2316.000000 1769.000000 2766.000000 1670.000000
1207.000000 2552.000000 838.000000 3033.000000 523.000000
1095.000000 1729.000000 770.000000 2095.000000 556.000000
807.000000 1434.000000 1064.000000 1806.000000 909.000000
1192.000000 2216.000000 874.000000 2631.000000 617.000000
1034.000000 1904.000000 803.000000 2290.000000 574.000000
689.000000 1911.000000 920.000000 2300.000000 708.000000
1139.000000 1911.000000 1295.000000 2312.000000 1132.000000
1531.000000 2469.000000 601.000000 2923.000000 245.000000
1196.000000 1879.000000 1033.000000 2268.000000 838.000000
1461.000000 1891.000000 834.000000 2276.000000 611.000000
1493.000000 2451.000000 608.000000 2902.000000 257.000000
882.000000 621.000000 1028.000000 1013.000000 922.000000
1477.000000 1791.000000 1820.000000 2199.000000 1734.000000
1245.000000 813.000000 1713.000000 880.000000 1602.000000
1036.000000 2481.000000 713.000000 2939.000000 382.000000
1554.000000 555.000000 1353.000000 961.000000 1249.000000
1140.000000 389.000000 591.000000 783.000000 505.000000
1403.000000 1199.000000 741.000000 1553.000000 581.000000
1229.000000 1650.000000 1321.000000 2047.000000 1177.000000
855.000000 1433.000000 1368.000000 1814.000000 1236.000000

3.000000 3070.291504 130.621628 1735.103027 756.665161 2898.332520 -8.774045 2099.505127 541.105347
7.000000 2879.576660 1857.524536 1813.262451 1825.710205 3069.397461 1785.217896 2226.725586 1725.831909
14.000000 3070.008301 1868.397827 2076.597900 1863.242676 3069.670410 1808.754517 2456.172852 1771.455688
5.000000 1767.516357 829.973267 1798.454956 1813.486816 2145.228516 623.224731 2196.239746 1513.166748
10.000000 2989.673096 1921.022339 2016.389038 1898.855225 2373.269043 1824.087036 3069.704346 1883.466797
25.000000 692.399719 986.588135 623.721191 1803.365967 1077.022461 876.683655 1051.208740 1416.724487
2.000000 1203.336670 876.458191 1186.786133 1670.072021 1551.772705 723.388672 1558.456543 1716.677002
1.000000 1197.096436 1676.676270 1214.600952 889.954041 1570.531250 1726.662842 1563.422485 733.332703
23.000000 726.552856 969.711182 660.890564 1753.407959 1105.982422 856.635742 1080.655884 1416.847046
24.000000 638.455688 1756.815186 703.448425 974.173340 1061.013794 1419.731689 1087.401367 863.684570
9.000000 1801.998901 1550.245728 1779.765991 826.469055 2199.063721 1336.531982 2158.630371 616.930908
28.000000 2846.560547 1830.528687 2139.864746 1823.402222 3069.865723 1753.384888 2536.446045 1732.232056
0.000000 1054.404541 1548.945557 1082.472778 863.168335 1410.417725 1709.975220 1418.898682 713.323975
29.000000 2149.906738 1836.053833 2793.241699 1845.955811 2543.128418 1748.010132 3069.952637 1771.079712
37.000000 2806.665771 1807.264526 2179.990234 1806.286255 3070.041016 1725.220459 2583.198242 1711.445190
18.000000 66.802261 892.423218 670.151733 982.314880 473.074310 815.937134 1057.258301 874.052979
33.000000 2721.460938 1293.909546 2182.612305 1345.854248 3066.693359 1079.577393 2565.981689 1176.459961
16.000000 1989.200317 843.191650 2018.284058 1363.242920 2378.405273 606.524475 2426.931885 1199.978271
21.000000 643.458252 1949.210815 1156.724243 1964.764893 726.829163 1859.158081 1295.837769 1881.301025
26.000000 2657.853760 1258.914307 2153.431641 1333.994019 3069.591797 1044.730103 2543.124512 1155.675659
19.000000 2108.863281 1346.740723 2076.485107 850.011841 2525.615723 1176.762329 2473.411865 603.326172
27.000000 1796.465820 890.006775 1813.222412 1386.670410 2179.573242 709.826599 2211.398682 1243.249878
35.000000 1368.208862 970.057678 1362.572510 1446.697144 1737.391479 813.196289 1746.538696 1306.607300
17.000000 1126.940308 617.087341 729.395386 875.737366 1504.798218 468.522278 1041.786133 834.040710
20.000000 2519.910889 429.804443 2090.846924 625.193298 2960.642334 24.328943 2480.480469 334.078156
30.000000 1769.008179 1390.028687 1755.698120 929.931580 2166.375732 1250.016357 2137.433105 733.290405
32.000000 1721.196899 939.876770 1733.713135 1399.989624 2103.196777 746.674011 2130.801270 1259.956909
34.000000 1588.943726 1420.014526 1582.654175 963.342712 1988.306519 1289.929199 1966.730591 790.141113
31.000000 2097.046875 614.165833 2509.606445 425.804657 2493.264160 316.559784 2926.241455 36.010509
36.000000 1851.906006 1380.055420 1834.970215 943.399109 2250.729736 1230.166260 2219.440918 740.248596
38.000000 2186.664551 1816.771851 2623.283691 1825.746948 2589.960693 1727.796997 3069.958496 1744.526855
39.000000 1616.425781 1416.720459 1609.957764 986.667297 2015.196899 1283.399658 1993.972046 813.304504
40.000000 1537.912598 989.994995 1539.645874 1420.001465 1915.808228 823.248230 1931.851685 1289.936401
81.000000 2672.004395 1169.680908 2245.485596 1211.200439 2906.949463 947.819092 2676.123779 1004.454224
41.000000 1393.208008 1423.332275 1396.996338 996.640015 1774.402100 1296.712402 1765.181152 839.962708
43.000000 2524.493408 1740.208618 2487.930908 1359.238892 2992.485107 1637.157593 2941.140381 1199.866089
42.000000 2532.866943 1373.383179 2572.105225 1740.131348 2998.517578 1196.863647 3056.937988 1636.630615
47.000000 2162.156982 1349.684082 2509.084717 1291.234619 2562.874756 1174.605225 2959.917480 1086.295532
51.000000 2255.399170 733.200806 2276.312500 1059.167236 2669.512695 440.051788 2702.458008 750.093018
220.000000 423.866547 1803.368774 441.769745 1533.893799 855.143677 1570.050293 858.475037 1450.050171
63.000000 730.547302 869.829285 470.131866 829.155701 1127.020386 759.653992 856.317444 733.633423
65.000000 1786.756470 1819.693237 1526.668091 1813.274902 2196.652588 1723.685791 1926.680054 1712.995728
80.000000 1347.962036 754.469055 1126.365112 623.844971 1716.047119 581.218750 1503.391724 473.108459
54.000000 2503.198975 783.345703 2480.135986 533.320801 2969.431396 460.470551 2934.831787 173.554596
245.000000 2485.998047 516.441101 2506.895020 763.314026 2939.488037 130.063034 2952.978760 239.633255
55.000000 2157.487549 1463.271851 2175.734863 1706.736450 2584.433105 1316.558716 2612.236572 1599.780396
76.000000 162.994736 1562.885742 133.679214 1803.375488 594.478271 1449.573486 575.379761 1696.824707
93.000000 2127.760254 1046.584839 2145.736816 1286.736206 2537.450928 832.920654 2558.917236 1047.109253
57.000000 2173.805176 1486.415405 2189.670654 1726.688354 2601.970215 1339.824585 2626.911133 1619.978271
61.000000 2001.791138 1730.239868 1989.989990 1490.328369 2420.428955 1623.765137 2401.502930 1350.357422
60.000000 2463.207275 1329.207275 2233.196045 1365.803345 2902.756592 1130.609741 2632.857910 1187.754517
56.000000 2200.844727 1730.181396 2184.067871 1499.946533 2636.748291 1619.992676 2611.683594 1339.849365
45.000000 2076.534424 1183.341431 2062.403564 953.390503 2499.706055 1166.692017 2462.129639 730.103577
211.000000 337.161896 1800.046631 358.487823 1573.819214 801.747253 1590.057739 805.821289 1466.859131
70.000000 1900.689697 1503.300537 1911.447876 1729.931274 2305.620361 1363.165527 2324.702637 1623.232910
73.000000 1985.015259 1313.397095 1976.396362 1090.139160 2389.378906 1146.706787 2373.025146 893.568604
78.000000 1400.344482 611.508972 1620.697388 626.224487 1753.160278 421.669281 1996.489502 418.058350
64.000000 2362.778320 599.799805 2378.635742 819.858093 2792.565430 259.475952 2818.821045 529.798889
117.000000 2145.308350 1063.039673 2157.490967 1283.287720 2557.618652 846.172852 2572.837891 1033.373779
72.000000 309.383148 797.593689 93.383537 766.319946 726.301758 714.171692 473.445251 692.053833
71.000000 2344.752441 586.532593 2364.904785 799.851562 2772.126221 253.083817 2801.857910 506.448639
110.000000 1913.106812 1516.550293 1921.099731 1729.958862 2321.260010 1383.113037 2330.543213 1576.640625
75.000000 2390.310303 819.973267 2372.490234 613.118835 2834.519775 523.200195 2806.853271 276.645752
113.000000 1786.949829 1849.180054 1580.334351 1835.095459 2196.955811 1757.253906 2006.957153 1737.241943
90.000000 1711.095337 1733.384888 1706.337158 1526.750977 2120.653809 1630.161743 2106.967773 1403.516479
66.000000 2397.325195 538.103210 2584.407471 452.343384 2833.283203 178.528625 3058.486572 36.213051
88.000000 1931.654541 1733.410156 1922.348999 1530.045044 2348.307861 1626.788208 2332.014404 1399.855347
114.000000 45.388691 1210.286987 17.421164 1410.570801 471.688843 1123.211182 453.352264 1313.630859
79.000000 2118.490723 706.550537 2131.229736 906.588379 2514.716553 425.608093 2536.780029 666.656433
89.000000 1893.902466 1133.193604 1901.064941 1333.295166 2287.569824 949.745605 2301.191650 1176.595093
92.000000 1880.260010 1113.496948 1890.899902 1313.285400 2271.866943 933.186523 2288.920898 1150.084839
83.000000 2103.208252 693.342834 2118.172119 890.138977 2497.457275 416.584900 2521.581299 649.836426
152.000000 29.407677 663.580444 104.240562 842.954834 362.717316 583.804871 462.408600 714.041199
215.000000 1868.243652 793.252441 1878.160034 986.590088 2247.776611 566.570801 2258.136963 686.539673
216.000000 1702.821655 1366.802246 1696.010376 1173.591553 2096.166016 1227.062256 2089.533203 1106.876343
118.000000 289.014313 1233.608032 266.853333 1422.965088 698.566895 1139.894165 684.995178 1323.702148
119.000000 537.505798 912.617981 414.836884 768.718262 920.902649 809.166199 796.125671 674.087280
94.000000 2141.388916 903.228760 2127.338867 716.616028 2549.275391 656.740540 2527.515137 443.246857
96.000000 1880.467773 803.192749 1887.375732 989.973755 2262.237061 576.525940 2275.671387 790.062622
126.000000 87.378075 913.441406 59.408195 1097.589355 496.278259 836.627258 478.299683 1013.837158
97.000000 1409.818604 645.853943 1594.116455 659.120972 1769.984863 458.114258 1983.317505 457.735840
124.000000 392.505585 1430.224365 408.954559 1246.572998 804.732544 1326.570679 813.374512 1145.332886
132.000000 193.599091 1110.030762 213.693176 929.458496 603.528381 1020.013306 615.337769 846.576172
131.000000 157.313965 1403.407471 177.232773 1222.368408 581.426086 1306.764282 593.192017 1131.909668
192.000000 2277.541992 1026.293335 2293.566895 1206.941650 2714.803223 856.498047 2729.735840 986.696960
123.000000 512.718262 1253.610352 494.359009 1433.777466 921.714478 1154.286499 901.334412 1333.485107
178.000000 1910.994385 1330.278442 1902.149292 1150.058105 2313.708252 1173.582275 2301.916016 1033.452637
104.000000 1693.913574 1053.528564 1688.139404 873.499939 2075.805908 880.347290 2066.576904 680.311707
129.000000 406.295990 769.385010 252.558792 862.048279 790.979736 674.739441 646.021667 775.740967
136.000000 403.902924 790.906250 252.825546 885.858704 786.860596 698.175842 646.805420 800.190552
111.000000 1184.216919 819.268738 1011.119873 781.272217 1523.903564 662.816589 1333.150879 634.565430
130.000000 321.851501 946.245361 300.631012 1123.405029 716.901550 856.683105 704.756775 1030.332642
128.000000 610.556458 1440.046387 625.287048 1263.218384 1018.170776 1336.730835 1025.707764 1159.959106
122.000000 1133.918701 436.695374 1125.248901 613.427307 1507.085449 280.008575 1503.327637 463.333221
105.000000 2003.332275 1755.592041 2179.998779 1755.417480 2419.998779 1653.621704 2620.009277 1654.450073
112.000000 1196.418701 864.525940 1023.625427 828.595215 1539.974976 710.173706 1350.069702 682.848999
127.000000 22.760109 1049.929321 44.149982 876.356506 428.478607 976.312500 441.370300 799.613586
134.000000 422.636780 1136.916382 437.720734 962.700745 822.758423 1040.135254 830.521240 866.149170
174.000000 1959.869995 1814.853394 2133.436035 1819.502319 2383.377930 1721.699341 2526.604736 1725.602783
116.000000 1656.437988 1733.405884 1652.908813 1560.008667 2066.520020 1630.006958 2057.513184 1439.959839
82.000000 2206.768799 550.220337 2363.705811 477.469971 2586.742188 236.781616 2783.700684 107.225090
133.000000 537.630676 976.761292 520.912537 1147.083374 929.063721 873.977173 918.163818 1046.946899
109.000000 1896.588135 986.670471 1888.343994 816.585388 2286.658691 783.333923 2272.129395 589.840088
121.000000 1579.940186 1250.000122 1580.121094 1419.999878 1972.826904 1103.351318 1979.347412 1286.689819
137.000000 528.833008 927.710144 415.715851 801.203003 914.138184 825.893738 794.817078 701.644043
44.000000 1983.721436 714.290283 2140.315186 650.776917 2176.153564 584.514404 2549.532227 351.253479
147.000000 633.686768 1160.026611 646.256470 993.302429 1030.470703 1053.348877 1035.967041 886.643616
120.000000 1631.263306 909.966248 1635.721680 1076.691895 2013.321777 726.499268 2022.571045 910.038391
125.000000 1130.944946 616.708435 1138.020508 456.726532 1509.870850 463.332794 1510.635498 283.336029
135.000000 1650.752197 1379.981079 1646.717773 1219.998657 2049.023438 1240.048584 2040.399048 1066.646851
49.000000 121.207809 836.172485 61.202709 689.507935 522.316162 766.612305 322.081848 500.943237
158.000000 361.924164 1478.768433 205.215027 1498.429810 806.680481 1386.768066 650.010498 1386.604614
102.000000 1665.716187 788.512878 1526.343872 852.631714 2072.996826 566.135803 1902.605347 674.111267
143.000000 2149.883789 1442.366455 2000.043579 1460.363159 2576.435303 1288.599854 2409.908447 1316.111816
202.000000 2257.672119 1213.495361 2247.232422 1063.526001 2688.437744 993.505615 2674.837891 870.201721
145.000000 2010.037109 1644.169067 2160.037354 1637.505859 2426.630371 1526.024658 2593.330322 1516.613647
146.000000 2013.256470 1680.755005 2163.321777 1676.281860 2429.924072 1567.978027 2596.731201 1561.717163
153.000000 1643.215698 1073.336792 1638.780762 923.270874 2031.207031 903.263855 2021.805298 739.896118
150.000000 2010.009521 1606.827515 2159.876465 1597.921143 2426.417480 1483.626343 2590.017334 1470.211304
141.000000 2016.632202 1718.056396 2166.644043 1715.394653 2433.340576 1610.411255 2603.286865 1607.387451
59.000000 1519.984863 1804.859619 1670.003174 1806.351440 1920.096802 1703.674316 2196.689697 1712.625244
169.000000 78.974991 1089.861938 98.731216 943.162476 496.987366 1006.693237 508.881531 863.240601
157.000000 1583.597046 893.973938 1720.409424 837.661438 1964.269287 714.923401 2099.724365 635.194702
182.000000 2326.035889 1200.046753 2315.140625 1053.199219 2767.343506 976.596497 2753.148682 839.673584
184.000000 2083.233643 1193.340576 2093.969971 1339.953369 2496.100342 1033.384766 2508.521729 1170.134277
175.000000 1608.322632 663.018494 1617.580322 809.731995 1988.842529 458.597504 2011.157104 599.287781
149.000000 2010.023804 1570.319092 2156.620117 1559.375610 2423.177002 1441.784424 2586.527344 1425.287842
148.000000 1225.915161 880.910278 1370.613403 906.536255 1573.008423 726.197388 1736.880005 744.785767
264.000000 2513.299561 1297.669800 2660.024658 1302.596802 2963.293945 1087.843872 3069.952393 1091.418579
155.000000 2143.256348 1429.429199 1999.831055 1448.745361 2566.302734 1274.655518 2409.932129 1302.958862
151.000000 1636.227417 1199.741577 1642.181152 1343.242798 2026.764404 1042.818848 2039.212891 1206.473022
50.000000 2248.760010 596.850769 2382.377930 544.239990 2551.316162 348.805847 2825.460938 180.124298
138.000000 2318.130859 836.572327 2308.903809 693.403992 2747.925293 553.219788 2732.607422 383.398804
159.000000 2006.424561 1497.777588 2146.577148 1482.512085 2419.781982 1358.512573 2573.238037 1336.016357
156.000000 2009.738037 1533.741211 2150.104736 1521.170654 2423.306152 1399.775513 2579.706055 1380.897583
165.000000 1506.678833 1497.137695 1366.600098 1500.753052 1896.605225 1372.197876 1749.827026 1380.133789
187.000000 628.370239 1013.188416 616.210999 1149.959473 1019.763855 906.655762 1013.465149 1043.339355
173.000000 1499.949951 1836.665771 1502.301514 1699.867676 1900.704590 1736.689941 1899.434814 1593.367920
170.000000 1816.623901 1811.281982 1953.360718 1815.845947 2229.944580 1714.481934 2373.426514 1721.399780
177.000000 1421.691772 1699.754883 1425.610596 1833.364258 1812.759888 1592.843506 1820.068726 1733.502930
188.000000 345.102051 1500.492310 215.859390 1521.761108 793.204163 1406.898682 656.458801 1409.643188
218.000000 153.380264 1412.473511 23.403557 1405.380005 576.694702 1315.955933 456.618652 1311.216919
219.000000 20.149038 1417.311523 150.119186 1424.516602 456.675659 1323.099243 576.754639 1327.708984
144.000000 2353.960449 591.528198 2473.056641 542.659180 2780.417969 254.054779 2926.375244 169.496979
297.000000 2443.165527 479.631042 2559.930664 426.514313 2883.300537 96.615486 2966.655273 43.315434
228.000000 190.245682 1107.854736 63.334755 1093.320923 600.044617 1019.407776 483.287323 1010.610840
160.000000 2435.008545 663.168396 2447.519775 790.244202 2883.760254 327.033295 2903.112549 480.448303
217.000000 177.232773 1222.368408 49.705994 1209.822021 593.192017 1131.909668 471.688843 1123.211182
164.000000 2178.656738 890.102356 2169.002686 763.409302 2591.022461 636.906677 2575.772949 490.092804
259.000000 766.540466 1701.047607 893.372620 1694.044556 836.582886 1588.950439 943.367310 1580.425293
190.000000 1173.450928 1743.122803 1062.958374 1681.373169 1213.560059 1636.291138 1099.068848 1567.166870
225.000000 63.376564 1106.248535 187.110413 1119.041382 482.903168 1022.891541 600.161621 1030.994385
168.000000 2178.473633 763.189941 2188.282715 886.802917 2586.354980 486.345795 2601.592285 629.830872
267.000000 2076.464844 642.867615 2190.117920 593.605347 2466.512207 359.749695 2557.004395 303.880463
207.000000 1523.315674 849.560059 1399.780029 854.503296 1899.665894 670.086060 1776.606201 682.746033
241.000000 2072.895020 574.586365 1958.410889 534.543396 2457.220947 287.603424 2349.383545 262.665192
233.000000 213.693176 929.458496 93.237038 910.621338 613.232239 844.304871 499.740082 832.498413
166.000000 2396.537109 986.123535 2279.378174 1014.059143 2845.601807 723.500671 2708.722900 769.536072
224.000000 496.200409 917.102783 414.078949 829.302612 886.198120 820.466187 803.076599 736.922058
246.000000 390.008392 1426.515381 270.008331 1419.849976 800.060608 1325.237549 689.834717 1320.564697
186.000000 2227.029297 881.098694 2113.916992 918.434631 2643.636475 620.645813 2519.495361 678.925232
193.000000 1089.469604 856.294006 1206.558716 877.269165 1426.394531 709.101807 1556.262207 723.618103
167.000000 2434.774658 783.515320 2423.531494 666.647583 2887.967773 476.506775 2870.366455 333.288300
236.000000 270.146820 1430.827026 386.803680 1437.661255 686.730286 1331.694336 800.151489 1336.098145
183.000000 2070.540039 973.301758 2077.361084 1089.959351 2470.572021 746.614258 2483.104004 883.354370
221.000000 1816.669067 1755.737671 1933.334961 1756.033936 2226.666992 1653.156738 2346.666748 1653.350098
58.000000 1629.994385 1508.782959 1513.328613 1508.475464 2033.385864 1382.061157 1753.228027 1389.203491
243.000000 437.720734 962.700745 321.851501 946.245361 830.521240 866.149170 719.808777 855.360901
258.000000 419.936005 1133.892822 306.560852 1120.925049 816.703369 1036.208130 709.920166 1027.664062
244.000000 303.565704 1131.237915 416.982849 1143.815430 706.807190 1038.098022 816.944763 1046.235962
226.000000 1053.753418 1677.712158 948.050842 1720.187500 1103.241211 1559.763184 993.703125 1602.383423
247.000000 406.442780 1242.517090 293.116608 1232.436279 813.374512 1145.332886 703.084045 1137.392212
212.000000 1817.610596 696.956970 1708.987427 663.264343 2209.670410 468.572510 2089.797852 447.835327
214.000000 1930.066772 859.822632 1935.989014 973.368652 2317.990234 636.558594 2327.791260 756.574829
194.000000 1943.068604 1316.859009 1937.009033 1203.493164 2347.101074 1156.900513 2336.619385 1026.939331
191.000000 1497.616089 585.810791 1607.271973 610.662659 1857.381226 384.814606 1987.212646 402.704712
195.000000 2122.124023 925.902100 2228.037354 894.644470 2526.815186 687.008911 2645.681396 635.409058
198.000000 1927.439697 973.471008 1921.523315 863.430664 2318.954590 766.747192 2309.198730 640.061707
263.000000 496.788422 1443.825073 606.871948 1448.542236 906.769104 1340.102417 1013.434204 1343.484375
209.000000 1623.338379 1498.480347 1513.328491 1498.111694 2026.692505 1372.630249 1903.338379 1373.841797
252.000000 240.571854 866.484070 132.428741 848.895081 633.554504 781.422668 526.394531 769.017517
222.000000 1163.176514 794.107849 1270.179443 815.780884 1506.368652 638.906372 1623.620728 654.506287
176.000000 1366.837524 895.740723 1260.114014 876.048828 1733.303955 733.572266 1593.366577 716.396118
277.000000 606.770691 1437.899902 499.871002 1432.604004 1013.362610 1332.407593 909.921936 1329.134888
249.000000 1356.643311 1814.094360 1250.076782 1810.829224 1690.022827 1711.101074 1580.000977 1713.380249
172.000000 2461.155029 556.138184 2364.419434 595.970947 2915.481689 187.018173 2792.565430 259.475952
274.000000 630.307068 1157.369507 526.443542 1145.244751 1026.802979 1051.578857 923.317383 1043.538818
53.000000 2346.289551 676.710266 2334.325928 573.218567 2797.944580 523.163635 2759.470459 233.403641
273.000000 523.351135 1156.507080 626.885315 1168.036621 920.173889 1054.484619 1023.646973 1062.730957
260.000000 620.140869 1261.706177 516.430542 1252.727051 1023.144592 1156.592896 916.449585 1150.415894
163.000000 38.574543 1399.830688 50.813671 1296.763306 472.523132 1306.604980 483.943634 1156.713135
248.000000 2010.057861 1735.543701 1906.708130 1738.250977 2430.018066 1630.620972 2320.014404 1633.830078
237.000000 1516.666626 1200.000000 1516.666626 1303.333374 1898.139160 1049.966064 1900.750732 1163.316040
