Keypoint Matches and Line Matches for pairs 14, 29 
14 corresponds to the image ./resources/Data/CastleP30/images/0014.png 
29 corresponds to the image ./resources/Data/CastleP30/images/0029.png 

23.000000 2049.781494 1891.434082 464.134064 1763.247681
58.000000 2988.307617 1203.100952 1211.554077 1236.690186
41.000000 2846.560547 1830.528687 1113.741699 1656.305908
164.000000 2139.864746 1823.402222 513.335022 1694.811523
21.000000 1989.200317 843.191650 329.689240 296.363831
22.000000 2018.284058 1363.242920 267.057251 1050.032471
29.000000 2108.863281 1346.740723 403.424347 1073.340210
473.000000 1834.970215 943.399109 13.956753 206.434860
98.000000 2487.930908 1359.238892 809.861572 1226.800171
166.000000 2610.666992 599.912476 920.299255 610.008362
193.000000 2509.084717 1291.234619 840.760498 1165.900879
95.000000 2992.085205 1726.831421 169.880875 1586.359253
339.000000 2871.954590 840.606262 1017.574951 923.251892
110.000000 2833.021240 1723.372070 432.844269 1576.956299
231.000000 2480.135986 533.320801 854.590210 466.570068
230.000000 2506.895020 763.314026 844.975891 673.254700
109.000000 2157.487549 1463.271851 443.002563 1243.323242
113.000000 2127.760254 1046.584839 481.219727 710.304260
224.000000 2145.736816 1286.736206 453.460846 1023.343323
1339.000000 2173.805176 1486.415405 26.000000 1226.000000
209.000000 2189.670654 1726.688354 131.999054 1586.849731
96.000000 1989.989990 1490.328369 203.128464 1213.018188
105.000000 1985.015259 1313.397095 220.752014 963.075745
106.000000 1976.396362 1090.139160 254.348190 626.435303
1221.000000 2362.778320 599.799805 526.000000 286.000000
642.000000 2145.308350 1063.039673 491.000000 741.000000
101.000000 2344.752441 586.532593 125.109177 26.836752
302.000000 3000.002930 1730.354370 176.664169 1596.513672
409.000000 2796.656006 1732.016113 419.976746 1585.361816
1093.000000 2118.490723 706.550537 524.000000 308.000000
93.000000 1880.260010 1113.496948 69.217949 553.864868
345.000000 2990.015625 1745.306030 163.448181 1609.389526
1506.000000 2615.851807 993.423096 885.000000 936.000000
40.000000 2636.040039 1176.735718 628.573608 1050.116821
248.000000 2913.582764 1154.598022 226.578918 977.046936
246.000000 2843.208008 669.646667 275.348175 449.550385
393.000000 2673.304443 729.918518 496.105469 547.867737
1214.000000 2734.879395 1205.678223 33.000000 951.000000
263.000000 2843.518066 677.118469 267.604553 454.590729
290.000000 2940.330078 1389.965210 193.350098 1226.513550
532.000000 2766.733887 1407.338745 452.857269 1257.111084
724.000000 2800.932373 993.660461 975.000000 1007.000000
308.000000 2773.140381 1414.865845 19.903360 1214.153442
309.000000 2936.738525 1397.337769 189.899445 1234.186523
525.000000 2709.810791 899.346436 487.511108 731.062256
292.000000 2859.783936 855.920532 243.950867 634.160339
278.000000 2679.296387 1180.077026 663.081299 1050.161987
539.000000 2758.672119 690.171875 965.940491 753.308472
185.000000 2149.883789 1442.366455 440.355499 1214.151733
184.000000 2163.321777 1676.281860 420.002594 1511.974976
177.000000 2010.009521 1606.827515 196.743958 1401.648560
178.000000 2159.876465 1597.921143 426.718750 1412.197632
182.000000 2166.644043 1715.394653 416.629730 1561.715332
31.000000 2086.632568 1336.669067 374.143250 1053.136475
48.000000 2093.969971 1339.953369 381.942841 1066.809814
192.000000 2156.620117 1559.375610 430.233978 1363.349854
204.000000 2143.256348 1429.429199 437.158661 1196.340820
205.000000 1999.831055 1448.745361 217.103149 1166.753662
400.000000 2930.100098 1407.729858 176.313599 1243.153687
401.000000 2786.780762 1421.213013 33.280266 1227.140747
404.000000 2318.130859 836.572327 706.661865 633.513306
116.000000 1958.361572 756.728577 303.679321 123.372711
200.000000 2674.793945 1520.189575 618.763000 1466.604126
201.000000 2660.563232 1379.605591 630.060120 1243.336426
217.000000 2146.577148 1482.512085 429.920410 1264.041504
218.000000 2009.738037 1533.741211 213.299744 1293.696289
219.000000 2150.104736 1521.170654 426.656403 1313.444214
374.000000 2547.005859 1177.207275 801.042786 1050.397217
347.000000 2700.800293 1390.307373 665.203247 1259.885864
348.000000 2716.537109 1520.015747 661.391968 1420.112427
512.000000 2353.960449 591.528198 523.863708 275.768280
513.000000 2473.056641 542.659180 630.688110 338.834442
269.000000 3072.567139 556.274353 752.318237 593.296875
378.000000 2178.656738 890.102356 541.789551 560.124146
379.000000 2169.002686 763.409302 552.227661 409.691986
380.000000 2178.473633 763.189941 562.547363 416.615204
381.000000 2188.282715 886.802917 552.725525 566.626892
251.000000 1952.717163 1323.180664 184.495758 960.099060
588.000000 1958.410889 534.543396 1107.482178 407.279999
186.000000 2949.936523 1346.140381 213.047684 1182.020874
189.000000 2950.165283 1338.031860 216.536865 1174.219238
736.000000 2396.537109 986.123535 769.000000 834.000000
394.000000 2867.035645 978.210388 225.301178 647.013062
33.000000 2590.238281 453.847778 681.460022 326.349854
208.000000 2392.713623 1586.432129 151.867157 1369.865723
123.000000 2113.482666 909.989990 491.289093 540.071594
438.000000 2122.124023 925.902100 495.161774 559.735535
439.000000 2228.037354 894.644470 618.253906 620.096558
301.000000 1921.523315 863.430664 178.346207 213.503571
172.000000 2461.155029 556.138184 273.954041 140.037933
375.000000 2364.419434 595.970947 144.968018 62.851990
216.000000 2966.508545 1398.496094 216.658157 1240.075684
151.000000 2863.333252 1760.000000 150.067474 1624.789551
455.000000 2966.666748 1760.000000 136.784653 1625.823608
852.000000 2162.000000 892.000000 519.000000 551.000000
676.000000 2922.000000 1686.000000 81.000000 1549.000000
647.000000 2755.000000 1350.000000 15.000000 1134.000000
433.000000 2300.000000 1107.000000 644.366516 906.730286
252.000000 2312.000000 1067.000000 665.720825 859.948792
1390.000000 2850.000000 1574.000000 33.000000 1416.000000
831.000000 2134.000000 709.000000 536.000000 316.000000
1490.000000 2235.000000 1025.000000 605.000000 770.000000
1397.000000 2259.000000 1572.000000 461.000000 1389.000000
1145.000000 2908.000000 1675.000000 69.000000 1534.000000
1187.000000 2229.000000 921.000000 614.000000 652.000000
1154.000000 2915.000000 1812.000000 491.000000 1658.000000
1320.000000 2474.000000 1204.000000 813.000000 1076.000000
1017.000000 2418.000000 259.000000 740.000000 104.000000
896.000000 2350.000000 1286.000000 679.000000 1128.000000
1168.000000 2750.000000 1362.000000 1131.000000 1294.000000
743.000000 2259.000000 1556.000000 461.000000 1373.000000
798.000000 2790.000000 1120.000000 83.000000 877.000000
1135.000000 2941.000000 1328.000000 205.000000 1161.000000
1147.000000 2619.000000 921.000000 879.000000 865.000000
1379.000000 2223.000000 1131.000000 97.000000 734.000000
1279.000000 2727.000000 1221.000000 17.000000 964.000000
702.000000 2439.000000 1116.000000 736.000000 969.000000
659.000000 2448.000000 1046.000000 750.000000 905.000000
946.000000 2760.000000 1238.000000 49.000000 999.000000
568.000000 2114.000000 1128.000000 460.018921 803.331909
1195.000000 2685.000000 772.000000 493.000000 601.000000
929.000000 2738.000000 758.000000 966.000000 802.000000
1334.000000 2781.000000 728.000000 570.000000 618.000000
1547.000000 1976.000000 1515.000000 121.000000 1251.000000
622.000000 2486.000000 1202.000000 824.000000 1076.000000
994.000000 2946.000000 1308.000000 56.000000 1119.000000
968.000000 2801.000000 1233.000000 95.000000 1011.000000
1041.000000 2908.000000 1465.000000 45.000000 1295.000000
806.000000 2443.000000 305.000000 732.000000 162.000000
1011.000000 2852.000000 1065.000000 92.000000 780.000000
848.000000 2492.000000 813.000000 706.000000 651.000000
1070.000000 2669.000000 756.000000 484.000000 574.000000
1271.000000 1957.000000 1008.000000 240.000000 493.000000
108.000000 1985.000000 1504.000000 174.362961 1246.306152
767.000000 2512.000000 1100.000000 788.000000 983.000000
1318.000000 1940.000000 1518.000000 49.000000 1244.000000
781.000000 2208.000000 1059.000000 542.000000 782.000000
753.000000 1929.000000 1006.000000 114.000000 409.000000
712.000000 2923.000000 1211.000000 216.000000 1032.000000
1103.000000 2544.000000 1324.000000 864.000000 1197.000000
709.000000 2595.000000 1762.000000 853.000000 1605.000000
1278.000000 2494.000000 1053.000000 786.000000 930.000000
516.000000 2273.000000 1572.000000 143.357300 1369.546631
517.000000 2889.000000 1529.000000 20.016272 1363.025513
1507.000000 2837.000000 1257.000000 118.000000 1050.000000
841.000000 2131.000000 1053.000000 484.000000 725.000000
1065.000000 2180.000000 1097.000000 515.000000 809.000000
644.000000 2466.000000 1014.000000 767.000000 884.000000
955.000000 2823.000000 703.000000 510.000000 582.000000
1434.000000 2862.000000 1663.000000 29.000000 1468.000000
765.000000 2147.000000 1412.000000 9.000000 1111.000000
1040.000000 2890.000000 1218.000000 185.000000 1029.000000
1258.000000 2592.000000 994.000000 864.000000 923.000000
1230.000000 2196.000000 988.000000 569.000000 699.000000
686.000000 2683.000000 752.000000 94.000000 405.000000
1384.000000 2864.000000 1148.000000 98.000000 718.000000
1549.000000 2310.000000 1025.000000 672.000000 820.000000
567.000000 2151.000000 1458.000000 437.189606 1233.367920
1377.000000 2349.000000 1260.000000 730.000000 1113.000000
1076.000000 2782.000000 563.000000 140.000000 284.000000
691.000000 2216.000000 925.000000 601.000000 647.000000
1337.000000 2424.000000 1124.000000 726.000000 969.000000
1520.000000 1946.000000 1355.000000 57.000000 979.000000
858.000000 2467.000000 1326.000000 795.000000 1194.000000
1324.000000 2270.000000 1447.000000 582.000000 1255.000000
1471.000000 2897.000000 1835.000000 475.000000 1682.000000
1240.000000 2824.000000 714.000000 238.000000 477.000000
628.000000 2502.000000 1761.000000 770.000000 1606.000000
1368.000000 2266.000000 1474.000000 557.000000 1285.000000
1306.000000 2997.000000 404.000000 370.000000 272.000000
972.000000 2407.000000 1252.000000 714.000000 1112.000000
808.000000 2205.000000 651.000000 632.000000 335.000000
531.000000 2272.000000 1462.000000 573.048889 1272.256958
1206.000000 2584.000000 788.000000 886.000000 753.000000
1235.000000 2968.000000 1722.000000 128.000000 1588.000000
1276.000000 2536.000000 1243.000000 742.000000 1113.000000
1355.000000 2936.000000 1463.000000 977.000000 1374.000000
1259.000000 2452.000000 1443.000000 704.000000 1287.000000
1454.000000 2290.000000 1770.000000 632.000000 1619.000000
915.000000 2266.000000 1422.000000 573.000000 1227.000000
1402.000000 2168.000000 1326.000000 480.000000 1078.000000
1167.000000 2382.000000 847.000000 770.000000 691.000000
1338.000000 2397.000000 868.000000 809.000000 749.000000
715.000000 2773.000000 921.000000 503.000000 783.000000
983.000000 2180.000000 1128.000000 496.000000 842.000000
744.000000 2772.000000 909.000000 513.000000 770.000000
1059.000000 2596.000000 926.000000 692.000000 802.000000
1458.000000 2956.000000 1355.000000 1194.000000 1326.000000
488.000000 2125.000000 1373.000000 423.754944 1114.693604
1340.000000 2402.000000 940.000000 751.000000 782.000000
1488.000000 2905.000000 1662.000000 438.000000 1519.000000
1155.000000 1973.000000 1312.000000 200.000000 963.000000
1372.000000 2427.000000 1147.000000 478.000000 953.000000
1558.000000 2849.000000 721.000000 1015.000000 823.000000
167.000000 2216.000000 874.000000 610.723328 596.698181
826.000000 2464.000000 1216.000000 803.000000 1089.000000
796.000000 2837.000000 1183.000000 513.000000 1054.000000
1354.000000 2519.000000 839.000000 853.000000 764.000000
668.000000 2489.000000 1035.000000 782.000000 916.000000
1403.000000 2809.000000 370.000000 1029.000000 553.000000

2.000000 3070.291504 130.621628 1735.103027 756.665161 1303.524414 631.361755 350.206818 -1.995252
1.000000 2949.462646 1902.529541 1816.300659 1864.136963 1174.052979 1691.589355 2.850665 1737.754883
7.000000 2006.427856 1907.789551 2992.780273 1938.033325 434.592133 1786.327881 1244.260986 1734.488892
9.000000 2989.673096 1921.022339 2016.389038 1898.855225 1234.353638 1725.850952 437.459106 1768.233032
12.000000 2049.781494 1891.434082 2949.666016 1915.713379 464.134064 1763.247681 1210.692505 1718.124023
19.000000 2083.198486 1871.932617 2876.438965 1892.232178 490.722076 1739.587158 1173.784912 1701.414185
29.000000 2886.409668 483.369720 2988.307617 1203.100952 1218.955444 746.701233 1211.554077 1236.690186
37.000000 2721.460938 1293.909546 2182.612305 1345.854248 1064.313843 1206.960205 601.080566 1167.255249
11.000000 1989.200317 843.191650 2018.284058 1363.242920 329.689240 296.363831 267.057251 1050.032471
15.000000 2108.863281 1346.740723 2076.485107 850.011841 403.424347 1073.340210 457.498047 363.396667
41.000000 2519.910889 429.804443 2090.846924 625.193298 939.525513 434.060913 562.385620 188.119919
42.000000 2097.046875 614.165833 2509.606445 425.804657 569.901367 183.484451 940.715210 425.571136
49.000000 2524.493408 1740.208618 2487.930908 1359.238892 794.956482 1583.401123 809.861572 1226.800171
83.000000 2657.880371 959.570374 2610.666992 599.912476 913.140930 866.475220 920.299255 610.008362
48.000000 2992.085205 1726.831421 2947.235840 1387.031494 169.880875 1586.359253 203.128464 1213.018188
6.000000 2669.346436 405.211151 2387.471924 531.793091 976.838562 499.724701 266.855469 56.364330
35.000000 2733.256104 390.778259 2971.432861 286.609558 163.739044 8.058193 562.869873 255.368317
116.000000 2485.998047 516.441101 2506.895020 763.314026 844.975891 673.254700 854.590210 466.570068
57.000000 2127.760254 1046.584839 2145.736816 1286.736206 481.219727 710.304260 459.635498 1033.308960
16.000000 2076.534424 1183.341431 2062.403564 953.390503 374.143250 1053.136475 429.514191 343.295441
53.000000 1985.015259 1313.397095 1976.396362 1090.139160 220.752014 963.075745 254.348190 626.435303
135.000000 2344.752441 586.532593 2364.904785 799.851562 758.900757 409.960541 752.318237 593.296875
47.000000 1880.260010 1113.496948 1890.899902 1313.285400 69.217949 553.864868 34.601486 937.082336
174.000000 2796.684082 1745.875610 2990.015625 1745.306030 3.170945 1616.150269 163.448181 1609.389526
124.000000 2843.208008 669.646667 2673.304443 729.918518 275.348175 449.550385 97.478401 368.224640
131.000000 2734.879395 1205.678223 2910.322510 1164.714966 36.617325 943.519958 218.860565 991.701782
132.000000 2679.066895 744.385193 2843.518066 677.118469 96.405792 377.244080 267.604553 454.590729
146.000000 2940.330078 1389.965210 2766.733887 1407.338745 193.350098 1226.513550 16.251635 1207.124146
155.000000 2773.140381 1414.865845 2936.738525 1397.337769 19.903360 1214.153442 189.899445 1234.186523
154.000000 2653.634277 464.023315 2800.062744 400.143677 137.553528 45.179424 286.330292 133.897446
267.000000 2709.810791 899.346436 2859.783936 855.920532 487.511108 731.062256 603.074036 774.030762
93.000000 2149.883789 1442.366455 2000.043579 1460.363159 440.355499 1214.151733 213.047684 1182.020874
89.000000 2010.009521 1606.827515 2159.876465 1597.921143 196.743958 1401.648560 426.718750 1412.197632
24.000000 2083.233643 1193.340576 2093.969971 1339.953369 419.559174 556.388550 381.942841 1066.809814
103.000000 2143.256348 1429.429199 1999.831055 1448.745361 437.158661 1196.340820 217.103149 1166.753662
203.000000 2930.100098 1407.729858 2786.780762 1421.213013 176.313599 1243.153687 33.280266 1227.140747
101.000000 2674.793945 1520.189575 2660.563232 1379.605591 618.763000 1466.604126 630.060120 1243.336426
110.000000 2009.738037 1533.741211 2150.104736 1521.170654 213.299744 1293.696289 426.656403 1313.444214
192.000000 2178.656738 890.102356 2169.002686 763.409302 541.789551 560.124146 552.227661 409.691986
193.000000 2178.473633 763.189941 2188.282715 886.802917 562.547363 416.615204 552.725525 566.626892
222.000000 2122.124023 925.902100 2228.037354 894.644470 495.161774 559.735535 618.253906 620.096558
190.000000 2461.155029 556.138184 2364.419434 595.970947 273.954041 140.037933 144.968018 62.851990
230.000000 2863.333252 1760.000000 2966.666748 1760.000000 3.277208 1632.148682 136.784653 1625.823608
