Keypoint Matches and Line Matches for pairs 14, 22 
14 corresponds to the image ./resources/Data/CastleP30/images/0014.png 
22 corresponds to the image ./resources/Data/CastleP30/images/0022.png 

35.000000 1735.103027 756.665161 2467.930908 562.409363
8.000000 1767.516357 829.973267 2499.925537 633.336975
9.000000 1798.454956 1813.486816 2554.135010 1740.124023
12.000000 1203.336670 876.458191 1837.658081 623.327087
15.000000 1214.600952 889.954041 1849.531616 636.666870
10.000000 1801.998901 1550.245728 2565.852539 1690.205078
11.000000 1779.765991 826.469055 2513.272949 626.999329
6.000000 66.802261 892.423218 519.551514 402.701721
230.000000 1616.425781 1416.720459 2321.524414 1260.074951
754.000000 2173.805176 1486.415405 3056.000000 1407.000000
71.000000 1989.989990 1490.328369 2763.283447 1390.243774
84.000000 1900.689697 1503.300537 2640.104004 1400.337158
57.000000 1976.396362 1090.139160 2733.438721 946.659973
48.000000 2145.308350 1063.039673 2999.815186 923.085876
504.000000 1913.106812 1516.550293 2649.839844 1411.416748
65.000000 1706.337158 1526.750977 2444.192383 1420.120239
62.000000 2118.490723 706.550537 2963.869629 516.351807
1044.000000 1893.902466 1133.193604 2630.000000 987.000000
79.000000 1901.064941 1333.295166 2626.658447 1220.000366
882.000000 1890.899902 1313.285400 2625.000000 1193.000000
86.000000 1868.243652 793.252441 2596.198242 602.067871
91.000000 1702.821655 1366.802246 2436.688232 1256.955322
92.000000 1696.010376 1173.591553 2426.695557 1026.955078
279.000000 1880.467773 803.192749 2612.685791 616.530884
134.000000 392.505585 1430.224365 966.873901 1146.680908
166.000000 512.718262 1253.610352 1296.564941 969.994995
167.000000 494.359009 1433.777466 1286.621704 1173.331177
379.000000 1910.994385 1330.278442 2654.451172 1213.469360
139.000000 1693.913574 1053.528564 2421.684814 900.179077
140.000000 1688.139404 873.499939 2414.018555 686.881653
1462.000000 1184.216919 819.268738 1722.000000 530.000000
220.000000 321.851501 946.245361 795.137695 530.174255
33.000000 1781.218872 681.992432 2591.512451 400.302032
164.000000 610.556458 1440.046387 1233.461060 1166.855713
179.000000 625.287048 1263.218384 1478.137451 989.936829
268.000000 437.720734 962.700745 1259.904785 606.512634
992.000000 1652.908813 1560.008667 2399.000000 1458.000000
793.000000 1076.658813 1562.044678 1614.000000 1420.000000
142.000000 903.328064 1561.378540 1466.612183 1411.764404
265.000000 537.630676 976.761292 1314.519165 616.569824
410.000000 1896.588135 986.670471 2634.059570 816.621399
170.000000 1631.263306 909.966248 2334.796875 726.631653
171.000000 1635.721680 1076.691895 2339.659668 930.008118
488.000000 1650.752197 1379.981079 2373.414307 1259.996704
979.000000 1665.716187 788.512878 2445.000000 572.000000
284.000000 1643.215698 1073.336792 2361.024658 913.302063
285.000000 1638.780762 923.270874 2356.041260 750.019104
28.000000 1583.597046 893.973938 2331.308594 704.069763
259.000000 1720.409424 837.661438 2485.510010 627.684692
1172.000000 1617.580322 809.731995 2382.000000 588.000000
27.000000 1225.915161 880.910278 1862.887939 626.008850
222.000000 1636.227417 1199.741577 2350.418213 1056.777710
481.000000 1958.361572 756.728577 2700.099121 563.544312
372.000000 1366.600098 1500.753052 2176.622314 1397.318359
490.000000 628.370239 1013.188416 1459.908569 676.663330
491.000000 616.210999 1149.959473 1456.028687 783.310120
236.000000 153.380264 1412.473511 643.207275 1104.728516
257.000000 190.245682 1107.854736 699.588989 686.386047
404.000000 2178.656738 890.102356 3041.850342 753.737793
405.000000 2169.002686 763.409302 3031.194336 626.846313
126.000000 2076.464844 642.867615 2853.477539 448.308350
1424.000000 1945.788208 1199.862061 2668.000000 1071.000000
119.000000 1958.581543 1593.403931 2750.116455 1493.541382
147.000000 1968.137695 1593.279175 2670.921143 1499.284180
339.000000 270.008331 1419.849976 1063.195435 1138.199341
87.000000 2113.916992 918.434631 2607.626221 836.792053
7.000000 1206.558716 877.269165 1843.476807 622.469177
110.000000 1640.994385 1536.534058 2365.849609 1430.089600
349.000000 1817.610596 696.956970 2679.797607 424.169464
350.000000 1708.987427 663.264343 2539.924072 390.313965
408.000000 1930.066772 859.822632 2675.144287 673.007263
409.000000 1935.989014 973.368652 2683.181396 799.798340
377.000000 1943.068604 1316.859009 2694.381348 1200.146729
378.000000 1937.009033 1203.493164 2685.816162 1066.721313
38.000000 1797.592285 798.934875 2507.580322 618.561157
396.000000 1927.439697 973.471008 2672.599121 806.503967
397.000000 1921.523315 863.430664 2664.479248 676.803589
239.000000 606.871948 1448.542236 1467.081787 1188.674561
1445.000000 1270.179443 815.780884 2248.000000 587.000000
452.000000 630.307068 1157.369507 2039.661011 869.281250
249.000000 620.140869 1261.706177 1473.498657 985.196960
250.000000 516.430542 1252.727051 1299.739258 965.651367
469.000000 50.813671 1296.763306 157.361053 936.758667
575.000000 1906.708130 1738.250977 2366.652832 1660.791138
801.000000 1920.000000 1163.000000 2666.000000 1024.000000
726.000000 535.000000 1352.000000 1173.000000 1065.000000
706.000000 1909.000000 893.000000 2649.000000 712.000000
673.000000 1925.000000 1262.000000 2672.000000 1137.000000
1081.000000 517.000000 1350.000000 1070.000000 1055.000000
846.000000 1223.000000 841.000000 1862.000000 570.000000
623.000000 1655.000000 1015.000000 2375.000000 841.000000
1301.000000 2162.000000 892.000000 3020.000000 757.000000
1102.000000 1670.000000 1697.000000 2390.000000 1587.000000
1430.000000 582.000000 1276.000000 1414.000000 1011.000000
665.000000 1448.000000 983.000000 2201.000000 859.000000
738.000000 2157.000000 831.000000 3011.000000 656.000000
843.000000 1942.000000 513.000000 2527.000000 364.000000
591.000000 1912.000000 949.000000 2653.000000 776.000000
692.000000 1663.000000 1319.000000 2388.000000 1181.000000
607.000000 1906.000000 829.000000 2645.000000 640.000000
960.000000 1913.000000 976.000000 2656.000000 807.000000
1064.000000 1929.000000 1320.000000 2676.000000 1205.000000
1189.000000 1239.000000 845.000000 1881.000000 574.000000
770.000000 1655.000000 1041.000000 2376.000000 875.000000
1379.000000 376.000000 1341.000000 854.000000 1033.000000
934.000000 1668.000000 1576.000000 2400.000000 1474.000000
606.000000 1678.000000 757.000000 2411.000000 501.000000
1281.000000 1664.000000 1371.000000 2391.000000 1253.000000
1273.000000 1698.000000 714.000000 2196.000000 551.000000
1389.000000 2134.000000 709.000000 2980.000000 532.000000
841.000000 1661.000000 1231.000000 2385.000000 1101.000000
1124.000000 1436.000000 1228.000000 2184.000000 1092.000000
280.000000 1883.000000 957.000000 2620.948486 779.952026
913.000000 1652.000000 933.000000 2373.000000 766.000000
1244.000000 2185.000000 1206.000000 3054.000000 1110.000000
824.000000 2191.000000 713.000000 3004.000000 578.000000
1382.000000 1650.000000 1295.000000 2370.000000 1104.000000
1415.000000 1669.000000 1640.000000 2403.000000 1548.000000
686.000000 1458.000000 1676.000000 2156.000000 1611.000000
745.000000 385.000000 725.000000 1047.000000 206.000000
994.000000 1963.000000 622.000000 2551.000000 485.000000
624.000000 1927.000000 1292.000000 2674.000000 1171.000000
1295.000000 399.000000 1122.000000 948.000000 710.000000
659.000000 1975.000000 596.000000 2688.000000 372.000000
839.000000 2223.000000 524.000000 3032.000000 406.000000
967.000000 1456.000000 1579.000000 2227.000000 1458.000000
1024.000000 405.000000 1075.000000 951.000000 682.000000
734.000000 548.000000 990.000000 1325.000000 624.000000
949.000000 1482.000000 1549.000000 2262.000000 1432.000000
307.000000 1403.000000 932.000000 2053.798340 725.621948
1412.000000 515.000000 1374.000000 1068.000000 1090.000000
834.000000 1470.000000 1547.000000 2245.000000 1431.000000
719.000000 1457.000000 1087.000000 2221.000000 837.000000
1046.000000 1943.000000 1258.000000 2729.000000 1126.000000
1470.000000 593.000000 1356.000000 1438.000000 1090.000000
1184.000000 1894.000000 898.000000 2630.000000 719.000000
1327.000000 1986.000000 612.000000 2572.000000 474.000000
634.000000 1924.000000 1232.000000 2670.000000 1103.000000
622.000000 1943.000000 592.000000 2527.000000 453.000000
590.000000 1445.000000 1558.000000 2206.000000 1457.000000
340.000000 1424.000000 919.000000 2167.303223 749.987427
1494.000000 1985.000000 1504.000000 2745.000000 1412.000000
414.000000 1494.000000 942.000000 2043.118652 734.815491
1109.000000 1471.000000 1582.000000 2245.000000 1459.000000
612.000000 1663.000000 1346.000000 2389.000000 1218.000000
1012.000000 1701.000000 1538.000000 2439.000000 1434.000000
137.000000 1421.000000 1523.000000 2172.616211 1399.944092
1116.000000 1445.000000 1541.000000 2205.000000 1429.000000
1437.000000 1660.000000 1206.000000 2383.000000 1067.000000
1065.000000 1642.000000 994.000000 2361.000000 846.000000
795.000000 2137.000000 807.000000 2991.000000 654.000000
1236.000000 1455.000000 1597.000000 2230.000000 1558.000000
1127.000000 1919.000000 1134.000000 2664.000000 992.000000
635.000000 2180.000000 1097.000000 3043.000000 990.000000
1214.000000 86.000000 908.000000 524.000000 488.000000
331.000000 600.000000 1277.000000 1459.893677 997.597412
1293.000000 1662.000000 1293.000000 2386.000000 1135.000000
1154.000000 1433.000000 1540.000000 2187.000000 1428.000000
1291.000000 800.000000 1553.000000 1491.000000 1411.000000
764.000000 1458.000000 984.000000 2222.000000 861.000000
1404.000000 372.000000 1390.000000 933.000000 1077.000000
1155.000000 1735.000000 697.000000 2124.000000 568.000000
1099.000000 1655.000000 1576.000000 2384.000000 1474.000000
713.000000 1791.000000 1633.000000 2424.000000 1587.000000
751.000000 1947.000000 937.000000 2696.000000 760.000000
1278.000000 1717.000000 775.000000 2447.000000 584.000000
582.000000 333.000000 958.000000 807.000000 542.000000
775.000000 2182.000000 1172.000000 3051.000000 1074.000000
674.000000 1472.000000 1234.000000 2242.000000 1098.000000
1447.000000 1047.000000 1582.000000 1728.000000 1454.000000
1453.000000 1447.000000 1212.000000 2225.000000 1096.000000
904.000000 2204.000000 709.000000 3060.000000 583.000000
1328.000000 1896.000000 954.000000 2634.000000 782.000000
1049.000000 1641.000000 937.000000 2359.000000 771.000000
1070.000000 1838.000000 825.000000 2694.000000 572.000000
1348.000000 1455.000000 1544.000000 2226.000000 1430.000000
420.000000 1458.000000 1231.000000 2230.819336 1106.639648
766.000000 2163.000000 1101.000000 3021.000000 989.000000
1357.000000 1677.000000 1316.000000 2403.000000 1178.000000
1023.000000 2160.000000 862.000000 3016.000000 723.000000
1474.000000 1668.000000 1011.000000 2391.000000 835.000000
1161.000000 2139.000000 838.000000 2993.000000 688.000000
1089.000000 1640.000000 914.000000 2345.000000 733.000000
367.000000 196.000000 938.000000 139.926056 440.498444
232.000000 1421.000000 1191.000000 2170.474365 1066.598389
901.000000 1911.000000 1512.000000 2659.000000 1418.000000
1309.000000 1921.000000 652.000000 2670.000000 386.000000
1271.000000 1448.000000 940.000000 2199.000000 777.000000
1146.000000 1729.000000 770.000000 2461.000000 577.000000
1444.000000 1698.000000 1611.000000 2402.000000 1521.000000
1346.000000 2216.000000 874.000000 2708.000000 788.000000
863.000000 1904.000000 803.000000 2643.000000 611.000000
584.000000 1911.000000 920.000000 2651.000000 744.000000
1037.000000 1418.000000 1613.000000 2098.000000 1496.000000
915.000000 1682.000000 1575.000000 2420.000000 1473.000000
1034.000000 1791.000000 1820.000000 2542.000000 1750.000000
1366.000000 1650.000000 1321.000000 2373.000000 1184.000000

18.000000 3070.291504 130.621628 1735.103027 756.665161 2776.831055 400.313202 2467.930908 562.409363
4.000000 1767.516357 829.973267 1798.454956 1813.486816 2499.925537 633.336975 2554.135010 1740.124023
6.000000 1203.336670 876.458191 1186.786133 1670.072021 1837.658081 623.327087 1837.132690 1656.668579
7.000000 1197.096436 1676.676270 1214.600952 889.954041 1850.016846 1656.666626 1849.531616 636.666870
5.000000 1801.998901 1550.245728 1779.765991 826.469055 2565.852539 1690.205078 2513.272949 626.999329
3.000000 66.802261 892.423218 670.151733 982.314880 519.551514 402.701721 1843.476807 622.469177
17.000000 2443.274414 315.456024 2001.371582 549.259033 2905.211426 212.849030 2591.512451 400.302032
91.000000 2519.910889 429.804443 2090.846924 625.193298 3003.257324 444.340271 2803.391357 429.232483
118.000000 1616.425781 1416.720459 1609.957764 986.667297 2321.524414 1260.074951 2314.055908 1079.970093
119.000000 1537.912598 989.994995 1539.645874 1420.001465 2170.474365 1066.598389 2173.701416 1246.660034
108.000000 1393.208008 1423.332275 1396.996338 996.640015 2061.509277 1237.093262 2057.786133 1050.056274
35.000000 423.866547 1803.368774 441.769745 1533.893799 923.801636 1576.702515 942.931213 1326.635864
22.000000 2173.805176 1486.415405 2189.670654 1726.688354 3038.031738 1389.882568 3063.895508 1690.525146
36.000000 2001.791138 1730.239868 1989.989990 1490.328369 2781.052979 1636.830933 2763.283447 1390.243774
43.000000 1900.689697 1503.300537 1911.447876 1729.931274 2640.104004 1400.337158 2653.597900 1633.159424
29.000000 1985.015259 1313.397095 1976.396362 1090.139160 2750.203125 1209.987061 2733.438721 946.659973
25.000000 2145.308350 1063.039673 2157.490967 1283.287720 2999.815186 923.085876 3021.588867 1200.137085
33.000000 1711.095337 1733.384888 1706.337158 1526.750977 2456.516602 1673.664673 2444.192383 1420.120239
32.000000 2118.490723 706.550537 2131.229736 906.588379 2963.869629 516.351807 2984.520996 770.174561
40.000000 1893.902466 1133.193604 1901.064941 1333.295166 2616.071777 976.069580 2626.658447 1220.000366
44.000000 1868.243652 793.252441 1878.160034 986.590088 2596.198242 602.067871 2607.626221 836.792053
47.000000 1702.821655 1366.802246 1696.010376 1173.591553 2436.688232 1256.955322 2426.695557 1026.955078
86.000000 289.014313 1233.608032 266.853333 1422.965088 1296.564941 969.994995 1286.621704 1173.331177
144.000000 1880.467773 803.192749 1887.375732 989.973755 2612.685791 616.530884 2620.948486 779.952026
110.000000 87.378075 913.441406 59.408195 1097.589355 524.966980 493.129852 503.000305 676.626770
69.000000 392.505585 1430.224365 408.954559 1246.572998 966.873901 1146.680908 981.528931 933.209473
49.000000 157.313965 1403.407471 177.232773 1222.368408 346.758514 1096.676514 371.165131 869.766785
197.000000 1910.994385 1330.278442 1902.149292 1150.058105 2654.451172 1213.469360 2646.254639 1080.025269
72.000000 1693.913574 1053.528564 1688.139404 873.499939 2421.684814 900.179077 2414.018555 686.881653
16.000000 1184.216919 819.268738 1011.119873 781.272217 1592.545410 511.080841 1161.791016 434.237122
85.000000 610.556458 1440.046387 625.287048 1263.218384 1233.461060 1166.855713 1244.581055 963.219421
138.000000 422.636780 1136.916382 437.720734 962.700745 1252.262573 776.618530 1259.904785 606.512634
137.000000 537.630676 976.761292 520.912537 1147.083374 1314.519165 616.569824 1306.848145 786.674866
213.000000 1896.588135 986.670471 1888.343994 816.585388 2634.059570 816.621399 2626.166992 690.031128
297.000000 1579.940186 1250.000122 1580.121094 1419.999878 2287.352783 1146.635498 2291.452393 1236.752197
27.000000 1983.721436 714.290283 2140.315186 650.776917 2803.310303 473.608856 3070.333740 496.024170
88.000000 1631.263306 909.966248 1635.721680 1076.691895 2334.796875 726.631653 2339.659668 930.008118
254.000000 1650.752197 1379.981079 1646.717773 1219.998657 2373.414307 1259.996704 2369.110840 1153.234863
13.000000 121.207809 836.172485 61.202709 689.507935 499.650909 322.031128 3.322517 236.729599
155.000000 1665.716187 788.512878 1526.343872 852.631714 2329.355713 630.538025 2173.673340 604.624146
147.000000 1643.215698 1073.336792 1638.780762 923.270874 2361.024658 913.302063 2356.041260 750.019104
221.000000 78.974991 1089.861938 98.731216 943.162476 339.255798 626.577759 353.573303 506.695343
133.000000 1583.597046 893.973938 1720.409424 837.661438 2331.308594 704.069763 2485.510010 627.684692
14.000000 1225.915161 880.910278 1370.613403 906.536255 1862.887939 626.008850 2331.308594 704.069763
114.000000 1636.227417 1199.741577 1642.181152 1343.242798 2350.418213 1056.777710 2347.546631 1239.961548
34.000000 1963.773315 899.983398 1958.361572 756.728577 2726.236084 803.381653 2699.071777 550.890381
255.000000 628.370239 1013.188416 616.210999 1149.959473 1459.908569 676.663330 1456.028687 783.310120
121.000000 153.380264 1412.473511 23.403557 1405.380005 643.207275 1104.728516 466.477661 1088.758057
42.000000 20.149038 1417.311523 150.119186 1424.516602 103.549858 1077.047363 343.724945 1094.659912
210.000000 2178.656738 890.102356 2169.002686 763.409302 3041.850342 753.737793 3031.194336 626.846313
65.000000 2076.464844 642.867615 2190.117920 593.605347 2853.477539 448.308350 3069.992188 466.759003
61.000000 1964.718018 1716.763550 1958.581543 1593.403931 2764.329346 1713.268921 2750.116455 1493.541382
176.000000 390.008392 1426.515381 270.008331 1419.849976 1209.874390 1151.396118 1063.195435 1138.199341
228.000000 2227.029297 881.098694 2113.916992 918.434631 2720.297607 794.178223 2609.901367 833.052917
57.000000 1640.994385 1536.534058 1644.576050 1653.397461 2365.849609 1430.089600 2363.669922 1653.336670
97.000000 437.720734 962.700745 321.851501 946.245361 993.118347 558.034485 799.844482 527.655945
179.000000 419.936005 1133.892822 306.560852 1120.925049 1232.859253 760.097107 1089.500000 740.284729
115.000000 303.565704 1131.237915 416.982849 1143.815430 1067.161133 749.924194 1247.240601 776.042480
182.000000 1817.610596 696.956970 1708.987427 663.264343 2679.797607 424.169464 2539.924072 390.313965
212.000000 1930.066772 859.822632 1935.989014 973.368652 2675.144287 673.007263 2683.181396 799.798340
196.000000 1943.068604 1316.859009 1937.009033 1203.493164 2694.381348 1200.146729 2685.816162 1066.721313
223.000000 2122.124023 925.902100 2228.037354 894.644470 2608.625000 845.907898 2722.538330 807.633911
20.000000 1797.592285 798.934875 1899.641479 757.289795 2507.580322 618.561157 2807.148193 474.086945
206.000000 1927.439697 973.471008 1921.523315 863.430664 2672.599121 806.503967 2664.479248 676.803589
122.000000 496.788422 1443.825073 606.871948 1448.542236 1290.333496 1172.923950 1467.081787 1188.674561
186.000000 630.307068 1157.369507 526.443542 1145.244751 1466.368774 792.219543 1326.209473 773.406433
128.000000 620.140869 1261.706177 516.430542 1252.727051 1473.498657 985.196960 1299.739258 965.651367
244.000000 38.574543 1399.830688 50.813671 1296.763306 142.809982 1046.597290 157.361053 936.758667
