Keypoint Matches and Line Matches for pairs 15, 17 
15 corresponds to the image ./resources/Data/CastleP30/images/0015.png 
17 corresponds to the image ./resources/Data/CastleP30/images/0017.png 

10.000000 1410.417725 1709.975220 1660.240967 1780.011719
11.000000 1418.898682 713.323975 1656.435425 773.321594
4.000000 1570.531250 1726.662842 1829.877197 1799.929199
5.000000 1563.422485 733.332703 1807.383301 779.910706
8.000000 1551.772705 723.388672 1795.933716 772.423218
9.000000 1558.456543 1716.677002 1817.006592 1786.659302
40.000000 461.316254 803.722412 835.590210 929.515320
2.000000 2145.228516 623.224731 2349.912842 613.087769
43.000000 469.750458 820.253967 843.929260 943.369690
110.000000 2226.725586 1725.831909 2457.139160 1805.898926
12.000000 2199.063721 1336.531982 2421.365479 1383.230835
13.000000 2158.630371 616.930908 2362.845947 603.620117
145.000000 1504.798218 468.522278 1822.894287 514.535645
495.000000 1041.786133 834.040710 1373.433350 905.629456
46.000000 473.074310 815.937134 849.885254 936.734497
47.000000 1057.258301 874.052979 1396.828979 955.188904
71.000000 2473.411865 603.326172 2606.720703 563.327515
18.000000 1105.982422 856.635742 1430.774292 936.606812
15.000000 1087.401367 863.684570 1418.063721 943.446533
16.000000 1077.022461 876.683655 1408.584839 956.632446
1187.000000 2211.398682 1243.249878 2429.000000 1279.000000
286.000000 2137.433105 733.290405 2350.895020 743.259766
101.000000 2493.264160 316.559784 2603.516113 230.165344
50.000000 2103.196777 746.674011 2327.180420 753.051575
51.000000 2130.801270 1259.956909 2366.993896 1296.642700
1523.000000 1966.730591 790.141113 2227.000000 801.000000
63.000000 1746.538696 1306.607300 2018.777832 1356.590576
36.000000 2250.729736 1230.166260 2458.530029 1266.789307
67.000000 2583.198242 1711.445190 2616.383789 1798.394043
52.000000 2015.196899 1283.399658 2273.520752 1335.779419
60.000000 1915.808228 823.248230 2169.962891 846.488831
61.000000 1931.851685 1289.936401 2196.405029 1336.680786
58.000000 1774.402100 1296.712402 2038.284302 1350.065918
289.000000 2998.517578 1196.863647 2965.909668 1203.445923
55.000000 2941.140381 1199.866089 2900.686768 1203.251221
490.000000 2462.129639 730.103577 2602.969238 703.374023
122.000000 2957.098633 1075.237061 2894.469971 1063.160156
116.000000 2959.917480 1086.295532 2897.121582 1076.225586
24.000000 522.316162 766.612305 881.701599 899.400330
408.000000 2551.316162 348.805847 2655.876953 272.542603
196.000000 2825.460938 180.124298 2876.748291 46.774910
87.000000 2669.512695 440.051788 2758.163086 363.150482
88.000000 2702.458008 750.093018 2798.934326 696.796875
85.000000 269.650970 566.954834 566.397949 727.036682
86.000000 465.568451 804.240112 840.444397 926.054688
1324.000000 2759.470459 233.403641 2822.000000 120.000000
81.000000 2969.431396 460.470551 3014.570312 350.287384
97.000000 2584.433105 1316.558716 2730.144775 1353.317261
98.000000 2612.236572 1599.780396 2764.704590 1663.180420
99.000000 2636.748291 1619.992676 2800.486084 1700.323853
93.000000 2601.970215 1339.824585 2748.950195 1376.435669
94.000000 2626.911133 1619.978271 2781.337402 1696.531372
133.000000 2033.385864 1382.061157 2296.763916 1436.929565
295.000000 1920.096802 1703.674316 2190.089355 1780.776855
446.000000 2401.502930 1350.357422 2584.418213 1396.741699
154.000000 856.317444 733.633423 1206.736328 832.733826
103.000000 2792.565430 259.475952 2853.503662 141.490417
104.000000 2818.821045 529.798889 2885.345215 440.140656
329.000000 2196.652588 1723.685791 2426.702881 1806.261475
1120.000000 2692.887451 1104.545410 2686.000000 1107.000000
137.000000 241.953369 1397.237671 574.640869 1480.415405
138.000000 213.886185 1657.086426 553.442078 1717.273071
125.000000 2305.620361 1363.165527 2507.577881 1409.918945
118.000000 2324.702637 1623.232910 2541.117920 1696.832886
226.000000 2772.126221 253.083817 2833.991699 136.579620
550.000000 2801.857910 506.448639 2869.891846 416.679230
155.000000 726.301758 714.171692 1076.649048 824.586182
156.000000 473.445251 692.053833 856.692749 821.483337
188.000000 2373.025146 893.568604 2540.554199 896.914551
149.000000 59.313377 1203.254761 396.927734 1310.027466
150.000000 87.943665 953.097961 420.177887 1085.121582
151.000000 280.939819 1000.480591 608.170898 1120.502686
152.000000 253.621582 1243.365723 585.304993 1340.551270
123.000000 2514.716553 425.608093 2632.274414 362.194336
124.000000 2536.780029 666.656433 2660.448486 623.286316
266.000000 1503.391724 473.108459 1824.683716 520.281982
141.000000 2906.949463 947.819092 2854.411621 915.831360
575.000000 2497.457275 416.584900 2617.239746 353.270477
173.000000 13.985924 1606.740967 360.875397 1670.088379
174.000000 40.207603 1376.311035 380.853027 1463.257324
181.000000 316.469604 647.022522 635.893188 797.227478
182.000000 290.365479 877.086365 616.223083 1003.925537
175.000000 105.615410 813.220154 434.968475 960.154724
176.000000 130.395004 583.017029 454.553894 753.133423
186.000000 280.720367 1409.036499 628.172119 1489.232910
242.000000 2348.307861 1626.788208 2558.226318 1700.168457
131.000000 2287.569824 949.745605 2476.679443 956.411560
132.000000 2301.191650 1176.595093 2495.492676 1203.168701
1183.000000 2106.967773 1403.516479 2359.000000 1455.000000
177.000000 2949.381104 240.505188 2985.890869 93.916176
253.000000 2537.450928 832.920654 2669.006348 810.110840
139.000000 2549.275391 656.740540 2675.532471 609.739746
140.000000 2527.515137 443.246857 2648.322021 379.804108
189.000000 390.270020 1080.638184 751.702332 1183.730103
190.000000 370.668823 1293.701538 736.220032 1380.227417
143.000000 2262.237061 576.525940 2442.161621 553.181702
144.000000 2275.671387 790.062622 2458.294678 783.219177
159.000000 1769.984863 458.114258 2009.975220 479.791748
160.000000 1983.317505 457.735840 2225.178467 454.168457
199.000000 302.401947 1243.260254 647.387146 1339.854492
200.000000 318.934296 1032.726196 658.171875 1146.193604
210.000000 417.612091 760.829346 771.728943 890.473206
211.000000 395.522369 963.571838 754.315430 1076.758423
198.000000 1902.605347 674.111267 2155.510010 691.932556
487.000000 2075.805908 880.347290 2315.286865 890.124634
360.000000 2419.998779 1653.621704 2606.699707 1731.902832
228.000000 333.578827 893.070496 670.265076 1016.685120
229.000000 350.340759 696.128235 682.814697 836.167114
341.000000 2286.658691 783.333923 2472.514160 769.765442
117.000000 2321.260010 1383.113037 2521.073975 1429.669312
107.000000 1333.150879 634.565430 1557.871216 694.406494
423.000000 1350.069702 682.848999 1583.228760 748.615845
232.000000 471.688843 1123.211182 856.770691 1223.340698
233.000000 453.352264 1313.630859 844.299133 1400.302979
300.000000 416.525513 1099.499878 790.887024 1203.107056
183.000000 2066.520020 1630.006958 2337.764893 1700.153076
184.000000 2057.513184 1439.959839 2323.597656 1493.315186
309.000000 2557.618652 846.172852 2687.965088 826.207458
275.000000 698.566895 1139.894165 1062.588135 1226.799316
257.000000 920.902649 809.166199 1261.385620 902.045593
258.000000 796.125671 674.087280 1145.932373 777.819824
201.000000 2013.321777 726.499268 2259.739502 736.457947
202.000000 2022.571045 910.038391 2272.872803 929.804871
205.000000 1507.085449 280.008575 1823.333374 323.333344
244.000000 921.714478 1154.286499 1266.025879 1233.304688
245.000000 901.334412 1333.485107 1258.262695 1406.887085
247.000000 804.732544 1326.570679 1164.453125 1403.368042
248.000000 813.374512 1145.332886 1169.825928 1229.891357
214.000000 1509.870850 463.332794 1830.390625 509.992645
215.000000 1510.635498 283.336029 1826.877686 323.329376
259.000000 496.278259 836.627258 875.506165 953.240295
260.000000 478.299683 1013.837158 862.103821 1120.435791
283.000000 428.478607 976.312500 800.876099 1083.573486
284.000000 441.370300 799.613586 810.029663 923.144836
249.000000 1018.170776 1336.730835 1369.897339 1406.664673
250.000000 1025.707764 1159.959106 1373.164917 1233.267334
297.000000 790.979736 674.739441 1131.684692 780.976013
298.000000 646.021667 775.740967 1013.955872 884.044434
269.000000 716.901550 856.683105 1075.115479 960.091858
270.000000 704.756775 1030.332642 1066.690186 1123.506348
234.000000 581.426086 1306.764282 958.588562 1399.934448
235.000000 593.192017 1131.909668 966.793884 1223.184448
271.000000 603.528381 1020.013306 974.259644 1119.880371
272.000000 615.337769 846.576172 981.143066 955.894653
536.000000 929.063721 873.977173 1276.656128 964.350647
280.000000 918.163818 1046.946899 1268.101074 1129.939331
273.000000 822.758423 1040.135254 1176.819580 1126.671387
274.000000 830.521240 866.149170 1180.897583 962.269348
220.000000 2049.023438 1240.048584 2309.370850 1276.711060
221.000000 2040.399048 1066.646851 2296.420410 1093.350708
287.000000 786.860596 698.175842 1127.893066 810.791565
288.000000 646.805420 800.190552 1005.656738 912.114929
240.000000 914.138184 825.893738 1257.220825 919.418762
555.000000 2747.925293 553.219788 2828.660889 479.776215
552.000000 2732.607422 383.398804 2808.880127 283.707642
135.000000 1753.310791 1555.450317 2029.973022 1621.052368
1162.000000 2433.340576 1610.411255 2630.000000 1683.000000
261.000000 2780.417969 254.054779 2839.112305 139.075531
262.000000 2926.375244 169.496979 2959.834473 23.160898
1446.000000 2426.630371 1526.024658 2621.000000 1587.000000
263.000000 1030.470703 1053.348877 1376.052124 1133.373047
264.000000 1035.967041 886.643616 1378.486938 966.644592
224.000000 1573.008423 726.197388 1813.264648 772.455933
225.000000 1736.880005 744.785767 1996.734131 777.590820
1420.000000 2423.177002 1441.784424 2612.000000 1493.000000
179.000000 2026.764404 1042.818848 2282.492188 1069.255127
255.000000 2031.207031 903.263855 2282.666504 916.719116
256.000000 2021.805298 739.896118 2269.294678 746.722168
1546.000000 2423.306152 1399.775513 2608.000000 1437.000000
313.000000 806.680481 1386.768066 1170.118164 1462.618530
314.000000 650.010498 1386.604614 1023.469238 1461.002075
337.000000 2883.760254 327.033295 2941.717529 203.546066
203.000000 1407.104492 1383.321045 1651.505737 1443.317139
83.000000 1406.450562 1536.665771 1646.385498 1596.666382
277.000000 1553.335205 1715.427490 1810.035522 1786.287842
278.000000 1400.002197 1715.202881 1646.685181 1784.726807
281.000000 2591.022461 636.906677 2708.675293 586.427612
282.000000 2575.772949 490.092804 2689.668213 426.706146
331.000000 1896.605225 1372.197876 2160.034180 1427.133667
332.000000 1749.827026 1380.133789 2023.126709 1437.185303
251.000000 2887.967773 476.506775 2951.885742 380.196014
252.000000 2870.366455 333.288300 2928.861328 210.154175
291.000000 2586.354980 486.345795 2699.505127 420.060699
292.000000 2601.592285 629.830872 2718.734619 576.821899
354.000000 496.987366 1006.693237 879.675232 1109.977539
355.000000 508.881531 863.240601 888.670166 979.908020
400.000000 2229.944580 1714.481934 2463.060791 1796.622559
401.000000 2373.426514 1721.399780 2576.718750 1806.036987
319.000000 1008.066589 1183.399536 1358.138306 1259.954224
320.000000 1001.283997 1326.884888 1354.690063 1400.033447
328.000000 2915.481689 187.018173 2952.824707 42.893948
301.000000 1900.704590 1736.689941 2171.688965 1816.687012
302.000000 1899.434814 1593.367920 2169.792236 1663.335938
366.000000 1733.303955 733.572266 1993.345093 766.293457
367.000000 1593.366577 716.396118 1866.699463 762.293213
311.000000 1812.759888 1592.843506 2084.817383 1663.048828
312.000000 1820.068726 1733.502930 2089.954590 1810.234253
303.000000 2313.708252 1173.582275 2509.943848 1196.672363
304.000000 2301.916016 1033.452637 2494.770508 1046.521484
1520.000000 1742.961182 417.591583 1990.000000 434.000000
433.000000 1903.080688 704.397583 2133.084473 725.436401
434.000000 1766.254272 719.628540 2026.723999 746.950195
305.000000 2201.404785 1579.926147 2428.909180 1646.746948
306.000000 2208.603516 1716.915161 2439.961182 1796.914795
372.000000 2643.636475 620.645813 2743.893311 564.053650
373.000000 2519.495361 678.925232 2644.411377 641.386780
343.000000 1019.763855 906.655762 1364.686890 989.939758
344.000000 1013.465149 1043.339355 1360.627930 1123.352417
364.000000 793.204163 1406.898682 1163.808594 1486.026001
365.000000 656.458801 1409.643188 1037.096924 1480.366699
348.000000 1916.668701 1651.734375 2189.987061 1724.542969
349.000000 2053.335205 1651.905273 2323.340820 1725.974609
321.000000 1857.381226 384.814606 2100.099121 392.704681
322.000000 1987.212646 402.704712 2240.094971 396.210754
345.000000 1426.394531 709.101807 1663.213257 767.906006
1401.000000 2347.101074 1156.900513 2538.000000 1181.000000
386.000000 2526.815186 687.008911 2652.989502 648.312622
387.000000 2645.681396 635.409058 2747.533936 579.068787
376.000000 2802.398926 268.392639 2866.913086 150.138260
377.000000 2913.583008 203.762833 2954.988525 65.046463
414.000000 44.583103 670.150391 387.426941 836.750610
415.000000 29.319220 796.985901 375.267883 946.880249
333.000000 2318.954590 766.747192 2498.044678 753.198425
334.000000 2309.198730 640.061707 2484.698486 616.859314
459.000000 1226.514404 716.424500 1486.865234 796.844971
460.000000 1332.995239 649.462402 1556.229614 719.607483
356.000000 126.848305 578.505798 450.030640 748.979736
357.000000 3.314437 563.488770 319.947754 745.072327
1341.000000 2674.837891 870.201721 2788.000000 841.000000
410.000000 2506.642578 419.959564 2623.234375 356.565735
411.000000 2613.099121 356.275146 2704.008545 277.355225
435.000000 16.213121 792.862732 364.662445 943.480225
436.000000 31.509035 669.773315 376.469910 836.644897
362.000000 1899.665894 670.086060 2149.791992 685.604492
363.000000 1776.606201 682.746033 2023.401733 710.349304
239.000000 358.429321 1427.206543 727.126709 1508.120850
358.000000 2026.692505 1372.630249 2296.715332 1425.349487
359.000000 1903.338379 1373.841797 2166.630127 1428.489136
438.000000 1916.655396 1518.524170 2182.040283 1577.026733
1450.000000 2040.006958 1517.580811 2307.000000 1576.000000
1488.000000 2089.797852 447.835327 2329.000000 430.000000
352.000000 2317.990234 636.558594 2493.099854 616.689880
353.000000 2327.791260 756.574829 2506.045654 746.728455
374.000000 2096.166016 1227.062256 2342.850586 1266.701904
375.000000 2089.533203 1106.876343 2333.844971 1143.296021
483.000000 576.694702 1315.955933 953.357239 1398.318604
484.000000 456.618652 1311.216919 849.997437 1396.848145
447.000000 456.675659 1323.099243 846.739807 1407.145386
448.000000 576.754639 1327.708984 953.421875 1409.879395
315.000000 2226.666992 1653.156738 2456.641113 1728.173218
427.000000 1623.620728 654.506287 1883.367798 695.128357
463.000000 2546.384033 839.259583 2676.656006 816.649841
464.000000 2656.833984 797.105225 2764.027588 761.091858
511.000000 886.198120 820.466187 1229.284180 910.782349
512.000000 803.076599 736.922058 1156.163086 843.883789
461.000000 482.903168 1022.891541 866.540588 1127.780762
462.000000 600.161621 1030.994385 970.074219 1130.716431
479.000000 600.044617 1019.407776 970.018494 1118.984985
480.000000 483.287323 1010.610840 866.658691 1117.103149
580.000000 2076.323486 1113.177246 2320.655273 1149.952393
350.000000 2853.591064 846.805908 2944.761719 805.308716
351.000000 2905.450195 742.748779 2977.840332 677.711853
439.000000 299.067017 1119.901123 640.247070 1226.688965
440.000000 287.042725 1233.373169 630.596008 1333.387207
502.000000 499.740082 832.498413 879.976196 950.510681
467.000000 686.730286 1331.694336 1056.650513 1410.591187
468.000000 800.151489 1336.098145 1160.088745 1413.417725
449.000000 1898.139160 1049.966064 2153.416748 1083.329712
451.000000 1916.661621 1452.580444 2179.996094 1510.950073
452.000000 2030.012207 1451.823608 2286.660889 1511.399414
501.000000 719.808777 855.360901 1079.949341 958.521362
477.000000 706.807190 1038.098022 1070.018433 1132.383667
478.000000 816.944763 1046.235962 1173.377563 1134.386841
1543.000000 2952.978760 239.633255 2990.000000 90.000000
485.000000 800.060608 1325.237549 1160.015137 1401.992065
486.000000 689.834717 1320.564697 1056.657349 1400.829956
504.000000 703.084045 1137.392212 1066.627441 1226.159668
1555.000000 2320.014404 1633.830078 2528.000000 1709.000000
207.000000 1580.000977 1713.380249 1840.033447 1783.815430
406.000000 1892.513306 893.366272 2145.051758 919.914551
407.000000 1896.933472 1003.322632 2150.690186 1033.299072
326.000000 2908.427246 722.178223 2971.267578 654.531372
525.000000 633.554504 781.422668 993.316895 893.956055
526.000000 526.394531 769.017517 896.541687 891.400818
543.000000 1847.844116 227.869614 2107.792969 230.211655
455.000000 1780.059814 723.870911 2029.861572 752.661011
456.000000 1886.886963 711.978394 2133.600830 731.299500
465.000000 329.713409 769.972229 664.013123 906.721741
466.000000 319.388519 876.607483 655.656372 1009.918213
473.000000 816.703369 1036.208130 1173.268066 1125.222412
474.000000 709.920166 1027.664062 1069.942993 1121.650146
475.000000 1023.144592 1156.592896 1369.945923 1232.352905
476.000000 916.449585 1150.415894 1266.590576 1229.979492
424.000000 2055.836426 893.379517 2301.566650 906.548279
425.000000 2049.897217 786.672363 2293.264648 796.671875
1385.000000 110.054192 1757.792969 438.000000 1804.000000
497.000000 906.769104 1340.102417 1263.323608 1414.272583
498.000000 1013.434204 1343.484375 1363.381958 1415.310303
388.000000 1920.013306 1420.753052 2180.010498 1477.287964
389.000000 2026.705566 1418.868652 2296.700195 1475.304810
431.000000 308.974884 534.127075 596.350220 693.754150
432.000000 373.051697 616.884766 683.736755 759.463501
547.000000 2848.519775 849.782471 2930.555664 806.595520
529.000000 106.578354 594.158875 433.276001 765.273071
530.000000 3.003941 583.079224 336.595276 762.415039
520.000000 313.664062 760.031799 638.481506 893.180969
519.000000 303.719055 863.370483 628.746338 990.208679
535.000000 1033.325806 883.420349 1373.346924 965.353882
499.000000 920.173889 1054.484619 1270.054688 1138.019287
500.000000 1023.646973 1062.730957 1370.070435 1140.780029
481.000000 1026.802979 1051.578857 1373.347412 1129.124512
482.000000 923.317383 1043.538818 1269.987305 1127.456665
491.000000 1919.954224 1325.250488 2189.962402 1375.936035
492.000000 2023.394897 1321.904907 2290.211426 1370.763184
505.000000 1013.362610 1332.407593 1363.351074 1404.640869
506.000000 909.921936 1329.134888 1263.329590 1403.767334
420.000000 1887.869263 753.291504 2136.817627 773.324890
421.000000 1891.460815 856.615906 2142.965088 883.353882
567.000000 2356.419189 756.138245 2521.929688 739.243042
568.000000 2263.225830 799.770569 2447.759521 794.792603
540.000000 2601.725098 372.892700 2699.457764 292.768463
108.000000 1033.616577 824.082153 1367.842041 907.713745
496.000000 933.359436 813.094910 1273.346436 907.406616
346.000000 103.209892 811.156189 430.069824 957.065125
1354.000000 681.345093 791.891296 1029.000000 908.000000
523.000000 398.626038 1179.875977 776.705750 1273.336304
524.000000 389.588074 1279.962769 769.265869 1369.943481
716.000000 2389.078125 1173.101685 2565.000000 1197.000000
509.000000 1243.848022 1026.667358 1518.839233 1096.656250
510.000000 1243.991699 926.667603 1519.736084 996.664307
336.000000 100.314217 823.199158 430.136749 969.582092
562.000000 100.085861 602.558594 430.005768 771.526550
818.000000 749.000000 1635.000000 1154.000000 1700.000000
804.000000 752.000000 1588.000000 1156.000000 1654.000000
696.000000 772.000000 1184.000000 1133.000000 1267.000000
1445.000000 943.000000 1193.000000 1296.000000 1271.000000
651.000000 750.000000 1619.000000 1155.000000 1685.000000
607.000000 751.000000 1604.000000 1155.000000 1670.000000
1408.000000 766.000000 1289.000000 1129.000000 1368.000000
642.000000 738.000000 1550.000000 1127.000000 1618.000000
1229.000000 524.000000 932.000000 903.000000 1041.000000
592.000000 1875.000000 1486.000000 2144.000000 1548.000000
954.000000 1818.000000 788.000000 2071.000000 816.000000
801.000000 2328.000000 240.000000 2507.000000 181.000000
609.000000 748.000000 898.000000 1106.000000 997.000000
797.000000 727.000000 949.000000 1087.000000 1046.000000
665.000000 952.000000 991.000000 1301.000000 1074.000000
997.000000 2329.000000 1128.000000 2521.000000 1149.000000
605.000000 787.000000 1241.000000 1148.000000 1322.000000
1018.000000 754.000000 1550.000000 1157.000000 1618.000000
610.000000 551.000000 1171.000000 930.000000 1263.000000
1281.000000 704.000000 1587.000000 1111.000000 1654.000000
595.000000 745.000000 951.000000 1104.000000 1047.000000
604.000000 748.000000 1650.000000 1124.000000 1714.000000
1110.000000 529.000000 878.000000 906.000000 990.000000
844.000000 1827.000000 1123.000000 2087.000000 1166.000000
661.000000 743.000000 974.000000 1103.000000 1069.000000
1215.000000 1822.000000 967.000000 2079.000000 1003.000000
799.000000 1565.000000 632.000000 1827.000000 678.000000
745.000000 573.000000 882.000000 946.000000 992.000000
1026.000000 1830.000000 805.000000 2083.000000 833.000000
1030.000000 1394.000000 1186.000000 1635.000000 1249.000000
907.000000 1819.000000 804.000000 2072.000000 833.000000
807.000000 63.000000 701.000000 402.000000 862.000000
678.000000 978.000000 1320.000000 1332.000000 1393.000000
700.000000 297.000000 1073.000000 638.000000 1183.000000
888.000000 770.000000 521.000000 1135.000000 639.000000
755.000000 950.000000 1035.000000 1300.000000 1117.000000
792.000000 721.000000 1311.000000 1088.000000 1389.000000
648.000000 726.000000 1238.000000 1091.000000 1321.000000
636.000000 742.000000 997.000000 1102.000000 1091.000000
1252.000000 1810.000000 966.000000 2066.000000 1002.000000
855.000000 980.000000 1274.000000 1334.000000 1348.000000
854.000000 1845.000000 806.000000 2098.000000 833.000000
641.000000 981.000000 1250.000000 1334.000000 1325.000000
1497.000000 2318.000000 982.000000 2507.000000 990.000000
646.000000 2704.000000 1421.000000 2799.000000 1473.000000
1086.000000 733.000000 1453.000000 1119.000000 1523.000000
654.000000 1829.000000 1260.000000 2092.000000 1310.000000
653.000000 2359.000000 1504.000000 2562.000000 1564.000000
1269.000000 2625.000000 542.000000 2723.000000 486.000000
1048.000000 767.000000 1265.000000 1130.000000 1344.000000
591.000000 546.000000 1229.000000 927.000000 1317.000000
1340.000000 2554.000000 455.000000 2670.000000 390.000000
671.000000 540.000000 1303.000000 923.000000 1386.000000
1373.000000 2860.000000 592.000000 2922.000000 509.000000
603.000000 953.000000 968.000000 1302.000000 1052.000000
681.000000 1837.000000 1088.000000 2097.000000 1129.000000
903.000000 2837.000000 597.000000 2902.000000 517.000000
699.000000 2302.000000 740.000000 2484.000000 726.000000
645.000000 1834.000000 1459.000000 2101.000000 1520.000000
808.000000 319.000000 823.000000 655.000000 955.000000
1113.000000 1819.000000 821.000000 2073.000000 850.000000
837.000000 979.000000 1297.000000 1333.000000 1371.000000
941.000000 251.000000 1518.000000 578.000000 1588.000000
887.000000 72.000000 631.000000 409.000000 800.000000
643.000000 2569.000000 609.000000 2690.000000 559.000000
817.000000 568.000000 936.000000 943.000000 1042.000000
963.000000 1857.000000 1303.000000 2121.000000 1354.000000
639.000000 786.000000 1265.000000 1147.000000 1345.000000
1360.000000 722.000000 1568.000000 1127.000000 1635.000000
962.000000 2913.000000 794.000000 2992.000000 736.000000
764.000000 2657.000000 791.000000 2764.000000 754.000000
614.000000 1831.000000 1298.000000 2094.000000 1350.000000
689.000000 241.000000 1619.000000 601.000000 1683.000000
960.000000 935.000000 1012.000000 1284.000000 1096.000000
690.000000 1833.000000 1440.000000 2100.000000 1499.000000
843.000000 2518.000000 706.000000 2646.000000 671.000000
1314.000000 2605.000000 972.000000 2738.000000 960.000000
1122.000000 587.000000 937.000000 959.000000 1042.000000
744.000000 2300.000000 708.000000 2481.000000 691.000000
1147.000000 921.000000 1295.000000 1275.000000 1370.000000
685.000000 1871.000000 936.000000 2127.000000 968.000000
1012.000000 2763.000000 1072.000000 2740.000000 1068.000000
836.000000 1848.000000 934.000000 2104.000000 967.000000
621.000000 940.000000 1248.000000 1294.000000 1324.000000
956.000000 1838.000000 1106.000000 2098.000000 1148.000000
1133.000000 1841.000000 1262.000000 2104.000000 1312.000000
877.000000 111.000000 1742.000000 439.000000 1793.000000
1025.000000 1391.000000 1420.000000 1636.000000 1486.000000
976.000000 1853.000000 1108.000000 2112.000000 1149.000000
890.000000 2999.000000 731.000000 3053.000000 655.000000
617.000000 768.000000 1240.000000 1131.000000 1321.000000
1087.000000 1830.000000 821.000000 2083.000000 850.000000
693.000000 500.000000 1227.000000 886.000000 1316.000000
1017.000000 2729.000000 344.000000 2802.000000 245.000000
833.000000 685.000000 1587.000000 1093.000000 1653.000000
644.000000 561.000000 1279.000000 941.000000 1364.000000
705.000000 1887.000000 1469.000000 2155.000000 1530.000000
692.000000 1880.000000 1268.000000 2143.000000 1317.000000
626.000000 2364.000000 1577.000000 2570.000000 1645.000000
927.000000 1865.000000 1109.000000 2125.000000 1150.000000
835.000000 567.000000 959.000000 942.000000 1064.000000
1179.000000 1919.000000 1365.000000 2183.000000 1419.000000
594.000000 496.000000 1277.000000 883.000000 1363.000000
1205.000000 1846.000000 1461.000000 2114.000000 1523.000000
816.000000 992.000000 994.000000 1340.000000 1075.000000
1049.000000 703.000000 1604.000000 1125.000000 1669.000000
921.000000 996.000000 920.000000 1342.000000 1004.000000
993.000000 2956.000000 970.000000 2910.000000 939.000000
839.000000 1845.000000 1442.000000 2112.000000 1502.000000
640.000000 684.000000 1635.000000 1124.000000 1698.000000
1272.000000 1876.000000 1504.000000 2145.000000 1568.000000
739.000000 288.000000 1172.000000 631.000000 1274.000000
845.000000 2565.000000 573.000000 2685.000000 519.000000
1092.000000 711.000000 1181.000000 1076.000000 1267.000000
1019.000000 285.000000 1202.000000 628.000000 1301.000000
1097.000000 1853.000000 1126.000000 2113.000000 1168.000000
809.000000 569.000000 1172.000000 946.000000 1263.000000
1528.000000 724.000000 996.000000 1085.000000 1090.000000
774.000000 997.000000 1298.000000 1350.000000 1371.000000
737.000000 1830.000000 1279.000000 2093.000000 1330.000000
1095.000000 1785.000000 1204.000000 2044.000000 1253.000000
923.000000 1869.000000 1267.000000 2132.000000 1316.000000
1000.000000 784.000000 1289.000000 1146.000000 1368.000000
822.000000 1810.000000 948.000000 2066.000000 984.000000
838.000000 1870.000000 1305.000000 2134.000000 1356.000000
865.000000 731.000000 896.000000 1090.000000 996.000000
1538.000000 1833.000000 968.000000 2090.000000 1003.000000
1236.000000 404.000000 1272.000000 783.000000 1361.000000
1539.000000 1777.000000 740.000000 2025.000000 769.000000
1278.000000 2326.000000 1094.000000 2518.000000 1112.000000
1172.000000 1823.000000 338.000000 2096.000000 339.000000
1483.000000 1999.000000 432.000000 2256.000000 425.000000
1295.000000 722.000000 1287.000000 1089.000000 1367.000000
719.000000 564.000000 983.000000 940.000000 1086.000000
884.000000 1842.000000 1281.000000 2105.000000 1331.000000
1320.000000 704.000000 1310.000000 1071.000000 1389.000000
972.000000 476.000000 1276.000000 865.000000 1363.000000
771.000000 740.000000 1020.000000 1100.000000 1112.000000
958.000000 2525.000000 925.000000 2662.000000 913.000000
811.000000 822.000000 536.000000 1186.000000 648.000000
758.000000 2700.000000 1379.000000 2794.000000 1427.000000
1190.000000 760.000000 1473.000000 1162.000000 1543.000000
823.000000 724.000000 1262.000000 1090.000000 1344.000000
1208.000000 793.000000 555.000000 1166.000000 668.000000
1379.000000 2352.000000 280.000000 2535.000000 221.000000
1126.000000 1872.000000 954.000000 2128.000000 987.000000
1159.000000 2242.000000 554.000000 2423.000000 531.000000
729.000000 498.000000 1251.000000 885.000000 1340.000000
900.000000 1818.000000 1277.000000 2080.000000 1328.000000
1226.000000 1566.000000 683.000000 1799.000000 729.000000
1144.000000 480.000000 1226.000000 868.000000 1316.000000
752.000000 15.000000 1084.000000 363.000000 1204.000000
1142.000000 1886.000000 333.000000 2133.000000 336.000000
969.000000 1814.000000 1085.000000 2072.000000 1127.000000
1390.000000 1822.000000 949.000000 2078.000000 985.000000
1204.000000 1011.000000 973.000000 1357.000000 1054.000000
1054.000000 1857.000000 1264.000000 2119.000000 1314.000000
704.000000 1857.000000 1284.000000 2120.000000 1334.000000
779.000000 592.000000 883.000000 962.000000 992.000000
738.000000 999.000000 1251.000000 1351.000000 1325.000000
1504.000000 1860.000000 935.000000 2116.000000 967.000000
825.000000 1806.000000 909.000000 2060.000000 943.000000
624.000000 790.000000 902.000000 1145.000000 998.000000
754.000000 1584.000000 686.000000 1819.000000 731.000000
1500.000000 736.000000 670.000000 1107.000000 781.000000
873.000000 1862.000000 1464.000000 2130.000000 1525.000000
1022.000000 2983.000000 940.000000 2983.000000 899.000000
1023.000000 658.000000 1132.000000 1026.000000 1223.000000
1021.000000 1868.000000 808.000000 2122.000000 834.000000
1234.000000 802.000000 1002.000000 1158.000000 1092.000000
1540.000000 2317.000000 1378.000000 2517.000000 1425.000000
1129.000000 1876.000000 1092.000000 2135.000000 1131.000000
1458.000000 2566.000000 701.000000 2685.000000 660.000000
627.000000 542.000000 1278.000000 924.000000 1364.000000
1508.000000 2621.000000 505.000000 2719.000000 445.000000
1318.000000 1818.000000 1296.000000 2081.000000 1348.000000
1165.000000 3003.000000 205.000000 3031.000000 49.000000
734.000000 486.000000 1168.000000 872.000000 1262.000000
1107.000000 1746.000000 674.000000 2002.000000 704.000000
1081.000000 1815.000000 1103.000000 2074.000000 1146.000000
939.000000 494.000000 1302.000000 882.000000 1386.000000
1193.000000 1826.000000 1087.000000 2085.000000 1128.000000
730.000000 522.000000 956.000000 902.000000 1063.000000
974.000000 316.000000 851.000000 653.000000 981.000000
1247.000000 839.000000 1141.000000 1194.000000 1224.000000
785.000000 1860.000000 953.000000 2117.000000 986.000000
908.000000 2362.000000 1540.000000 2566.000000 1604.000000
633.000000 544.000000 1254.000000 926.000000 1340.000000
800.000000 2324.000000 1060.000000 2514.000000 1075.000000
735.000000 1846.000000 1480.000000 2113.000000 1543.000000
1051.000000 1814.000000 1236.000000 2075.000000 1285.000000
1377.000000 545.000000 1505.000000 832.000000 1578.000000
1562.000000 705.000000 1569.000000 1112.000000 1635.000000
917.000000 1799.000000 1220.000000 2058.000000 1269.000000
649.000000 1804.000000 768.000000 2055.000000 796.000000
1216.000000 2297.000000 676.000000 2477.000000 658.000000
1043.000000 1874.000000 1447.000000 2142.000000 1507.000000
805.000000 764.000000 1313.000000 1128.000000 1390.000000
619.000000 507.000000 1143.000000 891.000000 1239.000000
1430.000000 2528.000000 722.000000 2654.000000 689.000000
1001.000000 746.000000 1454.000000 1130.000000 1523.000000
1009.000000 730.000000 1157.000000 1094.000000 1243.000000
874.000000 361.000000 1544.000000 727.000000 1611.000000
1467.000000 2921.000000 768.000000 2988.000000 706.000000
1038.000000 255.000000 1469.000000 583.000000 1543.000000
827.000000 923.000000 1247.000000 1277.000000 1324.000000
971.000000 1013.000000 922.000000 1359.000000 1004.000000
703.000000 86.000000 735.000000 420.000000 891.000000
857.000000 2588.000000 1325.000000 2745.000000 1372.000000
1228.000000 2104.000000 1452.000000 2359.000000 1511.000000
1325.000000 2079.000000 420.000000 2316.000000 404.000000
824.000000 415.000000 915.000000 787.000000 1032.000000
598.000000 1578.000000 634.000000 1844.000000 678.000000
615.000000 927.000000 1192.000000 1279.000000 1270.000000
870.000000 1848.000000 951.000000 2105.000000 985.000000
613.000000 785.000000 977.000000 1142.000000 1070.000000
596.000000 956.000000 916.000000 1303.000000 1002.000000
1274.000000 2647.000000 669.000000 2750.000000 617.000000
677.000000 59.000000 732.000000 399.000000 890.000000
1002.000000 1870.000000 1286.000000 2133.000000 1336.000000
1221.000000 687.000000 1569.000000 1096.000000 1636.000000
1535.000000 2856.000000 423.000000 2920.000000 318.000000
631.000000 782.000000 1023.000000 1140.000000 1113.000000
795.000000 944.000000 1169.000000 1296.000000 1248.000000
675.000000 937.000000 1319.000000 1292.000000 1392.000000
634.000000 951.000000 1013.000000 1300.000000 1096.000000
951.000000 2294.000000 1305.000000 2495.000000 1346.000000
943.000000 38.000000 1119.000000 381.000000 1234.000000
977.000000 1864.000000 1090.000000 2124.000000 1130.000000
709.000000 681.000000 1150.000000 1047.000000 1239.000000
1034.000000 803.000000 979.000000 1159.000000 1071.000000
856.000000 923.000000 1271.000000 1276.000000 1347.000000
1202.000000 2632.000000 676.000000 2738.000000 626.000000
813.000000 1001.000000 1196.000000 1352.000000 1272.000000
736.000000 1867.000000 792.000000 2121.000000 816.000000
765.000000 1877.000000 1129.000000 2136.000000 1170.000000
679.000000 82.000000 766.000000 417.000000 919.000000
1066.000000 1807.000000 803.000000 2060.000000 833.000000
1045.000000 2644.000000 649.000000 2747.000000 596.000000
1096.000000 1865.000000 1127.000000 2126.000000 1169.000000
852.000000 9.000000 624.000000 358.000000 798.000000
786.000000 771.000000 497.000000 1139.000000 615.000000
1304.000000 700.000000 1655.000000 1141.000000 1723.000000
608.000000 729.000000 1182.000000 1093.000000 1267.000000
1083.000000 2986.000000 1034.000000 2978.000000 1012.000000
1093.000000 2819.000000 601.000000 2885.000000 524.000000
1189.000000 246.000000 1568.000000 605.000000 1636.000000
670.000000 2829.000000 679.000000 2901.000000 612.000000
1062.000000 998.000000 1274.000000 1351.000000 1348.000000
796.000000 1484.000000 650.000000 1720.000000 703.000000
590.000000 25.000000 1007.000000 371.000000 1136.000000
982.000000 2562.000000 536.000000 2680.000000 480.000000
1203.000000 2353.000000 1420.000000 2554.000000 1470.000000
236.000000 2035.000000 466.000000 2319.059570 454.140930
1065.000000 1895.000000 1335.000000 2157.000000 1387.000000
760.000000 2343.000000 1241.000000 2530.000000 1273.000000
1128.000000 2133.000000 1435.000000 2376.000000 1491.000000
831.000000 1857.000000 791.000000 2110.000000 817.000000
1257.000000 563.000000 1254.000000 942.000000 1341.000000
656.000000 1833.000000 951.000000 2090.000000 985.000000
970.000000 825.000000 1158.000000 1181.000000 1241.000000
1212.000000 2332.000000 1162.000000 2525.000000 1185.000000
980.000000 38.000000 1705.000000 381.000000 1758.000000
812.000000 727.000000 1472.000000 1119.000000 1537.000000
1080.000000 1373.000000 950.000000 1612.000000 1013.000000
1444.000000 1337.000000 1772.000000 1065.000000 1839.000000
1496.000000 2032.000000 1397.000000 2299.000000 1451.000000
1168.000000 2262.000000 1016.000000 2458.000000 1030.000000
1222.000000 1332.000000 922.000000 1575.000000 988.000000
588.000000 505.000000 1169.000000 890.000000 1262.000000
726.000000 903.000000 1510.000000 1254.000000 1579.000000
664.000000 993.000000 972.000000 1340.000000 1053.000000
697.000000 1857.000000 807.000000 2111.000000 834.000000
1409.000000 1860.000000 1427.000000 2127.000000 1486.000000
1380.000000 1845.000000 790.000000 2097.000000 816.000000
1280.000000 2351.000000 1385.000000 2551.000000 1433.000000
1424.000000 2466.000000 511.000000 2597.000000 460.000000
628.000000 1875.000000 1466.000000 2143.000000 1527.000000
1218.000000 2099.000000 656.000000 2320.000000 653.000000
1079.000000 1924.000000 373.000000 2172.000000 373.000000
668.000000 1817.000000 1259.000000 2079.000000 1309.000000
1362.000000 1222.000000 1769.000000 928.000000 1833.000000
787.000000 504.000000 930.000000 886.000000 1041.000000
1383.000000 2914.000000 976.000000 2867.000000 949.000000
1111.000000 2429.000000 554.000000 2569.000000 511.000000
1088.000000 1807.000000 787.000000 2059.000000 816.000000
1074.000000 2394.000000 1203.000000 2570.000000 1230.000000
1149.000000 813.000000 680.000000 1188.000000 782.000000
1388.000000 2316.000000 950.000000 2503.000000 955.000000
718.000000 2905.000000 731.000000 2973.000000 664.000000
1180.000000 1882.000000 1307.000000 2145.000000 1358.000000
1296.000000 3032.000000 1036.000000 3060.000000 1002.000000
894.000000 768.000000 1588.000000 1171.000000 1654.000000
899.000000 2098.000000 1390.000000 2348.000000 1443.000000
945.000000 1807.000000 819.000000 2060.000000 850.000000
1550.000000 2734.000000 854.000000 2832.000000 818.000000
905.000000 1833.000000 1422.000000 2099.000000 1481.000000
1471.000000 2290.000000 574.000000 2467.000000 550.000000
975.000000 2939.000000 382.000000 2985.000000 265.000000
863.000000 1881.000000 1288.000000 2145.000000 1338.000000
1194.000000 503.000000 954.000000 884.000000 1063.000000
1031.000000 2357.000000 1470.000000 2558.000000 1526.000000
1371.000000 89.000000 704.000000 423.000000 863.000000
662.000000 790.000000 1185.000000 1150.000000 1268.000000
1367.000000 2654.000000 720.000000 2759.000000 675.000000
711.000000 1768.000000 380.000000 2011.000000 398.000000
1339.000000 1584.000000 670.000000 1819.000000 714.000000
1404.000000 1842.000000 1300.000000 2105.000000 1352.000000
889.000000 1829.000000 789.000000 2083.000000 816.000000
1214.000000 1009.000000 1018.000000 1356.000000 1098.000000
1016.000000 769.000000 509.000000 1139.000000 627.000000
1239.000000 1805.000000 1402.000000 2068.000000 1460.000000
1322.000000 2049.000000 1206.000000 2309.000000 1245.000000
768.000000 2885.000000 522.000000 2933.000000 430.000000
1431.000000 1354.000000 822.000000 1589.000000 886.000000
1510.000000 2119.000000 1543.000000 2368.000000 1609.000000
1470.000000 698.000000 1676.000000 1141.000000 1740.000000
979.000000 990.000000 1038.000000 1339.000000 1119.000000
1387.000000 737.000000 1569.000000 1143.000000 1636.000000
798.000000 585.000000 961.000000 958.000000 1065.000000
778.000000 800.000000 648.000000 1164.000000 755.000000
1123.000000 782.000000 1313.000000 1145.000000 1390.000000
901.000000 1387.000000 951.000000 1627.000000 1013.000000
784.000000 1835.000000 1496.000000 2103.000000 1559.000000
1011.000000 2703.000000 776.000000 2794.000000 732.000000
672.000000 984.000000 1172.000000 1335.000000 1248.000000
717.000000 937.000000 967.000000 1285.000000 1052.000000
848.000000 2944.000000 424.000000 2992.000000 312.000000
1184.000000 2601.000000 935.000000 2733.000000 920.000000
1249.000000 785.000000 1604.000000 1187.000000 1671.000000
788.000000 1821.000000 1457.000000 2087.000000 1517.000000
1421.000000 889.000000 1491.000000 1242.000000 1560.000000
197.000000 2095.000000 556.000000 2285.262695 545.793884
883.000000 1744.000000 1331.000000 2016.000000 1387.000000
915.000000 850.000000 1143.000000 1205.000000 1225.000000
1198.000000 1948.000000 376.000000 2201.000000 372.000000
1261.000000 2374.000000 1315.000000 2558.000000 1354.000000
620.000000 984.000000 1195.000000 1335.000000 1271.000000
853.000000 2321.000000 1029.000000 2511.000000 1041.000000
1461.000000 1825.000000 1068.000000 2084.000000 1109.000000
1035.000000 1885.000000 1431.000000 2152.000000 1490.000000
1191.000000 1821.000000 931.000000 2078.000000 966.000000
1132.000000 1841.000000 1318.000000 2105.000000 1371.000000
1426.000000 2023.000000 1314.000000 2289.000000 1362.000000
875.000000 2934.000000 341.000000 2979.000000 218.000000
673.000000 1835.000000 1478.000000 2102.000000 1540.000000
1037.000000 2269.000000 750.000000 2454.000000 741.000000
1106.000000 805.000000 956.000000 1160.000000 1049.000000
724.000000 1579.000000 616.000000 1843.000000 659.000000
1069.000000 2362.000000 797.000000 2527.000000 785.000000
772.000000 2570.000000 1255.000000 2716.000000 1281.000000
1268.000000 783.000000 505.000000 1151.000000 622.000000
683.000000 940.000000 1272.000000 1293.000000 1347.000000
985.000000 938.000000 1296.000000 1293.000000 1370.000000
727.000000 1827.000000 1105.000000 2086.000000 1147.000000
895.000000 1849.000000 970.000000 2106.000000 1004.000000
741.000000 42.000000 1086.000000 385.000000 1205.000000
1334.000000 2328.000000 814.000000 2501.000000 805.000000
860.000000 66.000000 1705.000000 404.000000 1759.000000
589.000000 787.000000 954.000000 1143.000000 1048.000000
880.000000 773.000000 1160.000000 1134.000000 1245.000000
1115.000000 520.000000 980.000000 901.000000 1086.000000
1251.000000 1340.000000 1652.000000 1114.000000 1722.000000
988.000000 725.000000 972.000000 1086.000000 1068.000000
508.000000 1393.000000 1289.000000 1640.000000 1353.333374
712.000000 98.000000 634.000000 430.000000 800.000000
597.000000 565.000000 1230.000000 944.000000 1317.000000
602.000000 56.000000 763.000000 396.000000 918.000000
1040.000000 518.000000 1004.000000 899.000000 1108.000000
1452.000000 1883.000000 1406.000000 2146.000000 1464.000000
753.000000 291.000000 1143.000000 633.000000 1247.000000
810.000000 1862.000000 1445.000000 2129.000000 1504.000000
1391.000000 522.000000 779.000000 889.000000 902.000000
1121.000000 928.000000 833.000000 1269.000000 924.000000
1013.000000 254.000000 1485.000000 582.000000 1558.000000
707.000000 2029.000000 520.000000 2309.000000 512.000000
942.000000 1338.000000 886.000000 1579.000000 952.000000
1464.000000 2040.000000 813.000000 2278.000000 832.000000
682.000000 1595.000000 617.000000 1861.000000 659.000000
1005.000000 1838.000000 1125.000000 2098.000000 1167.000000
1100.000000 2856.000000 518.000000 2909.000000 425.000000
1156.000000 933.000000 1650.000000 708.000000 1709.000000
1124.000000 932.000000 1787.000000 675.000000 1843.000000
898.000000 52.000000 795.000000 393.000000 946.000000
934.000000 1912.000000 1534.000000 2179.000000 1599.000000
994.000000 1790.000000 753.000000 2039.000000 782.000000
1286.000000 2766.000000 1670.000000 2864.000000 1753.000000
864.000000 1853.000000 1089.000000 2111.000000 1129.000000
1201.000000 2060.000000 1456.000000 2327.000000 1514.000000
902.000000 2063.000000 1526.000000 2332.000000 1590.000000
932.000000 2325.000000 553.000000 2492.000000 525.000000
1112.000000 1873.000000 1429.000000 2141.000000 1488.000000
1419.000000 2047.000000 1177.000000 2307.000000 1214.000000
1101.000000 1832.000000 933.000000 2089.000000 966.000000
743.000000 500.000000 978.000000 883.000000 1085.000000
1276.000000 735.000000 1344.000000 1099.000000 1421.000000
1052.000000 2488.000000 405.000000 2609.000000 341.000000
966.000000 1010.000000 995.000000 1357.000000 1076.000000
611.000000 719.000000 1587.000000 1126.000000 1655.000000
904.000000 2582.000000 890.000000 2718.000000 870.000000
1233.000000 1822.000000 1476.000000 2089.000000 1538.000000
1363.000000 2117.000000 1507.000000 2366.000000 1570.000000
622.000000 2714.000000 1521.000000 2812.000000 1585.000000
750.000000 1845.000000 822.000000 2099.000000 850.000000
1476.000000 2834.000000 806.000000 2914.000000 757.000000
912.000000 1831.000000 1316.000000 2095.000000 1369.000000
871.000000 3014.000000 699.000000 3055.000000 617.000000
1533.000000 926.000000 1584.000000 702.000000 1651.000000
876.000000 1810.000000 930.000000 2065.000000 965.000000
1206.000000 767.000000 1604.000000 1171.000000 1670.000000
806.000000 1821.000000 1437.000000 2087.000000 1497.000000
1487.000000 2283.000000 947.000000 2472.000000 953.000000
913.000000 1841.000000 304.000000 2109.000000 308.000000
1173.000000 1222.000000 1534.000000 1001.000000 1601.000000
1192.000000 810.000000 670.000000 1160.000000 771.000000
694.000000 2011.000000 1516.000000 2288.000000 1580.000000
820.000000 478.000000 1250.000000 867.000000 1339.000000
842.000000 322.000000 795.000000 657.000000 929.000000
922.000000 2098.000000 1651.000000 2358.000000 1726.000000
722.000000 52.000000 1009.000000 392.000000 1136.000000
405.000000 2748.000000 833.000000 2846.311523 790.414001
92.000000 2737.000000 1622.000000 2849.394287 1703.396729
1188.000000 2081.000000 1618.000000 2356.000000 1691.000000
1082.000000 772.000000 1522.000000 1146.000000 1596.000000
1267.000000 2611.000000 1100.000000 2636.000000 1107.000000
850.000000 2960.000000 599.000000 3010.000000 508.000000
986.000000 1811.000000 1063.000000 2068.000000 1103.000000
669.000000 11.000000 1117.000000 360.000000 1234.000000
1374.000000 705.000000 1286.000000 1071.000000 1367.000000
892.000000 741.000000 539.000000 1115.000000 657.000000
1415.000000 749.000000 876.000000 1107.000000 976.000000
957.000000 2948.000000 543.000000 2991.000000 442.000000
973.000000 2298.000000 1352.000000 2500.000000 1397.000000
1449.000000 1895.000000 1418.000000 2159.000000 1476.000000
1071.000000 1635.000000 1529.000000 1897.000000 1584.000000
1518.000000 1615.000000 1490.000000 1868.000000 1554.000000
1256.000000 2174.000000 612.000000 2376.000000 598.000000
955.000000 510.000000 876.000000 890.000000 990.000000
858.000000 1769.000000 769.000000 2021.000000 800.000000
1370.000000 2984.000000 719.000000 3041.000000 642.000000
803.000000 1867.000000 772.000000 2119.000000 796.000000
1542.000000 1833.000000 912.000000 2077.000000 948.000000
935.000000 29.000000 974.000000 374.000000 1106.000000
1209.000000 2057.000000 1380.000000 2316.000000 1431.000000
953.000000 2969.000000 972.000000 2930.000000 940.000000
1453.000000 2630.000000 579.000000 2730.000000 526.000000
1456.000000 2738.000000 1635.000000 2847.000000 1712.000000
579.000000 2061.000000 1204.000000 2327.192383 1239.961792
1145.000000 2601.000000 920.000000 2733.000000 902.000000
984.000000 2956.000000 1154.000000 2907.000000 1152.000000
1250.000000 598.000000 855.000000 967.000000 965.000000
1343.000000 2037.000000 1649.000000 2297.000000 1724.000000
338.000000 2897.000000 447.000000 2959.255859 336.764618
1163.000000 708.000000 1237.000000 1074.000000 1320.000000
667.000000 1888.000000 1489.000000 2156.000000 1551.000000
1560.000000 1871.000000 915.000000 2126.000000 945.000000
1287.000000 2856.000000 860.000000 2942.000000 816.000000
371.000000 18.000000 1452.000000 359.998016 1537.085327
1125.000000 781.000000 537.000000 1150.000000 653.000000
84.000000 1406.000000 1185.000000 1646.721436 1253.333374
710.000000 750.000000 661.000000 1120.000000 773.000000
1384.000000 2861.000000 463.000000 2926.000000 363.000000
1199.000000 1814.000000 1121.000000 2074.000000 1165.000000
1140.000000 2857.000000 987.000000 2819.000000 965.000000
1227.000000 849.000000 1159.000000 1203.000000 1242.000000
841.000000 2938.000000 632.000000 2993.000000 547.000000
695.000000 231.000000 1550.000000 576.000000 1619.000000
995.000000 1897.000000 369.000000 2142.000000 372.000000
1148.000000 2284.000000 715.000000 2469.000000 700.000000
686.000000 808.000000 903.000000 1162.000000 998.000000
930.000000 1876.000000 1110.000000 2136.000000 1151.000000
1041.000000 2930.000000 922.000000 3015.000000 882.000000
1135.000000 1784.000000 1369.000000 2047.000000 1424.000000
928.000000 2584.000000 853.000000 2720.000000 828.000000
531.000000 9.000000 1393.000000 353.308563 1481.340576
1481.000000 723.000000 1019.000000 1084.000000 1112.000000
814.000000 583.000000 984.000000 957.000000 1087.000000
998.000000 1976.000000 399.000000 2232.000000 392.000000
392.000000 2046.000000 1419.000000 2309.603516 1469.364258
1210.000000 2880.000000 981.000000 2840.000000 958.000000
1405.000000 2025.000000 756.000000 2273.000000 766.000000
1265.000000 527.000000 904.000000 905.000000 1016.000000
1151.000000 2577.000000 1309.000000 2722.000000 1341.000000
897.000000 1562.000000 595.000000 1824.000000 640.000000
1217.000000 936.000000 990.000000 1284.000000 1074.000000
676.000000 1886.000000 1450.000000 2154.000000 1509.000000
1427.000000 2946.000000 1155.000000 2898.000000 1154.000000
1307.000000 2156.000000 1431.000000 2394.000000 1485.000000
992.000000 252.000000 1502.000000 580.000000 1574.000000
1436.000000 2276.000000 611.000000 2458.000000 589.000000
1293.000000 2108.000000 1556.000000 2368.000000 1623.000000
659.000000 2722.000000 1607.000000 2823.000000 1681.000000
869.000000 2293.000000 1208.000000 2491.000000 1239.000000
1279.000000 2383.000000 1696.000000 2349.000000 1764.000000
1300.000000 2658.000000 315.000000 2742.000000 221.000000
1475.000000 1876.000000 1070.000000 2123.000000 1111.000000
1131.000000 2427.000000 1357.000000 2604.000000 1401.000000
1036.000000 1795.000000 1046.000000 2050.000000 1087.000000
770.000000 2227.000000 1423.000000 2489.000000 1470.000000
1302.000000 2199.000000 1734.000000 2430.000000 1817.000000
872.000000 417.000000 890.000000 789.000000 1009.000000
1310.000000 2368.000000 1614.000000 2573.000000 1686.000000
1171.000000 1885.000000 1529.000000 2150.000000 1594.000000
965.000000 2358.000000 1213.000000 2542.000000 1242.000000
1477.000000 2396.000000 1366.000000 2580.000000 1411.000000
1414.000000 2733.000000 1656.000000 2841.000000 1737.000000
819.000000 2034.000000 960.000000 2282.000000 982.000000
1273.000000 2217.000000 1723.000000 2449.000000 1807.000000
1282.000000 2091.000000 698.000000 2316.000000 699.000000
1285.000000 413.000000 940.000000 770.000000 1048.000000
1545.000000 330.000000 706.000000 664.000000 848.000000
340.000000 411.000000 964.000000 787.482117 1079.808472
1491.000000 2965.000000 1676.000000 2930.000000 1764.000000
616.000000 176.000000 1732.000000 504.000000 1784.000000
1255.000000 1907.000000 1347.000000 2169.000000 1400.000000
761.000000 2245.000000 1709.000000 2473.000000 1789.000000
1258.000000 408.000000 883.000000 774.000000 1001.000000
1254.000000 751.000000 1183.000000 1113.000000 1267.000000
1020.000000 2923.000000 245.000000 2964.000000 113.000000
920.000000 2632.000000 872.000000 2758.000000 847.000000
1559.000000 2891.000000 563.000000 2948.000000 474.000000
493.000000 55.000000 977.000000 396.703766 1098.934204
1240.000000 2068.000000 1619.000000 2339.000000 1691.000000
1315.000000 736.000000 1619.000000 1125.000000 1685.000000
1099.000000 563.000000 1007.000000 939.000000 1108.000000
1493.000000 2652.000000 828.000000 2763.000000 789.000000
1397.000000 2640.000000 1065.000000 2675.000000 1048.000000
1462.000000 961.000000 1249.000000 1314.000000 1325.000000
1003.000000 76.000000 957.000000 410.000000 1089.000000
1474.000000 2382.000000 977.000000 2551.000000 979.000000
1235.000000 2064.000000 1557.000000 2334.000000 1624.000000
701.000000 34.000000 1152.000000 378.000000 1264.000000

5.000000 1410.417725 1709.975220 1418.898682 713.323975 1660.240967 1780.011719 1656.435425 773.321594
2.000000 1570.531250 1726.662842 1563.422485 733.332703 1829.877197 1799.929199 1807.383301 779.910706
4.000000 1551.772705 723.388672 1558.456543 1716.677002 1795.933716 772.423218 1817.006592 1786.659302
20.000000 461.316254 803.722412 386.000244 1703.835449 835.590210 929.515320 800.284363 1493.559814
1.000000 2145.228516 623.224731 2196.239746 1513.166748 2349.912842 613.087769 2427.604736 1640.181152
21.000000 397.814667 1693.702393 469.750458 820.253967 810.372009 1493.152588 843.929260 943.369690
82.000000 3031.106689 41.794094 2396.588379 433.206604 2663.308350 249.976212 2516.907959 403.563324
6.000000 2199.063721 1336.531982 2158.630371 616.930908 2421.365479 1383.230835 2362.845947 603.620117
10.000000 2373.269043 1824.087036 3069.704346 1883.466797 3068.549805 2001.656128 2391.170654 1917.384644
22.000000 3069.670410 1808.754517 2456.172852 1771.455688 3069.490234 1889.790649 2522.547852 1846.619141
11.000000 2378.405273 606.524475 2426.931885 1199.978271 2522.645264 505.685608 2591.911133 1163.131958
54.000000 1504.798218 468.522278 1041.786133 834.040710 1557.871216 694.406494 1367.842041 907.713745
23.000000 473.074310 815.937134 1057.258301 874.052979 849.885254 936.734497 1396.828979 955.188904
35.000000 2525.615723 1176.762329 2473.411865 603.326172 2653.546143 999.977173 2606.720703 563.327515
48.000000 2960.642334 24.328943 2480.480469 334.078156 2820.220947 3.534692 2604.087891 240.687790
9.000000 1105.982422 856.635742 1080.655884 1416.847046 1430.774292 936.606812 1413.147217 1689.917603
7.000000 1061.013794 1419.731689 1087.401367 863.684570 1399.562866 1716.735962 1418.063721 943.446533
8.000000 1077.022461 876.683655 1051.208740 1416.724487 1408.584839 956.632446 1390.214844 1716.591309
38.000000 3069.591797 1044.730103 2543.124512 1155.675659 2905.550537 1040.526733 2569.072754 1174.335083
17.000000 2179.573242 709.826599 2211.398682 1243.249878 2381.335449 679.894714 2428.123047 1273.481323
28.000000 2543.128418 1748.010132 3069.952637 1771.079712 2572.636230 1842.495483 3069.469971 1880.300293
144.000000 2166.375732 1250.016357 2137.433105 733.290405 2364.046875 903.274658 2350.895020 743.259766
51.000000 2493.264160 316.559784 2926.241455 36.010509 2603.516113 230.165344 2809.354248 2.748924
25.000000 2103.196777 746.674011 2130.801270 1259.956909 2327.180420 753.051575 2366.993896 1296.642700
31.000000 1737.391479 813.196289 1746.538696 1306.607300 2001.114746 866.626465 2018.777832 1356.590576
18.000000 2250.729736 1230.166260 2219.440918 740.248596 2458.530029 1266.789307 2409.263184 676.449951
33.000000 3070.041016 1725.220459 2583.198242 1711.445190 3069.791748 1823.728271 2616.383789 1798.394043
34.000000 2589.960693 1727.796997 3069.958496 1744.526855 2626.494873 1819.386719 3069.742920 1847.399780
26.000000 2015.196899 1283.399658 1993.972046 813.304504 2273.520752 1335.779419 2237.960205 793.904663
30.000000 1915.808228 823.248230 1931.851685 1289.936401 2169.962891 846.488831 2196.405029 1336.680786
29.000000 1774.402100 1296.712402 1765.181152 839.962708 2038.284302 1350.065918 2019.316895 856.821106
110.000000 2176.153564 584.514404 2549.532227 351.253479 2515.354004 418.676514 2645.006836 288.331299
249.000000 2499.706055 1166.692017 2462.129639 730.103577 2614.126221 803.244751 2602.969238 703.374023
61.000000 2559.713379 1165.402954 2957.098633 1075.237061 2645.274414 1152.795776 2894.469971 1063.160156
58.000000 2562.874756 1174.605225 2959.917480 1086.295532 2644.959961 1165.169067 2897.121582 1076.225586
60.000000 2958.156738 943.233765 2575.947266 1047.359741 2885.882080 914.879578 2642.953369 1021.543091
12.000000 522.316162 766.612305 322.081848 500.943237 881.701599 899.400330 402.828308 461.076782
98.000000 2551.316162 348.805847 2825.460938 180.124298 2737.887695 184.563934 2876.748291 46.774910
44.000000 2669.512695 440.051788 2702.458008 750.093018 2758.163086 363.150482 2798.934326 696.796875
43.000000 269.650970 566.954834 465.568451 804.240112 566.397949 727.036682 840.444397 926.054688
41.000000 2969.431396 460.470551 2934.831787 173.554596 3014.570312 350.287384 2967.896729 9.831385
49.000000 2584.433105 1316.558716 2612.236572 1599.780396 2730.144775 1353.317261 2764.704590 1663.180420
50.000000 2636.748291 1619.992676 2611.683594 1339.849365 2800.486084 1700.323853 2765.539795 1393.082397
47.000000 2601.970215 1339.824585 2626.911133 1619.978271 2748.950195 1376.435669 2781.337402 1696.531372
67.000000 2033.385864 1382.061157 1753.228027 1389.203491 2296.763916 1436.929565 2053.338135 1443.506836
149.000000 1920.096802 1703.674316 2196.689697 1712.625244 2190.089355 1780.776855 2346.797607 1786.259155
227.000000 2420.428955 1623.765137 2401.502930 1350.357422 2587.980225 1503.400757 2584.418213 1396.741699
39.000000 2.973574 539.673706 274.274658 572.132019 206.643097 720.764465 563.484375 731.768372
77.000000 1127.020386 759.653992 856.317444 733.633423 1426.726318 836.628357 1206.736328 832.733826
52.000000 2792.565430 259.475952 2818.821045 529.798889 2853.503662 141.490417 2885.345215 440.140656
168.000000 2196.652588 1723.685791 1926.680054 1712.995728 2426.702881 1806.261475 2289.938965 1794.016113
69.000000 241.953369 1397.237671 213.886185 1657.086426 574.640869 1480.415405 553.442078 1717.273071
63.000000 2305.620361 1363.165527 2324.702637 1623.232910 2507.577881 1409.918945 2530.723389 1669.935547
114.000000 2772.126221 253.083817 2801.857910 506.448639 2833.991699 136.579620 2857.782959 316.519073
78.000000 726.301758 714.171692 473.445251 692.053833 1076.649048 824.586182 856.692749 821.483337
94.000000 2389.378906 1146.706787 2373.025146 893.568604 2558.359619 1096.515625 2540.554199 896.914551
75.000000 59.313377 1203.254761 87.943665 953.097961 396.927734 1310.027466 420.177887 1085.121582
148.000000 2834.519775 523.200195 2806.853271 276.645752 2902.075684 406.004089 2882.921875 249.642075
76.000000 280.939819 1000.480591 253.621582 1243.365723 608.170898 1120.502686 585.304993 1340.551270
53.000000 1753.160278 421.669281 1996.489502 418.058350 2266.412598 397.600586 1978.386475 428.091553
62.000000 2514.716553 425.608093 2536.780029 666.656433 2632.274414 362.194336 2660.448486 623.286316
134.000000 1716.047119 581.218750 1503.391724 473.108459 1976.328613 588.659668 1824.683716 520.281982
71.000000 2906.949463 947.819092 2676.123779 1004.454224 2854.411621 915.831360 2642.606445 1007.260925
294.000000 2497.457275 416.584900 2521.581299 649.836426 2617.239746 353.270477 2627.108887 443.284851
87.000000 13.985924 1606.740967 40.207603 1376.311035 360.875397 1670.088379 380.853027 1463.257324
91.000000 316.469604 647.022522 290.365479 877.086365 635.893188 797.227478 616.223083 1003.925537
88.000000 105.615410 813.220154 130.395004 583.017029 434.968475 960.154724 454.553894 753.133423
93.000000 256.809082 1639.322510 280.720367 1409.036499 609.742188 1693.310059 628.172119 1489.232910
122.000000 2348.307861 1626.788208 2332.014404 1399.855347 2558.226318 1700.168457 2541.738525 1526.501587
66.000000 2287.569824 949.745605 2301.191650 1176.595093 2476.679443 956.411560 2495.492676 1203.168701
89.000000 2949.381104 240.505188 2977.425537 459.902985 2985.890869 93.916176 3015.087158 299.751221
128.000000 2537.450928 832.920654 2558.917236 1047.109253 2669.006348 810.110840 2687.939941 979.857971
70.000000 2549.275391 656.740540 2527.515137 443.246857 2675.532471 609.739746 2648.322021 379.804108
95.000000 390.270020 1080.638184 370.668823 1293.701538 751.702332 1183.730103 736.220032 1380.227417
72.000000 2262.237061 576.525940 2275.671387 790.062622 2442.161621 553.181702 2458.294678 783.219177
80.000000 1769.984863 458.114258 1983.317505 457.735840 2009.975220 479.791748 2225.178467 454.168457
100.000000 302.401947 1243.260254 318.934296 1032.726196 647.387146 1339.854492 658.171875 1146.193604
106.000000 417.612091 760.829346 395.522369 963.571838 771.728943 890.473206 754.315430 1076.758423
99.000000 2072.996826 566.135803 1902.605347 674.111267 2285.262695 545.793884 2155.510010 691.932556
248.000000 2075.805908 880.347290 2066.576904 680.311707 2315.286865 890.124634 2306.246338 790.037964
184.000000 2419.998779 1653.621704 2620.009277 1654.450073 2606.699707 1731.902832 2736.660645 1729.647095
115.000000 333.578827 893.070496 350.340759 696.128235 670.265076 1016.685120 682.814697 836.167114
174.000000 2286.658691 783.333923 2272.129395 589.840088 2472.514160 769.765442 2460.094238 636.657837
59.000000 2321.260010 1383.113037 2330.543213 1576.640625 2521.073975 1429.669312 2541.117920 1696.832886
215.000000 1539.974976 710.173706 1350.069702 682.848999 1693.269897 754.516479 1583.228760 748.615845
117.000000 471.688843 1123.211182 453.352264 1313.630859 856.770691 1223.340698 844.299133 1400.302979
151.000000 402.553497 1289.697876 416.525513 1099.499878 784.874268 1356.726929 790.887024 1203.107056
92.000000 2066.520020 1630.006958 2057.513184 1439.959839 2337.764893 1700.153076 2323.597656 1493.315186
156.000000 2557.618652 846.172852 2572.837891 1033.373779 2687.965088 826.207458 2702.527100 973.082764
139.000000 698.566895 1139.894165 684.995178 1323.702148 1062.588135 1226.799316 1054.223145 1390.045654
130.000000 920.902649 809.166199 796.125671 674.087280 1261.385620 902.045593 1145.932373 777.819824
101.000000 2013.321777 726.499268 2022.571045 910.038391 2259.739502 736.457947 2272.872803 929.804871
103.000000 1507.085449 280.008575 1503.327637 463.333221 1823.333374 323.333344 1822.894287 514.535645
123.000000 921.714478 1154.286499 901.334412 1333.485107 1266.025879 1233.304688 1258.262695 1406.887085
125.000000 804.732544 1326.570679 813.374512 1145.332886 1164.453125 1403.368042 1169.825928 1229.891357
108.000000 1509.870850 463.332794 1510.635498 283.336029 1830.390625 509.992645 1826.877686 323.329376
131.000000 496.278259 836.627258 478.299683 1013.837158 875.506165 953.240295 862.103821 1120.435791
143.000000 428.478607 976.312500 441.370300 799.613586 800.876099 1083.573486 810.029663 923.144836
126.000000 1018.170776 1336.730835 1025.707764 1159.959106 1369.897339 1406.664673 1373.164917 1233.267334
150.000000 790.979736 674.739441 646.021667 775.740967 1131.684692 780.976013 1013.955872 884.044434
136.000000 716.901550 856.683105 704.756775 1030.332642 1075.115479 960.091858 1066.690186 1123.506348
118.000000 581.426086 1306.764282 593.192017 1131.909668 958.588562 1399.934448 966.793884 1223.184448
137.000000 603.528381 1020.013306 615.337769 846.576172 974.259644 1119.880371 981.143066 955.894653
141.000000 929.063721 873.977173 918.163818 1046.946899 1273.312134 966.666016 1268.101074 1129.939331
138.000000 822.758423 1040.135254 830.521240 866.149170 1176.819580 1126.671387 1180.897583 962.269348
111.000000 2049.023438 1240.048584 2040.399048 1066.646851 2309.370850 1276.711060 2296.420410 1093.350708
145.000000 786.860596 698.175842 646.805420 800.190552 1127.893066 810.791565 1005.656738 912.114929
121.000000 914.138184 825.893738 794.817078 701.644043 1257.220825 919.418762 1130.945557 799.008423
284.000000 2747.925293 553.219788 2732.607422 383.398804 2828.660889 479.776215 2818.235107 386.864716
68.000000 1753.310791 1555.450317 1923.314331 1552.303589 2029.973022 1621.052368 2269.979004 1618.219116
218.000000 1395.270996 1476.646729 1392.834961 1646.659546 1640.000000 1633.333374 1640.000000 1743.333374
132.000000 2780.417969 254.054779 2926.375244 169.496979 2839.112305 139.075531 2959.834473 23.160898
133.000000 1030.470703 1053.348877 1035.967041 886.643616 1376.052124 1133.373047 1378.486938 966.644592
113.000000 1573.008423 726.197388 1736.880005 744.785767 1813.264648 772.455933 1996.734131 777.590820
90.000000 2026.764404 1042.818848 2039.212891 1206.473022 2282.492188 1069.255127 2299.343018 1276.448975
129.000000 2031.207031 903.263855 2021.805298 739.896118 2282.666504 916.719116 2269.294678 746.722168
155.000000 1964.269287 714.923401 2099.724365 635.194702 2235.680176 715.580200 2338.312744 608.384705
159.000000 806.680481 1386.768066 650.010498 1386.604614 1170.118164 1462.618530 1023.469238 1461.002075
172.000000 2883.760254 327.033295 2903.112549 480.448303 2941.717529 203.546066 2959.255859 336.764618
102.000000 1407.104492 1383.321045 1406.450562 1536.665771 1651.505737 1443.317139 1653.584839 1636.663940
140.000000 1553.335205 1715.427490 1400.002197 1715.202881 1810.035522 1786.287842 1646.685181 1784.726807
142.000000 2591.022461 636.906677 2575.772949 490.092804 2708.675293 586.427612 2689.668213 426.706146
169.000000 1896.605225 1372.197876 1749.827026 1380.133789 2160.034180 1427.133667 2023.126709 1437.185303
240.000000 2845.601807 723.500671 2708.722900 769.536072 2954.946045 608.667358 2884.780029 684.668884
127.000000 2887.967773 476.506775 2870.366455 333.288300 2951.885742 380.196014 2928.861328 210.154175
147.000000 2586.354980 486.345795 2601.592285 629.830872 2699.505127 420.060699 2718.734619 576.821899
181.000000 496.987366 1006.693237 508.881531 863.240601 879.675232 1109.977539 888.670166 979.908020
204.000000 2229.944580 1714.481934 2373.426514 1721.399780 2463.060791 1796.622559 2576.718750 1806.036987
162.000000 1008.066589 1183.399536 1001.283997 1326.884888 1358.138306 1259.954224 1354.690063 1400.033447
167.000000 2915.481689 187.018173 2792.565430 259.475952 2952.824707 42.893948 2853.503662 141.490417
152.000000 1900.704590 1736.689941 1899.434814 1593.367920 2171.688965 1816.687012 2169.792236 1663.335938
187.000000 1733.303955 733.572266 1593.366577 716.396118 1993.345093 766.293457 1866.699463 762.293213
157.000000 1812.759888 1592.843506 1820.068726 1733.502930 2084.817383 1663.048828 2089.954590 1810.234253
153.000000 2313.708252 1173.582275 2301.916016 1033.452637 2509.943848 1196.672363 2494.770508 1046.521484
221.000000 1903.080688 704.397583 1766.254272 719.628540 2133.084473 725.436401 2026.723999 746.950195
206.000000 2767.343506 976.596497 2753.148682 839.673584 2858.999023 903.445679 2846.311523 790.414001
154.000000 2201.404785 1579.926147 2208.603516 1716.915161 2428.909180 1646.746948 2439.961182 1796.914795
190.000000 2643.636475 620.645813 2519.495361 678.925232 2743.893311 564.053650 2644.411377 641.386780
175.000000 1019.763855 906.655762 1013.465149 1043.339355 1364.686890 989.939758 1360.627930 1123.352417
186.000000 793.204163 1406.898682 656.458801 1409.643188 1163.808594 1486.026001 1037.096924 1480.366699
178.000000 1916.668701 1651.734375 2053.335205 1651.905273 2189.987061 1724.542969 2323.340820 1725.974609
291.000000 1213.560059 1636.291138 1099.068848 1567.166870 1071.943481 1694.630249 1009.545410 1627.759644
163.000000 1857.381226 384.814606 1987.212646 402.704712 2100.099121 392.704681 2240.094971 396.210754
176.000000 1426.394531 709.101807 1556.262207 723.618103 1663.213257 767.906006 1795.933716 772.423218
197.000000 2526.815186 687.008911 2645.681396 635.409058 2652.989502 648.312622 2747.533936 579.068787
192.000000 2802.398926 268.392639 2913.583008 203.762833 2866.913086 150.138260 2954.988525 65.046463
211.000000 44.583103 670.150391 29.319220 796.985901 387.426941 836.750610 375.267883 946.880249
170.000000 2318.954590 766.747192 2309.198730 640.061707 2498.044678 753.198425 2484.698486 616.859314
234.000000 1226.514404 716.424500 1332.995239 649.462402 1486.865234 796.844971 1556.229614 719.607483
182.000000 126.848305 578.505798 3.314437 563.488770 450.030640 748.979736 319.947754 745.072327
209.000000 2506.642578 419.959564 2613.099121 356.275146 2623.234375 356.565735 2704.008545 277.355225
222.000000 16.213121 792.862732 31.509035 669.773315 364.662445 943.480225 376.469910 836.644897
185.000000 1899.665894 670.086060 1776.606201 682.746033 2149.791992 685.604492 2023.401733 710.349304
210.000000 358.429321 1427.206543 345.395935 1550.218506 730.841370 1520.178589 707.488647 1630.174561
183.000000 2026.692505 1372.630249 1903.338379 1373.841797 2296.715332 1425.349487 2166.630127 1428.489136
180.000000 2317.990234 636.558594 2327.791260 756.574829 2493.099854 616.689880 2506.045654 746.728455
191.000000 2096.166016 1227.062256 2089.533203 1106.876343 2342.850586 1266.701904 2333.844971 1143.296021
239.000000 593.192017 1131.909668 471.688843 1123.211182 963.318909 1223.893433 859.882507 1221.230957
246.000000 576.694702 1315.955933 456.618652 1311.216919 953.357239 1398.318604 849.997437 1396.848145
228.000000 456.675659 1323.099243 576.754639 1327.708984 846.739807 1407.145386 953.421875 1409.879395
64.000000 855.143677 1570.050293 858.475037 1450.050171 1213.210815 1756.696289 1215.543701 1503.415039
160.000000 2226.666992 1653.156738 2346.666748 1653.350098 2456.641113 1728.173218 2600.046143 1730.596802
217.000000 1506.368652 638.906372 1623.620728 654.506287 1773.348511 692.659302 1883.367798 695.128357
236.000000 2546.384033 839.259583 2656.833984 797.105225 2676.656006 816.649841 2764.027588 761.091858
261.000000 886.198120 820.466187 803.076599 736.922058 1229.284180 910.782349 1156.163086 843.883789
235.000000 482.903168 1022.891541 600.161621 1030.994385 866.540588 1127.780762 970.074219 1130.716431
286.000000 3.448780 575.627075 120.156898 588.587097 326.666656 756.666687 420.000000 756.666687
244.000000 600.044617 1019.407776 483.287323 1010.610840 970.018494 1118.984985 866.658691 1117.103149
296.000000 2076.323486 1113.177246 2082.415039 1229.873901 2327.192383 1239.961792 2320.655273 1149.952393
179.000000 2853.591064 846.805908 2905.450195 742.748779 2944.761719 805.308716 2977.840332 677.711853
224.000000 299.067017 1119.901123 287.042725 1233.373169 640.247070 1226.688965 630.596008 1333.387207
256.000000 613.232239 844.304871 499.740082 832.498413 981.143066 955.894653 879.976196 950.510681
238.000000 686.730286 1331.694336 800.151489 1336.098145 1056.650513 1410.591187 1160.088745 1413.417725
229.000000 1898.139160 1049.966064 1900.750732 1163.316040 2153.416748 1083.329712 2158.059326 1189.939331
230.000000 1916.661621 1452.580444 2030.012207 1451.823608 2179.996094 1510.950073 2286.660889 1511.399414
255.000000 830.521240 866.149170 719.808777 855.360901 1180.897583 962.269348 1079.949341 958.521362
243.000000 706.807190 1038.098022 816.944763 1046.235962 1070.018433 1132.383667 1173.377563 1134.386841
247.000000 800.060608 1325.237549 689.834717 1320.564697 1160.015137 1401.992065 1056.657349 1400.829956
257.000000 813.374512 1145.332886 703.084045 1137.392212 1166.654419 1227.548340 1066.627441 1226.159668
104.000000 1690.022827 1711.101074 1580.000977 1713.380249 2030.007324 1786.045044 1840.033447 1783.815430
207.000000 1892.513306 893.366272 1896.933472 1003.322632 2145.051758 919.914551 2150.690186 1033.299072
166.000000 2908.427246 722.178223 2843.296631 810.858154 2971.267578 654.531372 2920.043945 784.047363
268.000000 633.554504 781.422668 526.394531 769.017517 993.316895 893.956055 896.541687 891.400818
278.000000 1847.844116 227.869614 1820.124634 331.811127 2107.792969 230.211655 2090.056152 324.596680
232.000000 1780.059814 723.870911 1886.886963 711.978394 2029.861572 752.661011 2133.600830 731.299500
237.000000 329.713409 769.972229 319.388519 876.607483 664.013123 906.721741 655.656372 1009.918213
241.000000 816.703369 1036.208130 709.920166 1027.664062 1173.268066 1125.222412 1069.942993 1121.650146
242.000000 1023.144592 1156.592896 916.449585 1150.415894 1369.945923 1232.352905 1266.590576 1229.979492
216.000000 2055.836426 893.379517 2049.897217 786.672363 2301.566650 906.548279 2293.264648 796.671875
253.000000 906.769104 1340.102417 1013.434204 1343.484375 1263.323608 1414.272583 1363.381958 1415.310303
124.000000 2963.293945 1087.843872 3069.952393 1091.418579 2897.121582 1076.225586 3070.132568 1070.454956
198.000000 1920.013306 1420.753052 2026.705566 1418.868652 2180.010498 1477.287964 2296.700195 1475.304810
220.000000 308.974884 534.127075 373.051697 616.884766 596.350220 693.754150 683.736755 759.463501
280.000000 2848.519775 849.782471 2860.666992 953.255005 2930.555664 806.595520 2942.529297 900.102966
270.000000 106.578354 594.158875 3.003941 583.079224 433.276001 765.273071 336.595276 762.415039
265.000000 313.664062 760.031799 303.719055 863.370483 628.746338 990.208679 638.481506 893.180969
273.000000 1033.325806 883.420349 929.063721 873.977173 1373.346924 965.353882 1276.656128 964.350647
254.000000 920.173889 1054.484619 1023.646973 1062.730957 1270.054688 1138.019287 1370.070435 1140.780029
245.000000 1026.802979 1051.578857 923.317383 1043.538818 1373.347412 1129.124512 1269.987305 1127.456665
250.000000 1919.954224 1325.250488 2023.394897 1321.904907 2189.962402 1375.936035 2290.211426 1370.763184
258.000000 1013.362610 1332.407593 909.921936 1329.134888 1363.351074 1404.640869 1263.329590 1403.767334
214.000000 1887.869263 753.291504 1891.460815 856.615906 2136.817627 773.324890 2142.965088 883.353882
116.000000 3070.031250 950.807617 2966.723145 954.797485 3070.042236 907.228577 2890.305420 920.731995
290.000000 2356.419189 756.138245 2263.225830 799.770569 2521.929688 739.243042 2447.759521 794.792603
276.000000 2601.725098 372.892700 2514.716553 425.608093 2699.457764 292.768463 2632.274414 362.194336
252.000000 1033.616577 824.082153 933.359436 813.094910 1373.433350 905.629456 1273.346436 907.406616
177.000000 103.209892 811.156189 2.929449 800.449524 430.069824 957.065125 296.653381 953.891418
267.000000 398.626038 1179.875977 389.588074 1279.962769 776.705750 1273.336304 769.265869 1369.943481
260.000000 1243.848022 1026.667358 1243.991699 926.667603 1518.839233 1096.656250 1519.736084 996.664307
171.000000 2.637278 814.348022 100.314217 823.199158 293.408722 964.598145 430.136749 969.582092
287.000000 3.132336 591.813660 100.085861 602.558594 336.673401 771.228088 430.005768 771.526550
