Keypoint Matches and Line Matches for pairs 15, 26 
15 corresponds to the image ./resources/Data/CastleP30/images/0015.png 
26 corresponds to the image ./resources/Data/CastleP30/images/0026.png 

15.000000 1563.422485 733.332703 884.925781 813.212891
12.000000 1551.772705 723.388672 875.399841 796.597351
10.000000 2145.228516 623.224731 1898.160767 746.634460
482.000000 1504.798218 468.522278 576.937805 503.798309
1459.000000 1966.730591 790.141113 1417.000000 939.000000
572.000000 1753.160278 421.669281 1203.550415 570.598755
477.000000 2262.237061 576.525940 1763.739136 841.737915
106.000000 1769.984863 458.114258 1215.792969 597.523315
498.000000 1983.317505 457.735840 1408.074829 639.966431
486.000000 2072.996826 566.135803 1406.511841 756.384277
1354.000000 1902.605347 674.111267 1310.000000 820.000000
318.000000 2066.576904 680.311707 1421.740723 913.278870
570.000000 2272.129395 589.840088 1953.229248 826.667480
212.000000 1523.903564 662.816589 836.503845 727.185425
337.000000 2013.321777 726.499268 1455.339844 906.818665
128.000000 1025.707764 1159.959106 521.890442 1096.533569
508.000000 2049.023438 1240.048584 1461.896606 1323.364258
509.000000 2040.399048 1066.646851 1463.634644 1216.671631
39.000000 1573.008423 726.197388 896.807190 802.855774
40.000000 1736.880005 744.785767 1163.890625 881.439453
381.000000 2026.764404 1042.818848 1440.355835 1190.028442
382.000000 2039.212891 1206.473022 1439.404175 1313.328735
558.000000 2031.207031 903.263855 1467.082642 1023.351624
557.000000 2021.805298 739.896118 1471.484741 923.252014
21.000000 1964.269287 714.923401 1326.016479 880.799744
351.000000 1008.066589 1183.399536 487.486694 1130.075195
352.000000 1001.283997 1326.884888 475.848022 1256.897461
400.000000 1900.704590 1736.689941 1270.251953 1803.342041
401.000000 1899.434814 1593.367920 1274.411255 1683.255249
1062.000000 1733.303955 733.572266 1169.000000 864.000000
369.000000 1812.759888 1592.843506 1182.161743 1679.977783
370.000000 1820.068726 1733.502930 1179.816284 1803.329834
1035.000000 1880.273682 396.257355 1293.000000 562.000000
427.000000 1742.961182 417.591583 1197.410278 555.408569
45.000000 2016.329956 418.702881 1451.220337 604.803162
196.000000 793.204163 1406.898682 388.625793 1412.117432
1521.000000 1857.381226 384.814606 1308.000000 545.000000
429.000000 2317.990234 636.558594 1760.000000 846.666687
455.000000 2247.776611 566.570801 1593.484009 870.629944
1157.000000 1898.139160 1049.966064 1301.000000 1177.000000
967.000000 2057.164551 779.783386 1536.000000 942.000000
85.000000 1580.000977 1713.380249 826.671326 1760.221924
511.000000 1892.513306 893.366272 1303.852417 1017.764038
963.000000 1820.124634 331.811127 1252.000000 490.000000
900.000000 2049.897217 786.672363 1493.000000 952.000000
270.000000 906.769104 1340.102417 636.843628 1298.523926
303.000000 106.578354 594.158875 539.202026 779.654724
529.000000 1887.869263 753.291504 1307.094604 885.014099
481.000000 1891.460815 856.615906 1303.765503 998.358582
517.000000 2356.419189 756.138245 1870.220215 947.763855
1360.000000 2263.225830 799.770569 1461.000000 1030.000000
122.000000 100.314217 823.199158 224.446243 862.065002
766.000000 1875.000000 1486.000000 1252.000000 1565.000000
1118.000000 1818.000000 788.000000 1236.000000 913.000000
667.000000 1827.000000 1123.000000 1223.000000 1231.000000
1129.000000 1822.000000 967.000000 1230.000000 1078.000000
725.000000 1565.000000 632.000000 112.000000 471.000000
1019.000000 2084.000000 506.000000 1421.000000 730.000000
1149.000000 1830.000000 805.000000 1247.000000 931.000000
636.000000 1819.000000 804.000000 1235.000000 928.000000
985.000000 1810.000000 966.000000 1217.000000 1076.000000
776.000000 1845.000000 806.000000 1261.000000 935.000000
1123.000000 1829.000000 1260.000000 1219.000000 1359.000000
744.000000 1837.000000 1088.000000 1237.000000 1203.000000
1416.000000 1834.000000 1459.000000 1212.000000 1539.000000
755.000000 1819.000000 821.000000 1234.000000 943.000000
661.000000 1857.000000 1303.000000 1244.000000 1399.000000
872.000000 1831.000000 1298.000000 1217.000000 1391.000000
1029.000000 1833.000000 1440.000000 1213.000000 1522.000000
799.000000 1871.000000 936.000000 1281.000000 1059.000000
775.000000 1848.000000 934.000000 1256.000000 1054.000000
769.000000 1838.000000 1106.000000 1236.000000 1218.000000
1061.000000 1841.000000 1262.000000 1231.000000 1361.000000
1014.000000 1853.000000 1108.000000 1251.000000 1223.000000
1159.000000 1830.000000 821.000000 1247.000000 946.000000
1331.000000 1880.000000 1268.000000 1271.000000 1371.000000
653.000000 1865.000000 1109.000000 1263.000000 1226.000000
772.000000 1838.000000 1142.000000 1250.000000 1254.000000
1497.000000 2101.000000 514.000000 1443.000000 750.000000
662.000000 1853.000000 1126.000000 1250.000000 1239.000000
590.000000 1830.000000 1279.000000 1218.000000 1375.000000
550.000000 1785.000000 1204.000000 1183.556519 1310.059204
699.000000 2060.000000 1174.000000 1481.000000 1295.000000
988.000000 2041.000000 841.000000 1536.000000 984.000000
611.000000 1869.000000 1267.000000 1258.000000 1369.000000
728.000000 1810.000000 948.000000 1218.000000 1060.000000
632.000000 1870.000000 1305.000000 1257.000000 1402.000000
840.000000 1833.000000 968.000000 1242.000000 1081.000000
1169.000000 1777.000000 740.000000 1202.000000 857.000000
1455.000000 1829.000000 837.000000 1234.000000 958.000000
1131.000000 1823.000000 338.000000 1274.000000 505.000000
1049.000000 1842.000000 1281.000000 1231.000000 1378.000000
685.000000 1872.000000 954.000000 1281.000000 1075.000000
771.000000 1818.000000 1277.000000 1205.000000 1372.000000
1291.000000 1886.000000 333.000000 1341.000000 514.000000
698.000000 1814.000000 1085.000000 1212.000000 1197.000000
585.000000 1822.000000 949.000000 1230.000000 1063.000000
682.000000 1857.000000 1264.000000 1245.000000 1366.000000
1015.000000 1857.000000 1284.000000 1244.000000 1382.000000
892.000000 1860.000000 935.000000 1269.000000 1057.000000
972.000000 1806.000000 909.000000 1208.000000 1011.000000
480.000000 1777.000000 848.000000 1199.744995 970.968445
785.000000 1584.000000 686.000000 920.000000 761.000000
680.000000 1868.000000 808.000000 1285.000000 941.000000
902.000000 1876.000000 1092.000000 1276.000000 1212.000000
288.000000 1711.000000 506.000000 1124.758911 630.010559
722.000000 1818.000000 1296.000000 1205.000000 1389.000000
792.000000 1815.000000 1103.000000 1211.000000 1213.000000
603.000000 1826.000000 1087.000000 1224.000000 1199.000000
857.000000 1860.000000 953.000000 1268.000000 1072.000000
916.000000 1767.000000 399.000000 1224.000000 538.000000
1441.000000 1799.000000 1220.000000 1195.000000 1322.000000
1481.000000 1804.000000 768.000000 1223.000000 892.000000
829.000000 1874.000000 1447.000000 1253.000000 1532.000000
735.000000 1612.000000 590.000000 930.000000 684.000000
681.000000 1861.000000 971.000000 1268.000000 1088.000000
638.000000 1578.000000 634.000000 131.000000 476.000000
1004.000000 1848.000000 951.000000 1256.000000 1069.000000
1184.000000 1870.000000 1286.000000 1258.000000 1385.000000
1010.000000 1823.000000 984.000000 1229.000000 1093.000000
798.000000 1864.000000 1090.000000 1263.000000 1210.000000
589.000000 1858.000000 824.000000 1272.000000 953.000000
856.000000 1867.000000 792.000000 1285.000000 925.000000
1016.000000 1877.000000 1129.000000 1275.000000 1244.000000
708.000000 1807.000000 803.000000 1223.000000 925.000000
770.000000 1865.000000 1127.000000 1262.000000 1242.000000
727.000000 1857.000000 791.000000 1273.000000 923.000000
1048.000000 1872.000000 972.000000 1280.000000 1090.000000
1471.000000 1833.000000 951.000000 1242.000000 1065.000000
878.000000 1857.000000 807.000000 1273.000000 938.000000
1140.000000 1845.000000 790.000000 1261.000000 920.000000
1102.000000 1875.000000 1466.000000 1253.000000 1549.000000
991.000000 1924.000000 373.000000 1360.000000 538.000000
658.000000 1817.000000 1259.000000 1206.000000 1356.000000
734.000000 1807.000000 787.000000 1223.000000 910.000000
773.000000 1882.000000 1307.000000 1270.000000 1404.000000
1080.000000 1807.000000 819.000000 1222.000000 940.000000
1427.000000 1833.000000 1422.000000 1213.000000 1504.000000
868.000000 1881.000000 1288.000000 1270.000000 1388.000000
240.000000 2330.000000 532.000000 1874.506104 807.555420
1127.000000 2046.000000 1148.000000 1463.000000 1269.000000
901.000000 1768.000000 380.000000 1226.000000 516.000000
1339.000000 1584.000000 670.000000 922.000000 747.000000
613.000000 1842.000000 1300.000000 1230.000000 1394.000000
951.000000 1829.000000 789.000000 1247.000000 916.000000
1081.000000 1741.000000 401.000000 1191.000000 526.000000
1227.000000 1821.000000 1457.000000 1200.000000 1535.000000
1024.000000 2095.000000 556.000000 1877.000000 683.000000
1143.000000 1948.000000 376.000000 1375.000000 547.000000
1210.000000 1882.000000 1006.000000 1270.000000 1123.000000
597.000000 1825.000000 1068.000000 1225.000000 1183.000000
656.000000 1821.000000 931.000000 1230.000000 1047.000000
716.000000 1841.000000 1318.000000 1229.000000 1409.000000
1003.000000 1835.000000 1478.000000 1212.000000 1554.000000
616.000000 1579.000000 616.000000 134.000000 453.000000
674.000000 1869.000000 825.000000 1285.000000 956.000000
660.000000 1827.000000 1105.000000 1224.000000 1215.000000
673.000000 1849.000000 970.000000 1256.000000 1085.000000
1328.000000 2282.000000 683.000000 1779.000000 910.000000
1070.000000 2056.000000 1105.000000 1480.000000 1320.000000
1296.000000 1862.000000 1445.000000 1239.000000 1530.000000
1052.000000 1688.000000 482.000000 1103.000000 609.000000
648.000000 2040.000000 813.000000 1493.000000 972.000000
1013.000000 1595.000000 617.000000 155.000000 460.000000
644.000000 1838.000000 1125.000000 1236.000000 1234.000000
896.000000 1790.000000 753.000000 1213.000000 876.000000
746.000000 1853.000000 1089.000000 1251.000000 1207.000000
476.000000 2325.000000 553.000000 1870.058228 816.916138
1461.000000 1873.000000 1429.000000 1254.000000 1514.000000
843.000000 1832.000000 933.000000 1243.000000 1050.000000
1260.000000 2031.000000 873.000000 1475.000000 996.000000
1177.000000 1845.000000 822.000000 1260.000000 950.000000
696.000000 1831.000000 1316.000000 1217.000000 1407.000000
1306.000000 1810.000000 930.000000 1219.000000 1045.000000
1317.000000 1849.000000 387.000000 1297.000000 544.000000
1516.000000 1267.000000 992.000000 30.000000 821.000000
865.000000 1870.000000 1323.000000 1256.000000 1417.000000
1135.000000 1867.000000 772.000000 1296.000000 897.000000
628.000000 1833.000000 912.000000 1231.000000 1031.000000
1211.000000 1870.000000 330.000000 1321.000000 503.000000
710.000000 2658.000000 745.000000 63.000000 616.000000
1203.000000 1818.000000 774.000000 1236.000000 897.000000
1075.000000 2036.000000 750.000000 1493.000000 941.000000
760.000000 1856.000000 775.000000 1274.000000 907.000000
765.000000 1871.000000 915.000000 1282.000000 1043.000000
1082.000000 2065.000000 1044.000000 1526.000000 1201.000000
811.000000 1814.000000 1121.000000 1211.000000 1229.000000
1374.000000 2075.000000 1497.000000 1672.000000 1562.000000
1390.000000 2284.000000 715.000000 1780.000000 933.000000
1156.000000 1876.000000 1110.000000 1275.000000 1228.000000
780.000000 2046.000000 1419.000000 1732.000000 1474.000000
1257.000000 1886.000000 1450.000000 1264.000000 1551.000000
1334.000000 2042.000000 1053.000000 1508.000000 1203.000000
889.000000 1700.000000 494.000000 1116.000000 620.000000
1244.000000 1578.000000 597.000000 137.000000 430.000000
1519.000000 1876.000000 1070.000000 1276.000000 1196.000000
501.000000 1795.000000 1046.000000 1195.124023 1156.054077
676.000000 2072.000000 1141.000000 1525.000000 1262.000000
686.000000 1656.000000 571.000000 829.000000 568.000000
983.000000 2058.000000 1145.000000 1481.000000 1267.000000
825.000000 1876.000000 1146.000000 1262.000000 1257.000000

7.000000 1570.531250 1726.662842 1563.422485 733.332703 819.624207 1756.871338 884.925781 813.212891
6.000000 1551.772705 723.388672 1558.456543 1716.677002 875.399841 796.597351 803.425110 1813.339722
0.000000 2898.332520 -8.774045 2099.505127 541.105347 3069.787109 349.216919 1882.903198 671.750366
5.000000 2145.228516 623.224731 2196.239746 1513.166748 1898.160767 746.634460 1920.433472 1780.062500
3.000000 2199.063721 1336.531982 2158.630371 616.930908 1933.513916 1836.588379 1908.914185 733.060303
271.000000 1504.798218 468.522278 1041.786133 834.040710 916.251160 625.475952 824.019470 674.620972
147.000000 1988.306519 1289.929199 1966.730591 790.141113 1412.807495 1329.669922 1419.226440 1189.811523
275.000000 1737.391479 813.196289 1746.538696 1306.607300 1199.408569 999.969116 1194.004395 1103.368408
259.000000 1915.808228 823.248230 1931.851685 1289.936401 1378.940796 1336.706177 1380.796875 1230.013916
41.000000 1753.160278 421.669281 1996.489502 418.058350 1118.848022 607.390869 1328.512207 581.352905
2.000000 1716.047119 581.218750 1503.391724 473.108459 1097.914917 646.567139 1.660237 247.934402
299.000000 2271.866943 933.186523 2288.920898 1150.084839 1740.000000 1173.333374 1740.000000 1270.000000
287.000000 2549.275391 656.740540 2527.515137 443.246857 2148.771729 883.375610 2145.324707 783.264771
220.000000 2262.237061 576.525940 2275.671387 790.062622 1760.000000 846.666687 1760.000000 963.333313
54.000000 1769.984863 458.114258 1983.317505 457.735840 1215.792969 597.523315 1405.643066 634.950500
250.000000 2072.996826 566.135803 1902.605347 674.111267 1406.511841 756.384277 1312.508423 807.909790
163.000000 2075.805908 880.347290 2066.576904 680.311707 1420.839111 1049.961548 1421.740723 913.278870
109.000000 1523.903564 662.816589 1333.150879 634.565430 836.503845 727.185425 683.588928 679.185791
173.000000 2013.321777 726.499268 2022.571045 910.038391 1455.339844 906.818665 1452.039551 1041.321289
65.000000 1018.170776 1336.730835 1025.707764 1159.959106 504.444397 1280.830688 521.890442 1096.533569
261.000000 2049.023438 1240.048584 2040.399048 1066.646851 1461.896606 1323.364258 1463.634644 1216.671631
20.000000 1573.008423 726.197388 1736.880005 744.785767 896.807190 802.855774 1163.890625 881.439453
195.000000 2026.764404 1042.818848 2039.212891 1206.473022 1440.355835 1190.028442 1439.404175 1313.328735
286.000000 2031.207031 903.263855 2021.805298 739.896118 1471.484741 923.252014 1467.082642 1023.351624
11.000000 1964.269287 714.923401 2099.724365 635.194702 1326.016479 880.799744 1886.729736 736.912292
196.000000 806.680481 1386.768066 650.010498 1386.604614 481.584869 1411.755859 361.535858 1388.677490
180.000000 1008.066589 1183.399536 1001.283997 1326.884888 487.486694 1130.075195 475.848022 1256.897461
80.000000 2915.481689 187.018173 2792.565430 259.475952 2780.661377 606.141174 2609.928711 646.364075
205.000000 1900.704590 1736.689941 1899.434814 1593.367920 1270.251953 1803.342041 1274.411255 1683.255249
256.000000 1988.842529 458.597504 2011.157104 599.287781 1408.074829 639.966431 1406.214600 746.716858
225.000000 1733.303955 733.572266 1593.366577 716.396118 800.150635 849.442810 689.243835 819.464233
189.000000 1812.759888 1592.843506 1820.068726 1733.502930 1182.161743 1679.977783 1179.816284 1803.329834
219.000000 1880.273682 396.257355 1742.961182 417.591583 1197.410278 555.408569 1087.223999 594.888672
272.000000 1903.080688 704.397583 1766.254272 719.628540 1307.094604 885.014099 1206.098633 858.859985
222.000000 2643.636475 620.645813 2519.495361 678.925232 2056.921387 911.280090 1943.439087 933.864502
23.000000 1857.381226 384.814606 1987.212646 402.704712 1451.220337 604.803162 1201.674438 546.202820
8.000000 1426.394531 709.101807 1556.262207 723.618103 2.966951 541.250671 875.399841 796.597351
277.000000 1899.665894 670.086060 1776.606201 682.746033 1312.822144 751.835938 1213.125977 724.078308
96.000000 1898.139160 1049.966064 1900.750732 1163.316040 1318.570190 1203.503052 1313.175903 1369.994873
34.000000 1690.022827 1711.101074 1580.000977 1713.380249 1050.011230 1763.678833 830.026062 1770.804443
204.000000 1847.844116 227.869614 1820.124634 331.811127 1285.824585 439.175903 1200.539062 523.852234
209.000000 1887.869263 753.291504 1891.460815 856.615906 1313.867554 933.356995 1308.562012 1053.269653
266.000000 2356.419189 756.138245 2263.225830 799.770569 1870.220215 947.763855 1767.029785 968.475586
210.000000 2601.725098 372.892700 2514.716553 425.608093 2053.543213 774.231567 1937.009399 801.466492
