Keypoint Matches and Line Matches for pairs 16, 17 
16 corresponds to the image ./resources/Data/CastleP30/images/0016.png 
17 corresponds to the image ./resources/Data/CastleP30/images/0017.png 

8.000000 1706.527832 667.165222 1795.933716 772.423218
9.000000 1716.039062 1729.974976 1817.006592 1786.659302
4.000000 1728.567505 1719.981567 1829.877197 1799.929199
5.000000 1718.460205 676.649292 1807.383301 779.910706
10.000000 1559.180420 1699.977417 1660.240967 1780.011719
11.000000 1564.831055 659.990051 1656.435425 773.321594
2.000000 2322.542236 530.049255 2349.912842 613.087769
40.000000 632.486511 786.080505 835.590210 929.515320
43.000000 640.860229 803.399109 843.929260 943.369690
12.000000 2384.861084 1306.369751 2421.365479 1383.230835
13.000000 2337.038574 523.514221 2362.845947 603.620117
18.000000 1274.964722 823.266296 1430.774292 936.606812
15.000000 1257.896973 833.514465 1418.063721 943.446533
16.000000 1247.676636 846.573608 1408.584839 956.632446
110.000000 2416.942871 1727.573364 2457.139160 1805.898926
71.000000 2660.678955 486.600647 2606.720703 563.327515
51.000000 2316.554688 1220.007202 2366.993896 1296.642700
34.000000 2357.218262 599.743225 2381.335449 679.894714
1187.000000 2396.887207 1199.985474 2429.000000 1279.000000
36.000000 2436.893799 1189.984131 2458.530029 1266.789307
37.000000 2395.261230 593.198853 2409.263184 676.449951
46.000000 639.876404 798.252869 849.885254 936.734497
47.000000 1230.445923 844.278809 1396.828979 955.188904
1523.000000 2149.438965 726.693970 2227.000000 801.000000
31.000000 2562.916992 1807.317139 2435.260010 1892.412964
52.000000 2201.353760 1253.432373 2273.520752 1335.779419
62.000000 1908.677246 776.624634 2001.114746 866.626465
63.000000 1919.131104 1276.615112 2018.777832 1356.590576
60.000000 2092.965576 760.014221 2169.962891 846.488831
61.000000 2112.146973 1256.712524 2196.405029 1336.680786
58.000000 1945.826050 1266.687256 2038.284302 1350.065918
84.000000 1550.789062 1153.342163 1646.721436 1253.333374
87.000000 2868.785156 286.425629 2758.163086 363.150482
88.000000 2907.902100 630.238708 2798.934326 696.796875
85.000000 392.992401 547.013245 566.397949 727.036682
86.000000 636.634827 786.699036 840.444397 926.054688
107.000000 1472.760620 574.830811 1557.871216 694.406494
495.000000 1215.211792 784.886719 1373.433350 905.629456
268.000000 2478.736328 392.733185 2466.357666 473.347565
67.000000 2749.729736 1717.902466 2616.383789 1798.394043
204.000000 1553.000122 1553.332275 1653.584839 1636.663940
408.000000 2749.046875 187.737625 2655.876953 272.542603
68.000000 2763.218994 1738.530640 2626.494873 1819.386719
103.000000 3002.265137 66.113708 2853.503662 141.490417
104.000000 3032.290039 370.103058 2885.345215 440.140656
446.000000 2593.947998 1317.144531 2584.418213 1396.741699
135.000000 1926.649902 1541.205322 2029.973022 1621.052368
188.000000 2559.279785 820.052002 2540.554199 896.914551
109.000000 2973.292480 1763.783813 2740.172363 1838.504272
25.000000 151.063568 245.559860 402.828308 461.076782
124.000000 2727.976318 549.877808 2660.448486 623.286316
137.000000 378.828003 1373.897949 574.640869 1480.415405
138.000000 352.109955 1633.892700 553.442078 1717.273071
125.000000 2495.063965 1339.867188 2507.577881 1409.918945
126.000000 2515.014893 1599.870972 2530.723389 1669.935547
360.000000 2616.668213 1653.881470 2606.699707 1731.902832
153.000000 1283.406250 725.592896 1426.726318 836.628357
154.000000 1026.565918 708.150696 1206.736328 832.733826
147.000000 48.472725 923.053223 276.312408 1080.382690
148.000000 11.923909 1177.399536 247.178513 1307.160645
575.000000 2684.207520 276.572601 2617.239746 353.270477
149.000000 188.889679 1183.208252 396.927734 1310.027466
150.000000 217.077759 933.004089 420.177887 1085.121582
145.000000 1686.460327 409.764435 1822.894287 514.535645
133.000000 2220.083984 1357.554565 2296.763916 1436.929565
134.000000 1969.984009 1362.526123 2053.338135 1443.506836
101.000000 2679.636230 156.211456 2603.516113 230.165344
151.000000 418.168213 980.535706 608.170898 1120.502686
152.000000 391.576416 1220.543945 585.304993 1340.551270
139.000000 2743.375000 539.633057 2675.532471 609.739746
140.000000 2717.314941 299.929535 2648.322021 379.804108
155.000000 889.894592 691.699585 1076.649048 824.586182
156.000000 653.311218 677.022827 856.692749 821.483337
80.000000 239.990479 1732.933716 436.678162 1808.470947
167.000000 95.905991 549.561035 316.353882 747.033936
168.000000 64.827667 783.963501 290.803528 957.169678
175.000000 234.242874 796.760498 434.968475 960.154724
176.000000 257.996307 566.460022 454.553894 753.133423
1120.000000 2845.670166 1032.789673 2686.000000 1107.000000
186.000000 427.909515 1385.771851 628.172119 1489.232910
303.000000 2501.491455 1123.483032 2509.943848 1196.672363
143.000000 2441.953369 473.201904 2442.161621 553.181702
144.000000 2457.433350 703.281738 2458.294678 783.219177
173.000000 145.251038 1580.216187 360.875397 1670.088379
174.000000 170.860565 1353.054565 380.853027 1463.257324
1524.000000 519.524109 1403.630737 724.000000 1502.000000
117.000000 2510.629395 1353.115234 2521.073975 1429.669312
159.000000 1936.306641 379.680237 2009.975220 479.791748
160.000000 2156.751953 368.320679 2225.178467 454.168457
266.000000 1687.614136 417.979309 1824.683716 520.281982
550.000000 3013.787598 343.277191 2869.891846 416.679230
181.000000 451.792572 627.195557 635.893188 797.227478
519.000000 429.426025 843.961975 628.746338 990.208679
197.000000 2247.424072 470.960083 2285.262695 545.793884
198.000000 2077.808105 604.779968 2155.510010 691.932556
253.000000 2731.116699 736.201538 2669.006348 810.110840
131.000000 2471.353760 879.682495 2476.679443 956.411560
341.000000 2470.228271 696.648193 2472.514160 769.765442
199.000000 449.181671 1223.275879 647.387146 1339.854492
200.000000 463.982758 1012.676147 658.171875 1146.193604
189.000000 548.969849 1060.213623 751.702332 1183.730103
190.000000 529.486084 1270.261475 736.220032 1380.227417
216.000000 106.396011 1657.030029 328.248169 1736.838623
217.000000 130.991623 1449.722168 348.261414 1552.781860
183.000000 2257.003662 1623.315918 2337.764893 1700.153076
184.000000 2246.335205 1416.683716 2323.597656 1493.315186
423.000000 1489.888916 630.975647 1583.228760 748.615845
193.000000 1958.896362 245.852936 2038.465820 345.629028
194.000000 1839.456421 407.847900 1928.642700 508.003174
228.000000 478.200653 873.181641 670.265076 1016.685120
229.000000 494.801361 676.228455 682.814697 836.167114
201.000000 2194.294922 653.279907 2259.739502 736.457947
202.000000 2205.224121 849.894897 2272.872803 929.804871
214.000000 1691.219482 406.683441 1830.390625 509.992645
215.000000 1693.878540 213.340836 1826.877686 323.329376
205.000000 1687.022949 213.335052 1823.333374 323.333344
237.000000 2128.598145 237.817947 2203.872803 320.007660
297.000000 952.799133 645.787537 1131.684692 780.976013
288.000000 814.517700 777.748108 1005.656738 912.114929
210.000000 574.146118 743.739136 771.728943 890.473206
211.000000 555.567444 933.552002 754.315430 1076.758423
232.000000 646.669922 1106.666992 856.770691 1223.340698
233.000000 630.707764 1296.445801 844.299133 1400.302979
206.000000 1926.653564 1707.520264 2030.007324 1786.045044
207.000000 1736.698242 1704.605957 1840.033447 1783.815430
329.000000 2383.513428 1727.364624 2426.702881 1806.261475
330.000000 2196.581055 1714.586304 2289.938965 1794.016113
300.000000 584.442932 1083.000732 790.887024 1203.107056
294.000000 3029.672363 176.293137 2882.921875 249.642075
257.000000 1091.650391 781.777344 1261.385620 902.045593
258.000000 965.490662 647.966064 1145.932373 777.819824
247.000000 978.185425 1306.584229 1164.453125 1403.368042
248.000000 986.518005 1123.175171 1169.825928 1229.891357
224.000000 1726.407471 669.755859 1813.264648 772.455933
225.000000 1906.815308 684.895752 1996.734131 777.590820
255.000000 2215.100586 843.220276 2282.666504 916.719116
256.000000 2203.588135 663.317017 2269.294678 746.722168
249.000000 1194.242432 1313.369141 1369.897339 1406.664673
250.000000 1201.345093 1133.254883 1373.164917 1233.267334
1162.000000 2629.976807 1605.338745 2630.000000 1683.000000
555.000000 2956.126709 403.392700 2828.660889 479.776215
259.000000 670.773132 816.738708 875.506165 953.240295
260.000000 655.498291 993.099854 862.103821 1120.435791
283.000000 596.256958 956.406982 800.876099 1083.573486
284.000000 608.517517 779.665955 810.029663 923.144836
271.000000 776.688416 1000.001404 974.259644 1119.880371
272.000000 788.151794 823.213501 981.143066 955.894653
275.000000 871.343628 1116.751343 1062.588135 1226.799316
276.000000 860.200684 1293.556030 1054.223145 1390.045654
1446.000000 2623.196289 1511.031494 2621.000000 1587.000000
179.000000 2216.141113 999.888428 2282.492188 1069.255127
240.000000 1084.695557 798.658325 1257.220825 919.418762
241.000000 960.615662 672.676636 1130.945557 799.008423
1420.000000 2616.434814 1417.998901 2612.000000 1493.000000
234.000000 756.737183 1286.868896 958.588562 1399.934448
235.000000 766.750488 1111.966064 966.793884 1223.184448
242.000000 2543.169434 1623.346436 2558.226318 1700.168457
243.000000 2529.293945 1450.056519 2541.738525 1526.501587
269.000000 889.113892 832.935669 1075.115479 960.091858
270.000000 878.806519 1006.469360 1066.690186 1123.506348
273.000000 994.406555 1016.719177 1176.819580 1126.671387
274.000000 1002.889099 843.311584 1180.897583 962.269348
279.000000 1100.323242 850.016479 1273.312134 966.666016
280.000000 1091.627441 1020.253418 1268.101074 1129.939331
244.000000 1087.763794 1130.056274 1266.025879 1233.304688
245.000000 1079.040527 1300.121704 1258.262695 1406.887085
317.000000 186.686279 1179.546143 393.325165 1307.058960
318.000000 16.571815 1172.194946 249.984573 1304.074585
295.000000 2100.014648 1702.785645 2190.089355 1780.776855
296.000000 2270.071777 1707.296509 2346.797607 1786.259155
263.000000 1205.233154 1026.625977 1376.052124 1133.373047
264.000000 1210.061157 856.668396 1378.486938 966.644592
1131.000000 2609.862305 1325.852661 2604.000000 1401.000000
324.000000 16.682766 1189.610107 249.999298 1320.046021
325.000000 183.477982 1196.496460 390.017670 1322.167358
335.000000 66.952286 792.992065 293.408722 964.598145
336.000000 230.334885 805.691589 430.136749 969.582092
171.000000 3.191307 1348.173828 232.188232 1460.635254
291.000000 2781.583496 346.861847 2699.505127 420.060699
292.000000 2799.416016 506.731812 2718.734619 576.821899
346.000000 230.064423 792.420715 430.069824 957.065125
347.000000 69.921303 781.114685 296.653381 953.891418
356.000000 253.426376 562.242065 450.030640 748.979736
313.000000 979.986084 1366.350586 1170.118164 1462.618530
314.000000 823.319702 1366.562256 1023.469238 1461.002075
331.000000 2076.652588 1346.433716 2160.034180 1427.133667
332.000000 1923.072754 1355.663696 2023.126709 1437.185303
368.000000 3.358766 1359.016357 243.305679 1472.183716
369.000000 156.675781 1362.980713 369.994232 1473.788452
301.000000 2080.515381 1736.690552 2171.688965 1816.687012
302.000000 2079.216797 1583.339966 2169.792236 1663.335938
431.000000 426.128143 510.527618 596.350220 693.754150
305.000000 2388.639404 1566.745850 2428.909180 1646.746948
306.000000 2397.535156 1719.561401 2439.961182 1796.914795
372.000000 2840.441406 490.778931 2743.893311 564.053650
373.000000 2708.064941 565.800720 2644.411377 641.386780
366.000000 1903.340942 673.251038 1993.345093 766.293457
277.000000 1706.576904 1714.765137 1810.035522 1786.287842
311.000000 1987.003662 1582.770752 2084.817383 1663.048828
312.000000 1995.031982 1730.270386 2089.954590 1810.234253
1401.000000 2536.705566 1106.944946 2538.000000 1181.000000
400.000000 2419.947754 1717.531616 2463.060791 1796.622559
401.000000 2566.682861 1726.399536 2576.718750 1806.036987
319.000000 1184.020752 1160.029175 1358.138306 1259.954224
320.000000 1177.800415 1306.714722 1354.690063 1400.033447
386.000000 2716.483398 573.360779 2652.989502 648.312622
387.000000 2845.886230 504.819702 2747.533936 579.068787
378.000000 60.038391 932.750427 286.698944 1089.020752
379.000000 203.408463 942.192627 406.678497 1092.974365
354.000000 672.754211 986.620789 879.675232 1109.977539
355.000000 684.101440 843.394165 888.670166 979.908020
321.000000 2027.281128 296.843018 2100.099121 392.704681
322.000000 2170.279297 310.382233 2240.094971 396.210754
370.000000 3.299140 1431.969849 233.334167 1536.489746
371.000000 146.647141 1434.458130 359.998016 1537.085327
434.000000 1936.068726 656.005859 2026.723999 746.950195
105.000000 2190.732422 323.890717 2266.412598 397.600586
405.000000 2964.064697 726.584717 2846.311523 790.414001
333.000000 2503.386719 676.662231 2498.044678 753.198425
334.000000 2491.688477 536.804260 2484.698486 616.859314
459.000000 1363.021240 682.946533 1486.865234 796.844971
460.000000 1469.983398 596.646118 1556.229614 719.607483
352.000000 2500.869629 533.255859 2493.099854 616.689880
353.000000 2513.025635 669.730469 2506.045654 746.728455
343.000000 1194.458740 879.905518 1364.686890 989.939758
344.000000 1188.602295 1016.749512 1360.627930 1123.352417
410.000000 2693.553223 276.968842 2623.234375 356.565735
411.000000 2803.530762 196.937973 2704.008545 277.355225
382.000000 43.218548 1166.652100 274.515198 1296.805420
383.000000 60.171116 1033.355103 288.252747 1179.794922
345.000000 1573.076782 656.398010 1663.213257 767.906006
384.000000 101.653915 1163.135986 323.806458 1293.010986
385.000000 116.945015 1032.974487 336.958740 1176.323853
362.000000 2073.098389 598.347290 2149.791992 685.604492
363.000000 1943.350708 616.789062 2023.401733 710.349304
358.000000 2213.385254 1346.403687 2296.715332 1425.349487
359.000000 2083.309570 1348.598999 2166.630127 1428.489136
402.000000 92.514313 381.016327 326.132416 590.611572
403.000000 4.542040 285.552795 240.405731 515.719971
463.000000 2739.613037 742.495361 2676.656006 816.649841
464.000000 2857.346680 688.139771 2764.027588 761.091858
396.000000 94.757179 776.842224 317.612671 946.773621
397.000000 110.392418 650.048401 330.430176 833.381958
435.000000 149.758926 779.971191 364.662445 943.480225
436.000000 164.921249 653.124695 376.469910 836.644897
414.000000 177.454071 653.816650 387.426941 836.750610
415.000000 162.618607 780.307129 375.267883 946.880249
374.000000 2280.443604 1187.008789 2342.850586 1266.701904
375.000000 2273.470947 1060.175659 2333.844971 1143.296021
398.000000 130.045197 1036.671875 348.187073 1176.835449
399.000000 115.666931 1160.271484 335.599213 1290.251465
426.000000 1659.845337 581.589233 1773.348511 692.659302
427.000000 1783.307007 593.603882 1883.367798 695.128357
220.000000 2235.811035 1200.047852 2309.370850 1276.711060
580.000000 2254.172852 1070.147217 2320.655273 1149.952393
315.000000 2416.677734 1649.547729 2456.641113 1728.173218
449.000000 2073.914062 999.982605 2153.416748 1083.329712
529.000000 236.485107 578.897034 433.276001 765.273071
530.000000 116.466415 569.126587 336.595276 762.415039
1341.000000 2879.369141 770.462036 2788.000000 841.000000
511.000000 1059.367554 793.985901 1229.284180 910.782349
512.000000 973.031494 710.311462 1156.163086 843.883789
493.000000 189.901184 948.204773 396.703766 1098.934204
494.000000 69.967896 940.499695 296.592987 1095.450562
406.000000 2067.633545 833.293396 2145.051758 919.914551
407.000000 2072.592041 953.363953 2150.690186 1033.299072
531.000000 139.931961 1372.066772 353.308563 1481.340576
532.000000 19.952251 1368.117188 256.613312 1479.554321
447.000000 633.442261 1303.671997 846.739807 1407.145386
448.000000 753.404785 1308.035767 953.421875 1409.879395
439.000000 444.005341 1100.065430 640.247070 1226.688965
440.000000 432.650604 1216.600098 630.596008 1333.387207
479.000000 773.377136 999.246582 970.018494 1118.984985
461.000000 656.780029 1004.572571 866.540588 1127.780762
462.000000 773.465698 1010.887695 970.074219 1130.716431
470.000000 649.758484 1104.472534 859.882507 1221.230957
425.000000 2232.043213 713.413086 2293.264648 796.671875
393.000000 2240.614746 1516.647217 2321.147217 1583.217041
483.000000 753.347473 1296.260864 953.357239 1398.318604
484.000000 636.705994 1292.203369 849.997437 1396.848145
540.000000 2796.052490 213.734558 2699.457764 292.768463
123.000000 2701.747314 282.399933 2632.274414 362.194336
97.000000 2784.186035 1273.244141 2730.144775 1353.317261
424.000000 2246.678955 823.332581 2301.566650 906.548279
539.000000 126.705635 1447.770996 346.649933 1549.678467
212.000000 13.290416 1445.788208 248.885895 1549.796875
1555.000000 2513.335938 1630.112671 2528.000000 1709.000000
561.000000 116.916954 579.216248 336.673401 771.228088
562.000000 230.034882 586.092834 430.005768 771.526550
569.000000 1252.710205 1607.418579 1071.943481 1694.630249
570.000000 1165.927002 1535.493408 1009.545410 1627.759644
567.000000 2540.904297 661.604004 2521.929688 739.243042
568.000000 2443.307129 716.620178 2447.759521 794.792603
455.000000 1949.972900 659.817749 2029.861572 752.661011
456.000000 2060.014893 643.434143 2133.600830 731.299500
1324.000000 2963.453857 39.983715 2822.000000 120.000000
466.000000 457.146759 860.047119 655.656372 1009.918213
465.000000 467.965271 749.800354 664.013123 906.721741
502.000000 673.226074 814.618286 879.976196 950.510681
467.000000 863.143616 1311.657104 1056.650513 1410.591187
468.000000 973.491028 1315.852417 1160.088745 1413.417725
477.000000 880.017700 1016.389587 1070.018433 1132.383667
478.000000 990.206848 1023.427917 1173.377563 1134.386841
309.000000 2750.708496 748.202881 2687.965088 826.207458
443.000000 1380.495728 889.911926 1507.335205 996.621094
444.000000 1377.074219 1000.116150 1505.508789 1103.370605
473.000000 990.029785 1012.838806 1173.268066 1125.222412
485.000000 973.404907 1304.796631 1160.015137 1401.992065
486.000000 863.311035 1300.581665 1056.657349 1400.829956
420.000000 2062.158447 686.591736 2136.817627 773.324890
421.000000 2065.980469 796.690491 2142.965088 883.353882
783.000000 130.051682 1424.985718 351.000000 1529.000000
497.000000 1080.095825 1319.665649 1263.323608 1414.272583
498.000000 1190.107788 1322.538330 1363.381958 1415.310303
716.000000 2578.002686 1120.272949 2565.000000 1197.000000
499.000000 1093.524536 1030.284302 1270.054688 1138.019287
500.000000 1200.189819 1036.973877 1370.070435 1140.780029
503.000000 983.253052 1121.613037 1166.654419 1227.548340
504.000000 876.518982 1116.301514 1066.627441 1226.159668
475.000000 1196.569458 1132.152100 1369.945923 1232.352905
476.000000 1089.819458 1127.330933 1266.590576 1229.979492
505.000000 1190.055176 1311.714111 1363.351074 1404.640869
506.000000 1083.285400 1308.072021 1263.329590 1403.767334
543.000000 2024.505005 134.400253 2107.792969 230.211655
525.000000 803.337830 759.947510 993.316895 893.956055
526.000000 699.623047 751.071289 896.541687 891.400818
489.000000 2659.751465 726.690735 2614.126221 803.244751
490.000000 2649.746094 623.357910 2602.969238 703.374023
481.000000 1200.083374 1025.240234 1373.347412 1129.124512
482.000000 1096.519165 1019.191040 1269.987305 1127.456665
491.000000 2106.653809 1296.380615 2189.962402 1375.936035
492.000000 2210.227295 1291.747437 2290.211426 1370.763184
535.000000 1206.597290 854.388367 1373.346924 965.353882
536.000000 1103.272583 847.589844 1276.656128 964.350647
367.000000 1780.088501 655.632263 1866.699463 762.293213
641.000000 1157.000000 1228.000000 1334.000000 1325.000000
633.000000 720.000000 1234.000000 926.000000 1340.000000
1445.000000 1118.000000 1170.000000 1296.000000 1271.000000
608.000000 903.000000 1161.000000 1093.000000 1267.000000
745.000000 747.000000 862.000000 946.000000 992.000000
1038.000000 383.000000 1444.000000 583.000000 1543.000000
711.000000 1935.000000 297.000000 2011.000000 398.000000
621.000000 1116.000000 1226.000000 1294.000000 1324.000000
645.000000 2009.000000 1439.000000 2101.000000 1520.000000
724.000000 1743.000000 556.000000 1843.000000 659.000000
614.000000 2005.000000 1268.000000 2094.000000 1350.000000
835.000000 741.000000 940.000000 942.000000 1064.000000
673.000000 2010.000000 1460.000000 2102.000000 1540.000000
637.000000 131.000000 712.000000 348.000000 889.000000
45.000000 2700.000000 1747.000000 2522.547852 1846.619141
1048.000000 942.000000 1244.000000 1130.000000 1344.000000
1208.000000 975.000000 531.000000 1166.000000 668.000000
873.000000 2039.000000 1445.000000 2130.000000 1525.000000
653.000000 2553.000000 1487.000000 2562.000000 1564.000000
663.000000 1166.000000 991.000000 1339.000000 1097.000000
980.000000 169.000000 1679.000000 381.000000 1758.000000
592.000000 2054.000000 1468.000000 2144.000000 1548.000000
634.000000 1126.000000 988.000000 1300.000000 1096.000000
817.000000 743.000000 916.000000 943.000000 1042.000000
624.000000 963.000000 878.000000 1145.000000 998.000000
823.000000 898.000000 1242.000000 1090.000000 1344.000000
1192.000000 973.000000 638.000000 1160.000000 771.000000
588.000000 682.000000 1149.000000 890.000000 1262.000000
865.000000 903.000000 874.000000 1090.000000 996.000000
591.000000 722.000000 1209.000000 927.000000 1317.000000
662.000000 964.000000 1163.000000 1150.000000 1268.000000
603.000000 1128.000000 942.000000 1302.000000 1052.000000
1408.000000 940.000000 1268.000000 1129.000000 1368.000000
697.000000 2031.000000 746.000000 2111.000000 834.000000
654.000000 2003.000000 1228.000000 2092.000000 1310.000000
727.000000 2000.000000 1063.000000 2086.000000 1147.000000
1379.000000 2541.000000 144.000000 2535.000000 221.000000
1201.000000 2263.000000 1435.000000 2327.000000 1514.000000
805.000000 939.000000 1292.000000 1128.000000 1390.000000
717.000000 1111.000000 941.000000 1285.000000 1052.000000
613.000000 958.000000 954.000000 1142.000000 1070.000000
595.000000 917.000000 928.000000 1104.000000 1047.000000
864.000000 2027.000000 1046.000000 2111.000000 1129.000000
1113.000000 1991.000000 762.000000 2073.000000 850.000000
1055.000000 628.000000 552.000000 828.000000 710.000000
623.000000 135.000000 681.000000 351.000000 861.000000
1034.000000 976.000000 955.000000 1159.000000 1071.000000
1092.000000 885.000000 1160.000000 1076.000000 1267.000000
609.000000 921.000000 875.000000 1106.000000 997.000000
605.000000 961.000000 1220.000000 1148.000000 1322.000000
700.000000 442.000000 1053.000000 638.000000 1183.000000
704.000000 2033.000000 1253.000000 2120.000000 1334.000000
1390.000000 1994.000000 898.000000 2078.000000 985.000000
686.000000 980.000000 879.000000 1162.000000 998.000000
855.000000 1156.000000 1252.000000 1334.000000 1348.000000
951.000000 2482.000000 1269.000000 2495.000000 1346.000000
596.000000 1130.000000 890.000000 1303.000000 1002.000000
979.000000 1165.000000 1013.000000 1339.000000 1119.000000
732.000000 642.000000 549.000000 848.000000 707.000000
1045.000000 2843.000000 522.000000 2747.000000 596.000000
1276.000000 909.000000 1323.000000 1099.000000 1421.000000
1205.000000 2022.000000 1442.000000 2114.000000 1523.000000
712.000000 228.000000 618.000000 430.000000 800.000000
695.000000 375.000000 1528.000000 576.000000 1619.000000
1138.000000 96.000000 985.000000 319.000000 1135.000000
838.000000 2047.000000 1275.000000 2134.000000 1356.000000
831.000000 2030.000000 729.000000 2110.000000 817.000000
639.000000 960.000000 1244.000000 1147.000000 1345.000000
598.000000 1743.000000 576.000000 1844.000000 678.000000
1229.000000 699.000000 913.000000 903.000000 1041.000000
625.000000 78.000000 1128.000000 304.000000 1263.000000
1288.000000 2765.000000 572.000000 2688.000000 647.000000
683.000000 1115.000000 1250.000000 1293.000000 1347.000000
649.000000 1974.000000 706.000000 2055.000000 796.000000
615.000000 1101.000000 1169.000000 1279.000000 1270.000000
764.000000 2859.000000 681.000000 2764.000000 754.000000
930.000000 2053.000000 1068.000000 2136.000000 1151.000000
1112.000000 2051.000000 1407.000000 2141.000000 1488.000000
1203.000000 2546.000000 1394.000000 2554.000000 1470.000000
682.000000 1759.000000 557.000000 1861.000000 659.000000
617.000000 943.000000 1219.000000 1131.000000 1321.000000
854.000000 2018.000000 745.000000 2098.000000 833.000000
771.000000 913.000000 998.000000 1100.000000 1112.000000
1037.000000 2453.000000 662.000000 2454.000000 741.000000
659.000000 2885.000000 1604.000000 2823.000000 1681.000000
1391.000000 691.000000 761.000000 889.000000 902.000000
1216.000000 2480.000000 579.000000 2477.000000 658.000000
559.000000 102.000000 556.000000 326.666656 756.666687
795.000000 1119.000000 1146.000000 1296.000000 1248.000000
690.000000 2009.000000 1419.000000 2100.000000 1499.000000
1147.000000 1096.000000 1274.000000 1275.000000 1370.000000
1115.000000 695.000000 961.000000 901.000000 1086.000000
738.000000 1175.000000 1229.000000 1351.000000 1325.000000
696.000000 946.000000 1163.000000 1133.000000 1267.000000
1133.000000 2016.000000 1230.000000 2104.000000 1312.000000
627.000000 718.000000 1259.000000 924.000000 1364.000000
1180.000000 2059.000000 1277.000000 2145.000000 1358.000000
1093.000000 3033.000000 452.000000 2885.000000 524.000000
759.000000 2785.000000 1042.000000 2636.000000 1122.000000
619.000000 683.000000 1125.000000 891.000000 1239.000000
709.000000 855.000000 1129.000000 1047.000000 1239.000000
880.000000 947.000000 1138.000000 1134.000000 1245.000000
626.000000 2560.000000 1568.000000 2570.000000 1645.000000
1374.000000 879.000000 1266.000000 1071.000000 1367.000000
1126.000000 2047.000000 902.000000 2128.000000 987.000000
786.000000 950.000000 473.000000 1139.000000 615.000000
822.000000 1981.000000 897.000000 2066.000000 984.000000
661.000000 916.000000 951.000000 1103.000000 1069.000000
939.000000 672.000000 1282.000000 882.000000 1386.000000
977.000000 2040.000000 1047.000000 2124.000000 1130.000000
963.000000 2033.000000 1273.000000 2121.000000 1354.000000
1272.000000 2055.000000 1488.000000 2145.000000 1568.000000
991.000000 86.000000 1062.000000 311.000000 1203.000000
907.000000 1990.000000 744.000000 2072.000000 833.000000
628.000000 2053.000000 1448.000000 2143.000000 1527.000000
1026.000000 2002.000000 745.000000 2083.000000 833.000000
1278.000000 2514.000000 1036.000000 2518.000000 1112.000000
593.000000 957.000000 978.000000 1141.000000 1092.000000
723.000000 2878.000000 987.000000 2754.000000 1042.000000
705.000000 2065.000000 1450.000000 2155.000000 1530.000000
785.000000 2035.000000 901.000000 2117.000000 986.000000
1520.000000 1907.000000 334.000000 1990.000000 434.000000
1107.000000 1915.000000 609.000000 2002.000000 704.000000
1234.000000 975.000000 978.000000 1158.000000 1092.000000
881.000000 969.000000 1444.000000 1151.000000 1542.000000
1483.000000 2184.000000 341.000000 2256.000000 425.000000
679.000000 212.000000 749.000000 417.000000 919.000000
842.000000 466.000000 776.000000 657.000000 929.000000
1019.000000 431.000000 1182.000000 628.000000 1301.000000
1458.000000 2760.000000 585.000000 2685.000000 660.000000
965.000000 2547.000000 1166.000000 2542.000000 1242.000000
703.000000 216.000000 719.000000 420.000000 891.000000
988.000000 898.000000 950.000000 1086.000000 1068.000000
900.000000 1991.000000 1246.000000 2080.000000 1328.000000
947.000000 831.000000 1128.000000 1025.000000 1238.000000
765.000000 2053.000000 1088.000000 2136.000000 1170.000000
636.000000 914.000000 975.000000 1102.000000 1091.000000
590.000000 158.000000 989.000000 371.000000 1136.000000
671.000000 716.000000 1283.000000 923.000000 1386.000000
915.000000 1023.000000 1120.000000 1205.000000 1225.000000
1021.000000 2043.000000 747.000000 2122.000000 834.000000
1257.000000 739.000000 1235.000000 942.000000 1341.000000
921.000000 1170.000000 893.000000 1342.000000 1004.000000
1215.000000 1995.000000 917.000000 2079.000000 1003.000000
656.000000 2006.000000 899.000000 2090.000000 985.000000
579.000000 2248.000000 1164.000000 2327.192383 1239.961792
1493.000000 2854.000000 713.000000 2763.000000 789.000000
903.000000 3054.000000 446.000000 2902.000000 517.000000
1247.000000 1012.000000 1119.000000 1194.000000 1224.000000
813.000000 1177.000000 1173.000000 1352.000000 1272.000000
972.000000 654.000000 1257.000000 865.000000 1363.000000
955.000000 685.000000 858.000000 890.000000 990.000000
1461.000000 1999.000000 1024.000000 2084.000000 1109.000000
1064.000000 411.000000 1464.000000 612.000000 1561.000000
737.000000 2004.000000 1248.000000 2093.000000 1330.000000
1017.000000 2932.000000 169.000000 2802.000000 245.000000
1013.000000 381.000000 1460.000000 582.000000 1558.000000
956.000000 2012.000000 1064.000000 2098.000000 1148.000000
1492.000000 94.000000 1634.000000 318.000000 1717.000000
905.000000 2008.000000 1400.000000 2099.000000 1481.000000
672.000000 1160.000000 1148.000000 1335.000000 1248.000000
1497.000000 2505.000000 913.000000 2507.000000 990.000000
912.000000 2005.000000 1288.000000 2095.000000 1369.000000
908.000000 2556.000000 1527.000000 2566.000000 1604.000000
887.000000 204.000000 616.000000 409.000000 800.000000
954.000000 1990.000000 727.000000 2071.000000 816.000000
1035.000000 2063.000000 1410.000000 2152.000000 1490.000000
978.000000 840.000000 1601.000000 718.000000 1686.000000
1054.000000 2032.000000 1232.000000 2119.000000 1314.000000
1204.000000 1186.000000 946.000000 1357.000000 1054.000000
677.000000 192.000000 717.000000 399.000000 890.000000
719.000000 739.000000 964.000000 940.000000 1086.000000
744.000000 2483.000000 614.000000 2481.000000 691.000000
807.000000 195.000000 686.000000 402.000000 862.000000
1504.000000 2035.000000 882.000000 2116.000000 967.000000
1318.000000 1991.000000 1266.000000 2081.000000 1348.000000
1031.000000 2550.000000 1449.000000 2558.000000 1526.000000
1217.000000 1110.000000 964.000000 1284.000000 1074.000000
1088.000000 1977.000000 727.000000 2059.000000 816.000000
701.000000 166.000000 1132.000000 378.000000 1264.000000
877.000000 237.000000 1717.000000 439.000000 1793.000000
997.000000 2518.000000 1074.000000 2521.000000 1149.000000
1538.000000 2006.000000 918.000000 2090.000000 1003.000000
1508.000000 2817.000000 363.000000 2719.000000 445.000000
1441.000000 1088.000000 1438.000000 953.000000 1539.000000
973.000000 2486.000000 1321.000000 2500.000000 1397.000000
1016.000000 949.000000 486.000000 1139.000000 627.000000
927.000000 2040.000000 1067.000000 2125.000000 1150.000000
752.000000 149.000000 1065.000000 363.000000 1204.000000
1198.000000 2128.000000 284.000000 2201.000000 372.000000
755.000000 1125.000000 1010.000000 1300.000000 1117.000000
602.000000 188.000000 747.000000 396.000000 918.000000
741.000000 174.000000 1066.000000 385.000000 1205.000000
620.000000 1159.000000 1172.000000 1335.000000 1271.000000
884.000000 2016.000000 1250.000000 2105.000000 1331.000000
985.000000 1114.000000 1274.000000 1293.000000 1370.000000
1226.000000 1717.000000 624.000000 1799.000000 729.000000
935.000000 162.000000 956.000000 374.000000 1106.000000
845.000000 2759.000000 443.000000 2685.000000 519.000000
901.000000 1531.000000 909.000000 1627.000000 1013.000000
816.000000 1167.000000 968.000000 1340.000000 1075.000000
1099.000000 737.000000 987.000000 939.000000 1108.000000
863.000000 2058.000000 1257.000000 2145.000000 1338.000000
1097.000000 2028.000000 1085.000000 2113.000000 1168.000000
827.000000 1098.000000 1225.000000 1277.000000 1324.000000
1404.000000 2017.000000 1270.000000 2105.000000 1352.000000
769.000000 127.000000 743.000000 345.000000 917.000000
971.000000 1188.000000 894.000000 1359.000000 1004.000000
943.000000 170.000000 1099.000000 381.000000 1234.000000
648.000000 900.000000 1218.000000 1091.000000 1321.000000
1227.000000 1022.000000 1137.000000 1203.000000 1242.000000
1331.000000 2236.000000 1331.000000 2310.000000 1409.000000
1023.000000 831.000000 1111.000000 1026.000000 1223.000000
843.000000 2708.000000 596.000000 2646.000000 671.000000
934.000000 2091.000000 1520.000000 2179.000000 1599.000000
853.000000 2509.000000 964.000000 2511.000000 1041.000000
1095.000000 1955.000000 1170.000000 2044.000000 1253.000000
982.000000 2755.000000 403.000000 2680.000000 480.000000
454.000000 362.000000 1615.000000 556.784119 1702.558105
713.000000 402.000000 1563.000000 604.000000 1652.000000
824.000000 583.000000 897.000000 787.000000 1032.000000
1194.000000 678.000000 936.000000 884.000000 1063.000000
960.000000 1109.000000 987.000000 1284.000000 1096.000000
644.000000 737.000000 1259.000000 941.000000 1364.000000
1101.000000 2006.000000 880.000000 2089.000000 966.000000
870.000000 2022.000000 900.000000 2105.000000 985.000000
1405.000000 2207.000000 684.000000 2273.000000 766.000000
814.000000 758.000000 965.000000 957.000000 1087.000000
730.000000 697.000000 937.000000 902.000000 1063.000000
509.000000 1360.000000 994.000000 1518.839233 1096.656250
1025.000000 1536.000000 1398.000000 1636.000000 1486.000000
1002.000000 2046.000000 1255.000000 2133.000000 1336.000000
966.000000 1185.000000 969.000000 1357.000000 1076.000000
754.000000 1737.000000 627.000000 1819.000000 731.000000
992.000000 380.000000 1478.000000 580.000000 1574.000000
1061.000000 3045.000000 941.000000 2847.000000 1013.000000
597.000000 741.000000 1210.000000 944.000000 1317.000000
766.000000 136.000000 1408.000000 352.000000 1513.000000
1030.000000 1539.000000 1154.000000 1635.000000 1249.000000
1388.000000 2502.000000 878.000000 2503.000000 955.000000
1096.000000 2041.000000 1087.000000 2126.000000 1169.000000
1141.000000 425.000000 1014.000000 618.000000 1149.000000
1003.000000 205.000000 938.000000 410.000000 1089.000000
692.000000 2057.000000 1236.000000 2143.000000 1317.000000
1560.000000 2046.000000 859.000000 2126.000000 945.000000
1295.000000 896.000000 1267.000000 1089.000000 1367.000000
1051.000000 1987.000000 1203.000000 2075.000000 1285.000000
1168.000000 2446.000000 953.000000 2458.000000 1030.000000
1011.000000 2909.000000 659.000000 2794.000000 732.000000
928.000000 2784.000000 756.000000 2720.000000 828.000000
1068.000000 1960.000000 293.000000 2034.000000 393.000000
893.000000 745.000000 1571.000000 664.000000 1660.000000
1106.000000 977.000000 932.000000 1160.000000 1049.000000
1066.000000 1978.000000 744.000000 2060.000000 833.000000
1309.000000 472.000000 712.000000 662.000000 871.000000
837.000000 1155.000000 1276.000000 1333.000000 1371.000000
1477.000000 2589.000000 1335.000000 2580.000000 1411.000000
1004.000000 2845.000000 1661.000000 2693.000000 1739.000000
1448.000000 1194.000000 1537.000000 1032.000000 1627.000000
876.000000 1981.000000 878.000000 2065.000000 965.000000
681.000000 2011.000000 1045.000000 2097.000000 1129.000000
950.000000 1178.000000 1149.000000 1352.000000 1249.000000
589.000000 960.000000 931.000000 1143.000000 1048.000000
508.000000 1538.000000 1261.000000 1640.000000 1353.333374
734.000000 662.000000 1149.000000 872.000000 1262.000000
1358.000000 2928.000000 1217.000000 2814.000000 1291.000000
839.000000 2021.000000 1421.000000 2112.000000 1502.000000
1132.000000 2017.000000 1290.000000 2105.000000 1371.000000
676.000000 2065.000000 1429.000000 2154.000000 1509.000000
1430.000000 2720.000000 613.000000 2654.000000 689.000000
1471.000000 2470.000000 468.000000 2467.000000 550.000000
1256.000000 2353.000000 518.000000 2376.000000 598.000000
1080.000000 1516.000000 908.000000 1612.000000 1013.000000
1385.000000 236.000000 1729.000000 438.000000 1804.000000
1193.000000 1999.000000 1043.000000 2085.000000 1128.000000
787.000000 680.000000 912.000000 886.000000 1041.000000
1343.000000 2207.000000 1645.000000 2297.000000 1724.000000
606.000000 82.000000 1094.000000 307.000000 1233.000000
1310.000000 2563.000000 1608.000000 2573.000000 1686.000000
1074.000000 2583.000000 1154.000000 2570.000000 1230.000000
941.000000 377.000000 1494.000000 578.000000 1588.000000
1085.000000 56.000000 430.000000 278.000000 642.000000
1129.000000 2052.000000 1048.000000 2135.000000 1131.000000
1079.000000 2100.000000 282.000000 2172.000000 373.000000
1340.000000 2746.000000 313.000000 2670.000000 390.000000
678.000000 1154.000000 1299.000000 1332.000000 1393.000000
1252.000000 1981.000000 916.000000 2066.000000 1002.000000
693.000000 677.000000 1208.000000 886.000000 1316.000000
743.000000 676.000000 960.000000 883.000000 1085.000000
778.000000 977.000000 623.000000 1164.000000 755.000000
1476.000000 3055.000000 686.000000 2914.000000 757.000000
710.000000 929.000000 639.000000 1120.000000 773.000000
1179.000000 2098.000000 1339.000000 2183.000000 1419.000000
1116.000000 1128.000000 1755.000000 940.000000 1825.000000
1367.000000 2856.000000 601.000000 2759.000000 675.000000
800.000000 2512.000000 999.000000 2514.000000 1075.000000
1362.000000 1118.000000 1765.000000 928.000000 1833.000000
1150.000000 376.000000 1511.000000 577.000000 1603.000000
1214.000000 1184.000000 991.000000 1356.000000 1098.000000
1172.000000 1992.000000 251.000000 2096.000000 339.000000
429.000000 1534.000000 1662.000000 1640.000000 1743.333374
945.000000 1978.000000 761.000000 2060.000000 850.000000
1009.000000 904.000000 1136.000000 1094.000000 1243.000000
836.000000 2022.000000 881.000000 2104.000000 967.000000
753.000000 437.000000 1122.000000 633.000000 1247.000000
1528.000000 896.000000 974.000000 1085.000000 1090.000000
1393.000000 2361.000000 1333.000000 2481.000000 1390.000000
750.000000 2018.000000 763.000000 2099.000000 850.000000
1098.000000 450.000000 647.000000 634.000000 814.000000
1163.000000 882.000000 1217.000000 1074.000000 1320.000000
1442.000000 2960.000000 601.000000 2830.000000 668.000000
1453.000000 2826.000000 446.000000 2730.000000 526.000000
1505.000000 2023.000000 1490.000000 2113.000000 1570.000000
1280.000000 2544.000000 1356.000000 2551.000000 1433.000000
729.000000 676.000000 1232.000000 885.000000 1340.000000
1171.000000 2063.000000 1515.000000 2150.000000 1594.000000
631.000000 956.000000 1000.000000 1140.000000 1113.000000
898.000000 184.000000 779.000000 393.000000 946.000000
810.000000 2039.000000 1424.000000 2129.000000 1504.000000
791.000000 413.000000 1448.000000 612.000000 1546.000000
784.000000 2011.000000 1479.000000 2103.000000 1559.000000
1155.000000 1945.000000 1572.000000 2044.000000 1651.000000
630.000000 1113.000000 889.000000 1287.000000 1002.000000
1081.000000 1987.000000 1062.000000 2074.000000 1146.000000
1267.000000 2784.000000 1026.000000 2636.000000 1107.000000
1540.000000 2507.000000 1348.000000 2517.000000 1425.000000
544.000000 2010.000000 234.000000 2090.056152 324.596680
442.000000 429.000000 1091.000000 612.202393 1213.231201
1350.000000 2798.000000 210.000000 2701.000000 288.000000
1268.000000 963.000000 481.000000 1151.000000 622.000000
1290.000000 3009.000000 983.000000 2788.000000 1063.000000
801.000000 2514.000000 101.000000 2507.000000 181.000000
638.000000 2116.000000 245.000000 2189.000000 335.000000
733.000000 11.000000 349.000000 251.000000 571.000000
1142.000000 2060.000000 241.000000 2133.000000 336.000000
895.000000 2023.000000 919.000000 2106.000000 1004.000000
869.000000 2480.000000 1162.000000 2491.000000 1239.000000
736.000000 2042.000000 729.000000 2121.000000 816.000000
811.000000 1001.000000 510.000000 1186.000000 648.000000
1512.000000 591.000000 792.000000 793.000000 935.000000
1489.000000 1488.000000 625.000000 1578.000000 743.000000
1000.000000 958.000000 1269.000000 1146.000000 1368.000000
1425.000000 2017.000000 281.000000 2088.000000 378.000000
665.000000 1126.000000 965.000000 1301.000000 1074.000000
889.000000 2002.000000 728.000000 2083.000000 816.000000
739.000000 434.000000 1152.000000 631.000000 1274.000000
1424.000000 2652.000000 382.000000 2597.000000 460.000000
1339.000000 1737.000000 610.000000 1819.000000 714.000000
1291.000000 16.000000 1367.000000 251.000000 1478.000000
1144.000000 658.000000 1207.000000 868.000000 1316.000000
1188.000000 2272.000000 1611.000000 2356.000000 1691.000000
1005.000000 2012.000000 1084.000000 2098.000000 1167.000000
1302.000000 2388.000000 1726.000000 2430.000000 1817.000000
1269.000000 2821.000000 405.000000 2723.000000 486.000000
685.000000 2046.000000 883.000000 2127.000000 968.000000
797.000000 899.000000 927.000000 1087.000000 1046.000000
1352.000000 2048.000000 277.000000 2117.000000 372.000000
969.000000 1986.000000 1042.000000 2072.000000 1127.000000
1087.000000 2002.000000 762.000000 2083.000000 850.000000
392.000000 2234.000000 1397.000000 2309.603516 1469.364258
1261.000000 2564.000000 1278.000000 2558.000000 1354.000000
888.000000 947.000000 497.000000 1135.000000 639.000000
920.000000 2835.000000 775.000000 2758.000000 847.000000
1522.000000 2537.000000 1257.000000 2538.000000 1333.000000
1222.000000 1477.000000 880.000000 1575.000000 988.000000
452.000000 2197.000000 1430.000000 2286.660889 1511.399414
689.000000 388.000000 1597.000000 601.000000 1683.000000
803.000000 2042.000000 708.000000 2119.000000 796.000000
1253.000000 409.000000 1497.000000 609.000000 1591.000000
668.000000 1990.000000 1226.000000 2079.000000 1309.000000
1462.000000 1136.000000 1227.000000 1314.000000 1325.000000
1260.000000 14.000000 1405.000000 250.000000 1512.000000
1274.000000 2847.000000 544.000000 2750.000000 617.000000
798.000000 760.000000 941.000000 958.000000 1065.000000
1191.000000 1993.000000 879.000000 2078.000000 966.000000
1548.000000 2391.000000 1239.000000 2425.000000 1316.000000
1490.000000 919.000000 900.000000 1105.000000 1020.000000
694.000000 2200.000000 1501.000000 2288.000000 1580.000000
1456.000000 2951.000000 1634.000000 2847.000000 1712.000000
698.000000 140.000000 1131.000000 357.000000 1264.000000
809.000000 744.000000 1152.000000 946.000000 1263.000000
1419.000000 2234.000000 1136.000000 2307.000000 1214.000000
524.000000 554.000000 1261.000000 769.265869 1369.943481
1284.000000 20.000000 413.000000 260.000000 628.000000
986.000000 1982.000000 1018.000000 2068.000000 1103.000000
998.000000 2158.000000 306.000000 2232.000000 392.000000
1069.000000 2546.000000 708.000000 2527.000000 785.000000
1436.000000 2459.000000 510.000000 2458.000000 589.000000
970.000000 998.000000 1135.000000 1181.000000 1241.000000
821.000000 29.000000 347.000000 267.000000 569.000000
1444.000000 1257.000000 1769.000000 1065.000000 1839.000000
699.000000 2486.000000 648.000000 2484.000000 726.000000
1426.000000 2210.000000 1284.000000 2289.000000 1362.000000
788.000000 1995.000000 1437.000000 2087.000000 1517.000000
1262.000000 2788.000000 1675.000000 2651.000000 1754.000000
931.000000 2095.000000 1644.000000 2183.000000 1724.000000
1218.000000 2279.000000 572.000000 2320.000000 653.000000
902.000000 2253.000000 1512.000000 2332.000000 1590.000000
1159.000000 2421.000000 449.000000 2423.000000 531.000000
1136.000000 567.000000 1096.000000 760.000000 1209.000000
1335.000000 920.000000 1243.000000 1111.000000 1344.000000
1125.000000 961.000000 513.000000 1150.000000 653.000000
261.000000 2981.000000 58.000000 2839.112305 139.075531
728.000000 934.000000 1504.000000 827.000000 1593.000000
1040.000000 693.000000 985.000000 899.000000 1108.000000
1553.000000 669.000000 813.000000 874.000000 949.000000
667.000000 2066.000000 1471.000000 2156.000000 1551.000000
1354.000000 841.000000 777.000000 1029.000000 908.000000
1202.000000 2830.000000 553.000000 2738.000000 626.000000
419.000000 1495.000000 646.000000 1589.203491 769.230164
808.000000 463.000000 804.000000 655.000000 955.000000
1110.000000 703.000000 859.000000 906.000000 990.000000
1487.000000 2467.000000 876.000000 2472.000000 953.000000
669.000000 144.000000 1098.000000 360.000000 1234.000000
675.000000 1113.000000 1297.000000 1292.000000 1392.000000
1481.000000 896.000000 997.000000 1084.000000 1112.000000
747.000000 1334.000000 1516.000000 1470.000000 1601.000000
799.000000 1727.000000 575.000000 1827.000000 678.000000
1248.000000 796.000000 1598.000000 700.000000 1685.000000
1240.000000 2258.000000 1612.000000 2339.000000 1691.000000
1109.000000 1747.000000 489.000000 1846.000000 594.000000
1154.000000 973.000000 1002.000000 1156.000000 1114.000000
1266.000000 961.000000 904.000000 1144.000000 1022.000000
610.000000 727.000000 1152.000000 930.000000 1263.000000
1052.000000 2674.000000 261.000000 2609.000000 341.000000
1043.000000 2053.000000 1427.000000 2142.000000 1507.000000
742.000000 432.000000 1049.000000 627.000000 1180.000000
924.000000 1233.000000 1829.000000 1068.000000 1896.000000
872.000000 584.000000 872.000000 789.000000 1009.000000
994.000000 1958.000000 690.000000 2039.000000 782.000000
1210.000000 2997.000000 895.000000 2840.000000 958.000000
1121.000000 1098.000000 805.000000 1269.000000 924.000000
774.000000 1173.000000 1277.000000 1350.000000 1371.000000
594.000000 674.000000 1257.000000 883.000000 1363.000000
1047.000000 1135.000000 1617.000000 941.000000 1701.000000
1348.000000 2068.000000 829.000000 2146.000000 915.000000
976.000000 2028.000000 1066.000000 2112.000000 1149.000000
1015.000000 458.000000 672.000000 645.000000 834.000000
860.000000 195.000000 1680.000000 404.000000 1759.000000
856.000000 1097.000000 1249.000000 1276.000000 1347.000000
806.000000 1995.000000 1417.000000 2087.000000 1497.000000
349.000000 2245.000000 1646.000000 2323.340820 1725.974609
1119.000000 387.000000 1401.000000 587.000000 1504.000000
892.000000 922.000000 516.000000 1115.000000 657.000000
1199.000000 1987.000000 1081.000000 2074.000000 1165.000000
720.000000 2759.000000 1300.000000 2710.000000 1375.000000
883.000000 1916.000000 1304.000000 2016.000000 1387.000000
958.000000 2719.000000 840.000000 2662.000000 913.000000
1160.000000 1798.000000 1474.000000 1892.000000 1557.000000
1178.000000 42.000000 334.000000 276.000000 555.000000
643.000000 2764.000000 483.000000 2690.000000 559.000000
1361.000000 1224.000000 1559.000000 1054.000000 1649.000000
1209.000000 2244.000000 1354.000000 2316.000000 1431.000000
790.000000 2086.000000 243.000000 2159.000000 335.000000
922.000000 2287.000000 1647.000000 2358.000000 1726.000000
1140.000000 2973.000000 903.000000 2819.000000 965.000000
899.000000 2284.000000 1364.000000 2348.000000 1443.000000
923.000000 2045.000000 1234.000000 2132.000000 1316.000000
1321.000000 55.000000 1093.000000 284.000000 1232.000000
1451.000000 2836.000000 1022.000000 2681.000000 1094.000000
882.000000 2804.000000 677.000000 2722.000000 751.000000
65.000000 2726.000000 1106.000000 2592.444580 1185.030762
918.000000 3009.000000 393.000000 2866.000000 466.000000
1152.000000 454.000000 798.000000 645.000000 949.000000
340.000000 578.000000 950.000000 787.482117 1079.808472
760.000000 2531.000000 1197.000000 2530.000000 1273.000000
859.000000 373.000000 1544.000000 575.000000 1632.000000
1333.000000 1094.000000 1570.000000 903.000000 1657.000000
1184.000000 2803.000000 847.000000 2733.000000 920.000000
1347.000000 1129.000000 915.000000 1302.000000 1027.000000
1380.000000 2018.000000 729.000000 2097.000000 816.000000
1169.000000 560.000000 883.000000 759.000000 1018.000000
1212.000000 2521.000000 1111.000000 2525.000000 1185.000000
1236.000000 574.000000 1252.000000 783.000000 1361.000000
1397.000000 2831.000000 975.000000 2675.000000 1048.000000
844.000000 2000.000000 1082.000000 2087.000000 1166.000000
1542.000000 1993.000000 861.000000 2077.000000 948.000000
1432.000000 1878.000000 1715.000000 1981.000000 1794.000000
735.000000 2023.000000 1462.000000 2113.000000 1543.000000
983.000000 589.000000 813.000000 792.000000 954.000000
773.000000 400.000000 1579.000000 603.000000 1667.000000
868.000000 2003.000000 1209.000000 2091.000000 1292.000000
1233.000000 1996.000000 1458.000000 2089.000000 1538.000000
1122.000000 762.000000 918.000000 959.000000 1042.000000
1091.000000 696.000000 1258.000000 904.000000 1363.000000
1282.000000 2270.000000 617.000000 2316.000000 699.000000
1475.000000 2039.000000 1028.000000 2123.000000 1111.000000
1414.000000 2945.000000 1659.000000 2841.000000 1737.000000
1482.000000 565.000000 1120.000000 773.000000 1238.000000
1239.000000 1977.000000 1379.000000 2068.000000 1460.000000
1411.000000 2005.000000 692.000000 2083.000000 781.000000
1135.000000 1956.000000 1344.000000 2047.000000 1424.000000
779.000000 765.000000 864.000000 962.000000 992.000000
601.000000 10.000000 387.000000 252.000000 604.000000
1466.000000 2497.000000 1042.000000 2504.000000 1118.000000
867.000000 2589.000000 1388.000000 2585.000000 1465.000000
1514.000000 949.000000 620.000000 1129.000000 755.000000
897.000000 1724.000000 536.000000 1824.000000 640.000000
1118.000000 426.000000 1118.000000 623.000000 1244.000000
1012.000000 2946.000000 988.000000 2740.000000 1068.000000
1530.000000 275.000000 368.000000 517.000000 562.000000
1285.000000 569.000000 916.000000 770.000000 1048.000000
792.000000 895.000000 1290.000000 1088.000000 1389.000000
1235.000000 2255.000000 1545.000000 2334.000000 1624.000000
281.000000 2788.000000 512.000000 2708.675293 586.427612
1065.000000 2073.000000 1307.000000 2157.000000 1387.000000
1223.000000 2053.000000 692.000000 2136.000000 767.000000
1189.000000 404.000000 1546.000000 605.000000 1636.000000
1506.000000 745.000000 888.000000 926.000000 1015.000000
1320.000000 878.000000 1290.000000 1071.000000 1389.000000
1372.000000 718.000000 962.000000 921.000000 1086.000000
1363.000000 2304.000000 1491.000000 2366.000000 1570.000000
715.000000 407.000000 1514.000000 608.000000 1606.000000
796.000000 1633.000000 584.000000 1720.000000 703.000000
1145.000000 2802.000000 830.000000 2733.000000 902.000000
1123.000000 956.000000 1293.000000 1145.000000 1390.000000
825.000000 1977.000000 855.000000 2060.000000 943.000000
990.000000 1335.000000 1531.000000 1470.000000 1617.000000
1415.000000 922.000000 852.000000 1107.000000 976.000000
1027.000000 2084.000000 667.000000 2159.000000 754.000000
1062.000000 1174.000000 1252.000000 1351.000000 1348.000000
917.000000 1970.000000 1185.000000 2058.000000 1269.000000
858.000000 1937.000000 709.000000 2021.000000 800.000000
999.000000 1143.000000 1413.000000 983.000000 1515.000000
967.000000 411.000000 1039.000000 605.000000 1172.000000
646.000000 2864.000000 1398.000000 2799.000000 1473.000000
974.000000 460.000000 832.000000 653.000000 981.000000
780.000000 2854.000000 1307.000000 2788.000000 1382.000000
1409.000000 2037.000000 1406.000000 2127.000000 1486.000000
1396.000000 1979.000000 1481.000000 2071.000000 1564.000000
1412.000000 2333.000000 1647.000000 2393.000000 1727.000000
1207.000000 2504.000000 1117.000000 2512.000000 1191.000000
1545.000000 474.000000 686.000000 664.000000 848.000000
1550.000000 2944.000000 747.000000 2832.000000 818.000000
995.000000 2072.000000 279.000000 2142.000000 372.000000
1539.000000 1932.000000 688.000000 2025.000000 769.000000
629.000000 14.000000 363.000000 254.000000 583.000000
819.000000 2217.000000 903.000000 2282.000000 982.000000
1134.000000 2947.000000 966.000000 2768.000000 1037.000000
702.000000 100.000000 953.000000 322.000000 1105.000000
942.000000 1481.000000 843.000000 1579.000000 952.000000
722.000000 183.000000 990.000000 392.000000 1136.000000
740.000000 2983.000000 477.000000 2848.000000 550.000000
1042.000000 137.000000 1392.000000 354.000000 1499.000000
1541.000000 2488.000000 920.000000 2493.000000 996.000000
1292.000000 921.000000 1218.000000 1111.000000 1321.000000
1378.000000 162.000000 1165.000000 375.000000 1294.000000
573.000000 2069.000000 1197.000000 2153.020752 1279.490601
1293.000000 2282.000000 1543.000000 2368.000000 1623.000000
1090.000000 2431.000000 1650.000000 2468.000000 1729.000000
1265.000000 702.000000 886.000000 905.000000 1016.000000
1557.000000 1960.000000 839.000000 2043.000000 927.000000
616.000000 307.000000 1708.000000 504.000000 1784.000000
1428.000000 101.000000 741.000000 323.000000 916.000000

4.000000 1706.527832 667.165222 1716.039062 1729.974976 1795.933716 772.423218 1817.006592 1786.659302
2.000000 1728.567505 1719.981567 1718.460205 676.649292 1829.877197 1799.929199 1807.383301 779.910706
5.000000 1559.180420 1699.977417 1564.831055 659.990051 1660.240967 1780.011719 1656.435425 773.321594
1.000000 2322.542236 530.049255 2382.501709 1493.385132 2349.912842 613.087769 2427.604736 1640.181152
20.000000 632.486511 786.080505 562.215820 1686.839478 835.590210 929.515320 800.284363 1493.559814
21.000000 574.319275 1673.663574 640.860229 803.399109 810.372009 1493.152588 843.929260 943.369690
6.000000 2384.861084 1306.369751 2337.038574 523.514221 2421.365479 1383.230835 2362.845947 603.620117
9.000000 1274.964722 823.266296 1245.957764 1559.840820 1430.774292 936.606812 1413.147217 1689.917603
7.000000 1229.858398 1539.862061 1257.896973 833.514465 1399.562866 1716.735962 1418.063721 943.446533
8.000000 1247.676636 846.573608 1220.024292 1536.801147 1408.584839 956.632446 1390.214844 1716.591309
11.000000 2561.495850 496.245422 2618.506104 1149.839600 2522.645264 505.685608 2591.911133 1163.131958
35.000000 2719.034668 1086.760498 2660.678955 486.600647 2653.546143 999.977173 2606.720703 563.327515
25.000000 2278.266602 619.472961 2316.554688 1220.007202 2327.180420 753.051575 2366.993896 1296.642700
17.000000 2357.218262 599.743225 2396.887207 1199.985474 2381.335449 679.894714 2428.123047 1273.481323
18.000000 2436.893799 1189.984131 2395.261230 593.198853 2458.530029 1266.789307 2409.263184 676.449951
82.000000 2969.532227 6.048941 2497.045898 363.834045 2663.308350 249.976212 2516.907959 403.563324
23.000000 639.876404 798.252869 1230.445923 844.278809 849.885254 936.734497 1396.828979 955.188904
10.000000 2516.508789 1844.617310 3070.079834 1912.684814 3068.549805 2001.656128 2391.170654 1917.384644
26.000000 2201.353760 1253.432373 2175.989990 746.700562 2273.520752 1335.779419 2237.960205 793.904663
31.000000 1908.677246 776.624634 1919.131104 1276.615112 2001.114746 866.626465 2018.777832 1356.590576
30.000000 2092.965576 760.014221 2112.146973 1256.712524 2169.962891 846.488831 2196.405029 1336.680786
29.000000 1945.826050 1266.687256 1933.988037 783.317322 2038.284302 1350.065918 2019.316895 856.821106
105.000000 2351.215576 1210.128906 2323.003906 746.686707 2383.170654 1170.011841 2369.637939 983.359558
42.000000 1546.311646 1553.329346 1550.789062 1153.342163 1646.385498 1596.666382 1646.721436 1253.333374
39.000000 3.035666 516.740356 397.435638 551.198669 206.643097 720.764465 563.484375 731.768372
12.000000 693.046204 750.069580 433.123474 473.530579 881.701599 899.400330 402.828308 461.076782
38.000000 3069.135254 990.363586 2710.427734 1094.802368 2905.550537 1040.526733 2569.072754 1174.335083
32.000000 2729.296631 1100.832642 3069.564941 1005.120300 3063.990479 1052.027100 2592.444580 1185.030762
58.000000 3069.056885 1026.567261 2729.927246 1119.735229 2644.959961 1165.169067 2897.121582 1076.225586
44.000000 2868.785156 286.425629 2907.902100 630.238708 2758.163086 363.150482 2798.934326 696.796875
60.000000 3068.399902 855.419006 2744.941162 968.393250 2885.882080 914.879578 2642.953369 1021.543091
43.000000 392.992401 547.013245 636.634827 786.699036 566.397949 727.036682 840.444397 926.054688
54.000000 1472.760620 574.830811 1215.211792 784.886719 1557.871216 694.406494 1367.842041 907.713745
110.000000 2478.736328 392.733185 2737.545898 196.758926 2515.354004 418.676514 2645.006836 288.331299
102.000000 1553.981934 1236.668701 1553.000122 1553.332275 1651.505737 1443.317139 1653.584839 1636.663940
52.000000 3002.265137 66.113708 3032.290039 370.103058 2853.503662 141.490417 2885.345215 440.140656
227.000000 2617.892090 1620.429565 2593.947998 1317.144531 2587.980225 1503.400757 2584.418213 1396.741699
68.000000 1926.649902 1541.205322 2223.350586 1538.870728 2029.973022 1621.052368 2269.979004 1618.219116
48.000000 2886.255615 2.812113 2660.581787 180.737961 2820.220947 3.534692 2604.087891 240.687790
71.000000 2804.425293 936.323547 3069.439697 851.581177 2854.411621 915.831360 2642.606445 1007.260925
94.000000 2579.242432 1096.721313 2559.279785 820.052002 2558.359619 1096.515625 2540.554199 896.914551
62.000000 2703.392822 286.350159 2727.976318 549.877808 2632.274414 362.194336 2660.448486 623.286316
69.000000 378.828003 1373.897949 352.109955 1633.892700 574.640869 1480.415405 553.442078 1717.273071
63.000000 2495.063965 1339.867188 2515.014893 1599.870972 2507.577881 1409.918945 2530.723389 1669.935547
184.000000 2616.668213 1653.881470 2876.666016 1653.134644 2606.699707 1731.902832 2736.660645 1729.647095
77.000000 1283.406250 725.592896 1026.565918 708.150696 1426.726318 836.628357 1206.736328 832.733826
74.000000 48.472725 923.053223 11.923909 1177.399536 276.312408 1080.382690 247.178513 1307.160645
294.000000 2684.207520 276.572601 2711.459961 529.842896 2617.239746 353.270477 2627.108887 443.284851
75.000000 188.889679 1183.208252 217.077759 933.004089 396.927734 1310.027466 420.177887 1085.121582
73.000000 1686.460327 409.764435 1498.214111 574.627502 1822.894287 514.535645 1656.068115 673.083496
67.000000 2220.083984 1357.554565 1969.984009 1362.526123 2296.763916 1436.929565 2053.338135 1443.506836
51.000000 2679.636230 156.211456 2870.367920 3.793683 2603.516113 230.165344 2809.354248 2.748924
76.000000 418.168213 980.535706 391.576416 1220.543945 608.170898 1120.502686 585.304993 1340.551270
70.000000 2743.375000 539.633057 2717.314941 299.929535 2675.532471 609.739746 2648.322021 379.804108
78.000000 889.894592 691.699585 653.311218 677.022827 1076.649048 824.586182 856.692749 821.483337
40.000000 3.299375 1738.575317 239.990479 1732.933716 86.671150 1810.703369 436.678162 1808.470947
84.000000 95.905991 549.561035 64.827667 783.963501 316.353882 747.033936 290.803528 957.169678
88.000000 234.242874 796.760498 257.996307 566.460022 434.968475 960.154724 454.553894 753.133423
93.000000 404.408630 1615.754639 427.909515 1385.771851 609.742188 1693.310059 628.172119 1489.232910
153.000000 2501.491455 1123.483032 2482.796387 893.376953 2509.943848 1196.672363 2494.770508 1046.521484
72.000000 2441.953369 473.201904 2457.433350 703.281738 2442.161621 553.181702 2458.294678 783.219177
87.000000 145.251038 1580.216187 170.860565 1353.054565 360.875397 1670.088379 380.853027 1463.257324
59.000000 2510.629395 1353.115234 2523.120361 1580.011719 2521.073975 1429.669312 2541.117920 1696.832886
80.000000 1936.306641 379.680237 2156.751953 368.320679 2009.975220 479.791748 2225.178467 454.168457
134.000000 1886.160034 511.080383 1687.614136 417.979309 1976.328613 588.659668 1824.683716 520.281982
281.000000 2986.954346 126.219025 3013.787598 343.277191 2859.073730 323.440826 2869.891846 416.679230
91.000000 451.792572 627.195557 429.426025 843.961975 635.893188 797.227478 616.223083 1003.925537
99.000000 2247.424072 470.960083 2077.808105 604.779968 2285.262695 545.793884 2155.510010 691.932556
128.000000 2731.116699 736.201538 2753.461426 949.986633 2669.006348 810.110840 2687.939941 979.857971
66.000000 2471.353760 879.682495 2485.830078 1093.390015 2476.679443 956.411560 2495.492676 1203.168701
174.000000 2470.228271 696.648193 2452.978027 483.362061 2472.514160 769.765442 2460.094238 636.657837
100.000000 449.181671 1223.275879 463.982758 1012.676147 647.387146 1339.854492 658.171875 1146.193604
95.000000 548.969849 1060.213623 529.486084 1270.261475 751.702332 1183.730103 736.220032 1380.227417
109.000000 106.396011 1657.030029 130.991623 1449.722168 328.248169 1736.838623 348.261414 1552.781860
92.000000 2257.003662 1623.315918 2246.335205 1416.683716 2337.764893 1700.153076 2323.597656 1493.315186
215.000000 1693.243652 654.121155 1489.888916 630.975647 1693.269897 754.516479 1583.228760 748.615845
156.000000 2753.700195 749.454651 2768.997070 946.744446 2687.965088 826.207458 2702.527100 973.082764
115.000000 478.200653 873.181641 494.801361 676.228455 670.265076 1016.685120 682.814697 836.167114
101.000000 2194.294922 653.279907 2205.224121 849.894897 2259.739502 736.457947 2272.872803 929.804871
108.000000 1691.219482 406.683441 1693.878540 213.340836 1830.390625 509.992645 1826.877686 323.329376
103.000000 1687.022949 213.335052 1686.093384 406.679932 1823.333374 323.333344 1822.894287 514.535645
150.000000 952.799133 645.787537 814.517700 777.748108 1131.684692 780.976013 1013.955872 884.044434
106.000000 574.146118 743.739136 555.567444 933.552002 771.728943 890.473206 754.315430 1076.758423
117.000000 646.669922 1106.666992 630.707764 1296.445801 856.770691 1223.340698 844.299133 1400.302979
104.000000 1926.653564 1707.520264 1736.698242 1704.605957 2030.007324 1786.045044 1840.033447 1783.815430
168.000000 2383.513428 1727.364624 2196.581055 1714.586304 2426.702881 1806.261475 2289.938965 1794.016113
151.000000 573.250122 1269.994995 584.442932 1083.000732 784.874268 1356.726929 790.887024 1203.107056
148.000000 3052.465088 359.693665 3029.672363 176.293137 2902.075684 406.004089 2882.921875 249.642075
130.000000 1091.650391 781.777344 965.490662 647.966064 1261.385620 902.045593 1145.932373 777.819824
125.000000 978.185425 1306.584229 986.518005 1123.175171 1164.453125 1403.368042 1169.825928 1229.891357
113.000000 1726.407471 669.755859 1906.815308 684.895752 1813.264648 772.455933 1996.734131 777.590820
129.000000 2215.100586 843.220276 2203.588135 663.317017 2282.666504 916.719116 2269.294678 746.722168
126.000000 1194.242432 1313.369141 1201.345093 1133.254883 1369.897339 1406.664673 1373.164917 1233.267334
284.000000 2956.126709 403.392700 2936.698486 226.663162 2828.660889 479.776215 2818.235107 386.864716
131.000000 670.773132 816.738708 655.498291 993.099854 875.506165 953.240295 862.103821 1120.435791
143.000000 596.256958 956.406982 608.517517 779.665955 800.876099 1083.573486 810.029663 923.144836
137.000000 776.688416 1000.001404 788.151794 823.213501 974.259644 1119.880371 981.143066 955.894653
139.000000 871.343628 1116.751343 860.200684 1293.556030 1062.588135 1226.799316 1054.223145 1390.045654
90.000000 2216.141113 999.888428 2223.165527 1176.673340 2282.492188 1069.255127 2299.343018 1276.448975
121.000000 1084.695557 798.658325 960.615662 672.676636 1257.220825 919.418762 1130.945557 799.008423
118.000000 756.737183 1286.868896 766.750488 1111.966064 958.588562 1399.934448 966.793884 1223.184448
122.000000 2543.169434 1623.346436 2529.293945 1450.056519 2558.226318 1700.168457 2541.738525 1526.501587
136.000000 889.113892 832.935669 878.806519 1006.469360 1075.115479 960.091858 1066.690186 1123.506348
138.000000 994.406555 1016.719177 1002.889099 843.311584 1176.819580 1126.671387 1180.897583 962.269348
141.000000 1100.323242 850.016479 1091.627441 1020.253418 1273.312134 966.666016 1268.101074 1129.939331
123.000000 1087.763794 1130.056274 1079.040527 1300.121704 1266.025879 1233.304688 1258.262695 1406.887085
161.000000 186.686279 1179.546143 16.571815 1172.194946 393.325165 1307.058960 249.984573 1304.074585
149.000000 2100.014648 1702.785645 2270.071777 1707.296509 2190.089355 1780.776855 2346.797607 1786.259155
133.000000 1205.233154 1026.625977 1210.061157 856.668396 1376.052124 1133.373047 1378.486938 966.644592
165.000000 16.682766 1189.610107 183.477982 1196.496460 249.999298 1320.046021 390.017670 1322.167358
171.000000 66.952286 792.992065 230.334885 805.691589 293.408722 964.598145 430.136749 969.582092
164.000000 213.136078 933.096741 48.472725 923.053223 420.177887 1085.121582 279.907440 1080.496338
158.000000 166.579590 1352.967896 3.191307 1348.173828 380.853027 1463.257324 232.188232 1460.635254
155.000000 2144.163574 644.490662 2276.395264 549.621704 2235.680176 715.580200 2338.312744 608.384705
147.000000 2781.583496 346.861847 2799.416016 506.731812 2699.505127 420.060699 2718.734619 576.821899
177.000000 230.064423 792.420715 69.921303 781.114685 430.069824 957.065125 296.653381 953.891418
182.000000 253.426376 562.242065 95.905991 549.561035 450.030640 748.979736 319.947754 745.072327
159.000000 979.986084 1366.350586 823.319702 1366.562256 1170.118164 1462.618530 1023.469238 1461.002075
135.000000 2351.932129 489.222534 2474.795410 396.343536 2355.199463 595.329590 2466.357666 473.347565
169.000000 2076.652588 1346.433716 1923.072754 1355.663696 2160.034180 1427.133667 2023.126709 1437.185303
188.000000 3.358766 1359.016357 156.675781 1362.980713 243.305679 1472.183716 369.994232 1473.788452
152.000000 2080.515381 1736.690552 2079.216797 1583.339966 2171.688965 1816.687012 2169.792236 1663.335938
220.000000 426.128143 510.527618 533.358643 619.975220 596.350220 693.754150 683.736755 759.463501
154.000000 2388.639404 1566.745850 2397.535156 1719.561401 2428.909180 1646.746948 2439.961182 1796.914795
190.000000 2840.441406 490.778931 2708.064941 565.800720 2743.893311 564.053650 2644.411377 641.386780
187.000000 1903.340942 673.251038 1753.397217 659.312195 1993.345093 766.293457 1866.699463 762.293213
140.000000 1706.576904 1714.765137 1556.747437 1705.377930 1810.035522 1786.287842 1646.685181 1784.726807
157.000000 1987.003662 1582.770752 1995.031982 1730.270386 2084.817383 1663.048828 2089.954590 1810.234253
204.000000 2419.947754 1717.531616 2566.682861 1726.399536 2463.060791 1796.622559 2576.718750 1806.036987
162.000000 1184.020752 1160.029175 1177.800415 1306.714722 1358.138306 1259.954224 1354.690063 1400.033447
277.000000 630.055786 1850.289917 776.652893 1851.572632 550.043457 1907.912231 646.668213 1909.924805
197.000000 2716.483398 573.360779 2845.886230 504.819702 2652.989502 648.312622 2747.533936 579.068787
193.000000 60.038391 932.750427 203.408463 942.192627 286.698944 1089.020752 406.678497 1092.974365
181.000000 672.754211 986.620789 684.101440 843.394165 879.675232 1109.977539 888.670166 979.908020
163.000000 2027.281128 296.843018 2170.279297 310.382233 2100.099121 392.704681 2240.094971 396.210754
189.000000 3.299140 1431.969849 146.647141 1434.458130 233.334167 1536.489746 359.998016 1537.085327
221.000000 2075.928467 635.069275 1936.068726 656.005859 2133.084473 725.436401 2026.723999 746.950195
53.000000 2190.732422 323.890717 2050.760254 307.070129 2266.412598 397.600586 1978.386475 428.091553
206.000000 2979.760010 866.693542 2964.064697 726.584717 2858.999023 903.445679 2846.311523 790.414001
286.000000 106.564041 561.295593 246.740692 572.398865 326.666656 756.666687 420.000000 756.666687
170.000000 2503.386719 676.662231 2491.688477 536.804260 2498.044678 753.198425 2484.698486 616.859314
234.000000 1363.021240 682.946533 1469.983398 596.646118 1486.865234 796.844971 1556.229614 719.607483
180.000000 2500.869629 533.255859 2513.025635 669.730469 2493.099854 616.689880 2506.045654 746.728455
175.000000 1194.458740 879.905518 1188.602295 1016.749512 1364.686890 989.939758 1360.627930 1123.352417
209.000000 2693.553223 276.968842 2803.530762 196.937973 2623.234375 356.565735 2704.008545 277.355225
195.000000 43.218548 1166.652100 60.171116 1033.355103 274.515198 1296.805420 288.252747 1179.794922
176.000000 1573.076782 656.398010 1706.527832 667.165222 1663.213257 767.906006 1795.933716 772.423218
218.000000 1532.899170 1596.659058 1535.230103 1463.308228 1640.000000 1633.333374 1640.000000 1743.333374
196.000000 101.653915 1163.135986 116.945015 1032.974487 323.806458 1293.010986 336.958740 1176.323853
185.000000 2073.098389 598.347290 1943.350708 616.789062 2149.791992 685.604492 2023.401733 710.349304
183.000000 2213.385254 1346.403687 2083.309570 1348.598999 2296.715332 1425.349487 2166.630127 1428.489136
205.000000 92.514313 381.016327 4.542040 285.552795 326.132416 590.611572 240.405731 515.719971
236.000000 2739.613037 742.495361 2857.346680 688.139771 2676.656006 816.649841 2764.027588 761.091858
202.000000 94.757179 776.842224 110.392418 650.048401 317.612671 946.773621 330.430176 833.381958
222.000000 149.758926 779.971191 164.921249 653.124695 364.662445 943.480225 376.469910 836.644897
211.000000 177.454071 653.816650 162.618607 780.307129 387.426941 836.750610 375.267883 946.880249
191.000000 2280.443604 1187.008789 2273.470947 1060.175659 2342.850586 1266.701904 2333.844971 1143.296021
203.000000 130.045197 1036.671875 115.666931 1160.271484 348.187073 1176.835449 335.599213 1290.251465
217.000000 1659.845337 581.589233 1783.307007 593.603882 1773.348511 692.659302 1883.367798 695.128357
111.000000 2235.811035 1200.047852 2228.916748 1076.727173 2309.370850 1276.711060 2296.420410 1093.350708
296.000000 2261.454102 1193.444336 2254.172852 1070.147217 2327.192383 1239.961792 2320.655273 1149.952393
160.000000 2416.677734 1649.547729 2540.018799 1652.565552 2456.641113 1728.173218 2600.046143 1730.596802
229.000000 2073.914062 999.982605 2077.602295 1123.305298 2153.416748 1083.329712 2158.059326 1189.939331
198.000000 2096.674561 1467.624756 2220.026855 1466.612793 2180.010498 1477.287964 2296.700195 1475.304810
270.000000 236.485107 578.897034 116.466415 569.126587 433.276001 765.273071 336.595276 762.415039
261.000000 1059.367554 793.985901 973.031494 710.311462 1229.284180 910.782349 1156.163086 843.883789
251.000000 189.901184 948.204773 69.967896 940.499695 396.703766 1098.934204 296.592987 1095.450562
207.000000 2067.633545 833.293396 2072.592041 953.363953 2145.051758 919.914551 2150.690186 1033.299072
271.000000 139.931961 1372.066772 19.952251 1368.117188 353.308563 1481.340576 256.613312 1479.554321
228.000000 633.442261 1303.671997 753.404785 1308.035767 846.739807 1407.145386 953.421875 1409.879395
224.000000 444.005341 1100.065430 432.650604 1216.600098 640.247070 1226.688965 630.596008 1333.387207
244.000000 773.377136 999.246582 655.498291 993.099854 970.018494 1118.984985 866.658691 1117.103149
235.000000 656.780029 1004.572571 773.465698 1010.887695 866.540588 1127.780762 970.074219 1130.716431
239.000000 766.750488 1111.966064 649.758484 1104.472534 963.318909 1223.893433 859.882507 1221.230957
216.000000 2239.251709 830.046265 2232.043213 713.413086 2301.566650 906.548279 2293.264648 796.671875
200.000000 2236.919678 1399.886475 2240.614746 1516.647217 2309.603516 1469.364258 2321.147217 1583.217041
246.000000 753.347473 1296.260864 636.705994 1292.203369 953.357239 1398.318604 849.997437 1396.848145
276.000000 2796.052490 213.734558 2701.747314 282.399933 2699.457764 292.768463 2632.274414 362.194336
49.000000 2784.186035 1273.244141 2796.055176 1386.730591 2730.144775 1353.317261 2764.704590 1663.180420
275.000000 126.705635 1447.770996 13.290416 1445.788208 346.649933 1549.678467 248.885895 1549.796875
178.000000 2113.333252 1609.990356 2226.666504 1610.161865 2189.987061 1724.542969 2323.340820 1725.974609
287.000000 116.916954 579.216248 230.034882 586.092834 336.673401 771.228088 430.005768 771.526550
291.000000 1252.710205 1607.418579 1165.927002 1535.493408 1071.943481 1694.630249 1009.545410 1627.759644
290.000000 2540.904297 661.604004 2443.307129 716.620178 2521.929688 739.243042 2447.759521 794.792603
232.000000 1949.972900 659.817749 2060.014893 643.434143 2029.861572 752.661011 2133.600830 731.299500
237.000000 457.146759 860.047119 467.965271 749.800354 664.013123 906.721741 655.656372 1009.918213
256.000000 783.294006 823.804626 673.226074 814.618286 981.143066 955.894653 879.976196 950.510681
255.000000 999.943420 840.749268 889.113892 832.935669 1180.897583 962.269348 1079.949341 958.521362
238.000000 863.143616 1311.657104 973.491028 1315.852417 1056.650513 1410.591187 1160.088745 1413.417725
243.000000 880.017700 1016.389587 990.206848 1023.427917 1070.018433 1132.383667 1173.377563 1134.386841
226.000000 1380.495728 889.911926 1377.074219 1000.116150 1507.335205 996.621094 1505.508789 1103.370605
241.000000 990.029785 1012.838806 878.806519 1006.469360 1173.268066 1125.222412 1069.942993 1121.650146
247.000000 973.404907 1304.796631 863.311035 1300.581665 1160.015137 1401.992065 1056.657349 1400.829956
214.000000 2062.158447 686.591736 2065.980469 796.690491 2136.817627 773.324890 2142.965088 883.353882
253.000000 1080.095825 1319.665649 1190.107788 1322.538330 1263.323608 1414.272583 1363.381958 1415.310303
254.000000 1093.524536 1030.284302 1200.189819 1036.973877 1270.054688 1138.019287 1370.070435 1140.780029
257.000000 983.253052 1121.613037 876.518982 1116.301514 1166.654419 1227.548340 1066.627441 1226.159668
242.000000 1196.569458 1132.152100 1089.819458 1127.330933 1369.945923 1232.352905 1266.590576 1229.979492
258.000000 1190.055176 1311.714111 1083.285400 1308.072021 1363.351074 1404.640869 1263.329590 1403.767334
278.000000 2024.505005 134.400253 1999.915649 238.225571 2107.792969 230.211655 2090.056152 324.596680
268.000000 803.337830 759.947510 699.623047 751.071289 993.316895 893.956055 896.541687 891.400818
249.000000 2659.751465 726.690735 2649.746094 623.357910 2614.126221 803.244751 2602.969238 703.374023
245.000000 1200.083374 1025.240234 1096.519165 1019.191040 1373.347412 1129.124512 1269.987305 1127.456665
250.000000 2106.653809 1296.380615 2210.227295 1291.747437 2189.962402 1375.936035 2290.211426 1370.763184
273.000000 1206.597290 854.388367 1103.272583 847.589844 1373.346924 965.353882 1276.656128 964.350647
