Keypoint Matches and Line Matches for pairs 16, 29 
16 corresponds to the image ./resources/Data/CastleP30/images/0016.png 
29 corresponds to the image ./resources/Data/CastleP30/images/0029.png 

3.000000 2416.942871 1727.573364 2.850665 1737.754883
22.000000 2618.506104 1149.839600 267.057251 1050.032471
473.000000 2660.678955 486.600647 13.956753 206.434860
39.000000 2357.218262 599.743225 665.538269 446.597565
88.000000 2605.930176 1784.320679 3.347840 1806.813232
445.000000 2710.427734 1094.802368 463.661011 1028.616699
21.000000 2868.785156 286.425629 329.689240 296.363831
43.000000 3069.989502 1736.844360 560.444580 1717.571167
95.000000 2617.892090 1620.429565 169.880875 1586.359253
96.000000 2593.947998 1317.144531 203.128464 1213.018188
105.000000 2579.242432 1096.721313 220.752014 963.075745
106.000000 2559.279785 820.052002 254.348190 626.435303
291.000000 2495.063965 1339.867188 16.251635 1207.124146
151.000000 2616.668213 1653.881470 150.067474 1624.789551
152.000000 2876.666016 1653.134644 426.603790 1611.976318
101.000000 2684.207520 276.572601 125.109177 26.836752
1348.000000 2845.670166 1032.789673 712.000000 1124.000000
267.000000 2156.751953 368.320679 1539.952515 518.272766
841.000000 2731.116699 736.201538 484.000000 725.000000
642.000000 2753.700195 749.454651 491.000000 741.000000
31.000000 2695.985596 1113.403687 374.143250 1053.136475
185.000000 2780.096436 1243.830566 440.355499 1214.151733
186.000000 2599.769043 1278.808960 213.047684 1182.020874
40.000000 2938.546631 880.177185 628.573608 1050.116821
183.000000 2626.579590 1557.599609 189.997055 1511.533447
184.000000 2806.584229 1551.061157 420.002594 1511.974976
181.000000 2629.976807 1605.338745 186.597427 1566.968018
182.000000 2809.980225 1602.202148 416.629730 1561.715332
404.000000 2956.126709 403.392700 706.661865 633.513306
177.000000 2619.776855 1464.242798 196.743958 1401.648560
178.000000 2796.479492 1447.968506 426.718750 1412.197632
179.000000 2623.196289 1511.031494 193.326294 1456.949463
180.000000 2800.029541 1500.495361 423.349792 1462.671875
189.000000 2603.532715 1271.018433 216.536865 1174.219238
190.000000 2776.756592 1237.126831 443.221161 1207.432251
191.000000 2616.434814 1417.998901 203.285797 1347.340576
192.000000 2789.758545 1397.915405 430.233978 1363.349854
517.000000 2529.293945 1450.056519 20.016272 1363.025513
204.000000 2768.933594 1228.370117 437.158661 1196.340820
205.000000 2599.589111 1264.754028 217.103149 1166.753662
216.000000 2609.862305 1325.852661 216.658157 1240.075684
217.000000 2776.279053 1297.707397 429.920410 1264.041504
218.000000 2616.383057 1371.335449 213.299744 1293.696289
219.000000 2780.201172 1348.084717 426.656403 1313.444214
380.000000 2781.583496 346.861847 562.547363 416.615204
277.000000 2799.416016 506.731812 174.337830 396.438324
1360.000000 2050.760254 307.070129 1456.000000 469.000000
246.000000 2840.441406 490.778931 275.348175 449.550385
393.000000 2708.064941 565.800720 496.105469 547.867737
47.000000 2659.379150 646.726013 419.559174 556.388550
55.000000 2566.682861 1726.399536 2.971967 1729.127197
438.000000 2716.483398 573.360779 495.161774 559.735535
284.000000 2845.886230 504.819702 263.466187 459.704620
222.000000 2170.279297 310.382233 1566.648315 478.223846
689.000000 2964.064697 726.584717 104.000000 524.000000
301.000000 2491.688477 536.804260 178.346207 213.503571
307.000000 2803.530762 196.937973 286.330292 133.897446
525.000000 2739.613037 742.495361 487.511108 731.062256
526.000000 2857.346680 688.139771 603.074036 774.030762
454.000000 2416.677734 1649.547729 3.277208 1632.148682
455.000000 2540.018799 1652.565552 136.784653 1625.823608
429.000000 2465.565918 980.079163 61.609970 726.807495
172.000000 2796.052490 213.734558 273.954041 140.037933
375.000000 2701.747314 282.399933 144.968018 62.851990
109.000000 2784.186035 1273.244141 443.002563 1243.323242
566.000000 2796.055176 1386.730591 429.703827 1346.647095
302.000000 2626.684814 1627.430420 176.664169 1596.513672
303.000000 2513.335938 1630.112671 3.213623 1599.352417
394.000000 2850.914062 701.981873 225.301178 647.013062
395.000000 2750.708496 748.202881 88.867668 596.384766
150.000000 2633.856934 1066.627197 308.547272 969.886780
344.000000 2513.333252 1640.005493 3.170945 1616.150269
345.000000 2623.341553 1640.302734 163.448181 1609.389526
248.000000 2576.871582 1107.338135 226.578918 977.046936
94.000000 2473.968994 1138.748779 34.601486 937.082336
1214.000000 2475.318604 1152.351562 33.000000 951.000000
261.000000 2578.002686 1120.272949 218.860565 991.701782
93.000000 2454.950684 863.198792 69.217949 553.864868
476.000000 2644.601318 499.886505 432.220154 410.185333
477.000000 2653.855957 603.286560 421.373627 540.114685
870.000000 1935.000000 297.000000 1374.000000 436.000000
1251.000000 2700.000000 1747.000000 510.000000 1700.000000
1004.000000 2553.000000 1487.000000 108.000000 1418.000000
686.000000 2719.000000 591.000000 94.000000 405.000000
765.000000 2482.000000 1269.000000 9.000000 1111.000000
971.000000 2765.000000 572.000000 167.000000 445.000000
1449.000000 2859.000000 681.000000 240.000000 635.000000
1041.000000 2546.000000 1394.000000 45.000000 1295.000000
1466.000000 2885.000000 1604.000000 448.000000 1562.000000
775.000000 2514.000000 1036.000000 88.000000 829.000000
1228.000000 2184.000000 341.000000 1558.000000 500.000000
1240.000000 2760.000000 585.000000 238.000000 477.000000
293.000000 2735.000000 738.000000 76.602196 573.511230
731.000000 2853.000000 517.000000 268.000000 482.000000
619.000000 2932.000000 169.000000 192.000000 58.000000
1434.000000 2556.000000 1527.000000 29.000000 1468.000000
798.000000 2518.000000 1074.000000 83.000000 877.000000
1009.000000 2742.000000 278.000000 223.000000 133.000000
759.000000 2128.000000 284.000000 1521.000000 433.000000
967.000000 2866.000000 1195.000000 139.000000 1148.000000
761.000000 2913.000000 1247.000000 207.000000 1207.000000
1347.000000 2887.000000 1228.000000 152.000000 1178.000000
1270.000000 2708.000000 596.000000 78.000000 398.000000
753.000000 2731.000000 579.000000 114.000000 409.000000
1087.000000 1933.000000 317.000000 1377.000000 464.000000
1538.000000 1737.000000 627.000000 2991.000000 582.000000
1314.000000 2732.000000 607.000000 108.000000 437.000000
400.000000 2589.000000 1335.000000 176.313599 1243.153687
1207.000000 2800.000000 571.000000 121.000000 445.000000
662.000000 2768.000000 640.000000 146.000000 513.000000
1279.000000 2480.000000 1181.000000 17.000000 964.000000
712.000000 2583.000000 1154.000000 216.000000 1032.000000
1011.000000 2512.000000 999.000000 92.000000 780.000000
1556.000000 2960.000000 601.000000 126.000000 492.000000
1547.000000 2544.000000 1356.000000 121.000000 1251.000000
1339.000000 2507.000000 1348.000000 26.000000 1226.000000
1386.000000 2017.000000 281.000000 1436.000000 427.000000
947.000000 2652.000000 382.000000 463.000000 318.000000
1235.000000 2950.000000 1620.000000 128.000000 1588.000000
676.000000 2917.000000 1486.000000 81.000000 1549.000000
785.000000 2847.000000 544.000000 257.000000 501.000000
408.000000 2951.000000 1634.000000 563.323975 1582.808472
1368.000000 2916.000000 1282.000000 557.000000 1285.000000
1271.000000 2830.000000 553.000000 240.000000 493.000000
1285.000000 2804.000000 371.000000 219.000000 175.000000
1520.000000 2537.000000 1151.000000 57.000000 979.000000
918.000000 2804.000000 677.000000 184.000000 586.000000
102.000000 3009.000000 393.000000 92.191231 370.529114
1507.000000 2531.000000 1197.000000 118.000000 1050.000000
1379.000000 2803.000000 847.000000 97.000000 734.000000
1076.000000 2809.000000 412.000000 140.000000 284.000000
300.000000 2788.000000 512.000000 160.752472 387.080811
1384.000000 2802.000000 830.000000 98.000000 718.000000
893.000000 2809.000000 602.000000 136.000000 492.000000
1500.000000 2500.000000 1079.000000 61.000000 872.000000
743.000000 2864.000000 1398.000000 461.000000 1373.000000
1269.000000 2854.000000 1307.000000 467.000000 1288.000000
994.000000 2906.000000 1154.000000 56.000000 1119.000000
290.000000 2915.000000 1265.000000 193.350098 1226.513550
1441.000000 2860.000000 869.000000 169.000000 692.000000
1537.000000 2523.000000 1155.000000 116.000000 993.000000

32.000000 2384.861084 1306.369751 2337.038574 523.514221 2110.269287 1196.480469 2085.630371 719.709045
67.000000 2807.574219 0.435125 2279.025635 442.818512 1832.611572 514.972290 1576.419678 649.529663
1.000000 3069.413818 1801.817993 2416.942871 1727.573364 1174.052979 1691.589355 2.850665 1737.754883
11.000000 2561.495850 496.245422 2618.506104 1149.839600 329.689240 296.363831 267.057251 1050.032471
15.000000 2719.034668 1086.760498 2660.678955 486.600647 403.424347 1073.340210 457.498047 363.396667
9.000000 2516.508789 1844.617310 3070.079834 1912.684814 1234.353638 1725.850952 437.459106 1768.233032
44.000000 3069.780029 1828.953613 2605.930176 1784.320679 413.618164 1766.211426 3.347840 1806.813232
35.000000 2749.046875 187.737625 2994.117188 0.005105 163.739044 8.058193 562.869873 255.368317
108.000000 2763.218994 1738.530640 3069.957520 1757.359131 533.329895 1687.833374 749.994751 1688.466431
197.000000 3002.265137 66.113708 3032.290039 370.103058 3044.637695 689.846436 3061.899414 836.442993
48.000000 2617.892090 1620.429565 2593.947998 1317.144531 169.880875 1586.359253 203.128464 1213.018188
53.000000 2579.242432 1096.721313 2559.279785 820.052002 220.752014 963.075745 254.348190 626.435303
82.000000 2973.292480 1763.783813 2699.790771 1738.972656 770.001343 1694.518188 513.335022 1694.811523
76.000000 2616.668213 1653.881470 2876.666016 1653.134644 150.067474 1624.789551 426.603790 1611.976318
51.000000 95.905991 549.561035 64.827667 783.963501 125.109177 26.836752 92.191231 370.529114
239.000000 234.242874 796.760498 257.996307 566.460022 2.820503 336.622803 13.956753 206.434860
105.000000 2510.629395 1353.115234 2523.120361 1580.011719 151.867157 1369.865723 131.999054 1586.849731
134.000000 1936.306641 379.680237 2156.751953 368.320679 1356.207886 523.328918 1539.952515 518.272766
2.000000 1886.160034 511.080383 1687.614136 417.979309 1303.524414 631.361755 350.206818 -1.995252
47.000000 2731.116699 736.201538 2753.461426 949.986633 69.217949 553.864868 34.601486 937.082336
16.000000 2695.985596 1113.403687 2676.685791 926.664673 374.143250 1053.136475 429.514191 343.295441
93.000000 2780.096436 1243.830566 2599.769043 1278.808960 440.355499 1214.151733 213.047684 1182.020874
92.000000 2626.579590 1557.599609 2806.584229 1551.061157 189.997055 1511.533447 420.002594 1511.974976
91.000000 2629.976807 1605.338745 2809.980225 1602.202148 186.597427 1566.968018 416.629730 1561.715332
89.000000 2619.776855 1464.242798 2796.479492 1447.968506 196.743958 1401.648560 426.718750 1412.197632
90.000000 2623.196289 1511.031494 2800.029541 1500.495361 193.326294 1456.949463 423.349792 1462.671875
95.000000 2603.532715 1271.018433 2776.756592 1237.126831 216.536865 1174.219238 443.221161 1207.432251
96.000000 2616.434814 1417.998901 2789.758545 1397.915405 203.285797 1347.340576 430.233978 1363.349854
103.000000 2768.933594 1228.370117 2599.589111 1264.754028 437.158661 1196.340820 217.103149 1166.753662
109.000000 2609.862305 1325.852661 2776.279053 1297.707397 216.658157 1240.075684 429.920410 1264.041504
110.000000 2616.383057 1371.335449 2780.201172 1348.084717 213.299744 1293.696289 426.656403 1313.444214
139.000000 2781.583496 346.861847 2799.416016 506.731812 191.945511 216.857422 174.337830 396.438324
124.000000 2840.441406 490.778931 2708.064941 565.800720 275.348175 449.550385 97.478401 368.224640
24.000000 2659.379150 646.726013 2673.703613 796.631287 419.559174 556.388550 381.942841 1066.809814
28.000000 2419.947754 1717.531616 2566.682861 1726.399536 2.971967 1729.127197 493.077332 1687.020264
143.000000 2716.483398 573.360779 2845.886230 504.819702 263.466187 459.704620 100.181435 386.263275
161.000000 60.038391 932.750427 203.408463 942.192627 79.560043 581.181091 236.763275 639.740662
112.000000 2027.281128 296.843018 2170.279297 310.382233 1566.648315 478.223846 1353.308716 478.687073
154.000000 106.564041 561.295593 246.740692 572.398865 137.553528 45.179424 286.330292 133.897446
232.000000 2503.386719 676.662231 2491.688477 536.804260 780.909363 670.041016 786.923157 536.678223
41.000000 516.710388 613.290588 424.439819 518.918152 939.525513 434.060913 562.385620 188.119919
147.000000 2739.613037 742.495361 2857.346680 688.139771 243.950867 634.160339 76.602196 573.511230
151.000000 149.758926 779.971191 164.921249 653.124695 160.752472 387.080811 178.346207 213.503571
230.000000 2416.677734 1649.547729 2540.018799 1652.565552 3.277208 1632.148682 136.784653 1625.823608
217.000000 2465.565918 980.079163 2474.187988 1099.938477 49.380215 866.612427 61.609970 726.807495
190.000000 2796.052490 213.734558 2701.747314 282.399933 273.954041 140.037933 144.968018 62.851990
55.000000 2784.186035 1273.244141 2796.055176 1386.730591 443.002563 1243.323242 432.844269 1576.956299
152.000000 2626.684814 1627.430420 2513.335938 1630.112671 176.664169 1596.513672 3.213623 1599.352417
237.000000 116.916954 579.216248 230.034882 586.092834 146.145355 80.893021 261.150696 148.028854
200.000000 2850.914062 701.981873 2750.708496 748.202881 225.301178 647.013062 88.867668 596.384766
75.000000 2625.584229 956.748169 2633.856934 1066.627197 330.103088 693.341370 308.547272 969.886780
174.000000 2513.333252 1640.005493 2623.341553 1640.302734 3.170945 1616.150269 163.448181 1609.389526
125.000000 2576.871582 1107.338135 2473.968994 1138.748779 226.578918 977.046936 36.690765 933.228882
131.000000 2475.318604 1152.351562 2578.002686 1120.272949 36.617325 943.519958 218.860565 991.701782
241.000000 2644.601318 499.886505 2653.855957 603.286560 432.220154 410.185333 421.373627 540.114685
36.000000 123.414055 502.365417 226.585831 510.969299 410.616943 112.360931 806.530518 363.547882
