Keypoint Matches and Line Matches for pairs 18, 27 
18 corresponds to the image ./resources/Data/CastleP30/images/0018.png 
27 corresponds to the image ./resources/Data/CastleP30/images/0027.png 

25.000000 443.263397 1675.742188 2493.177734 1729.278076
127.000000 2776.947998 169.603180 1254.418091 563.467957
128.000000 3047.148438 90.286049 1436.515381 532.445190
179.000000 211.189987 889.794128 901.945923 1089.916992
96.000000 20.727369 619.732971 2860.507324 633.627563
205.000000 40.541256 426.380554 352.259125 679.878845
821.000000 2865.245361 51.993916 1340.000000 475.000000
104.000000 820.759155 1046.709717 2184.657959 989.937500
206.000000 91.663376 450.169159 489.056610 706.899536
53.000000 528.417114 1166.832275 2678.262207 1128.917725
243.000000 245.769577 523.255432 652.494629 743.266724
1190.000000 2806.273438 432.215302 1427.000000 733.000000
568.000000 1144.681763 900.027649 2680.184570 653.320435
378.000000 657.630127 720.310486 1148.163452 851.472900
411.000000 105.659279 468.854156 789.973694 780.126160
393.000000 196.260864 898.019104 886.754883 1095.975220
337.000000 215.306442 680.132568 623.340881 876.625183
348.000000 814.393738 793.221191 1152.086304 849.951660
138.000000 1142.377441 736.736145 2646.551514 499.636444
279.000000 1138.969849 853.303223 2654.613037 643.239014
155.000000 1233.394775 900.717896 2834.543701 621.196167
156.000000 1126.654175 909.854675 2666.514160 666.096191
339.000000 926.773804 927.852661 2307.754150 757.451416
424.000000 831.991211 1226.757324 2460.332520 1133.316528
425.000000 836.397705 1129.987793 2454.583984 1019.936584
543.000000 1192.241699 796.682312 2755.092529 536.517517
438.000000 469.942261 780.150269 893.066895 924.760559
561.000000 382.148468 746.416992 1036.629028 950.214905
569.000000 1152.979736 803.327820 2673.674561 559.976196
1493.000000 1205.000000 868.000000 2796.000000 588.000000
1041.000000 156.000000 1452.000000 2909.000000 1515.000000
410.000000 25.000000 432.000000 903.248596 803.739807
610.000000 382.000000 598.000000 784.000000 778.000000
1231.000000 192.000000 1392.000000 2879.000000 1443.000000
863.000000 156.000000 648.000000 1085.000000 949.000000
903.000000 1320.000000 538.000000 1174.000000 578.000000
651.000000 858.000000 1564.000000 2260.000000 1578.000000
634.000000 211.000000 1392.000000 2898.000000 1443.000000
576.000000 130.000000 1649.000000 2872.000000 1746.000000
1317.000000 573.000000 743.000000 1870.000000 794.000000
1247.000000 1077.000000 603.000000 2865.000000 65.000000
1321.000000 1216.000000 1152.000000 2863.000000 988.000000
1245.000000 752.000000 1192.000000 1886.000000 1205.000000
1076.000000 1022.000000 675.000000 1927.000000 583.000000
1431.000000 88.000000 633.000000 2661.000000 669.000000
923.000000 195.000000 1371.000000 2876.000000 1419.000000
1130.000000 131.000000 1723.000000 2557.000000 1812.000000
1368.000000 1005.000000 677.000000 1911.000000 588.000000
1000.000000 2797.000000 67.000000 1364.000000 452.000000
952.000000 733.000000 1188.000000 2270.000000 1152.000000
742.000000 210.000000 1372.000000 2896.000000 1420.000000
1033.000000 918.000000 862.000000 1777.000000 844.000000
1113.000000 1334.000000 548.000000 1188.000000 586.000000
919.000000 570.000000 539.000000 1003.000000 708.000000
921.000000 2760.000000 163.000000 1243.000000 562.000000
1499.000000 65.000000 1009.000000 2835.000000 1034.000000
1182.000000 2924.000000 17.000000 1413.000000 450.000000
1513.000000 406.000000 1896.000000 1056.000000 1972.000000
1238.000000 1222.000000 841.000000 2824.000000 547.000000
1183.000000 592.000000 715.000000 1074.000000 855.000000
839.000000 2962.000000 9.000000 1479.000000 466.000000
875.000000 882.000000 1565.000000 2343.000000 1577.000000
710.000000 2835.000000 9.000000 1295.000000 475.000000
1426.000000 165.000000 1467.000000 2905.000000 1482.000000
1251.000000 62.000000 1045.000000 2491.000000 1123.000000
325.000000 694.000000 1526.000000 2220.002930 1584.470947
1458.000000 43.000000 1058.000000 461.000000 1201.000000
1311.000000 124.000000 1636.000000 2860.000000 1730.000000
1370.000000 584.000000 818.000000 1067.000000 946.000000
1128.000000 740.000000 1072.000000 1708.000000 1109.000000

6.000000 518.169495 593.660339 445.175171 1673.232544 981.469177 749.562866 926.386597 1729.984619
5.000000 1033.949463 723.353821 1003.943848 1626.686890 1956.618652 649.925171 1980.691650 1706.726807
7.000000 2.381885 315.204132 529.917297 583.495911 73.422752 542.940063 981.469177 749.562866
16.000000 545.760925 591.767517 834.857361 738.689209 999.991638 753.370056 1287.645142 819.047974
66.000000 2776.947998 169.603180 3047.148438 90.286049 1254.418091 563.467957 1436.515381 532.445190
93.000000 190.987595 1100.094849 211.189987 889.794128 892.169128 1253.263672 901.945923 1089.916992
106.000000 20.727369 619.732971 40.541256 426.380554 334.563660 836.805420 352.259125 679.878845
107.000000 91.663376 450.169159 72.335541 640.237488 489.056610 706.899536 473.807709 863.379578
97.000000 76.208260 639.434204 229.244125 699.918091 477.204681 863.692200 637.390259 892.666260
98.000000 114.620872 1486.850220 56.733459 1340.666992 2873.522461 1533.950928 2774.990967 1406.152100
145.000000 482.513489 797.013306 490.412903 643.344177 908.746948 939.830872 919.153076 799.945618
161.000000 233.316589 528.752319 105.659279 468.854156 636.272888 748.556519 503.162476 720.819946
204.000000 196.260864 898.019104 62.929577 858.012268 886.754883 1095.975220 769.864197 1081.064453
77.000000 92.653175 1626.944092 107.005394 1489.686890 2889.418457 1716.728760 2870.486084 1539.591797
175.000000 215.306442 680.132568 92.563622 631.961243 623.340881 876.625183 496.029572 853.508850
205.000000 172.736557 1082.702515 46.344448 1054.792480 876.622803 1240.468872 759.731445 1229.538330
139.000000 365.735474 751.134338 482.513489 797.013306 765.824463 913.776367 908.746948 939.830872
144.000000 1142.377441 736.736145 1138.969849 853.303223 2644.293213 503.262573 2654.613037 643.239014
183.000000 554.769958 826.347778 651.517151 862.714661 1020.805298 958.729858 1143.871338 980.258179
227.000000 469.942261 780.150269 382.148468 746.416992 893.066895 924.760559 783.163330 904.244141
