Keypoint Matches and Line Matches for pairs 1, 2 
1 corresponds to the image ./resources/Data/CastleP30/images/0001.png 
2 corresponds to the image ./resources/Data/CastleP30/images/0002.png 

0.000000 2340.002441 376.720703 2966.505371 355.399902
6.000000 2051.969971 643.620789 2604.655273 677.147766
4.000000 2120.516357 1573.509155 2711.256836 1710.190063
5.000000 2063.072021 653.141602 2616.915527 679.672058
12.000000 353.557159 1403.343140 865.682983 1486.768066
13.000000 389.327667 589.823853 898.930908 716.620483
8.000000 1263.200684 680.036377 1750.060303 760.616516
9.000000 2050.069336 648.389221 2600.397217 677.392151
30.000000 377.229584 580.168518 886.887207 713.342590
46.000000 174.773849 1146.559082 677.544312 1246.522461
47.000000 206.777222 583.339600 708.275513 723.232056
55.000000 1261.278809 669.938721 1749.813843 756.492859
2.000000 435.768677 513.425415 940.241760 649.595886
50.000000 397.962219 1183.234619 913.695068 1276.683838
51.000000 423.982147 646.375000 937.541504 773.059082
43.000000 307.212830 1163.359497 816.349731 1263.473633
48.000000 717.911987 1239.954102 1236.139771 1333.324585
49.000000 729.568604 709.990540 1244.660156 819.966675
52.000000 726.553467 704.164673 1243.253784 812.562439
53.000000 1246.695068 680.628845 1733.535156 761.955261
70.000000 1251.389404 683.317871 1740.082886 766.664856
555.000000 1257.148315 1199.994629 1752.606934 1293.353149
56.000000 504.687531 693.380981 1025.072388 813.386902
57.000000 486.856934 1200.124023 1010.181213 1296.774902
60.000000 337.649628 1166.710083 848.646362 1266.607056
61.000000 359.728546 666.654663 869.498108 793.311218
62.000000 712.363098 723.459045 1224.543213 833.408569
63.000000 701.551880 1213.367554 1216.709229 1306.667358
40.000000 134.948608 520.094055 634.550049 666.742615
33.000000 389.354095 570.945190 898.923523 701.935486
68.000000 2069.894287 647.364990 2620.174561 675.118835
69.000000 2413.209961 633.591003 3043.375244 633.761719
16.000000 339.808685 1695.557373 754.214783 1765.219238
94.000000 736.878418 557.172913 1253.697388 677.427307
97.000000 1093.371948 617.687927 1593.444092 707.764832
98.000000 776.653748 629.657410 1293.135986 738.043152
872.000000 1236.911987 630.910583 1720.000000 709.000000
19.000000 303.741211 1682.422852 727.142700 1759.820435
73.000000 372.425781 1176.773926 885.305969 1276.750366
20.000000 297.293884 1670.696167 724.103210 1748.199219
113.000000 1403.289917 602.391663 1886.385254 674.049683
114.000000 1119.943604 615.441345 1626.522827 701.996094
24.000000 264.439362 1653.873901 694.000122 1730.855835
219.000000 1463.328613 599.883972 1966.751343 667.414062
116.000000 199.340958 1113.276367 708.274780 1203.586182
89.000000 2386.642334 1525.941162 3040.025879 1666.075439
90.000000 2126.824707 1534.690552 2716.658447 1669.134399
171.000000 734.325562 376.381683 1236.920410 497.354309
172.000000 490.687225 352.876587 1023.563904 491.540039
123.000000 17.960083 346.749603 514.692993 516.764465
165.000000 235.144867 486.760132 737.220398 633.362671
166.000000 222.932648 723.484619 725.724548 850.126831
318.000000 966.802979 638.360779 1469.761597 740.718018
177.000000 500.909454 365.189087 1026.985962 502.319733
178.000000 727.357910 390.476593 1233.572754 510.906830
1318.000000 227.283432 1637.396729 664.000000 1705.000000
187.000000 267.788300 1109.903076 775.041870 1209.927490
188.000000 277.140015 896.541321 783.824463 1013.206421
167.000000 432.645203 946.774902 951.085571 1040.283447
168.000000 423.916168 1160.160156 943.164612 1256.904297
207.000000 86.819183 430.010040 587.122925 589.799438
208.000000 73.234985 636.660217 574.093872 776.719666
209.000000 507.443329 379.211151 1033.536255 516.057373
210.000000 710.998413 400.415955 1216.912842 521.171509
197.000000 246.150864 1316.639404 755.500488 1406.603638
198.000000 235.419800 1520.109985 745.218811 1596.948608
173.000000 564.480591 1206.606567 1084.044678 1303.346802
1517.000000 570.075195 1003.243713 1088.000000 1100.000000
145.000000 2062.226807 1527.182495 2644.544922 1653.972656
146.000000 2052.893311 1326.222656 2628.002441 1426.569458
159.000000 2094.143555 1526.798340 2679.206543 1656.730835
160.000000 2083.697510 1326.647705 2661.413574 1436.552490
201.000000 289.356293 746.639160 795.110657 869.929199
202.000000 297.905792 546.577148 803.757935 679.867676
286.000000 890.069336 1572.064331 1396.666748 1665.160645
203.000000 571.813171 953.287842 1089.357422 1056.740356
204.000000 577.693481 756.697388 1094.563354 866.700378
224.000000 510.027527 399.707733 1036.700439 535.181396
225.000000 703.839600 417.956940 1213.427368 539.206970
129.000000 2363.273682 558.872375 2986.342529 553.833069
130.000000 2169.952637 569.105957 2746.432129 581.284424
185.000000 278.450897 1083.247192 784.997620 1199.906738
186.000000 289.204437 889.955750 795.979797 1003.294983
142.000000 507.935760 1203.269165 1033.634277 1296.675171
308.000000 173.128540 380.288513 666.590027 536.801025
1499.000000 88.396423 606.755188 586.000000 749.000000
176.000000 97.959541 419.895569 596.509399 576.485779
67.000000 186.537460 1635.788574 623.638489 1707.756348
213.000000 75.886024 993.280701 573.996338 1116.713379
214.000000 88.252251 809.882141 586.677856 936.667480
248.000000 288.355835 556.583069 795.064880 693.252441
249.000000 279.029297 739.950623 786.475403 863.323669
143.000000 1866.485229 1579.439575 2413.305664 1704.770386
179.000000 2322.908447 1480.034302 2957.484375 1611.111572
180.000000 2308.921875 1306.484863 2936.781494 1406.302734
153.000000 352.158386 1646.699341 861.593994 1723.324829
250.000000 735.729675 1353.323608 1253.937988 1446.624878
251.000000 733.932068 1526.672852 1252.333740 1617.571289
183.000000 2161.581055 1313.236084 2754.021973 1412.966553
184.000000 2172.045898 1483.412476 2771.974609 1609.819946
246.000000 64.811417 990.072388 563.420166 1116.671021
247.000000 73.145805 819.827637 571.984680 946.431152
281.000000 482.774292 843.322144 1004.385193 953.340942
282.000000 486.169434 673.256836 1005.541870 793.301086
288.000000 883.328918 1563.112793 1393.339233 1655.633789
289.000000 716.662415 1566.453369 1236.677612 1654.742065
411.000000 1260.115479 629.531128 1746.466675 711.257324
535.000000 1052.240723 1356.661133 1548.874512 1443.379883
41.000000 156.744568 1123.005249 600.445190 1217.943481
347.000000 478.384552 679.944397 999.046997 803.302612
348.000000 472.989319 836.654846 994.423096 946.701782
316.000000 153.519989 1615.033447 639.798706 1687.434937
317.000000 306.834991 1598.199707 786.867615 1675.893799
414.000000 470.463837 1116.688477 994.810486 1203.381470
415.000000 477.669678 963.067688 999.055603 1073.085327
242.000000 2144.201904 979.945007 2723.145752 1039.705933
243.000000 2155.253662 1133.791992 2739.071045 1210.086792
265.000000 1754.643921 1146.768066 2276.837402 1231.035889
266.000000 1746.952515 993.319031 2265.535400 1066.747803
279.000000 1602.556885 999.904724 2108.415771 1076.572021
280.000000 1609.073608 1153.514404 2117.092285 1236.824097
254.000000 2019.571777 1136.691528 2579.730957 1217.763184
255.000000 2010.687134 983.486816 2564.925781 1049.859253
328.000000 1337.943115 726.633667 1828.283569 806.611023
329.000000 1341.912476 880.036743 1833.332642 953.333374
269.000000 586.702209 624.538635 1103.801636 741.926575
270.000000 462.589294 534.357361 961.058594 664.176270
234.000000 2303.607422 1126.914429 2922.816650 1203.392944
235.000000 2291.431396 976.550781 2902.779053 1029.679443
290.000000 406.402527 580.369812 913.107971 707.876526
291.000000 529.066284 667.974060 1048.919678 785.230042
261.000000 1864.682373 993.265076 2397.432373 1059.707642
262.000000 1872.269287 1143.218506 2409.107178 1223.396973
332.000000 893.086670 1176.663818 1398.147583 1270.000366
333.000000 894.823303 1026.645386 1398.120483 1123.333008
334.000000 703.413025 1562.697754 1223.790161 1649.504395
335.000000 712.798584 1416.205322 1231.396240 1503.059570
330.000000 753.603638 1033.277466 1269.599609 1130.891357
331.000000 750.928162 1180.016968 1265.868042 1276.715576
217.000000 2176.602295 1487.469116 2776.664551 1611.834473
223.000000 2300.009033 1130.325195 2919.906006 1204.460327
258.000000 602.097534 669.980408 1115.233643 786.655029
228.000000 2306.752930 1302.272705 2933.309082 1402.522339
229.000000 2166.575439 1307.599121 2756.700928 1407.810303
275.000000 1859.841797 849.142273 2386.390869 906.328552
276.000000 2001.241455 843.613403 2546.489014 894.301636
256.000000 1876.574707 1143.968384 2413.168213 1226.575928
445.000000 49.364498 483.513672 549.469788 639.963806
446.000000 40.017773 623.334534 541.042175 763.404480
346.000000 1994.584717 713.140625 2540.613281 749.952148
355.000000 1852.385986 717.375122 2375.476807 763.188293
362.000000 910.009949 1456.670166 1416.524414 1549.980469
363.000000 909.862610 1596.670044 1417.381592 1690.015991
302.000000 2384.790039 526.885315 3010.655273 517.084595
303.000000 2368.855713 390.133331 2987.089600 366.080475
874.000000 519.969971 341.008209 1045.000000 479.000000
819.000000 656.912231 345.085693 1170.000000 477.000000
236.000000 2123.141602 838.998901 2689.699463 882.901245
277.000000 2006.722900 981.433838 2560.135986 1045.362793
278.000000 1869.874512 986.801147 2399.961670 1056.093140
306.000000 1599.854736 859.455444 2102.980957 928.413818
238.000000 2286.735840 972.321411 2900.130127 1025.591553
239.000000 2149.892822 976.400146 2726.604492 1035.584961
450.000000 753.187683 1183.009644 1269.876099 1277.190186
451.000000 889.903076 1177.565430 1393.263550 1271.749512
324.000000 1743.370972 991.015381 2260.043213 1064.063721
325.000000 1606.645020 996.080933 2113.298584 1072.744385
390.000000 800.992126 1500.026733 1315.008667 1593.300903
391.000000 804.668823 1363.279663 1317.676636 1456.686401
244.000000 2250.192383 703.973145 2846.866943 719.080566
245.000000 2113.445068 707.574646 2676.655518 733.200195
436.000000 873.298340 1525.429932 1380.000366 1618.424927
320.000000 1730.083374 718.819458 2243.393066 773.994812
321.000000 1596.562988 723.987061 2096.718750 787.242188
307.000000 1741.322510 853.431885 2254.583740 917.183960
359.000000 1734.786255 720.092163 2247.052979 776.641968
403.000000 1036.543457 884.390076 1532.578613 976.649170
368.000000 1477.026978 734.871887 1970.800781 804.617798
369.000000 1343.658081 740.728027 1834.176880 818.376648
476.000000 759.860107 893.403564 1273.159546 994.387024
437.000000 894.293701 887.175171 1398.349731 983.333923
577.000000 1176.693970 744.247437 1668.531372 830.027954
449.000000 890.012024 1023.686707 1393.797363 1124.554077
458.000000 873.348511 1348.149414 1380.005737 1441.209961
459.000000 739.994995 1349.513062 1256.675293 1441.800537
314.000000 217.048660 241.326050 733.935669 406.019440
315.000000 86.830795 252.001953 589.636230 438.377808
237.000000 2264.451172 830.163208 2863.867432 867.967285
338.000000 2254.870850 700.132324 2849.604248 723.024170
339.000000 2109.278320 706.501831 2673.696289 736.322144
340.000000 2117.490234 836.614685 2687.113770 880.269043
478.000000 893.374939 754.354492 1393.850830 858.839539
356.000000 1856.414062 846.676880 2384.966064 903.448364
378.000000 1592.137329 726.599243 2092.296143 789.881104
379.000000 1596.242188 856.680054 2099.379395 926.698792
400.000000 1484.247925 863.398071 1980.279785 936.784058
401.000000 1480.764893 733.312866 1975.146118 803.263611
374.000000 1349.973267 868.860535 1843.066650 949.089478
375.000000 1480.058105 865.811462 1979.821655 940.496033
110.000000 84.843231 1218.449219 536.379944 1312.675903
456.000000 758.918396 763.386902 1272.757568 870.038818
457.000000 755.903320 890.061157 1269.603027 993.327087
439.000000 273.443665 463.175476 772.499023 608.139160
440.000000 169.593887 390.580963 663.495911 546.379700
402.000000 1038.425781 750.011292 1532.246460 843.332703
438.000000 895.573181 759.998108 1398.304077 856.667297
361.000000 1175.220947 1062.779175 1675.879272 1163.254517
499.000000 237.951752 970.076965 745.370361 1080.123291
500.000000 230.555832 1093.566284 738.307922 1196.765991
432.000000 589.646057 1499.943115 1107.895508 1583.286621
433.000000 590.756958 1623.326538 1109.193604 1710.008301
357.000000 1373.111572 1160.752075 1869.683594 1250.342407
358.000000 1493.317505 1156.245605 2009.999390 1243.322021
300.000000 2296.674805 1313.571777 2923.364746 1414.373535
301.000000 2176.703369 1317.726562 2770.070557 1419.002319
447.000000 410.049347 1527.945801 929.949158 1607.590576
448.000000 529.980103 1530.827148 1053.276001 1614.375122
151.000000 356.597412 1592.668701 866.619080 1668.973999
513.000000 1049.297485 1174.063965 1546.007080 1266.321655
514.000000 1166.528931 1167.529297 1659.728271 1259.071411
268.000000 447.515564 1510.201660 972.293640 1593.420898
370.000000 1996.788574 992.729004 2550.080078 1057.856812
371.000000 1880.057007 997.943420 2413.359375 1067.052124
194.000000 436.299866 836.875854 956.207031 943.610046
326.000000 2276.780518 983.536438 2886.775146 1038.624023
327.000000 2160.020264 987.296509 2740.005371 1046.762207
479.000000 658.638611 1616.741333 1174.779175 1703.369263
480.000000 660.281982 1500.004028 1177.765625 1583.029663
426.000000 1733.404541 1002.018250 2250.157227 1075.967896
427.000000 1616.765381 1006.132690 2123.345215 1083.533936
487.000000 194.918976 1380.888916 694.688110 1463.411011
488.000000 182.458298 1496.572388 687.814575 1583.207886
462.000000 2417.664795 459.884430 3038.852539 439.659302
463.000000 2430.788818 573.242004 3057.586670 559.856628
501.000000 713.472473 1283.860718 1233.327637 1376.778687
502.000000 600.087402 1278.237793 1116.623535 1370.847778
418.000000 1641.232178 1250.452148 2158.265869 1340.924194
419.000000 1555.782104 1325.176636 2060.923584 1426.825195
443.000000 1720.108765 729.394714 2233.515381 785.347900
444.000000 1606.689941 733.918091 2109.986084 796.512207
351.000000 2303.414795 1472.745239 2936.675049 1598.190674
352.000000 2189.983643 1476.112793 2793.327637 1598.976807
350.000000 1423.270508 1345.552124 1669.956055 1439.963379
422.000000 1986.754883 832.625305 2530.244873 883.331055
423.000000 1873.437500 836.433350 2403.527588 892.644226
420.000000 1942.309448 1436.704102 2522.053711 1550.098877
421.000000 1946.452881 1550.007812 2531.836426 1676.782227
416.000000 2000.027832 1127.396240 2560.150391 1206.513672
1008.000000 1886.732056 1131.714233 2424.000000 1214.000000
543.000000 593.331116 1278.908203 1106.701172 1371.575195
544.000000 479.998260 1279.137939 999.939697 1373.912964
685.000000 590.001587 1320.148682 1118.000000 1408.000000
1159.000000 1150.130005 1015.249756 1644.000000 1102.000000
503.000000 1037.090942 1022.919556 1535.299927 1116.663086
570.000000 264.663025 986.751770 771.147095 1089.828491
372.000000 2246.770508 822.724854 2843.480225 858.474609
373.000000 2136.676270 826.920715 2706.903076 869.575378
474.000000 1723.444214 842.974060 2236.897949 906.240295
475.000000 1613.348633 847.077148 2116.862305 915.791626
481.000000 1736.770996 1136.176025 2256.822754 1219.877441
482.000000 1626.674561 1140.215942 2136.620605 1225.719482
531.000000 1163.322266 866.330078 1656.652954 953.148743
532.000000 1053.331055 869.932007 1546.764404 961.315796
560.000000 863.372498 1358.064819 1373.342163 1451.313110
561.000000 753.365479 1361.146973 1269.991089 1452.003906
299.000000 459.811066 1153.326660 982.929932 1250.085815
382.000000 2283.379639 1117.843262 2900.068604 1191.527832
383.000000 2173.418701 1122.169800 2763.377686 1197.655396
485.000000 1606.690430 1423.911255 2109.996826 1529.906616
486.000000 1716.642090 1419.399536 2229.966553 1525.710205
523.000000 1473.328003 1007.881104 1973.326782 1089.428223
524.000000 1363.311768 1008.159668 1859.894043 1090.723145
558.000000 2422.247559 669.985229 3053.496094 673.381042
572.000000 99.890335 656.895203 596.561035 793.601379
573.000000 3.112502 610.460266 503.270233 756.826721
466.000000 2382.009766 1316.518799 3028.437500 1423.132324
467.000000 2389.867676 1423.343018 3042.099121 1543.473389
517.000000 1466.800293 853.350708 1963.452148 928.173462
518.000000 1359.904785 857.612061 1850.035400 937.115173
571.000000 249.711502 1096.650513 763.269226 1190.256470
1274.000000 473.337585 1380.686768 993.000000 1464.000000
1512.000000 873.328674 1166.500977 1381.000000 1261.000000
917.000000 766.746826 1169.507690 1279.000000 1265.000000
483.000000 413.781433 412.912476 941.043274 551.995605
484.000000 310.263519 420.339447 823.026550 575.099670
562.000000 477.944611 516.384094 1010.818848 646.782898
563.000000 492.073761 413.618469 1025.129761 545.975281
580.000000 469.924042 1501.247070 993.298035 1584.856689
581.000000 573.362976 1497.480591 1093.325073 1582.906738
1378.000000 473.360229 1440.817505 991.000000 1522.000000
574.000000 876.683105 877.222168 1383.386230 973.985352
1422.000000 856.690369 1514.415649 1368.000000 1608.000000
955.000000 753.333557 1516.677856 1265.000000 1607.000000
1459.000000 777.184753 1060.010986 1291.000000 1148.000000
495.000000 2243.664307 1330.163574 2851.506592 1436.460571
496.000000 2249.278320 1433.191040 2867.361328 1552.326050
566.000000 707.450073 675.574036 1220.511719 785.960022
567.000000 607.055298 657.804443 1120.428345 773.284546
679.000000 645.000000 1366.000000 1161.000000 1456.000000
1036.000000 925.000000 635.000000 1422.000000 735.000000
596.000000 656.000000 912.000000 1170.000000 1015.000000
1158.000000 649.000000 1200.000000 1165.000000 1294.000000
595.000000 262.000000 700.000000 770.000000 828.000000
983.000000 645.000000 1383.000000 1161.000000 1473.000000
770.000000 55.000000 558.000000 557.000000 706.000000
637.000000 606.000000 1361.000000 1124.000000 1451.000000
614.000000 614.000000 1058.000000 1130.000000 1157.000000
764.000000 2212.000000 794.000000 2802.000000 829.000000
1048.000000 820.000000 850.000000 1329.000000 950.000000
857.000000 622.000000 764.000000 1137.000000 874.000000
1058.000000 653.000000 1032.000000 1167.000000 1131.000000
892.000000 424.000000 385.000000 948.000000 526.000000
768.000000 652.000000 1066.000000 1167.000000 1164.000000
841.000000 1136.000000 857.000000 1630.000000 945.000000
1128.000000 2135.000000 797.000000 2709.000000 836.000000
1381.000000 225.000000 1335.000000 735.000000 1423.000000
1447.000000 220.000000 918.000000 724.000000 1031.000000
636.000000 605.000000 1379.000000 1123.000000 1468.000000
604.000000 264.000000 670.000000 771.000000 800.000000
890.000000 1855.000000 594.000000 2376.000000 632.000000
901.000000 595.000000 1347.000000 1113.000000 1437.000000
740.000000 967.000000 1388.000000 1471.000000 1481.000000
776.000000 32.000000 938.000000 534.000000 1054.000000
939.000000 967.000000 1409.000000 1471.000000 1503.000000
590.000000 51.000000 626.000000 552.000000 768.000000
613.000000 875.000000 827.000000 1380.000000 926.000000
800.000000 1383.000000 806.000000 1876.000000 883.000000
805.000000 1990.000000 587.000000 2530.000000 615.000000
646.000000 265.000000 640.000000 773.000000 772.000000
605.000000 614.000000 1075.000000 1130.000000 1174.000000
810.000000 663.000000 625.000000 1175.000000 739.000000
624.000000 657.000000 880.000000 1171.000000 985.000000
781.000000 798.000000 1133.000000 1310.000000 1228.000000
705.000000 246.000000 959.000000 754.000000 1069.000000
673.000000 615.000000 1024.000000 1131.000000 1124.000000
1508.000000 223.000000 1380.000000 733.000000 1464.000000
748.000000 594.000000 1400.000000 1112.000000 1489.000000
946.000000 633.000000 1351.000000 1150.000000 1442.000000
1137.000000 626.000000 614.000000 1140.000000 730.000000
678.000000 594.000000 1364.000000 1112.000000 1454.000000
1144.000000 856.000000 1499.000000 1366.000000 1591.000000
1242.000000 507.000000 1642.000000 1002.000000 1722.000000
1009.000000 852.000000 1048.000000 1360.000000 1144.000000
803.000000 623.000000 1190.000000 1140.000000 1285.000000
1458.000000 627.000000 583.000000 1141.000000 701.000000
632.000000 2192.000000 795.000000 2777.000000 831.000000
1086.000000 249.000000 898.000000 757.000000 1012.000000
1226.000000 1412.000000 569.000000 1910.000000 639.000000
731.000000 618.000000 904.000000 1134.000000 1008.000000
1223.000000 1083.000000 1097.000000 1581.000000 1189.000000
1241.000000 622.000000 779.000000 1137.000000 889.000000
849.000000 1136.000000 838.000000 1630.000000 926.000000
713.000000 820.000000 869.000000 1328.000000 968.000000
1026.000000 273.000000 736.000000 781.000000 860.000000
668.000000 609.000000 1228.000000 1127.000000 1322.000000
1506.000000 638.000000 628.000000 1152.000000 743.000000
1421.000000 606.000000 906.000000 1122.000000 1010.000000
1186.000000 623.000000 733.000000 1138.000000 844.000000
1302.000000 1383.000000 846.000000 1878.000000 924.000000
622.000000 2148.000000 1514.000000 2744.000000 1641.000000
826.000000 1404.000000 826.000000 1898.000000 903.000000
1528.000000 836.000000 829.000000 1344.000000 929.000000
667.000000 1637.000000 796.000000 2143.000000 861.000000
878.000000 618.000000 920.000000 1134.000000 1023.000000
1308.000000 310.000000 1569.000000 778.000000 1646.000000
1059.000000 657.000000 896.000000 1170.000000 1000.000000
655.000000 802.000000 782.000000 1313.000000 885.000000
864.000000 1137.000000 951.000000 1630.000000 1040.000000
980.000000 852.000000 1156.000000 1361.000000 1249.000000
960.000000 255.000000 1295.000000 763.000000 1385.000000
1292.000000 607.000000 921.000000 1122.000000 1026.000000
1163.000000 950.000000 1388.000000 1454.000000 1482.000000
786.000000 782.000000 831.000000 1294.000000 933.000000
1407.000000 623.000000 1207.000000 1140.000000 1302.000000
743.000000 1063.000000 1351.000000 1562.000000 1446.000000
854.000000 1291.000000 1315.000000 1788.000000 1410.000000
695.000000 2441.000000 214.000000 3058.000000 156.000000
798.000000 2228.000000 1058.000000 2828.000000 1124.000000
623.000000 798.000000 1108.000000 1310.000000 1203.000000
1116.000000 588.000000 1115.000000 1105.000000 1212.000000
807.000000 220.000000 1444.000000 730.000000 1526.000000
671.000000 53.000000 593.000000 554.000000 737.000000
887.000000 58.000000 524.000000 559.000000 674.000000
1190.000000 1446.000000 1084.000000 1946.000000 1169.000000
660.000000 605.000000 1397.000000 1123.000000 1485.000000
1257.000000 1439.000000 824.000000 1934.000000 900.000000
832.000000 802.000000 831.000000 1312.000000 931.000000
1156.000000 637.000000 1220.000000 1152.000000 1314.000000
1006.000000 1138.000000 1095.000000 1634.000000 1186.000000
718.000000 238.000000 625.000000 742.000000 758.000000
647.000000 2211.000000 773.000000 2799.000000 806.000000
593.000000 269.000000 570.000000 776.000000 707.000000
755.000000 223.000000 1368.000000 733.000000 1453.000000
1455.000000 42.000000 825.000000 546.000000 950.000000
836.000000 56.000000 822.000000 558.000000 947.000000
1198.000000 781.000000 1397.000000 1296.000000 1488.000000
591.000000 856.000000 828.000000 1362.000000 927.000000
699.000000 950.000000 1409.000000 1454.000000 1503.000000
1464.000000 1404.000000 805.000000 1897.000000 881.000000
775.000000 649.000000 1183.000000 1165.000000 1277.000000
1238.000000 1618.000000 837.000000 2123.000000 905.000000
1219.000000 2439.000000 228.000000 3056.000000 172.000000
1030.000000 614.000000 614.000000 1129.000000 731.000000
1297.000000 1649.000000 1103.000000 2162.000000 1185.000000
908.000000 1648.000000 1077.000000 2161.000000 1158.000000
1149.000000 1156.000000 837.000000 1650.000000 924.000000
881.000000 2194.000000 815.000000 2780.000000 854.000000
1211.000000 598.000000 1196.000000 1116.000000 1290.000000
1016.000000 664.000000 595.000000 1176.000000 710.000000
744.000000 1705.000000 1075.000000 2223.000000 1155.000000
979.000000 518.000000 310.000000 1043.000000 450.000000
827.000000 632.000000 1370.000000 1150.000000 1459.000000
897.000000 821.000000 830.000000 1330.000000 930.000000
1105.000000 1638.000000 816.000000 2144.000000 882.000000
628.000000 2156.000000 796.000000 2734.000000 834.000000
676.000000 653.000000 1049.000000 1167.000000 1148.000000
1082.000000 852.000000 1131.000000 1361.000000 1225.000000
697.000000 2192.000000 1084.000000 2786.000000 1155.000000
765.000000 435.000000 1447.000000 959.000000 1532.000000
732.000000 267.000000 599.000000 774.000000 733.000000
1230.000000 966.000000 1429.000000 1470.000000 1523.000000
1399.000000 2157.000000 817.000000 2736.000000 858.000000
924.000000 743.000000 448.000000 1256.000000 564.000000
684.000000 780.000000 1478.000000 1296.000000 1569.000000
1323.000000 856.000000 869.000000 1362.000000 966.000000
653.000000 649.000000 1217.000000 1164.000000 1311.000000
1064.000000 598.000000 1230.000000 1115.000000 1325.000000
723.000000 1309.000000 1198.000000 1805.000000 1289.000000
683.000000 659.000000 774.000000 1173.000000 882.000000
882.000000 1444.000000 1026.000000 1943.000000 1109.000000
815.000000 1459.000000 803.000000 1955.000000 876.000000
1504.000000 1933.000000 1093.000000 2479.000000 1170.000000
702.000000 875.000000 848.000000 1380.000000 946.000000
759.000000 218.000000 1477.000000 728.000000 1557.000000
1380.000000 653.000000 1015.000000 1168.000000 1115.000000
703.000000 838.000000 1452.000000 1349.000000 1544.000000
808.000000 631.000000 902.000000 1146.000000 1006.000000
885.000000 2154.000000 775.000000 2731.000000 811.000000
905.000000 627.000000 1072.000000 1143.000000 1170.000000
1414.000000 1726.000000 1074.000000 2246.000000 1153.000000
1162.000000 1809.000000 1353.000000 2343.000000 1454.000000
991.000000 2133.000000 1514.000000 2726.000000 1641.000000
696.000000 619.000000 872.000000 1135.000000 978.000000
1369.000000 1907.000000 1010.000000 2448.000000 1080.000000
1175.000000 838.000000 1395.000000 1350.000000 1487.000000
780.000000 59.000000 679.000000 558.000000 816.000000
693.000000 852.000000 1105.000000 1361.000000 1200.000000
1330.000000 593.000000 1383.000000 1112.000000 1472.000000
1020.000000 1692.000000 793.000000 2203.000000 855.000000
906.000000 607.000000 1421.000000 1123.000000 1501.000000
1025.000000 361.000000 575.000000 870.000000 706.000000
1145.000000 222.000000 1411.000000 731.000000 1494.000000
850.000000 116.000000 1155.000000 569.000000 1253.000000
865.000000 1157.000000 816.000000 1650.000000 904.000000
824.000000 2250.000000 1082.000000 2857.000000 1152.000000
934.000000 1238.000000 982.000000 1731.000000 1068.000000
1004.000000 1714.000000 813.000000 2228.000000 875.000000
1434.000000 1968.000000 1092.000000 2520.000000 1168.000000
922.000000 940.000000 1439.000000 1446.000000 1533.000000
1358.000000 412.000000 463.000000 941.000000 601.000000
823.000000 26.000000 369.000000 523.000000 535.000000
1017.000000 2248.000000 1056.000000 2854.000000 1123.000000
589.000000 270.000000 541.000000 777.000000 680.000000
1179.000000 604.000000 1026.000000 1120.000000 1127.000000
1471.000000 1214.000000 818.000000 1704.000000 902.000000
639.000000 2131.000000 1500.000000 2723.000000 1624.000000
661.000000 627.000000 1055.000000 1143.000000 1154.000000
793.000000 476.000000 1228.000000 1000.000000 1322.000000
945.000000 800.000000 1396.000000 1315.000000 1488.000000
831.000000 694.000000 1235.000000 1208.000000 1328.000000
1468.000000 1943.000000 1009.000000 2489.000000 1078.000000
790.000000 1363.000000 827.000000 1856.000000 906.000000
852.000000 1419.000000 845.000000 1914.000000 922.000000
1024.000000 660.000000 759.000000 1173.000000 867.000000
1270.000000 1646.000000 1019.000000 2157.000000 1096.000000
1489.000000 588.000000 1334.000000 1105.000000 1425.000000
1203.000000 637.000000 1185.000000 1153.000000 1280.000000
747.000000 615.000000 1041.000000 1131.000000 1140.000000
1554.000000 1413.000000 588.000000 1910.000000 658.000000
1416.000000 2154.000000 986.000000 2735.000000 1045.000000
1293.000000 2233.000000 793.000000 2827.000000 826.000000
1023.000000 1913.000000 1119.000000 2457.000000 1200.000000
779.000000 983.000000 1429.000000 1486.000000 1523.000000
927.000000 284.000000 1266.000000 793.000000 1357.000000
1259.000000 1706.000000 1101.000000 2224.000000 1182.000000
835.000000 1946.000000 1067.000000 2494.000000 1141.000000
1412.000000 1713.000000 792.000000 2226.000000 853.000000
542.000000 250.000000 725.000000 759.827637 850.159668
1070.000000 1332.000000 1368.000000 1598.000000 1463.000000
1176.000000 1062.000000 1098.000000 1560.000000 1190.000000
1284.000000 338.000000 1201.000000 850.000000 1296.000000
1326.000000 116.000000 396.000000 614.000000 555.000000
919.000000 610.000000 1210.000000 1127.000000 1305.000000
1187.000000 2134.000000 776.000000 2706.000000 813.000000
886.000000 2325.000000 417.000000 2955.000000 400.000000
888.000000 274.000000 1158.000000 782.000000 1255.000000
729.000000 450.000000 1644.000000 949.000000 1722.000000
1104.000000 336.000000 1248.000000 848.000000 1340.000000
1138.000000 397.000000 471.000000 927.000000 610.000000
972.000000 1017.000000 1435.000000 1518.000000 1530.000000
1334.000000 623.000000 749.000000 1137.000000 859.000000
1180.000000 444.000000 1475.000000 968.000000 1559.000000
1557.000000 1728.000000 1125.000000 2249.000000 1208.000000
677.000000 260.000000 730.000000 768.000000 855.000000
1476.000000 1235.000000 1193.000000 1730.000000 1285.000000
1513.000000 1266.000000 1234.000000 1762.000000 1326.000000
1537.000000 449.000000 1354.000000 973.000000 1442.000000
709.000000 612.000000 354.000000 1121.000000 484.000000
1118.000000 1466.000000 1083.000000 1967.000000 1168.000000
930.000000 1932.000000 805.000000 2471.000000 856.000000
1289.000000 2264.000000 1363.000000 2886.000000 1472.000000
1483.000000 178.000000 544.000000 678.000000 687.000000
598.000000 1404.000000 845.000000 1898.000000 923.000000
1089.000000 1973.000000 782.000000 2518.000000 829.000000
1071.000000 94.000000 1153.000000 544.000000 1250.000000
413.000000 1047.000000 757.000000 1537.157959 845.841614
778.000000 799.000000 1050.000000 1311.000000 1147.000000
700.000000 801.000000 1373.000000 1315.000000 1466.000000
834.000000 1136.000000 817.000000 1630.000000 906.000000
648.000000 602.000000 1061.000000 1119.000000 1160.000000
935.000000 2207.000000 1377.000000 2813.000000 1488.000000
1143.000000 670.000000 879.000000 1183.000000 983.000000
742.000000 671.000000 369.000000 1178.000000 494.000000
753.000000 802.000000 851.000000 1312.000000 952.000000
915.000000 705.000000 720.000000 1218.000000 829.000000
1084.000000 1438.000000 804.000000 1933.000000 879.000000
1110.000000 1897.000000 807.000000 2431.000000 859.000000
712.000000 1101.000000 858.000000 1596.000000 948.000000
1276.000000 480.000000 1562.000000 902.000000 1645.000000
900.000000 635.000000 778.000000 1149.000000 887.000000
1005.000000 816.000000 1157.000000 1326.000000 1251.000000
1539.000000 1418.000000 805.000000 1912.000000 880.000000
717.000000 695.000000 799.000000 1206.000000 905.000000
1092.000000 614.000000 337.000000 1127.000000 468.000000
802.000000 247.000000 928.000000 756.000000 1041.000000
528.000000 2071.000000 592.000000 2623.363037 610.271240
1067.000000 2119.000000 712.000000 2685.000000 743.000000
1234.000000 699.000000 644.000000 1209.000000 755.000000
1147.000000 722.000000 399.000000 1229.000000 519.000000
547.000000 1141.000000 879.000000 1636.596436 965.983582
1298.000000 2171.000000 1085.000000 2760.000000 1157.000000
994.000000 2265.000000 1351.000000 2884.000000 1459.000000
1275.000000 431.000000 1651.000000 920.000000 1727.000000
884.000000 1950.000000 1117.000000 2499.000000 1198.000000
1014.000000 34.000000 903.000000 535.000000 1022.000000
631.000000 2191.000000 774.000000 2775.000000 808.000000
1408.000000 639.000000 613.000000 1152.000000 728.000000
821.000000 872.000000 1105.000000 1379.000000 1199.000000
1375.000000 95.000000 892.000000 594.000000 1010.000000
1077.000000 983.000000 1388.000000 1487.000000 1482.000000
1141.000000 135.000000 498.000000 634.000000 647.000000
797.000000 233.000000 215.000000 747.000000 382.000000
694.000000 635.000000 1403.000000 1151.000000 1492.000000
1520.000000 281.000000 577.000000 788.000000 712.000000
996.000000 277.000000 1402.000000 787.000000 1485.000000
962.000000 1932.000000 1067.000000 2477.000000 1142.000000
1041.000000 1139.000000 1021.000000 1633.000000 1111.000000
1356.000000 1970.000000 1116.000000 2524.000000 1197.000000
1372.000000 1917.000000 785.000000 2453.000000 835.000000
942.000000 1425.000000 1359.000000 1676.000000 1455.000000
811.000000 395.000000 483.000000 915.000000 621.000000
616.000000 2191.000000 1058.000000 2783.000000 1126.000000
1362.000000 663.000000 1179.000000 1178.000000 1274.000000
1385.000000 1067.000000 584.000000 1567.000000 677.000000
1542.000000 188.000000 1445.000000 696.000000 1525.000000
746.000000 611.000000 1193.000000 1127.000000 1288.000000
988.000000 1898.000000 826.000000 2433.000000 881.000000
1396.000000 603.000000 1043.000000 1120.000000 1143.000000
936.000000 626.000000 629.000000 1140.000000 744.000000
1287.000000 222.000000 760.000000 725.000000 884.000000
1417.000000 2232.000000 773.000000 2824.000000 803.000000
1250.000000 420.000000 615.000000 933.000000 740.000000
1164.000000 610.000000 765.000000 1126.000000 875.000000
998.000000 457.000000 1067.000000 980.000000 1168.000000
1120.000000 779.000000 1501.000000 1295.000000 1591.000000
754.000000 1391.000000 1112.000000 1888.000000 1199.000000
1484.000000 482.000000 1470.000000 1008.000000 1553.000000
947.000000 2208.000000 1389.000000 2815.000000 1501.000000
926.000000 661.000000 729.000000 1174.000000 839.000000
698.000000 607.000000 890.000000 1123.000000 995.000000
1098.000000 1934.000000 825.000000 2473.000000 878.000000
1337.000000 100.000000 1072.000000 551.000000 1176.000000
762.000000 627.000000 1038.000000 1143.000000 1138.000000
1310.000000 39.000000 690.000000 537.000000 827.000000
839.000000 1967.000000 1065.000000 2518.000000 1139.000000
1043.000000 1581.000000 607.000000 2077.000000 665.000000
929.000000 676.000000 290.000000 1188.000000 419.000000
640.000000 1137.000000 1037.000000 1632.000000 1127.000000
1217.000000 1084.000000 1123.000000 1581.000000 1214.000000
599.000000 856.000000 848.000000 1362.000000 947.000000
993.000000 640.000000 1003.000000 1154.000000 1104.000000
1002.000000 676.000000 1307.000000 1190.000000 1399.000000
867.000000 601.000000 628.000000 1115.000000 745.000000
1248.000000 1082.000000 1040.000000 1612.000000 1129.000000
1031.000000 874.000000 867.000000 1379.000000 965.000000
792.000000 129.000000 1162.000000 582.000000 1255.000000
1191.000000 446.000000 530.000000 945.000000 659.000000
1142.000000 1890.000000 1094.000000 2431.000000 1173.000000
1101.000000 1229.000000 940.000000 1721.000000 1027.000000
642.000000 1363.000000 847.000000 1858.000000 926.000000
1444.000000 1067.000000 603.000000 1567.000000 695.000000
1496.000000 25.000000 389.000000 522.000000 551.000000
1281.000000 599.000000 1179.000000 1127.000000 1271.000000
758.000000 611.000000 780.000000 1126.000000 890.000000
879.000000 300.000000 742.000000 804.000000 865.000000
686.000000 644.000000 898.000000 1159.000000 1002.000000
1080.000000 837.000000 1499.000000 1349.000000 1590.000000
1003.000000 233.000000 716.000000 737.000000 842.000000
1543.000000 983.000000 1408.000000 1487.000000 1503.000000
1131.000000 633.000000 1387.000000 1150.000000 1476.000000
950.000000 456.000000 1121.000000 979.000000 1219.000000
842.000000 2366.000000 1373.000000 3006.000000 1486.000000
1233.000000 636.000000 747.000000 1149.000000 872.000000
651.000000 72.000000 484.000000 561.000000 632.000000
763.000000 1638.000000 836.000000 2145.000000 904.000000
1519.000000 1425.000000 1085.000000 1924.000000 1169.000000
666.000000 1363.000000 807.000000 1855.000000 885.000000
1114.000000 1944.000000 590.000000 2476.000000 622.000000
611.000000 861.000000 638.000000 1362.000000 742.000000
1252.000000 684.000000 325.000000 1193.000000 451.000000
840.000000 2053.000000 592.000000 2600.000000 630.000000
760.000000 950.000000 1429.000000 1455.000000 1523.000000
847.000000 780.000000 1453.000000 1296.000000 1545.000000
1346.000000 2212.000000 1057.000000 2809.000000 1125.000000
662.000000 2175.000000 775.000000 2757.000000 809.000000
1095.000000 640.000000 1051.000000 1156.000000 1150.000000
964.000000 1875.000000 807.000000 2407.000000 861.000000
868.000000 857.000000 1476.000000 1367.000000 1568.000000
1415.000000 1625.000000 1020.000000 2135.000000 1098.000000
1076.000000 1877.000000 827.000000 2409.000000 883.000000
958.000000 1628.000000 1104.000000 2139.000000 1187.000000
1239.000000 1963.000000 1008.000000 2512.000000 1076.000000
968.000000 1465.000000 1027.000000 1964.000000 1108.000000
866.000000 1659.000000 835.000000 2168.000000 902.000000
749.000000 1912.000000 1094.000000 2455.000000 1171.000000
976.000000 33.000000 889.000000 535.000000 1009.000000
876.000000 292.000000 793.000000 798.000000 912.000000
1552.000000 687.000000 847.000000 1198.000000 951.000000
851.000000 1446.000000 1110.000000 1947.000000 1196.000000
625.000000 212.000000 305.000000 732.000000 466.000000
654.000000 838.000000 1476.000000 1349.000000 1568.000000
789.000000 607.000000 874.000000 1123.000000 980.000000
1365.000000 1102.000000 819.000000 1596.000000 909.000000
1273.000000 334.000000 556.000000 841.000000 690.000000
721.000000 459.000000 1005.000000 971.000000 1106.000000
1300.000000 1951.000000 783.000000 2494.000000 831.000000
1420.000000 395.000000 1282.000000 912.000000 1373.000000
785.000000 782.000000 1373.000000 1297.000000 1465.000000
796.000000 1218.000000 1031.000000 1711.000000 1119.000000
707.000000 233.000000 1225.000000 739.000000 1319.000000
1559.000000 489.000000 1295.000000 1013.000000 1385.000000
1560.000000 617.000000 1393.000000 1135.000000 1482.000000
1220.000000 1693.000000 814.000000 2205.000000 877.000000
1373.000000 624.000000 1172.000000 1140.000000 1268.000000
1087.000000 191.000000 464.000000 692.000000 613.000000
1402.000000 2212.000000 1460.000000 2808.000000 1583.000000
1394.000000 266.000000 612.000000 773.000000 746.000000
1280.000000 636.000000 1157.000000 1151.000000 1253.000000
1475.000000 447.000000 1419.000000 971.000000 1505.000000
1140.000000 1468.000000 739.000000 1962.000000 809.000000
799.000000 1383.000000 826.000000 1877.000000 904.000000
1353.000000 860.000000 626.000000 1362.000000 731.000000
175.000000 85.000000 645.000000 585.792786 783.288025
1500.000000 1669.000000 1076.000000 2183.000000 1157.000000
1453.000000 581.000000 746.000000 1097.000000 858.000000
1546.000000 157.000000 1221.000000 599.000000 1307.000000
1196.000000 408.000000 1405.000000 926.000000 1490.000000
984.000000 1735.000000 585.000000 2250.000000 632.000000
1033.000000 470.000000 783.000000 991.000000 898.000000
791.000000 1112.000000 996.000000 1606.000000 1086.000000
1169.000000 1954.000000 824.000000 2497.000000 876.000000
1195.000000 832.000000 1050.000000 1342.000000 1146.000000
1139.000000 1715.000000 833.000000 2229.000000 897.000000
825.000000 260.000000 932.000000 769.000000 1044.000000
1451.000000 211.000000 1089.000000 716.000000 1190.000000
1556.000000 1695.000000 834.000000 2206.000000 899.000000
658.000000 974.000000 1439.000000 1478.000000 1533.000000
828.000000 2214.000000 1084.000000 2812.000000 1154.000000
889.000000 2177.000000 795.000000 2759.000000 832.000000
1355.000000 79.000000 671.000000 578.000000 807.000000
1354.000000 249.000000 1005.000000 759.000000 1113.000000
1258.000000 611.000000 750.000000 1126.000000 861.000000
1040.000000 644.000000 852.000000 1157.000000 958.000000
1205.000000 693.000000 374.000000 1200.000000 498.000000
1066.000000 278.000000 647.000000 785.000000 777.000000
1182.000000 1896.000000 786.000000 2430.000000 837.000000
1433.000000 967.000000 1366.000000 1471.000000 1459.000000
1387.000000 310.000000 1542.000000 736.000000 1622.000000
1085.000000 1023.000000 1025.000000 1521.000000 1118.000000
1065.000000 2404.000000 1337.000000 3058.000000 1443.000000
801.000000 648.000000 363.000000 1156.000000 491.000000
575.000000 769.000000 882.000000 1283.502441 982.085327
971.000000 1460.000000 843.000000 1956.000000 918.000000
701.000000 657.000000 865.000000 1171.000000 970.000000
1262.000000 676.000000 624.000000 1188.000000 738.000000
193.000000 447.000000 641.000000 964.828247 750.215210
844.000000 264.000000 751.000000 769.000000 875.000000
1130.000000 1062.000000 1040.000000 1559.000000 1132.000000
735.000000 1953.000000 804.000000 2495.000000 854.000000
1404.000000 2252.000000 1108.000000 2861.000000 1182.000000
1290.000000 1657.000000 795.000000 2165.000000 859.000000
1462.000000 662.000000 1414.000000 1177.000000 1503.000000
522.000000 405.000000 1522.000000 931.770203 1593.529663
1442.000000 836.000000 869.000000 1344.000000 968.000000
989.000000 801.000000 871.000000 1313.000000 971.000000
1319.000000 500.000000 733.000000 1021.000000 849.000000
817.000000 1439.000000 844.000000 1935.000000 920.000000
670.000000 1399.000000 1648.000000 1651.000000 1762.000000
1060.000000 312.000000 1504.000000 824.000000 1584.000000
963.000000 275.000000 1473.000000 784.000000 1553.000000
1305.000000 631.000000 918.000000 1146.000000 1021.000000
858.000000 16.000000 573.000000 518.000000 721.000000
1079.000000 1886.000000 1011.000000 2424.000000 1081.000000
1151.000000 640.000000 1034.000000 1156.000000 1134.000000
672.000000 275.000000 707.000000 783.000000 833.000000
714.000000 1242.000000 1307.000000 1739.000000 1401.000000
1469.000000 457.000000 1094.000000 979.000000 1193.000000
1216.000000 951.000000 1439.000000 1467.000000 1533.000000
1199.000000 36.000000 659.000000 535.000000 799.000000
1012.000000 1448.000000 612.000000 1938.000000 680.000000
341.000000 2242.000000 707.000000 2833.389648 730.627625
818.000000 1082.000000 859.000000 1577.000000 950.000000
1448.000000 648.000000 775.000000 1162.000000 884.000000
1541.000000 808.000000 1212.000000 1319.000000 1305.000000
1213.000000 2257.000000 1387.000000 2874.000000 1498.000000
603.000000 63.000000 444.000000 563.000000 601.000000
1495.000000 319.000000 1334.000000 812.000000 1386.000000
931.000000 93.000000 1047.000000 530.000000 1148.000000
1047.000000 193.000000 1333.000000 701.000000 1420.000000
894.000000 277.000000 676.000000 784.000000 805.000000
665.000000 1910.000000 1067.000000 2453.000000 1143.000000
720.000000 211.000000 842.000000 714.000000 962.000000
1210.000000 2232.000000 1108.000000 2835.000000 1182.000000
1389.000000 1687.000000 1434.000000 2194.000000 1540.000000
1109.000000 2418.000000 260.000000 3031.000000 211.000000
1324.000000 992.000000 1353.000000 1486.000000 1459.000000
1288.000000 459.000000 778.000000 981.000000 895.000000
895.000000 645.000000 913.000000 1159.000000 1017.000000
1277.000000 1082.000000 839.000000 1577.000000 930.000000
1000.000000 1670.000000 1102.000000 2185.000000 1185.000000
782.000000 1082.000000 820.000000 1577.000000 910.000000
1253.000000 1138.000000 1120.000000 1634.000000 1211.000000
846.000000 636.000000 1203.000000 1153.000000 1297.000000
674.000000 798.000000 1158.000000 1310.000000 1252.000000
1160.000000 77.000000 1579.000000 524.000000 1649.000000
1321.000000 377.000000 1306.000000 892.000000 1395.000000
453.000000 167.000000 1392.000000 680.080994 1481.385498
1010.000000 501.000000 390.000000 1019.000000 514.000000
1400.000000 666.000000 1029.000000 1180.000000 1129.000000
1157.000000 652.000000 611.000000 1176.000000 725.000000
715.000000 449.000000 1578.000000 938.000000 1661.000000
1057.000000 645.000000 882.000000 1159.000000 987.000000
641.000000 209.000000 477.000000 710.000000 624.000000
965.000000 192.000000 1219.000000 698.000000 1322.000000
1011.000000 631.000000 886.000000 1146.000000 991.000000
1194.000000 463.000000 692.000000 984.000000 813.000000
771.000000 649.000000 1166.000000 1165.000000 1261.000000
1181.000000 1084.000000 1148.000000 1581.000000 1239.000000
1183.000000 1159.000000 1095.000000 1655.000000 1185.000000
675.000000 619.000000 888.000000 1134.000000 993.000000
710.000000 470.000000 757.000000 992.000000 874.000000
1454.000000 627.000000 598.000000 1141.000000 715.000000
1100.000000 211.000000 1334.000000 719.000000 1421.000000
1341.000000 241.000000 553.000000 745.000000 692.000000
310.000000 1483.000000 1457.000000 1743.791992 1556.496704
1518.000000 648.000000 715.000000 1160.000000 825.000000
1474.000000 1062.000000 1124.000000 1560.000000 1216.000000
1424.000000 998.000000 1452.000000 1500.000000 1546.000000
1206.000000 259.000000 767.000000 765.000000 890.000000
1050.000000 666.000000 1046.000000 1180.000000 1145.000000
1152.000000 614.000000 1091.000000 1130.000000 1189.000000
1074.000000 619.000000 1375.000000 1136.000000 1465.000000
1522.000000 1460.000000 1244.000000 1962.000000 1337.000000
1153.000000 1061.000000 820.000000 1557.000000 912.000000
454.000000 37.000000 620.000000 531.266663 759.846069
1232.000000 73.000000 532.000000 574.000000 681.000000
1336.000000 343.000000 1720.000000 706.000000 1793.000000
1091.000000 1382.000000 1394.000000 1858.000000 1493.000000
1184.000000 594.000000 981.000000 1108.000000 1083.000000
1410.000000 1665.000000 1484.000000 2171.000000 1595.000000
1121.000000 9.000000 660.000000 497.000000 796.000000
1446.000000 2267.000000 1378.000000 2887.000000 1488.000000
1488.000000 89.000000 681.000000 588.000000 816.000000
218.000000 1644.000000 591.000000 2143.415283 647.390747

0.000000 2340.002441 376.720703 1039.823730 436.144409 2966.505371 355.399902 1532.648071 537.951050
3.000000 2051.969971 643.620789 2109.066162 1576.519775 2604.655273 677.147766 2693.748535 1666.929321
2.000000 2120.516357 1573.509155 2063.072021 653.141602 2711.256836 1710.190063 2616.915527 679.672058
6.000000 353.557159 1403.343140 389.327667 589.823853 865.682983 1486.768066 898.930908 716.620483
4.000000 1263.200684 680.036377 2050.069336 648.389221 1750.060303 760.616516 2600.397217 677.392151
15.000000 377.229584 580.168518 346.089264 1300.263306 886.887207 713.342590 859.520569 1363.453491
23.000000 174.773849 1146.559082 206.777222 583.339600 677.544312 1246.522461 708.275513 723.232056
11.000000 1999.780151 595.538086 1436.664551 623.289917 2593.348389 623.480103 1883.333130 696.664429
27.000000 1268.541260 1216.597534 1261.278809 669.938721 1762.782471 1240.014771 1749.813843 756.492859
1.000000 435.768677 513.425415 -0.753865 185.439728 940.241760 649.595886 5.213705 90.190353
25.000000 397.962219 1183.234619 423.982147 646.375000 913.695068 1276.683838 937.541504 773.059082
21.000000 332.718262 630.130005 307.212830 1163.359497 841.782349 716.749573 816.349731 1263.473633
24.000000 717.911987 1239.954102 729.568604 709.990540 1236.139771 1333.324585 1244.660156 819.966675
26.000000 726.553467 704.164673 1246.695068 680.628845 1243.253784 812.562439 1733.535156 761.955261
35.000000 1251.389404 683.317871 1257.148315 1199.994629 1740.082886 766.664856 1749.331543 1183.422119
28.000000 504.687531 693.380981 486.856934 1200.124023 1025.072388 813.386902 1010.181213 1296.774902
30.000000 337.649628 1166.710083 359.728546 666.654663 848.646362 1266.607056 869.498108 793.311218
44.000000 1226.663940 1709.613281 1723.399048 1706.183716 1656.901855 1842.504517 1996.619019 1828.816284
31.000000 712.363098 723.459045 701.551880 1213.367554 1224.543213 833.408569 1216.709229 1306.667358
20.000000 134.948608 520.094055 106.607796 1006.663208 634.550049 666.742615 600.445190 1217.943481
16.000000 1.550323 305.942596 389.354095 570.945190 333.321442 387.361389 898.923523 701.935486
34.000000 2069.894287 647.364990 2413.209961 633.591003 2620.174561 675.118835 3043.375244 633.761719
47.000000 1037.302734 431.520721 736.878418 557.172913 1532.138062 544.169128 1253.697388 677.427307
49.000000 1093.371948 617.687927 776.653748 629.657410 1593.444092 707.764832 1293.135986 738.043152
64.000000 1236.911987 630.910583 930.114136 648.642029 1716.784546 714.380127 1476.823975 741.396973
36.000000 385.690643 876.623535 372.425781 1176.773926 902.707825 866.640137 885.305969 1276.750366
57.000000 1403.289917 602.391663 1119.943604 615.441345 1886.385254 674.049683 1626.522827 701.996094
110.000000 1723.300171 589.192566 1463.328613 599.883972 2143.415283 647.390747 1966.751343 667.414062
58.000000 221.749222 854.060852 199.340958 1113.276367 721.065796 953.558411 708.274780 1203.586182
45.000000 2386.642334 1525.941162 2126.824707 1534.690552 3040.025879 1666.075439 2716.658447 1669.134399
86.000000 734.325562 376.381683 490.687225 352.876587 1236.920410 497.354309 1023.563904 491.540039
62.000000 17.960083 346.749603 2.581968 586.618469 514.692993 516.764465 497.175995 760.276428
83.000000 235.144867 486.760132 222.932648 723.484619 737.220398 633.362671 725.724548 850.126831
161.000000 966.802979 638.360779 733.638062 657.120911 1469.761597 740.718018 1323.098267 754.088745
89.000000 500.909454 365.189087 727.357910 390.476593 1026.985962 502.319733 1233.572754 510.906830
74.000000 1845.520996 1356.737183 1859.273438 1580.044800 2385.112061 1432.973999 2401.095215 1660.391602
271.000000 900.203308 1605.616577 683.097168 1613.474976 1393.378052 1699.792480 1283.311401 1698.402710
94.000000 267.788300 1109.903076 277.140015 896.541321 775.041870 1209.927490 783.824463 1013.206421
84.000000 432.645203 946.774902 423.916168 1160.160156 951.085571 1040.283447 943.164612 1256.904297
104.000000 86.819183 430.010040 73.234985 636.660217 587.122925 589.799438 574.093872 776.719666
105.000000 507.443329 379.211151 710.998413 400.415955 1033.536255 516.057373 1216.912842 521.171509
99.000000 246.150864 1316.639404 235.419800 1520.109985 755.500488 1406.603638 745.218811 1596.948608
60.000000 1804.599976 1539.943115 1795.463379 1336.421387 2344.468994 1703.276245 2332.070801 1456.562622
87.000000 564.480591 1206.606567 570.075195 1003.243713 1084.044678 1303.346802 1088.016113 1093.295776
73.000000 2062.226807 1527.182495 2052.893311 1326.222656 2644.544922 1653.972656 2628.002441 1426.569458
80.000000 2094.143555 1526.798340 2083.697510 1326.647705 2679.206543 1656.730835 2661.413574 1436.552490
101.000000 289.356293 746.639160 297.905792 546.577148 795.110657 869.929199 803.757935 679.867676
145.000000 890.069336 1572.064331 689.959229 1578.785400 1396.666748 1665.160645 1239.999878 1665.153564
102.000000 571.813171 953.287842 577.693481 756.697388 1089.357422 1056.740356 1094.563354 866.700378
113.000000 510.027527 399.707733 703.839600 417.956940 1036.700439 535.181396 1213.427368 539.206970
65.000000 2363.273682 558.872375 2169.952637 569.105957 2986.342529 553.833069 2746.432129 581.284424
93.000000 278.450897 1083.247192 289.204437 889.955750 784.997620 1199.906738 795.979797 1003.294983
71.000000 513.944397 1010.018982 507.935760 1203.269165 1040.174194 1066.671631 1033.634277 1296.675171
156.000000 173.128540 380.288513 327.009827 489.516541 666.590027 536.801025 796.245117 610.739197
88.000000 88.396423 606.755188 97.959541 419.895569 585.792786 783.288025 596.509399 576.485779
107.000000 75.886024 993.280701 88.252251 809.882141 573.996338 1116.713379 586.677856 936.667480
125.000000 288.355835 556.583069 279.029297 739.950623 795.064880 693.252441 786.475403 863.323669
72.000000 1866.485229 1579.439575 2046.560181 1571.047729 2413.305664 1704.770386 2643.316895 1703.550293
51.000000 2059.956787 572.401794 1880.035889 580.770569 2629.909180 592.514099 2333.193604 625.406738
90.000000 2322.908447 1480.034302 2308.921875 1306.484863 2957.484375 1611.111572 2936.781494 1406.302734
77.000000 352.158386 1646.699341 347.342072 1473.407227 861.593994 1723.324829 862.679871 1499.964355
126.000000 735.729675 1353.323608 733.932068 1526.672852 1253.937988 1446.624878 1252.333740 1617.571289
92.000000 2161.581055 1313.236084 2172.045898 1483.412476 2754.021973 1412.966553 2771.974609 1609.819946
124.000000 64.811417 990.072388 73.145805 819.827637 563.420166 1116.671021 571.984680 946.431152
142.000000 482.774292 843.322144 486.169434 673.256836 1004.385193 953.340942 1005.541870 793.301086
146.000000 883.328918 1563.112793 716.662415 1566.453369 1393.339233 1655.633789 1236.677612 1654.742065
208.000000 1426.662231 626.426636 1260.115479 629.531128 1876.543701 698.723328 1746.466675 711.257324
272.000000 1052.240723 1356.661133 1052.620117 1521.065918 1548.874512 1443.379883 1553.416260 1553.329956
176.000000 478.384552 679.944397 472.989319 836.654846 999.046997 803.302612 994.423096 946.701782
160.000000 153.519989 1615.033447 306.834991 1598.199707 639.798706 1687.434937 786.867615 1675.893799
210.000000 470.463837 1116.688477 477.669678 963.067688 994.810486 1203.381470 999.055603 1073.085327
122.000000 2144.201904 979.945007 2155.253662 1133.791992 2723.145752 1039.705933 2739.071045 1210.086792
134.000000 1754.643921 1146.768066 1746.952515 993.319031 2276.837402 1231.035889 2265.535400 1066.747803
141.000000 1602.556885 999.904724 1609.073608 1153.514404 2108.415771 1076.572021 2117.092285 1236.824097
128.000000 2019.571777 1136.691528 2010.687134 983.486816 2579.730957 1217.763184 2564.925781 1049.859253
166.000000 1337.943115 726.633667 1341.912476 880.036743 1828.283569 806.611023 1833.332642 953.333374
136.000000 586.702209 624.538635 462.589294 534.357361 1103.801636 741.926575 961.058594 664.176270
118.000000 2303.607422 1126.914429 2291.431396 976.550781 2922.816650 1203.392944 2902.779053 1029.679443
147.000000 406.402527 580.369812 529.066284 667.974060 913.107971 707.876526 1048.919678 785.230042
132.000000 1864.682373 993.265076 1872.269287 1143.218506 2397.432373 1059.707642 2409.107178 1223.396973
168.000000 893.086670 1176.663818 894.823303 1026.645386 1398.147583 1270.000366 1398.120483 1123.333008
169.000000 703.413025 1562.697754 712.798584 1416.205322 1223.790161 1649.504395 1231.396240 1503.059570
167.000000 753.603638 1033.277466 750.928162 1180.016968 1269.599609 1130.891357 1265.868042 1276.715576
109.000000 2176.602295 1487.469116 2323.259033 1483.741943 2776.664551 1611.834473 2957.484375 1611.111572
112.000000 2155.253662 1133.791992 2300.009033 1130.325195 2743.134033 1211.983154 2919.906006 1204.460327
130.000000 599.822571 813.330505 602.097534 669.980408 1113.879517 953.364868 1115.233643 786.655029
144.000000 1609.073608 1153.514404 1750.049072 1147.827271 2119.820557 1239.777954 2276.837402 1231.035889
115.000000 2306.752930 1302.272705 2166.575439 1307.599121 2933.309082 1402.522339 2756.700928 1407.810303
139.000000 1859.841797 849.142273 2001.241455 843.613403 2386.390869 906.328552 2546.489014 894.301636
129.000000 1876.574707 1143.968384 2016.639160 1139.194336 2413.168213 1226.575928 2579.730957 1217.763184
226.000000 49.364498 483.513672 40.017773 623.334534 549.469788 639.963806 541.042175 763.404480
143.000000 1994.584717 713.140625 1852.385986 717.375122 2536.694824 746.994080 2380.037354 760.436035
184.000000 910.009949 1456.670166 909.862610 1596.670044 1416.524414 1549.980469 1417.381592 1690.015991
234.000000 519.969971 341.008209 656.912231 345.085693 1022.393311 486.767059 1143.256592 469.463867
119.000000 2123.141602 838.998901 2259.982910 832.949219 2689.699463 882.901245 2863.867432 867.967285
140.000000 2006.722900 981.433838 1869.874512 986.801147 2560.135986 1045.362793 2399.961670 1056.093140
155.000000 1599.854736 859.455444 1736.703979 854.328796 2102.980957 928.413818 2254.583740 917.183960
120.000000 2286.735840 972.321411 2149.892822 976.400146 2900.130127 1025.591553 2726.604492 1035.584961
229.000000 753.187683 1183.009644 889.903076 1177.565430 1269.876099 1277.190186 1393.263550 1271.749512
164.000000 1743.370972 991.015381 1606.645020 996.080933 2260.043213 1064.063721 2113.298584 1072.744385
198.000000 800.992126 1500.026733 804.668823 1363.279663 1315.008667 1593.300903 1317.676636 1456.686401
123.000000 2250.192383 703.973145 2113.445068 707.574646 2846.866943 719.080566 2676.655518 733.200195
221.000000 736.646729 1529.294922 873.298340 1525.429932 1252.333740 1617.571289 1380.000366 1618.424927
162.000000 1730.083374 718.819458 1596.562988 723.987061 2243.393066 773.994812 2096.718750 787.242188
182.000000 1741.322510 853.431885 1734.786255 720.092163 2254.583740 917.183960 2247.052979 776.641968
278.000000 1036.543457 884.390076 1169.847412 877.178833 1532.578613 976.649170 1636.596436 965.983582
187.000000 1477.026978 734.871887 1343.658081 740.728027 1970.800781 804.617798 1834.176880 818.376648
242.000000 759.860107 893.403564 894.293701 887.175171 1273.159546 994.387024 1393.224121 985.234070
209.000000 1176.693970 744.247437 1043.280396 748.227173 1667.358398 834.892883 1537.157959 845.841614
228.000000 890.012024 1023.686707 756.719421 1028.218506 1393.797363 1124.554077 1269.599609 1130.891357
233.000000 873.348511 1348.149414 739.994995 1349.513062 1380.005737 1441.209961 1256.675293 1441.800537
171.000000 2264.451172 830.163208 2254.870850 700.132324 2863.867432 867.967285 2849.604248 723.024170
172.000000 2109.278320 706.501831 2117.490234 836.614685 2673.696289 736.322144 2687.113770 880.269043
175.000000 2001.241455 843.613403 1994.584717 713.140625 2551.812988 893.451965 2540.613281 749.952148
243.000000 893.374939 754.354492 763.319336 759.655884 1393.850830 858.839539 1272.757568 870.038818
180.000000 1852.385986 717.375122 1856.414062 846.676880 2375.476807 763.188293 2384.966064 903.448364
192.000000 1592.137329 726.599243 1596.242188 856.680054 2092.296143 789.881104 2099.379395 926.698792
203.000000 1484.247925 863.398071 1480.764893 733.312866 1980.279785 936.784058 1975.146118 803.263611
190.000000 1349.973267 868.860535 1480.058105 865.811462 1843.066650 949.089478 1979.821655 940.496033
55.000000 68.059441 1346.412109 84.843231 1218.449219 510.468445 1586.710938 536.379944 1312.675903
232.000000 758.918396 763.386902 755.903320 890.061157 1272.757568 870.038818 1269.603027 993.327087
223.000000 273.443665 463.175476 169.593887 390.580963 772.499023 608.139160 663.495911 546.379700
204.000000 1038.425781 750.011292 1037.613037 876.694092 1532.246460 843.332703 1532.578613 976.649170
222.000000 894.293701 887.175171 895.573181 759.998108 1398.349731 983.333923 1398.304077 856.667297
183.000000 1188.389648 1186.837646 1175.220947 1062.779175 1680.218750 1303.429810 1675.879272 1163.254517
48.000000 126.379410 849.979797 135.055450 726.553406 617.403381 1140.045532 636.347778 833.313660
254.000000 237.951752 970.076965 230.555832 1093.566284 745.370361 1080.123291 738.307922 1196.765991
219.000000 589.646057 1499.943115 590.756958 1623.326538 1107.895508 1583.286621 1109.193604 1710.008301
181.000000 1373.111572 1160.752075 1493.317505 1156.245605 1869.683594 1250.342407 2009.999390 1243.322021
152.000000 2296.674805 1313.571777 2176.703369 1317.726562 2923.364746 1414.373535 2770.070557 1419.002319
227.000000 410.049347 1527.945801 529.980103 1530.827148 929.949158 1607.590576 1053.276001 1614.375122
76.000000 356.597412 1592.668701 473.385529 1580.500854 866.619080 1668.973999 1093.261841 1658.459106
261.000000 1049.297485 1174.063965 1166.528931 1167.529297 1546.007080 1266.321655 1659.728271 1259.071411
135.000000 453.150696 1393.324585 447.515564 1510.201660 978.538635 1429.944214 972.293640 1593.420898
188.000000 1996.788574 992.729004 1880.057007 997.943420 2550.080078 1057.856812 2413.359375 1067.052124
97.000000 444.518219 720.318604 436.299866 836.875854 964.828247 750.215210 956.207031 943.610046
165.000000 2276.780518 983.536438 2160.020264 987.296509 2886.775146 1038.624023 2740.005371 1046.762207
244.000000 658.638611 1616.741333 660.281982 1500.004028 1174.779175 1703.369263 1177.765625 1583.029663
216.000000 1733.404541 1002.018250 1616.765381 1006.132690 2250.157227 1075.967896 2123.345215 1083.533936
248.000000 194.918976 1380.888916 182.458298 1496.572388 694.688110 1463.411011 687.814575 1583.207886
235.000000 2417.664795 459.884430 2430.788818 573.242004 3038.852539 439.659302 3057.586670 559.856628
255.000000 713.472473 1283.860718 600.087402 1278.237793 1233.327637 1376.778687 1116.623535 1370.847778
212.000000 1641.232178 1250.452148 1555.782104 1325.176636 2158.265869 1340.924194 2060.923584 1426.825195
225.000000 1720.108765 729.394714 1606.689941 733.918091 2233.515381 785.347900 2109.986084 796.512207
178.000000 2303.414795 1472.745239 2189.983643 1476.112793 2936.675049 1598.190674 2793.327637 1598.976807
177.000000 1536.675415 1343.951172 1423.270508 1345.552124 1813.305054 1439.023071 1669.956055 1439.963379
214.000000 1986.754883 832.625305 1873.437500 836.433350 2530.244873 883.331055 2403.527588 892.644226
213.000000 1942.309448 1436.704102 1946.452881 1550.007812 2522.053711 1550.098877 2531.836426 1676.782227
211.000000 2000.027832 1127.396240 1886.732056 1131.714233 2560.150391 1206.513672 2429.968750 1212.673584
276.000000 593.331116 1278.908203 479.998260 1279.137939 1106.701172 1371.575195 999.939697 1373.912964
290.000000 264.663025 986.751770 257.622650 1096.727905 771.147095 1089.828491 763.269226 1190.256470
189.000000 2246.770508 822.724854 2136.676270 826.920715 2843.480225 858.474609 2706.903076 869.575378
241.000000 1723.444214 842.974060 1613.348633 847.077148 2236.897949 906.240295 2116.862305 915.791626
245.000000 1736.770996 1136.176025 1626.674561 1140.215942 2256.822754 1219.877441 2136.620605 1225.719482
270.000000 1163.322266 866.330078 1053.331055 869.932007 1656.652954 953.148743 1546.764404 961.315796
285.000000 863.372498 1358.064819 753.365479 1361.146973 1373.342163 1451.313110 1269.991089 1452.003906
151.000000 463.704254 1043.346436 459.811066 1153.326660 987.421387 1096.688721 982.929932 1250.085815
194.000000 2283.379639 1117.843262 2173.418701 1122.169800 2900.068604 1191.527832 2763.377686 1197.655396
247.000000 1606.690430 1423.911255 1716.642090 1419.399536 2109.996826 1529.906616 2229.966553 1525.710205
266.000000 1473.328003 1007.881104 1363.311768 1008.159668 1973.326782 1089.428223 1859.894043 1090.723145
284.000000 2422.247559 669.985229 2423.745605 560.005615 3053.496094 673.381042 3051.939941 570.020996
291.000000 99.890335 656.895203 3.112502 610.460266 596.561035 793.601379 503.270233 756.826721
238.000000 1801.354736 1331.502075 1715.060669 1267.664917 2315.851318 1407.706421 2205.562500 1358.352173
237.000000 2382.009766 1316.518799 2389.867676 1423.343018 3028.437500 1423.132324 3042.099121 1543.473389
263.000000 1466.800293 853.350708 1359.904785 857.612061 1963.452148 928.173462 1850.035400 937.115173
70.000000 1711.224487 1436.748047 1715.340088 1543.384521 2095.203857 1443.167114 2099.687744 1673.404297
246.000000 413.781433 412.912476 310.263519 420.339447 941.043274 551.995605 823.026550 575.099670
286.000000 477.944611 516.384094 492.073761 413.618469 1010.818848 646.782898 1025.129761 545.975281
295.000000 469.924042 1501.247070 573.362976 1497.480591 993.298035 1584.856689 1093.325073 1582.906738
292.000000 876.683105 877.222168 773.341675 880.281067 1383.386230 973.985352 1283.502441 982.085327
252.000000 2243.664307 1330.163574 2249.278320 1433.191040 2851.506592 1436.460571 2867.361328 1552.326050
186.000000 1764.692383 1262.807495 1664.490845 1243.874146 2329.724854 1382.605225 2202.722900 1330.082642
288.000000 707.450073 675.574036 607.055298 657.804443 1220.511719 785.960022 1120.428345 773.284546
