Keypoint Matches and Line Matches for pairs 20, 22 
20 corresponds to the image ./resources/Data/CastleP30/images/0020.png 
22 corresponds to the image ./resources/Data/CastleP30/images/0022.png 

2.000000 512.930969 422.522369 500.778198 402.124817
3.000000 410.457703 1736.962158 338.127777 1764.310425
4.000000 427.242676 1736.458984 355.393921 1763.575928
5.000000 525.692993 429.675507 515.093079 406.873810
0.000000 2029.905029 563.678040 2423.113281 494.453979
1.000000 893.208130 250.454361 1043.957031 223.491898
6.000000 536.265137 425.131226 519.551514 402.701721
7.000000 1663.297852 676.825439 1843.476807 622.469177
21.000000 563.559998 355.701385 536.389709 328.301300
12.000000 1657.647217 680.177368 1837.658081 623.327087
15.000000 1669.031982 693.353027 1849.531616 636.666870
8.000000 2200.238037 713.319885 2499.925537 633.336975
9.000000 2252.285645 1633.392578 2554.135010 1740.124023
10.000000 2261.938477 1593.602417 2565.852539 1690.205078
11.000000 2211.487061 706.961426 2513.272949 626.999329
18.000000 1053.229248 1665.660889 1063.392090 1716.316040
19.000000 443.340332 1680.291992 373.301758 1705.312988
1380.000000 2468.029053 537.977112 2792.000000 386.000000
145.000000 531.665039 326.585083 520.301758 305.088379
25.000000 526.465027 347.524506 499.650909 322.031128
24.000000 2.837595 308.904083 2.803634 319.892242
29.000000 999.658142 444.673706 1049.643188 401.798065
32.000000 2468.289062 367.416626 2905.211426 212.849030
22.000000 1029.997925 1653.222046 1039.629150 1702.298096
27.000000 1679.785522 680.960144 1862.887939 626.008850
28.000000 2034.718262 759.918579 2331.308594 704.069763
34.000000 2467.582275 545.768860 2776.831055 400.313202
35.000000 2180.181885 653.816895 2467.930908 562.409363
36.000000 2253.303223 1669.861572 2533.171631 1786.026733
37.000000 2536.674072 1672.539062 2876.667480 1806.652344
443.000000 2516.511475 1654.644653 2846.559814 1784.845215
75.000000 329.986420 1742.992676 250.002640 1766.069092
50.000000 476.632538 1286.441162 429.814301 1293.313110
51.000000 459.652130 1539.976685 402.064880 1560.397705
58.000000 673.122314 1539.988159 634.588989 1566.463135
59.000000 686.833130 1296.488403 660.064575 1306.346558
60.000000 747.673218 1299.875732 727.773071 1310.100830
61.000000 735.668701 1542.510010 705.416992 1570.209229
72.000000 103.409248 1434.378784 30.220304 1440.256714
73.000000 340.077759 1437.574951 276.824799 1448.732300
80.000000 353.282745 1274.265259 299.736267 1280.718384
81.000000 119.913429 1261.594360 56.565308 1264.890625
68.000000 927.856018 1543.245728 923.801636 1576.702515
69.000000 937.386902 1309.893311 942.931213 1326.635864
76.000000 1072.101318 1459.289429 1097.156494 1491.963623
77.000000 1057.501953 1690.052856 1071.085449 1736.426880
82.000000 156.785278 1078.619995 103.549858 1077.047363
83.000000 386.804993 1098.390747 343.724945 1094.659912
95.000000 391.801819 1096.564087 346.758514 1096.676514
96.000000 406.761536 873.116516 371.165131 869.766785
93.000000 403.317566 870.119873 366.526489 864.595032
94.000000 183.179718 841.167969 139.696991 839.393982
102.000000 183.431259 849.240540 139.919556 847.401306
103.000000 400.359192 877.214600 363.491882 871.885620
98.000000 476.189911 492.317230 459.636383 475.680481
99.000000 262.967072 448.446838 236.494278 441.112762
48.000000 2622.313965 976.343445 2999.815186 923.085876
49.000000 2634.739258 1193.443604 3021.588867 1200.137085
56.000000 2429.417969 1200.041260 2750.203125 1209.987061
57.000000 2414.077393 983.516785 2733.438721 946.659973
194.000000 853.630310 220.013123 1017.606628 196.730576
100.000000 247.485245 641.817139 213.818207 636.356384
101.000000 460.926331 677.845398 437.623993 666.139465
64.000000 2158.781250 1587.151367 2456.516602 1673.664673
65.000000 2145.653076 1373.600586 2444.192383 1420.120239
197.000000 844.785156 216.575287 1008.553589 196.563324
122.000000 266.770935 456.153564 240.225891 448.527344
123.000000 473.697632 498.207489 456.907379 481.764008
66.000000 2397.129639 867.500732 2726.236084 803.381653
67.000000 2383.723145 660.622803 2699.071777 550.890381
116.000000 688.122070 1120.897461 668.630066 1123.209717
117.000000 699.450439 913.305847 688.482971 903.196472
97.000000 670.002441 1541.597290 630.072754 1567.607544
114.000000 483.777802 1102.058472 443.678680 1102.851074
132.000000 776.528320 923.155884 773.776428 913.075867
133.000000 766.118591 1126.809082 755.888672 1127.744141
91.000000 2138.995605 1247.090332 2436.688232 1256.955322
92.000000 2127.759521 1043.641113 2426.695557 1026.955078
104.000000 683.390564 1292.285645 656.663696 1303.381714
105.000000 479.935699 1281.177979 433.156586 1289.515991
151.000000 177.856247 846.114502 133.352005 840.480408
152.000000 157.627045 1046.763550 103.726357 1047.200684
124.000000 696.374573 908.875427 686.293823 900.029480
125.000000 496.779541 882.479797 469.702515 876.016602
215.000000 523.725586 689.106689 503.000305 676.626770
240.000000 721.685425 723.120483 720.706177 703.394531
78.000000 2307.215820 1005.633057 2616.071777 976.069580
79.000000 2317.607422 1203.465088 2626.658447 1220.000366
158.000000 336.588104 1288.308472 279.931519 1294.537354
159.000000 139.893265 1278.897339 73.364235 1282.789917
134.000000 953.123840 1143.326660 966.873901 1146.680908
135.000000 959.417603 946.541443 981.528931 933.209473
168.000000 323.285217 1422.079834 259.917786 1432.105591
169.000000 126.569603 1417.527588 56.504139 1424.161865
263.000000 1644.945557 1343.371948 1806.477295 1372.883545
153.000000 500.430023 890.050293 473.307739 883.565002
154.000000 693.507141 915.339844 680.027710 906.415710
62.000000 2590.676758 646.185120 2963.869629 516.351807
1042.000000 2613.846924 839.137756 3001.000000 756.000000
180.000000 169.054413 629.810547 133.946335 629.652100
181.000000 186.768951 436.390839 159.068298 433.214172
480.000000 2287.700439 696.388489 2602.931641 609.143860
87.000000 2300.046143 890.209351 2607.626221 836.792053
190.000000 260.031982 450.307892 234.477203 443.489563
191.000000 242.353165 643.548645 208.066055 636.857788
70.000000 2455.808105 1540.067261 2781.052979 1636.830933
71.000000 2440.661621 1346.876099 2763.283447 1390.243774
155.000000 1020.545654 953.352783 1052.088379 943.006104
156.000000 1013.658691 1146.678223 1037.291504 1150.044678
182.000000 386.693573 883.121094 349.835785 878.207153
183.000000 196.370651 859.002625 153.270630 857.254944
184.000000 366.419281 1076.081787 323.083649 1076.388794
185.000000 176.160522 1058.956543 126.098076 1060.291016
162.000000 726.892456 545.586060 733.361023 519.825012
163.000000 540.025269 506.545624 529.849121 487.620087
84.000000 2329.902344 1353.688965 2640.104004 1400.337158
85.000000 2341.308838 1543.251953 2653.597900 1633.159424
318.000000 1731.955200 1350.184570 1909.966553 1380.597412
109.000000 1727.890869 1540.026245 1908.613159 1606.656738
200.000000 464.928833 683.211487 440.949799 669.732544
201.000000 478.018066 496.527710 462.251007 479.878571
569.000000 2123.202148 940.479004 2425.277100 909.552917
140.000000 2114.366211 753.599731 2414.018555 686.881653
310.000000 186.142136 432.573456 156.371674 428.588562
311.000000 2.945920 395.234070 3.068679 405.057526
198.000000 459.437195 502.737000 443.255829 487.167725
199.000000 276.307617 465.079407 253.163513 457.764526
164.000000 1180.344604 1163.341675 1233.461060 1166.855713
165.000000 1184.838135 976.622681 1244.581055 963.219421
136.000000 923.332458 1541.526123 920.191284 1575.693237
149.000000 933.394775 1305.681152 939.903442 1321.387573
150.000000 749.942932 1294.249512 729.992065 1306.780273
166.000000 1228.780396 983.302429 1296.564941 969.994995
167.000000 1225.526611 1166.913330 1286.621704 1173.331177
157.000000 950.380859 1142.104736 963.716125 1145.208374
321.000000 3.566335 402.194916 3.524046 412.092926
322.000000 180.332855 438.373718 153.564743 435.161560
174.000000 956.583374 940.640869 979.640259 929.959106
175.000000 779.869812 917.668213 779.840088 908.130310
214.000000 536.301941 513.306335 524.966980 493.129852
188.000000 959.680603 591.533020 993.118347 558.034485
189.000000 786.236267 555.399231 799.844482 527.655945
170.000000 2036.611084 780.002014 2334.796875 726.631653
171.000000 2043.024414 956.798767 2339.659668 930.008118
178.000000 1377.626221 1180.002808 1471.352417 1189.932739
179.000000 1378.147705 1003.327881 1478.137451 989.936829
186.000000 1511.599121 1016.660400 1642.717407 1006.660645
172.000000 777.487183 731.899231 780.561584 712.411804
226.000000 442.776337 659.916321 416.524384 647.749817
227.000000 269.394531 630.199280 236.564728 624.109253
220.000000 783.754517 559.836487 795.137695 530.174255
221.000000 774.009766 733.371338 777.444763 713.408447
241.000000 731.110107 549.892334 736.023743 526.610962
118.000000 2441.046387 1603.259521 2764.329346 1713.268921
119.000000 2428.853760 1430.315796 2750.116455 1493.541382
192.000000 783.141235 924.816040 780.173462 915.081421
193.000000 953.308167 946.861023 973.382019 936.221802
147.000000 2356.465820 1432.736816 2670.921143 1499.284180
148.000000 2372.214111 1603.436646 2690.791992 1709.925293
204.000000 666.711365 1305.728149 639.943298 1317.623901
205.000000 496.621063 1297.623657 449.820770 1306.358154
89.000000 349.950470 1280.964478 293.315338 1286.980347
208.000000 653.307007 1526.249512 613.225342 1550.056396
209.000000 483.290771 1524.714844 426.535767 1544.108032
206.000000 1646.774536 1203.329468 1808.568237 1216.656250
207.000000 1640.593384 1033.432983 1809.952881 1026.666382
392.000000 1.970086 601.334473 2.081515 608.450684
218.000000 679.937073 920.500427 666.768982 912.373474
219.000000 512.977173 899.497742 483.036377 892.785400
173.000000 955.563232 763.292114 981.793091 739.407593
242.000000 961.793396 596.609131 995.343628 563.237610
367.000000 166.719360 443.069580 139.926056 440.498444
368.000000 3.250381 410.415253 2.815164 420.159851
212.000000 1723.935547 1043.775879 1903.390137 1036.647949
213.000000 1716.997070 1210.013794 1902.325439 1223.327637
236.000000 666.606262 1103.962402 643.207275 1104.728516
237.000000 503.179138 1088.272705 466.477661 1088.758057
271.000000 344.429443 1439.823730 281.789154 1449.807495
272.000000 357.305603 1276.454346 302.601776 1282.826660
251.000000 1030.191772 613.237000 1074.787720 576.760559
252.000000 1025.179321 776.723267 1063.602173 750.017334
245.000000 713.073303 554.614075 716.753967 529.427307
246.000000 552.908569 522.091797 542.887329 502.926208
202.000000 1016.898621 1147.618286 1040.497681 1151.261841
203.000000 1177.003174 1163.211060 1230.421875 1168.752075
259.000000 2186.395508 705.905640 2485.510010 627.684692
210.000000 1842.212036 1220.069702 2061.509277 1237.093262
211.000000 1832.266724 1060.066284 2057.786133 1050.056274
257.000000 703.044495 705.017700 699.588989 686.386047
258.000000 546.411133 678.156860 529.529968 663.491516
224.000000 1027.707031 774.265259 1067.161133 749.924194
225.000000 1184.065552 802.630493 1247.240601 776.042480
216.000000 1180.021973 969.828857 1240.148315 958.634033
217.000000 1022.954102 949.613281 1056.446655 938.693970
410.000000 2320.893555 873.497314 2634.059570 816.621399
234.000000 1186.658203 640.040405 1257.056030 600.866821
235.000000 1033.054810 608.001831 1080.064697 572.923584
362.000000 1924.217041 1069.560669 2173.215332 1061.103271
891.000000 1933.323486 1226.085449 2189.000000 1236.000000
265.000000 1235.215820 653.374878 1314.519165 616.569824
266.000000 1231.759521 810.038818 1306.848145 786.674866
267.000000 1187.493042 803.338135 1252.262573 776.618530
268.000000 1188.408325 646.657349 1259.904785 606.512634
228.000000 1026.603271 957.171326 1060.044434 946.247864
229.000000 1180.029907 976.428467 1240.137085 965.375854
314.000000 101.617371 983.491455 49.027020 983.670105
315.000000 116.624336 829.995850 70.933693 830.133240
243.000000 919.901550 1318.398193 923.228821 1334.877808
244.000000 766.495605 1309.674316 746.469238 1322.917725
255.000000 906.660645 1527.368042 903.233459 1559.582031
256.000000 753.309998 1526.053589 729.875183 1553.644653
248.000000 1380.993042 836.669434 1484.693726 807.315552
281.000000 1380.811646 683.332397 1489.576782 643.235779
222.000000 2052.911621 1066.665405 2350.418213 1056.777710
223.000000 2052.458984 1219.997437 2347.546631 1239.961548
260.000000 943.030823 952.368774 963.072021 942.419373
261.000000 792.924988 933.197266 793.252930 924.077820
230.000000 2034.170166 1236.614136 2321.524414 1260.074951
231.000000 2023.682007 1086.373291 2314.055908 1079.970093
273.000000 946.256287 601.957886 976.767578 569.366699
274.000000 799.738708 571.246460 812.816467 543.244141
275.000000 933.077209 1126.168945 943.198730 1128.261108
1238.000000 786.402832 1112.921143 776.000000 1116.000000
239.000000 1373.618774 1180.103027 1467.081787 1188.674561
313.000000 1519.748657 713.783508 1656.510986 664.321228
293.000000 1509.490356 859.964233 1647.322632 830.015503
476.000000 146.245712 609.184082 109.563248 606.881775
247.000000 1236.959229 811.646484 1310.689819 784.821106
295.000000 799.715637 721.646484 802.838562 700.329529
249.000000 1373.395508 996.202759 1473.498657 985.196960
250.000000 1233.232544 977.419006 1299.739258 965.651367
908.000000 114.518227 1290.099854 48.000000 1294.000000
487.000000 849.608093 1113.314453 855.584900 1109.913452
286.000000 1776.180664 1383.342041 1976.402100 1423.334473
287.000000 1778.696533 1523.356812 1977.114868 1586.679199
346.000000 1718.674805 753.200500 1909.972168 703.523010
320.000000 1720.818359 893.218750 1906.132812 864.030640
308.000000 1640.098389 876.712769 1811.059448 850.003906
309.000000 1638.103882 736.693665 1811.635254 693.327087
269.000000 1376.820923 679.245300 1486.705811 636.410950
270.000000 1239.748657 651.229736 1319.866089 610.875000
355.000000 208.617477 1433.316650 138.362839 1442.018311
356.000000 84.379364 1491.808350 8.185571 1499.202881
284.000000 2060.956543 940.087769 2361.024658 913.302063
285.000000 2055.906250 803.361389 2356.041260 750.019104
300.000000 1169.728027 982.147705 1226.485229 971.697693
301.000000 1036.421753 965.267334 1069.826782 954.953735
306.000000 1832.093750 910.078247 2057.692139 883.381287
307.000000 1824.285889 777.804443 2053.798340 725.621948
376.000000 1918.706665 793.203247 2169.855225 744.323242
373.000000 1920.582031 927.069824 2173.861084 899.734558
507.000000 1086.973999 1133.341919 1128.608765 1136.785278
264.000000 1513.149536 1333.215210 1636.553589 1361.721558
323.000000 1173.371704 649.819702 1242.996704 612.057617
324.000000 1046.088257 622.716492 1093.188599 587.551147
187.000000 1516.669067 1193.306763 1642.187256 1203.569214
290.000000 1643.798340 1204.901123 1803.834595 1217.447876
338.000000 1159.947021 1147.207520 1209.874390 1151.396118
339.000000 1033.190186 1134.795166 1063.195435 1138.199341
329.000000 2022.025757 943.395081 2312.019775 920.049011
330.000000 2016.040161 816.696289 2306.422607 770.009094
296.000000 1514.142822 858.617065 1650.463501 829.898438
297.000000 1637.281250 879.752563 1807.421021 851.075867
288.000000 1640.007324 1029.941772 1806.617676 1020.462952
289.000000 1516.525513 1014.458923 1646.645630 1003.532654
129.000000 680.066772 1298.752808 653.323425 1310.157349
312.000000 1635.230225 740.127563 1809.717163 688.461548
611.000000 1515.642578 714.843445 1661.000000 676.000000
331.000000 1363.200439 1007.643982 1459.893677 997.597412
332.000000 1243.153809 991.320068 1313.237183 980.841370
282.000000 1824.507935 1386.588989 2040.067749 1426.665894
342.000000 1366.208740 688.961182 1473.242554 647.267517
343.000000 1249.532593 665.675537 1329.660522 625.581116
344.000000 1166.666748 786.666382 1232.859253 760.097107
345.000000 1049.579590 765.678711 1089.500000 740.284729
398.000000 329.940948 1478.515991 265.620850 1491.165771
399.000000 220.237000 1434.445679 146.767395 1441.741821
556.000000 276.979462 943.361877 237.725830 943.471924
1351.000000 348.090271 633.446228 318.000000 625.000000
336.000000 1359.791992 1165.473267 1453.116577 1172.385376
337.000000 1243.254028 1154.149170 1306.449463 1159.057373
317.000000 1843.130127 1357.372192 2063.565186 1389.184937
108.000000 1726.256226 1351.491211 1907.467163 1383.329224
382.000000 1566.229614 1060.005981 1716.300781 1053.324951
383.000000 1567.823975 1176.696411 1713.250488 1186.664795
349.000000 2333.561035 542.619019 2679.797607 424.169464
350.000000 2223.097412 507.406799 2539.924072 390.313965
333.000000 1833.136353 1054.886963 2053.274902 1047.221802
334.000000 1719.932373 1040.532959 1906.483032 1031.740845
316.000000 1723.294922 1210.432861 1906.840942 1224.592041
394.000000 1765.869629 1083.346191 1969.942261 1080.000000
395.000000 1767.699341 1196.703857 1969.921631 1210.000000
436.000000 697.643250 583.384521 704.645935 560.130493
437.000000 691.707275 696.581421 693.061707 676.639648
357.000000 1363.205078 820.755981 1466.368774 792.219543
358.000000 1252.983887 802.060120 1326.209473 773.406433
335.000000 1827.521973 911.404419 2053.790527 883.003540
1252.000000 1715.348145 756.486328 1914.000000 715.000000
567.000000 263.056915 1473.039673 199.462997 1487.405518
503.000000 152.910889 1482.295776 79.395523 1491.855469
279.000000 2303.120850 706.491211 2612.685791 616.530884
379.000000 2340.542236 1203.295532 2654.451172 1213.469360
380.000000 2332.882324 1093.364746 2646.254639 1080.025269
363.000000 1633.243042 1351.791504 1789.894775 1385.033813
364.000000 1523.186646 1346.242432 1649.812378 1376.365967
412.000000 1811.002686 1089.967285 2029.384399 1086.674438
413.000000 1814.594604 1200.067627 2030.972656 1213.362915
472.000000 753.389465 1302.141357 733.274170 1314.287109
473.000000 863.302856 1307.314697 843.264587 1321.108398
369.000000 1633.253540 1040.634521 1796.410400 1032.388916
370.000000 1526.184082 1027.171387 1659.884277 1017.745422
388.000000 1188.828491 1381.181274 1240.999146 1408.176636
389.000000 1094.435059 1432.567261 1121.368774 1462.326538
422.000000 321.052338 1693.418823 246.476715 1713.307251
377.000000 2376.352783 1190.255127 2694.381348 1200.146729
378.000000 2368.877441 1083.411865 2685.816162 1066.721313
408.000000 2358.026367 756.347229 2675.144287 673.007263
409.000000 2365.299805 863.199463 2683.181396 799.798340
482.000000 582.986572 979.977600 563.586426 976.692993
483.000000 576.104431 1086.630371 552.495728 1083.246094
428.000000 2436.894287 1346.459839 2760.379639 1391.575195
454.000000 861.441528 616.579407 885.545837 586.572632
455.000000 856.518433 723.326477 876.033875 699.946899
1295.000000 925.833008 736.638550 948.000000 710.000000
1419.000000 2181.027344 1662.908447 2435.000000 1757.000000
433.000000 2410.653320 983.102966 2730.913086 943.207642
448.000000 2323.218506 1225.838379 2633.216797 1242.597900
449.000000 2426.416260 1211.527710 2746.347412 1224.653320
500.000000 355.058136 1669.887695 283.432220 1690.011353
501.000000 362.270996 1566.592529 295.299286 1586.509888
429.000000 2302.723145 897.558899 2608.625000 845.907898
430.000000 2403.115723 872.463074 2722.538330 807.633911
42.000000 2649.844727 1342.903564 3038.031738 1389.882568
484.000000 1098.534302 663.300354 1157.253296 630.031738
485.000000 1096.209717 766.656372 1151.483276 736.746887
420.000000 1962.765259 1110.025879 2230.819336 1106.639648
421.000000 1967.464111 1213.296997 2234.892090 1230.058594
86.000000 2290.638184 691.835083 2596.198242 602.067871
374.000000 2020.679199 946.390076 2307.258789 919.296143
446.000000 2423.407471 1197.203979 2743.361572 1206.837158
447.000000 2323.017822 1211.044434 2629.820557 1225.579712
922.000000 1922.428711 1074.303833 2179.000000 1073.000000
359.000000 1930.169678 1228.202759 2176.971436 1246.643433
360.000000 2030.222046 1237.648682 2317.027100 1259.365112
390.000000 1630.014648 1189.841309 1789.892578 1201.206665
391.000000 1529.947754 1180.563721 1659.736938 1189.621826
404.000000 2641.134521 836.849426 3041.850342 753.737793
405.000000 2632.811035 736.710083 3031.194336 626.846313
438.000000 2400.309326 861.202087 2720.297607 794.178223
439.000000 2303.208252 886.180664 2609.901367 833.052917
396.000000 2355.329590 860.090454 2672.599121 806.503967
397.000000 2348.563965 760.097168 2664.479248 676.803589
508.000000 1153.085449 1039.991577 1209.037842 1039.941040
509.000000 1149.681519 1140.102539 1202.706787 1143.294922
462.000000 1279.210693 1432.263916 1343.881958 1469.078857
463.000000 1193.633301 1382.814209 1247.612793 1411.744751
464.000000 2012.070923 816.557983 2293.254150 773.860168
811.000000 1915.145996 797.899170 2176.000000 755.000000
400.000000 1626.191406 866.203552 1792.940186 836.344177
401.000000 1529.418457 850.178223 1666.257080 819.803528
424.000000 2533.540771 1599.703369 2869.558594 1713.872803
425.000000 2453.204102 1543.518066 2776.069336 1637.396973
63.000000 2609.974365 846.885620 2984.520996 770.174561
411.000000 2320.781494 769.947937 2626.166992 690.031128
371.000000 2026.654785 1363.841919 2313.336426 1406.621216
1188.000000 1929.807007 1361.573975 2182.000000 1409.000000
490.000000 1352.931885 716.668457 1459.908569 676.663330
491.000000 1353.368652 813.333191 1456.028687 783.310120
445.000000 1276.459473 1434.186279 1345.099365 1472.806641
535.000000 86.426125 1549.759155 8.302601 1558.429565
495.000000 2593.265137 643.816833 2966.351807 513.504272
402.000000 1823.096924 1065.140137 2043.423218 1059.186279
403.000000 1729.619629 1052.906372 1916.464600 1045.162720
807.000000 96.610977 843.821655 50.000000 844.000000
1290.000000 2033.361206 579.804993 2421.000000 504.000000
514.000000 1291.072266 1059.960449 1374.638428 1056.578857
515.000000 1289.438354 1153.381836 1370.303467 1156.679810
488.000000 2074.148193 1236.629395 2373.414307 1259.996704
489.000000 2069.879639 1143.338867 2369.110840 1153.234863
146.000000 290.157196 262.692932 312.316071 265.320312
620.000000 1935.000000 870.000000 2200.000000 834.000000
848.000000 1743.000000 1133.000000 1941.000000 1137.000000
904.000000 2652.000000 701.000000 3060.000000 583.000000
1361.000000 2368.000000 716.000000 2686.000000 622.000000
864.000000 1540.000000 820.000000 1690.000000 787.000000
583.000000 885.000000 1399.000000 884.000000 1421.000000
642.000000 872.000000 1364.000000 870.000000 1384.000000
594.000000 1594.000000 1118.000000 1749.000000 1120.000000
738.000000 2620.000000 758.000000 3011.000000 656.000000
755.000000 624.000000 1499.000000 586.000000 1521.000000
940.000000 1268.000000 795.000000 1355.000000 767.000000
1220.000000 544.000000 1006.000000 520.000000 1003.000000
1034.000000 2243.000000 1644.000000 2542.000000 1750.000000
827.000000 1067.000000 734.000000 1119.000000 707.000000
672.000000 1326.000000 757.000000 1427.000000 724.000000
1084.000000 524.000000 1423.000000 484.000000 1439.000000
926.000000 1744.000000 1187.000000 1941.000000 1200.000000
654.000000 172.000000 1411.000000 108.000000 1418.000000
1003.000000 532.000000 1332.000000 492.000000 1343.000000
1375.000000 547.000000 1369.000000 508.000000 1383.000000
724.000000 1803.000000 1463.000000 2011.000000 1517.000000
1303.000000 512.000000 1387.000000 468.000000 1400.000000
886.000000 497.000000 1367.000000 453.000000 1379.000000
619.000000 796.000000 1360.000000 784.000000 1378.000000
920.000000 586.000000 1691.000000 535.000000 1723.000000
1158.000000 504.000000 1507.000000 455.000000 1526.000000
628.000000 2295.000000 1455.000000 2591.000000 1523.000000
708.000000 1268.000000 771.000000 1357.000000 741.000000
596.000000 191.000000 858.000000 147.000000 856.000000
795.000000 2607.000000 757.000000 2991.000000 654.000000
923.000000 1590.000000 829.000000 1752.000000 796.000000
1023.000000 2624.000000 813.000000 3016.000000 723.000000
749.000000 513.000000 1368.000000 470.000000 1380.000000
770.000000 2076.000000 909.000000 2376.000000 875.000000
634.000000 2354.000000 1111.000000 2670.000000 1103.000000
841.000000 2085.000000 1102.000000 2385.000000 1101.000000
599.000000 193.000000 1579.000000 118.000000 1591.000000
650.000000 781.000000 1359.000000 767.000000 1376.000000
1032.000000 2389.000000 1039.000000 2709.000000 1014.000000
588.000000 1783.000000 842.000000 2000.000000 806.000000
1250.000000 1722.000000 831.000000 1920.000000 795.000000
791.000000 547.000000 521.000000 537.000000 502.000000
1030.000000 1590.000000 806.000000 1753.000000 770.000000
723.000000 810.000000 1379.000000 800.000000 1398.000000
750.000000 896.000000 676.000000 923.000000 650.000000
649.000000 780.000000 1378.000000 765.000000 1396.000000
591.000000 2338.000000 841.000000 2653.000000 776.000000
726.000000 1122.000000 1067.000000 1173.000000 1065.000000
1120.000000 660.000000 632.000000 662.000000 613.000000
1422.000000 1057.000000 432.000000 1143.000000 389.000000
866.000000 566.000000 1334.000000 530.000000 1346.000000
614.000000 1110.000000 767.000000 1165.000000 741.000000
1025.000000 176.000000 1351.000000 119.000000 1357.000000
666.000000 1542.000000 1112.000000 1684.000000 1113.000000
1288.000000 873.000000 183.000000 1037.000000 157.000000
788.000000 1263.000000 1082.000000 1341.000000 1081.000000
1138.000000 565.000000 1352.000000 528.000000 1365.000000
582.000000 795.000000 570.000000 807.000000 542.000000
623.000000 2075.000000 880.000000 2375.000000 841.000000
802.000000 882.000000 1467.000000 878.000000 1494.000000
809.000000 1022.000000 302.000000 1195.000000 270.000000
1075.000000 648.000000 1355.000000 619.000000 1369.000000
600.000000 810.000000 1396.000000 798.000000 1416.000000
1192.000000 644.000000 1427.000000 611.000000 1445.000000
768.000000 614.000000 1372.000000 581.000000 1387.000000
416.000000 1825.000000 1208.000000 2043.207031 1221.472900
635.000000 2645.000000 1026.000000 3043.000000 990.000000
942.000000 116.000000 799.000000 71.000000 799.000000
958.000000 531.000000 1352.000000 490.000000 1364.000000
1210.000000 2656.000000 1150.000000 3058.000000 1146.000000
1383.000000 1941.000000 1095.000000 2203.000000 1093.000000
703.000000 1942.000000 587.000000 2275.000000 520.000000
697.000000 490.000000 1297.000000 444.000000 1306.000000
661.000000 866.000000 1501.000000 859.000000 1531.000000
767.000000 868.000000 1433.000000 864.000000 1457.000000
744.000000 2295.000000 1628.000000 2589.000000 1735.000000
584.000000 2336.000000 815.000000 2651.000000 744.000000
605.000000 870.000000 1399.000000 867.000000 1420.000000
900.000000 178.000000 1334.000000 121.000000 1340.000000
631.000000 1755.000000 1515.000000 1947.000000 1577.000000
995.000000 215.000000 1090.000000 161.000000 1091.000000
1004.000000 1304.000000 1147.000000 1384.000000 1152.000000
1263.000000 1574.000000 803.000000 1730.000000 767.000000
673.000000 2356.000000 1138.000000 2672.000000 1137.000000
1322.000000 2611.000000 1667.000000 2975.000000 1804.000000
1087.000000 1066.000000 760.000000 1117.000000 735.000000
1043.000000 549.000000 1333.000000 512.000000 1345.000000
1216.000000 1559.000000 846.000000 1713.000000 815.000000
657.000000 779.000000 1395.000000 764.000000 1414.000000
706.000000 2334.000000 788.000000 2649.000000 712.000000
971.000000 2394.000000 1104.000000 2714.000000 1094.000000
729.000000 1944.000000 1181.000000 2206.000000 1194.000000
1130.000000 1525.000000 1139.000000 1660.000000 1144.000000
774.000000 274.000000 1338.000000 221.000000 1345.000000
1078.000000 180.000000 1594.000000 103.000000 1606.000000
610.000000 127.000000 857.000000 79.000000 856.000000
1058.000000 797.000000 1345.000000 786.000000 1361.000000
1478.000000 607.000000 1461.000000 570.000000 1481.000000
696.000000 1153.000000 468.000000 1253.000000 423.000000
736.000000 2395.000000 1132.000000 2716.000000 1128.000000
930.000000 818.000000 1068.000000 821.000000 1067.000000
1137.000000 1302.000000 1017.000000 1389.000000 1009.000000
960.000000 2340.000000 867.000000 2656.000000 807.000000
956.000000 581.000000 646.000000 574.000000 630.000000
1232.000000 563.000000 1389.000000 524.000000 1403.000000
633.000000 153.000000 1410.000000 88.000000 1417.000000
803.000000 872.000000 1349.000000 872.000000 1366.000000
644.000000 794.000000 1395.000000 781.000000 1415.000000
906.000000 902.000000 209.000000 1050.000000 180.000000
945.000000 1122.000000 1099.000000 1171.000000 1099.000000
863.000000 2329.000000 704.000000 2643.000000 611.000000
640.000000 872.000000 199.000000 1036.000000 176.000000
998.000000 1774.000000 883.000000 1984.000000 852.000000
880.000000 825.000000 690.000000 842.000000 667.000000
1127.000000 2348.000000 1019.000000 2664.000000 992.000000
1000.000000 130.000000 1034.000000 75.000000 1035.000000
761.000000 1326.000000 781.000000 1426.000000 751.000000
1279.000000 804.000000 1517.000000 787.000000 1546.000000
1014.000000 1575.000000 826.000000 1731.000000 793.000000
54.000000 2278.000000 1655.000000 2573.086182 1770.687988
1386.000000 1063.000000 407.000000 1133.000000 366.000000
828.000000 1753.000000 1462.000000 1946.000000 1514.000000
847.000000 2381.000000 712.000000 2698.000000 617.000000
1244.000000 2653.000000 1121.000000 3054.000000 1110.000000
1151.000000 546.000000 1388.000000 506.000000 1402.000000
1092.000000 1543.000000 1169.000000 1683.000000 1178.000000
779.000000 775.000000 1475.000000 758.000000 1500.000000
1020.000000 1130.000000 721.000000 1194.000000 690.000000
1356.000000 630.000000 682.000000 625.000000 667.000000
1055.000000 2408.000000 1102.000000 2727.000000 1091.000000
730.000000 826.000000 663.000000 845.000000 639.000000
683.000000 855.000000 1433.000000 848.000000 1456.000000
721.000000 871.000000 725.000000 891.000000 703.000000
955.000000 333.000000 89.000000 481.000000 105.000000
914.000000 1030.000000 426.000000 1115.000000 384.000000
792.000000 273.000000 1354.000000 219.000000 1362.000000
689.000000 1594.000000 1147.000000 1749.000000 1152.000000
773.000000 290.000000 1401.000000 231.000000 1410.000000
692.000000 2088.000000 1171.000000 2388.000000 1181.000000
887.000000 1031.000000 964.000000 1064.000000 954.000000
810.000000 825.000000 1396.000000 815.000000 1417.000000
470.000000 2019.000000 1225.000000 2303.294189 1243.785645
1008.000000 616.000000 1336.000000 584.000000 1348.000000
1349.000000 1761.000000 1135.000000 1965.000000 1140.000000
717.000000 1577.000000 848.000000 1733.000000 818.000000
846.000000 1688.000000 632.000000 1862.000000 570.000000
652.000000 890.000000 1075.000000 903.000000 1074.000000
1405.000000 1755.000000 880.000000 1963.000000 849.000000
1070.000000 2378.000000 676.000000 2694.000000 572.000000
859.000000 1756.000000 859.000000 1964.000000 826.000000
893.000000 779.000000 1410.000000 763.000000 1430.000000
671.000000 856.000000 1381.000000 852.000000 1401.000000
954.000000 520.000000 1520.000000 472.000000 1540.000000
1203.000000 1542.000000 1141.000000 1684.000000 1146.000000
1178.000000 841.000000 1363.000000 835.000000 1382.000000
735.000000 498.000000 1349.000000 454.000000 1360.000000
1464.000000 2372.000000 777.000000 2692.000000 695.000000
294.000000 935.000000 747.000000 959.793335 721.529907
1320.000000 774.000000 1507.000000 771.000000 1535.000000
1031.000000 2403.000000 1036.000000 2721.000000 1011.000000
664.000000 897.000000 1467.000000 895.000000 1495.000000
1287.000000 1727.000000 1132.000000 1919.000000 1136.000000
1202.000000 856.000000 1398.000000 850.000000 1420.000000
1402.000000 1808.000000 1139.000000 2025.000000 1145.000000
801.000000 2350.000000 1047.000000 2666.000000 1024.000000
1060.000000 2528.000000 1599.000000 2864.000000 1713.000000
948.000000 1800.000000 1376.000000 2010.000000 1416.000000
1162.000000 631.000000 656.000000 627.000000 638.000000
1325.000000 242.000000 1353.000000 186.000000 1361.000000
653.000000 1042.000000 309.000000 1216.000000 275.000000
896.000000 1522.000000 793.000000 1667.000000 758.000000
1122.000000 1577.000000 1116.000000 1726.000000 1118.000000
739.000000 1325.000000 805.000000 1425.000000 776.000000
918.000000 515.000000 1331.000000 474.000000 1342.000000
1201.000000 1609.000000 809.000000 1776.000000 774.000000
1379.000000 847.000000 1036.000000 854.000000 1033.000000
775.000000 2651.000000 1093.000000 3051.000000 1074.000000
1342.000000 1248.000000 743.000000 1333.000000 710.000000
1064.000000 2360.000000 1194.000000 2676.000000 1205.000000
426.000000 364.000000 637.000000 339.255798 626.577759
994.000000 2226.000000 587.000000 2551.000000 485.000000
953.000000 1907.000000 616.000000 2174.000000 545.000000
1171.000000 79.000000 1175.000000 17.000000 1176.000000
578.000000 1975.000000 877.000000 2255.000000 842.000000
1217.000000 898.000000 1433.000000 898.000000 1458.000000
850.000000 613.000000 1390.000000 579.000000 1406.000000
1133.000000 2301.000000 1477.000000 2601.000000 1549.000000
1392.000000 792.000000 1411.000000 780.000000 1432.000000
1235.000000 609.000000 1425.000000 584.000000 1444.000000
1186.000000 895.000000 703.000000 921.000000 679.000000
924.000000 647.000000 1391.000000 615.000000 1408.000000
1421.000000 397.000000 613.000000 378.000000 603.000000
1247.000000 1301.000000 1087.000000 1386.000000 1085.000000
1482.000000 1960.000000 633.000000 2231.000000 557.000000
691.000000 598.000000 1372.000000 563.000000 1386.000000
1281.000000 2091.000000 1231.000000 2391.000000 1253.000000
1224.000000 597.000000 1389.000000 561.000000 1405.000000
1026.000000 1309.000000 802.000000 1401.000000 773.000000
915.000000 2133.000000 1417.000000 2420.000000 1473.000000
861.000000 1873.000000 647.000000 2140.000000 584.000000
1207.000000 622.000000 1050.000000 604.000000 1049.000000
1091.000000 1992.000000 901.000000 2277.000000 869.000000
824.000000 2614.000000 696.000000 3004.000000 578.000000
901.000000 2347.000000 1368.000000 2659.000000 1418.000000
548.000000 889.000000 246.000000 1046.876465 217.669266
931.000000 1754.000000 1489.000000 1947.000000 1546.000000
1276.000000 2594.000000 1651.000000 2950.000000 1783.000000
1239.000000 1755.000000 836.000000 1964.000000 801.000000
844.000000 1788.000000 1076.000000 2001.000000 1072.000000
1274.000000 1789.000000 1138.000000 2002.000000 1143.000000
1259.000000 630.000000 1372.000000 599.000000 1388.000000
1083.000000 782.000000 1345.000000 769.000000 1361.000000
1420.000000 1616.000000 1485.000000 1767.000000 1537.000000
979.000000 2156.000000 658.000000 2445.000000 572.000000
595.000000 1590.000000 851.000000 1752.000000 821.000000
1214.000000 536.000000 507.000000 524.000000 488.000000
1080.000000 229.000000 1011.000000 186.000000 1011.000000
646.000000 857.000000 1364.000000 853.000000 1383.000000
690.000000 454.000000 1030.000000 411.000000 1028.000000
756.000000 1787.000000 1400.000000 1989.000000 1444.000000
625.000000 1985.000000 1160.000000 2262.000000 1169.000000
677.000000 1251.000000 792.000000 1331.000000 763.000000
1399.000000 1609.000000 832.000000 1776.000000 799.000000
741.000000 2516.000000 1644.000000 2850.000000 1769.000000
840.000000 511.000000 1402.000000 467.000000 1416.000000
1076.000000 634.000000 1317.000000 587.000000 1328.000000
760.000000 2412.000000 1158.000000 2731.000000 1160.000000
581.000000 1130.000000 746.000000 1192.000000 718.000000
737.000000 2602.000000 695.000000 2984.000000 561.000000
919.000000 1738.000000 856.000000 1942.000000 823.000000
772.000000 500.000000 1330.000000 456.000000 1340.000000
978.000000 207.000000 1565.000000 132.000000 1577.000000
1308.000000 2078.000000 937.000000 2378.000000 908.000000
1168.000000 642.000000 1462.000000 609.000000 1483.000000
825.000000 1108.000000 717.000000 1167.000000 687.000000
1306.000000 2642.000000 999.000000 3039.000000 956.000000
604.000000 1263.000000 1113.000000 1339.000000 1115.000000
593.000000 1790.000000 1165.000000 2002.000000 1175.000000
1163.000000 1614.000000 1119.000000 1774.000000 1121.000000
897.000000 2341.000000 1616.000000 2649.000000 1724.000000
784.000000 2398.000000 1160.000000 2718.000000 1163.000000
1149.000000 1578.000000 1365.000000 1720.000000 1398.000000
804.000000 1609.000000 854.000000 1775.000000 824.000000
1015.000000 1241.000000 1080.000000 1314.000000 1079.000000
1397.000000 865.000000 1073.000000 874.000000 1072.000000
1074.000000 1207.000000 503.000000 1279.000000 450.000000
728.000000 1726.000000 1068.000000 1919.000000 1064.000000
1258.000000 1993.000000 921.000000 2277.000000 893.000000
1403.000000 1290.000000 775.000000 1383.000000 744.000000
1165.000000 583.000000 1354.000000 547.000000 1366.000000
812.000000 194.000000 1399.000000 131.000000 1406.000000
832.000000 2388.000000 800.000000 2705.000000 723.000000
1028.000000 790.000000 1442.000000 776.000000 1465.000000
905.000000 1784.000000 864.000000 2000.000000 831.000000
1292.000000 854.000000 1451.000000 846.000000 1476.000000
679.000000 892.000000 1041.000000 906.000000 1038.000000
647.000000 2390.000000 827.000000 2707.000000 756.000000
974.000000 552.000000 669.000000 539.000000 655.000000
816.000000 596.000000 1404.000000 560.000000 1420.000000
585.000000 1321.000000 1089.000000 1411.000000 1088.000000
589.000000 537.000000 1520.000000 491.000000 1540.000000
624.000000 2358.000000 1166.000000 2674.000000 1171.000000
638.000000 882.000000 1501.000000 876.000000 1532.000000
1071.000000 858.000000 1349.000000 855.000000 1367.000000
627.000000 760.000000 1308.000000 741.000000 1322.000000
889.000000 632.000000 1336.000000 603.000000 1350.000000
1300.000000 898.000000 1450.000000 896.000000 1476.000000
1147.000000 2385.000000 773.000000 2703.000000 691.000000
1173.000000 1037.000000 984.000000 1076.000000 976.000000
1336.000000 344.000000 603.000000 322.000000 595.000000
1234.000000 1801.000000 888.000000 2022.000000 857.000000
1041.000000 658.000000 660.000000 658.000000 642.000000
658.000000 580.000000 1389.000000 543.000000 1404.000000
1430.000000 1322.000000 1019.000000 1414.000000 1011.000000
1337.000000 287.000000 1017.000000 246.000000 1017.000000
1125.000000 1540.000000 843.000000 1689.000000 813.000000
1061.000000 632.000000 1355.000000 600.000000 1370.000000
725.000000 641.000000 1499.000000 604.000000 1522.000000
607.000000 2331.000000 728.000000 2645.000000 640.000000
530.000000 2609.000000 1650.000000 2973.213135 1783.682495
1462.000000 1568.000000 590.000000 1722.000000 530.000000
965.000000 1092.000000 713.000000 1149.000000 683.000000
698.000000 1616.000000 1457.000000 1768.000000 1505.000000
821.000000 766.000000 1358.000000 750.000000 1375.000000
496.000000 2008.000000 933.000000 2293.301025 903.582581
1248.000000 1289.000000 799.000000 1381.000000 770.000000
693.000000 1540.000000 797.000000 1690.000000 761.000000
944.000000 1751.000000 1374.000000 1946.000000 1413.000000
1502.000000 1041.000000 445.000000 1119.000000 402.000000
787.000000 840.000000 1398.000000 833.000000 1419.000000
1506.000000 180.000000 1315.000000 125.000000 1320.000000
617.000000 2139.000000 646.000000 2434.000000 561.000000
1481.000000 2387.000000 1012.000000 2706.000000 981.000000
1439.000000 1952.000000 914.000000 2222.000000 885.000000
1357.000000 2104.000000 1168.000000 2403.000000 1178.000000
622.000000 2206.000000 557.000000 2527.000000 453.000000
817.000000 131.000000 799.000000 84.000000 797.000000
700.000000 314.000000 568.000000 292.000000 560.000000
675.000000 810.000000 1361.000000 801.000000 1379.000000
913.000000 2072.000000 815.000000 2373.000000 766.000000
676.000000 1784.000000 885.000000 2001.000000 855.000000
903.000000 1102.000000 992.000000 1151.000000 984.000000
659.000000 2297.000000 488.000000 2688.000000 372.000000
1118.000000 581.000000 1371.000000 545.000000 1385.000000
1002.000000 632.000000 627.000000 630.000000 609.000000
1054.000000 2665.000000 1406.000000 3063.000000 1472.000000
842.000000 773.000000 1516.000000 752.000000 1544.000000
1052.000000 1961.000000 1183.000000 2228.000000 1195.000000
829.000000 1057.000000 1093.000000 1096.000000 1093.000000
618.000000 538.000000 1508.000000 492.000000 1527.000000
1473.000000 336.000000 290.000000 313.000000 277.000000
851.000000 1045.000000 704.000000 1093.000000 675.000000
830.000000 1269.000000 747.000000 1358.000000 714.000000
747.000000 1738.000000 834.000000 1941.000000 797.000000
813.000000 322.000000 982.000000 285.000000 981.000000
783.000000 2629.000000 987.000000 3017.000000 940.000000
1199.000000 1559.000000 800.000000 1714.000000 765.000000
892.000000 530.000000 1369.000000 489.000000 1382.000000
1182.000000 828.000000 249.000000 979.000000 228.000000
1413.000000 574.000000 1009.000000 553.000000 1006.000000
651.000000 2622.000000 786.000000 3014.000000 689.000000
935.000000 319.000000 1020.000000 280.000000 1020.000000
1046.000000 2410.000000 1130.000000 2729.000000 1126.000000
1346.000000 2390.000000 853.000000 2708.000000 788.000000
762.000000 104.000000 935.000000 53.000000 934.000000
1335.000000 768.000000 1323.000000 753.000000 1337.000000
732.000000 840.000000 1503.000000 827.000000 1531.000000
1222.000000 580.000000 1425.000000 544.000000 1441.000000
1140.000000 906.000000 151.000000 1055.000000 119.000000
776.000000 2647.000000 1178.000000 3040.000000 1182.000000
1488.000000 1788.000000 1425.000000 1990.000000 1473.000000
771.000000 822.000000 1466.000000 773.000000 1488.000000
1006.000000 1771.000000 1400.000000 1970.000000 1443.000000
881.000000 600.000000 1336.000000 566.000000 1348.000000
722.000000 1594.000000 1366.000000 1744.000000 1399.000000
790.000000 1058.000000 1060.000000 1098.000000 1058.000000
885.000000 542.000000 1042.000000 517.000000 1041.000000
615.000000 529.000000 1387.000000 487.000000 1401.000000
1491.000000 605.000000 1498.000000 575.000000 1520.000000
963.000000 2400.000000 1009.000000 2718.000000 977.000000
645.000000 868.000000 1467.000000 862.000000 1494.000000
1270.000000 290.000000 979.000000 250.000000 978.000000
862.000000 2279.000000 1454.000000 2572.000000 1521.000000
603.000000 1804.000000 1490.000000 2012.000000 1548.000000
1394.000000 788.000000 1475.000000 771.000000 1511.000000
1485.000000 865.000000 1106.000000 872.000000 1108.000000
1284.000000 615.000000 1356.000000 582.000000 1370.000000
1009.000000 855.000000 1412.000000 866.000000 1438.000000
612.000000 2089.000000 1202.000000 2389.000000 1218.000000
777.000000 589.000000 1517.000000 548.000000 1539.000000
1417.000000 2002.000000 1161.000000 2283.000000 1170.000000
1334.000000 823.000000 717.000000 839.000000 696.000000
742.000000 1519.000000 1345.000000 1643.000000 1375.000000
1205.000000 1801.000000 866.000000 2023.000000 833.000000
785.000000 1307.000000 778.000000 1401.000000 747.000000
966.000000 118.000000 812.000000 73.000000 810.000000
1444.000000 2102.000000 1458.000000 2402.000000 1521.000000
699.000000 1887.000000 614.000000 2151.000000 544.000000
1367.000000 1614.000000 1148.000000 1774.000000 1153.000000
909.000000 649.000000 1336.000000 621.000000 1350.000000
1344.000000 1772.000000 1462.000000 1971.000000 1515.000000
1012.000000 2140.000000 1385.000000 2439.000000 1434.000000
757.000000 629.000000 1391.000000 597.000000 1407.000000
1113.000000 1960.000000 1157.000000 2227.000000 1165.000000
1104.000000 820.000000 1033.000000 824.000000 1030.000000
745.000000 900.000000 235.000000 1047.000000 206.000000
1066.000000 1237.000000 343.000000 1450.000000 301.000000
1136.000000 1023.000000 582.000000 1067.000000 547.000000
852.000000 1931.000000 1179.000000 2187.000000 1192.000000
996.000000 2481.000000 1630.000000 2809.000000 1749.000000
1150.000000 1301.000000 1117.000000 1385.000000 1120.000000
1112.000000 198.000000 1335.000000 139.000000 1341.000000
1115.000000 399.000000 584.000000 381.000000 573.000000
1299.000000 132.000000 1278.000000 68.000000 1282.000000
704.000000 1728.000000 1158.000000 1920.000000 1167.000000
665.000000 1936.000000 891.000000 2201.000000 859.000000
1411.000000 2146.000000 1478.000000 2437.000000 1536.000000
1377.000000 87.000000 1334.000000 18.000000 1338.000000
1088.000000 503.000000 1519.000000 454.000000 1539.000000
1389.000000 2600.000000 658.000000 2980.000000 532.000000
1142.000000 1262.000000 1144.000000 1338.000000 1149.000000
964.000000 1348.000000 761.000000 1453.000000 727.000000
1275.000000 463.000000 1234.000000 415.000000 1240.000000
1423.000000 1408.000000 551.000000 1522.000000 494.000000
871.000000 1982.000000 1101.000000 2259.000000 1100.000000
796.000000 765.000000 1377.000000 748.000000 1395.000000
655.000000 436.000000 117.000000 507.000000 110.000000
1143.000000 1762.000000 1163.000000 1965.000000 1171.000000
1208.000000 1741.000000 1070.000000 1941.000000 1065.000000
621.000000 161.000000 1158.000000 102.000000 1160.000000
1266.000000 2017.000000 617.000000 2374.000000 551.000000
1243.000000 495.000000 1404.000000 448.000000 1418.000000
629.000000 1801.000000 1401.000000 2011.000000 1445.000000
1318.000000 1285.000000 1116.000000 1366.000000 1118.000000
818.000000 643.000000 1445.000000 610.000000 1464.000000
943.000000 194.000000 1376.000000 135.000000 1373.000000
1073.000000 120.000000 899.000000 70.000000 898.000000
877.000000 1789.000000 1462.000000 1990.000000 1516.000000
833.000000 867.000000 1484.000000 860.000000 1513.000000
1323.000000 1243.000000 1009.000000 1318.000000 1000.000000
1273.000000 1921.000000 621.000000 2196.000000 551.000000
1117.000000 2075.000000 1203.000000 2374.000000 1220.000000
899.000000 1776.000000 1112.000000 1981.000000 1112.000000
1298.000000 74.000000 1038.000000 18.000000 1039.000000
946.000000 657.000000 1477.000000 621.000000 1498.000000
1198.000000 886.000000 1381.000000 886.000000 1402.000000
685.000000 2611.000000 812.000000 2996.000000 722.000000
1510.000000 1920.000000 1475.000000 2174.000000 1542.000000
936.000000 2058.000000 1069.000000 2355.000000 1063.000000
1183.000000 80.000000 988.000000 27.000000 988.000000
1314.000000 1736.000000 781.000000 1941.000000 738.000000
601.000000 493.000000 1423.000000 445.000000 1438.000000
1492.000000 2336.000000 1114.000000 2650.000000 1107.000000
452.000000 1817.000000 900.000000 2039.661011 869.281250
751.000000 2376.000000 831.000000 2696.000000 760.000000
1328.000000 2320.000000 845.000000 2634.000000 782.000000
876.000000 1744.000000 1532.000000 1927.000000 1595.000000
663.000000 548.000000 1353.000000 509.000000 1365.000000
981.000000 174.000000 1048.000000 121.000000 1049.000000
1067.000000 1986.000000 656.000000 2308.000000 594.000000
1456.000000 1773.000000 1489.000000 1971.000000 1547.000000
962.000000 1723.000000 852.000000 1921.000000 819.000000
1011.000000 840.000000 1381.000000 835.000000 1401.000000
719.000000 1951.000000 873.000000 2221.000000 837.000000
1366.000000 2074.000000 1173.000000 2373.000000 1184.000000
1432.000000 621.000000 169.000000 775.000000 164.000000
938.000000 2131.000000 1393.000000 2420.000000 1455.000000
598.000000 1752.000000 1399.000000 1946.000000 1442.000000
1191.000000 1350.000000 537.000000 1366.000000 466.000000
888.000000 795.000000 1378.000000 782.000000 1397.000000
1039.000000 1800.000000 844.000000 2022.000000 808.000000
1229.000000 1249.000000 767.000000 1331.000000 737.000000
639.000000 883.000000 1433.000000 880.000000 1458.000000
702.000000 898.000000 1484.000000 894.000000 1513.000000
609.000000 160.000000 1216.000000 98.000000 1219.000000
1036.000000 1562.000000 1143.000000 1709.000000 1148.000000
911.000000 1578.000000 1145.000000 1727.000000 1151.000000
718.000000 657.000000 688.000000 655.000000 671.000000
1304.000000 826.000000 1682.000000 804.000000 1724.000000
1166.000000 467.000000 962.000000 432.000000 958.000000
1049.000000 2058.000000 819.000000 2359.000000 771.000000
1331.000000 853.000000 668.000000 874.000000 643.000000
1069.000000 1238.000000 989.000000 1308.000000 979.000000
1340.000000 1594.000000 1174.000000 1728.000000 1182.000000
808.000000 590.000000 1508.000000 550.000000 1529.000000
1103.000000 107.000000 1358.000000 38.000000 1363.000000
1415.000000 2104.000000 1481.000000 2403.000000 1548.000000
1160.000000 1770.000000 861.000000 1981.000000 828.000000
758.000000 2638.000000 1092.000000 3029.000000 1073.000000
989.000000 253.000000 1400.000000 192.000000 1409.000000
1108.000000 632.000000 539.000000 629.000000 517.000000
1390.000000 884.000000 1414.000000 882.000000 1437.000000
1294.000000 183.000000 1566.000000 108.000000 1577.000000
939.000000 1990.000000 643.000000 2311.000000 578.000000
1200.000000 626.000000 1462.000000 590.000000 1483.000000
592.000000 622.000000 1518.000000 584.000000 1541.000000
1189.000000 1703.000000 636.000000 1881.000000 574.000000
630.000000 1744.000000 1161.000000 1941.000000 1169.000000
1374.000000 1045.000000 730.000000 1092.000000 703.000000
16.000000 821.000000 226.000000 974.233704 205.443817
1486.000000 447.000000 1041.000000 407.000000 1041.000000
1371.000000 2366.000000 691.000000 2685.000000 592.000000
1469.000000 899.000000 1415.000000 899.000000 1439.000000
602.000000 1943.000000 1155.000000 2205.000000 1163.000000
1302.000000 143.000000 1199.000000 91.000000 1205.000000
648.000000 764.000000 1394.000000 747.000000 1413.000000
870.000000 2103.000000 1471.000000 2402.000000 1537.000000
1271.000000 1933.000000 820.000000 2199.000000 777.000000
1474.000000 2090.000000 875.000000 2391.000000 835.000000
1196.000000 611.000000 1406.000000 578.000000 1422.000000
1251.000000 654.000000 1017.000000 640.000000 1015.000000
1373.000000 554.000000 365.000000 527.000000 338.000000
754.000000 2660.000000 1355.000000 3056.000000 1407.000000
952.000000 544.000000 1403.000000 503.000000 1418.000000
819.000000 509.000000 445.000000 496.000000 425.000000
991.000000 1821.000000 1401.000000 2035.000000 1446.000000
1305.000000 96.000000 1011.000000 42.000000 1012.000000
849.000000 1776.000000 1137.000000 1981.000000 1141.000000
727.000000 583.000000 1335.000000 548.000000 1347.000000
1408.000000 554.000000 613.000000 545.000000 597.000000
874.000000 1154.000000 725.000000 1221.000000 694.000000
1033.000000 368.000000 485.000000 347.000000 473.000000
1376.000000 1753.000000 1436.000000 1925.000000 1484.000000
921.000000 526.000000 1404.000000 485.000000 1418.000000
381.000000 1838.000000 1362.000000 2056.588135 1401.490356
854.000000 232.000000 972.000000 191.000000 972.000000
929.000000 276.000000 1317.000000 224.000000 1324.000000
1106.000000 1920.000000 632.000000 2194.000000 565.000000
1329.000000 1443.000000 417.000000 1682.000000 365.000000
1081.000000 1034.000000 1058.000000 1070.000000 1055.000000
1159.000000 767.000000 1345.000000 752.000000 1359.000000
1017.000000 1099.000000 1097.000000 1144.000000 1098.000000
1190.000000 1789.000000 1437.000000 1990.000000 1487.000000
873.000000 2643.000000 1149.000000 3035.000000 1145.000000
580.000000 852.000000 1502.000000 843.000000 1531.000000
1027.000000 923.000000 680.000000 953.000000 654.000000
137.000000 1925.000000 1355.000000 2172.616211 1399.944092
1470.000000 1286.000000 1085.000000 1438.000000 1090.000000
1176.000000 871.000000 225.000000 1033.000000 199.000000
1089.000000 2045.000000 785.000000 2345.000000 733.000000
883.000000 1964.000000 845.000000 2237.000000 805.000000
710.000000 1777.000000 1164.000000 1982.000000 1173.000000
826.000000 1321.000000 1119.000000 1410.000000 1122.000000
641.000000 789.000000 932.000000 787.000000 923.000000
1471.000000 1347.000000 523.000000 1449.000000 465.000000
968.000000 523.000000 1436.000000 482.000000 1452.000000
1065.000000 2061.000000 883.000000 2361.000000 846.000000
1257.000000 1785.000000 1256.000000 1988.000000 1278.000000
941.000000 625.000000 1015.000000 608.000000 1012.000000
1511.000000 788.000000 1521.000000 770.000000 1550.000000
1059.000000 1914.000000 1681.000000 1449.000000 1789.000000
865.000000 507.000000 1471.000000 454.000000 1499.000000
1311.000000 2596.000000 1669.000000 2953.000000 1805.000000
1223.000000 1974.000000 829.000000 2253.000000 786.000000
1382.000000 2070.000000 1104.000000 2370.000000 1104.000000
987.000000 1976.000000 898.000000 2256.000000 866.000000
1230.000000 346.000000 574.000000 326.000000 566.000000
1332.000000 823.000000 1413.000000 810.000000 1435.000000
1297.000000 2153.000000 1657.000000 1712.000000 1781.000000
688.000000 488.000000 703.000000 464.000000 690.000000
519.000000 2428.000000 1409.000000 2756.628174 1479.180054
1343.000000 111.000000 1309.000000 46.000000 1314.000000
1509.000000 85.000000 943.000000 35.000000 943.000000
1339.000000 628.000000 1406.000000 595.000000 1423.000000
712.000000 1520.000000 1026.000000 1655.000000 1017.000000
1152.000000 866.000000 1517.000000 874.000000 1551.000000
684.000000 853.000000 1485.000000 844.000000 1514.000000
1185.000000 176.000000 1366.000000 116.000000 1373.000000
1412.000000 1033.000000 1090.000000 1068.000000 1090.000000
734.000000 1244.000000 664.000000 1325.000000 624.000000
1505.000000 853.000000 1467.000000 845.000000 1493.000000
1177.000000 900.000000 1399.000000 902.000000 1422.000000
1146.000000 2173.000000 665.000000 2461.000000 577.000000
1184.000000 2317.000000 793.000000 2630.000000 719.000000
1280.000000 611.000000 651.000000 606.000000 635.000000
1226.000000 1060.000000 986.000000 1103.000000 978.000000
1494.000000 2424.000000 1363.000000 2745.000000 1412.000000
1497.000000 871.000000 587.000000 894.000000 556.000000
1499.000000 583.000000 618.000000 577.000000 601.000000
1124.000000 1927.000000 1093.000000 2184.000000 1092.000000
1132.000000 1769.000000 839.000000 1979.000000 803.000000
1353.000000 368.000000 578.000000 348.000000 569.000000
766.000000 2631.000000 1025.000000 3021.000000 989.000000
1277.000000 2007.000000 1468.000000 2286.000000 1530.000000
1170.000000 1900.000000 1666.000000 1441.000000 1777.000000
1101.000000 1623.000000 467.000000 1899.000000 409.000000
1406.000000 519.000000 1497.000000 473.000000 1516.000000
800.000000 2071.000000 788.000000 2371.000000 734.000000
550.000000 59.000000 585.000000 26.785961 586.684265
794.000000 1991.000000 880.000000 2276.000000 845.000000
857.000000 496.000000 1387.000000 450.000000 1399.000000
1436.000000 376.000000 1031.000000 333.000000 1030.000000
1254.000000 147.000000 38.000000 193.000000 49.000000
1240.000000 433.000000 1652.000000 365.000000 1675.000000
1272.000000 1562.000000 1113.000000 1709.000000 1115.000000
1221.000000 157.000000 1052.000000 102.000000 1052.000000
993.000000 647.000000 1372.000000 617.000000 1388.000000
1387.000000 309.000000 628.000000 284.000000 621.000000
1449.000000 143.000000 1349.000000 85.000000 1355.000000
1148.000000 1526.000000 840.000000 1668.000000 809.000000
1261.000000 150.000000 1302.000000 91.000000 1307.000000
632.000000 458.000000 124.000000 606.000000 130.000000

1.000000 512.930969 422.522369 410.457703 1736.962158 500.778198 402.124817 338.127777 1764.310425
2.000000 427.242676 1736.458984 525.692993 429.675507 355.393921 1763.575928 515.093079 406.873810
0.000000 2029.905029 563.678040 893.208130 250.454361 2423.113281 494.453979 1043.957031 223.491898
3.000000 536.265137 425.131226 1663.297852 676.825439 519.551514 402.701721 1843.476807 622.469177
16.000000 1660.780029 613.344727 563.559998 355.701385 1592.545410 511.080841 1161.791016 434.237122
6.000000 1657.647217 680.177368 1677.182007 1673.388794 1837.658081 623.327087 1837.132690 1656.668579
7.000000 1688.317139 1639.966431 1669.031982 693.353027 1850.016846 1656.666626 1849.531616 636.666870
4.000000 2200.238037 713.319885 2252.285645 1633.392578 2499.925537 633.336975 2554.135010 1740.124023
8.000000 865.366455 239.351105 4.251636 0.029148 974.233704 205.443817 2.018811 13.318570
5.000000 2261.938477 1593.602417 2211.487061 706.961426 2565.852539 1690.205078 2513.272949 626.999329
9.000000 1053.229248 1665.660889 443.340332 1680.291992 1063.392090 1716.316040 373.301758 1705.312988
13.000000 526.465027 347.524506 3.061284 224.490677 499.650909 322.031128 3.322517 236.729599
12.000000 2.837595 308.904083 516.085388 422.623596 2.803634 319.892242 500.778198 402.124817
15.000000 999.658142 444.673706 531.665039 326.585083 1049.643188 401.798065 603.352600 313.236206
17.000000 2471.201416 369.334686 2045.608521 560.983521 2905.211426 212.849030 2591.512451 400.302032
11.000000 1029.997925 1653.222046 613.288818 1660.923828 1039.629150 1702.298096 523.307129 1691.281006
14.000000 1679.785522 680.960144 2034.718262 759.918579 1862.887939 626.008850 2331.308594 704.069763
18.000000 2467.582275 545.768860 2180.181885 653.816895 2776.831055 400.313202 2467.930908 562.409363
19.000000 2253.303223 1669.861572 2536.674072 1672.539062 2533.171631 1786.026733 2876.667480 1806.652344
38.000000 66.540359 1753.499756 329.986420 1742.992676 3.326063 1764.979858 250.002640 1766.069092
26.000000 476.632538 1286.441162 459.652130 1539.976685 429.814301 1293.313110 402.064880 1560.397705
30.000000 673.122314 1539.988159 686.833130 1296.488403 634.588989 1566.463135 660.064575 1306.346558
31.000000 747.673218 1299.875732 735.668701 1542.510010 727.773071 1310.100830 705.416992 1570.209229
37.000000 103.409248 1434.378784 340.077759 1437.574951 30.220304 1440.256714 276.824799 1448.732300
41.000000 353.282745 1274.265259 119.913429 1261.594360 299.736267 1280.718384 56.565308 1264.890625
35.000000 927.856018 1543.245728 937.386902 1309.893311 923.801636 1576.702515 942.931213 1326.635864
39.000000 1072.101318 1459.289429 1057.501953 1690.052856 1097.156494 1491.963623 1071.085449 1736.426880
42.000000 156.785278 1078.619995 386.804993 1098.390747 103.549858 1077.047363 343.724945 1094.659912
22.000000 2656.490234 1342.945068 2665.340332 1566.850830 3038.031738 1389.882568 3063.895508 1690.525146
49.000000 391.801819 1096.564087 406.761536 873.116516 346.758514 1096.676514 371.165131 869.766785
48.000000 403.317566 870.119873 183.179718 841.167969 366.526489 864.595032 139.696991 839.393982
53.000000 183.431259 849.240540 400.359192 877.214600 139.919556 847.401306 363.491882 871.885620
51.000000 476.189911 492.317230 262.967072 448.446838 459.636383 475.680481 236.494278 441.112762
25.000000 2622.313965 976.343445 2634.739258 1193.443604 2999.815186 923.085876 3021.588867 1200.137085
29.000000 2429.417969 1200.041260 2414.077393 983.516785 2750.203125 1209.987061 2733.438721 946.659973
100.000000 853.630310 220.013123 863.208679 3.180580 1017.606628 196.730576 1030.767944 3.158911
52.000000 247.485245 641.817139 460.926331 677.845398 213.818207 636.356384 437.623993 666.139465
33.000000 2158.781250 1587.151367 2145.653076 1373.600586 2456.516602 1673.664673 2444.192383 1420.120239
101.000000 855.144775 3.259423 844.785156 216.575287 1022.364929 3.264140 1008.553589 196.563324
63.000000 266.770935 456.153564 473.697632 498.207489 240.225891 448.527344 456.907379 481.764008
34.000000 2397.129639 867.500732 2383.723145 660.622803 2726.236084 803.381653 2699.071777 550.890381
60.000000 688.122070 1120.897461 699.450439 913.305847 668.630066 1123.209717 688.482971 903.196472
50.000000 463.334229 1541.496948 670.002441 1541.597290 402.064880 1560.397705 630.072754 1567.607544
59.000000 483.777802 1102.058472 688.122070 1120.897461 443.678680 1102.851074 663.985901 1122.789917
68.000000 776.528320 923.155884 766.118591 1126.809082 773.776428 913.075867 755.888672 1127.744141
47.000000 2138.995605 1247.090332 2127.759521 1043.641113 2436.688232 1256.955322 2426.695557 1026.955078
54.000000 683.390564 1292.285645 479.935699 1281.177979 656.663696 1303.381714 433.156586 1289.515991
78.000000 177.856247 846.114502 157.627045 1046.763550 133.352005 840.480408 103.726357 1047.200684
64.000000 696.374573 908.875427 496.779541 882.479797 686.293823 900.029480 469.702515 876.016602
74.000000 523.725586 689.106689 721.685425 723.120483 507.285583 675.450684 717.476562 704.046997
40.000000 2307.215820 1005.633057 2317.607422 1203.465088 2616.071777 976.069580 2626.658447 1220.000366
82.000000 336.588104 1288.308472 139.893265 1278.897339 279.931519 1294.537354 73.364235 1282.789917
69.000000 953.123840 1143.326660 959.417603 946.541443 966.873901 1146.680908 981.528931 933.209473
87.000000 323.285217 1422.079834 126.569603 1417.527588 259.917786 1432.105591 56.504139 1424.161865
79.000000 500.430023 890.050293 693.507141 915.339844 473.307739 883.565002 680.027710 906.415710
32.000000 2590.676758 646.185120 2613.846924 839.137756 2963.869629 516.351807 2984.520996 770.174561
93.000000 169.054413 629.810547 186.768951 436.390839 133.946335 629.652100 159.068298 433.214172
44.000000 2287.700439 696.388489 2300.046143 890.209351 2596.198242 602.067871 2607.626221 836.792053
98.000000 260.031982 450.307892 242.353165 643.548645 234.477203 443.489563 208.066055 636.857788
36.000000 2455.808105 1540.067261 2440.661621 1346.876099 2781.052979 1636.830933 2763.283447 1390.243774
80.000000 1020.545654 953.352783 1013.658691 1146.678223 1052.088379 943.006104 1037.291504 1150.044678
94.000000 386.693573 883.121094 196.370651 859.002625 349.835785 878.207153 153.270630 857.254944
95.000000 366.419281 1076.081787 176.160522 1058.956543 323.083649 1076.388794 126.098076 1060.291016
84.000000 726.892456 545.586060 540.025269 506.545624 733.361023 519.825012 529.849121 487.620087
43.000000 2329.902344 1353.688965 2341.308838 1543.251953 2640.104004 1400.337158 2653.597900 1633.159424
56.000000 1731.955200 1350.184570 1727.890869 1540.026245 1907.467163 1383.329224 1908.613159 1606.656738
103.000000 464.928833 683.211487 478.018066 496.527710 440.949799 669.732544 462.251007 479.878571
72.000000 2123.202148 940.479004 2114.366211 753.599731 2421.684814 900.179077 2414.018555 686.881653
161.000000 186.142136 432.573456 2.945920 395.234070 156.371674 428.588562 3.068679 405.057526
102.000000 459.437195 502.737000 276.307617 465.079407 443.255829 487.167725 253.163513 457.764526
85.000000 1180.344604 1163.341675 1184.838135 976.622681 1233.461060 1166.855713 1244.581055 963.219421
70.000000 735.668701 1542.510010 923.332458 1541.526123 705.416992 1570.209229 920.191284 1575.693237
77.000000 933.394775 1305.681152 749.942932 1294.249512 939.903442 1321.387573 729.992065 1306.780273
86.000000 1228.780396 983.302429 1225.526611 1166.913330 1296.564941 969.994995 1286.621704 1173.331177
81.000000 770.244995 1127.065308 950.380859 1142.104736 755.888672 1127.744141 963.716125 1145.208374
167.000000 3.566335 402.194916 180.332855 438.373718 3.524046 412.092926 153.564743 435.161560
90.000000 956.583374 940.640869 779.869812 917.668213 979.640259 929.959106 779.840088 908.130310
110.000000 536.301941 513.306335 523.725586 689.106689 524.966980 493.129852 503.000305 676.626770
97.000000 959.680603 591.533020 786.236267 555.399231 993.118347 558.034485 799.844482 527.655945
88.000000 2036.611084 780.002014 2043.024414 956.798767 2334.796875 726.631653 2339.659668 930.008118
92.000000 1377.626221 1180.002808 1378.147705 1003.327881 1471.352417 1189.932739 1478.137451 989.936829
96.000000 1511.599121 1016.660400 1512.292847 1193.324341 1642.717407 1006.660645 1642.187256 1203.569214
89.000000 777.487183 731.899231 950.848572 761.736084 780.561584 712.411804 981.793091 739.407593
116.000000 442.776337 659.916321 269.394531 630.199280 416.524384 647.749817 236.564728 624.109253
113.000000 783.754517 559.836487 774.009766 733.371338 795.137695 530.174255 777.444763 713.408447
123.000000 721.685425 723.120483 731.110107 549.892334 720.706177 703.394531 736.023743 526.610962
61.000000 2441.046387 1603.259521 2428.853760 1430.315796 2764.329346 1713.268921 2750.116455 1493.541382
99.000000 783.141235 924.816040 953.308167 946.861023 780.173462 915.081421 973.382019 936.221802
76.000000 2356.465820 1432.736816 2372.214111 1603.436646 2670.921143 1499.284180 2690.791992 1709.925293
105.000000 666.711365 1305.728149 496.621063 1297.623657 639.943298 1317.623901 449.820770 1306.358154
45.000000 180.056076 1272.241333 349.950470 1280.964478 59.984661 1273.600830 293.315338 1286.980347
107.000000 653.307007 1526.249512 483.290771 1524.714844 613.225342 1550.056396 426.535767 1544.108032
106.000000 1646.774536 1203.329468 1640.593384 1033.432983 1808.568237 1216.656250 1809.952881 1026.666382
204.000000 1.970086 601.334473 169.054413 629.810547 2.081515 608.450684 130.860107 627.526917
112.000000 679.937073 920.500427 512.977173 899.497742 666.768982 912.373474 483.036377 892.785400
124.000000 955.563232 763.292114 961.793396 596.609131 981.793091 739.407593 995.343628 563.237610
191.000000 166.719360 443.069580 3.250381 410.415253 139.926056 440.498444 2.815164 420.159851
109.000000 1723.935547 1043.775879 1716.997070 1210.013794 1903.390137 1036.647949 1902.325439 1223.327637
121.000000 666.606262 1103.962402 503.179138 1088.272705 643.207275 1104.728516 466.477661 1088.758057
140.000000 344.429443 1439.823730 357.305603 1276.454346 281.789154 1449.807495 302.601776 1282.826660
129.000000 1030.191772 613.237000 1025.179321 776.723267 1074.787720 576.760559 1063.602173 750.017334
126.000000 713.073303 554.614075 552.908569 522.091797 716.753967 529.427307 542.887329 502.926208
104.000000 1016.898621 1147.618286 1177.003174 1163.211060 1040.497681 1151.261841 1230.421875 1168.752075
133.000000 2034.718262 759.918579 2186.395508 705.905640 2331.308594 704.069763 2485.510010 627.684692
108.000000 1842.212036 1220.069702 1832.266724 1060.066284 2061.509277 1237.093262 2057.786133 1050.056274
132.000000 703.044495 705.017700 546.411133 678.156860 699.588989 686.386047 529.529968 663.491516
115.000000 1027.707031 774.265259 1184.065552 802.630493 1067.161133 749.924194 1247.240601 776.042480
111.000000 1180.021973 969.828857 1022.954102 949.613281 1240.148315 958.634033 1056.446655 938.693970
120.000000 1186.658203 640.040405 1033.054810 608.001831 1257.056030 600.866821 1080.064697 572.923584
119.000000 1924.217041 1069.560669 1933.323486 1226.085449 2170.474365 1066.598389 2173.701416 1246.660034
137.000000 1235.215820 653.374878 1231.759521 810.038818 1314.519165 616.569824 1306.848145 786.674866
138.000000 1187.493042 803.338135 1188.408325 646.657349 1252.262573 776.618530 1259.904785 606.512634
117.000000 1026.603271 957.171326 1180.029907 976.428467 1060.044434 946.247864 1240.137085 965.375854
163.000000 101.617371 983.491455 116.624336 829.995850 49.027020 983.670105 70.933693 830.133240
125.000000 919.901550 1318.398193 766.495605 1309.674316 923.228821 1334.877808 746.469238 1322.917725
131.000000 906.660645 1527.368042 753.309998 1526.053589 903.233459 1559.582031 729.875183 1553.644653
145.000000 1380.993042 836.669434 1380.811646 683.332397 1484.693726 807.315552 1489.576782 643.235779
114.000000 2052.911621 1066.665405 2052.458984 1219.997437 2350.418213 1056.777710 2347.546631 1239.961548
134.000000 943.030823 952.368774 792.924988 933.197266 963.072021 942.419373 793.252930 924.077820
118.000000 2034.170166 1236.614136 2023.682007 1086.373291 2321.524414 1260.074951 2314.055908 1079.970093
46.000000 1039.912231 1503.200928 1034.101440 1653.363037 1071.797119 1474.544434 1039.629150 1702.298096
141.000000 946.256287 601.957886 799.738708 571.246460 976.767578 569.366699 812.816467 543.244141
142.000000 933.077209 1126.168945 786.402832 1112.921143 943.198730 1128.261108 779.903748 1114.473145
122.000000 1225.526611 1166.913330 1373.618774 1180.103027 1290.333496 1172.923950 1467.081787 1188.674561
152.000000 1519.748657 713.783508 1509.490356 859.964233 1651.098511 669.947266 1647.322632 830.015503
248.000000 146.245712 609.184082 2.473298 585.143311 109.563248 606.881775 2.467640 593.700012
127.000000 1236.959229 811.646484 1377.361572 835.992920 1310.689819 784.821106 1484.693726 807.315552
153.000000 939.573608 745.802185 799.715637 721.646484 959.793335 721.529907 802.838562 700.329529
128.000000 1373.395508 996.202759 1233.232544 977.419006 1473.498657 985.196960 1299.739258 965.651367
253.000000 856.356628 973.318359 849.608093 1113.314453 864.108765 1003.395386 855.584900 1109.913452
148.000000 1776.180664 1383.342041 1778.696533 1523.356812 1976.402100 1423.334473 1977.114868 1586.679199
166.000000 1718.674805 753.200500 1720.818359 893.218750 1904.909668 709.999695 1906.132812 864.030640
160.000000 1640.098389 876.712769 1638.103882 736.693665 1811.059448 850.003906 1811.635254 693.327087
139.000000 1376.820923 679.245300 1239.748657 651.229736 1486.705811 636.410950 1319.866089 610.875000
185.000000 208.617477 1433.316650 84.379364 1491.808350 138.362839 1442.018311 8.185571 1499.202881
147.000000 2060.956543 940.087769 2055.906250 803.361389 2361.024658 913.302063 2356.041260 750.019104
156.000000 1169.728027 982.147705 1036.421753 965.267334 1226.485229 971.697693 1069.826782 954.953735
159.000000 1832.093750 910.078247 1824.285889 777.804443 2057.692139 883.381287 2053.798340 725.621948
177.000000 1918.706665 793.203247 1920.582031 927.069824 2167.303223 749.987427 2170.196045 896.728516
263.000000 1090.698242 1000.019531 1086.973999 1133.341919 1134.936035 1033.227539 1128.608765 1136.785278
169.000000 1106.860107 1385.060059 1034.625488 1496.597290 1206.412354 1382.689575 1080.006592 1464.883911
136.000000 1643.295776 1340.656494 1513.149536 1333.215210 1806.477295 1372.883545 1636.553589 1361.721558
168.000000 1173.371704 649.819702 1046.088257 622.716492 1242.996704 612.057617 1093.188599 587.551147
150.000000 1516.669067 1193.306763 1643.798340 1204.901123 1642.187256 1203.569214 1803.834595 1217.447876
176.000000 1159.947021 1147.207520 1033.190186 1134.795166 1209.874390 1151.396118 1063.195435 1138.199341
171.000000 2022.025757 943.395081 2016.040161 816.696289 2312.019775 920.049011 2306.422607 770.009094
154.000000 1514.142822 858.617065 1637.281250 879.752563 1650.463501 829.898438 1807.421021 851.075867
149.000000 1640.007324 1029.941772 1516.525513 1014.458923 1806.617676 1020.462952 1646.645630 1003.532654
66.000000 556.729919 1292.151855 680.066772 1298.752808 436.676849 1296.504883 653.323425 1310.157349
162.000000 1635.230225 740.127563 1515.642578 714.843445 1809.717163 688.461548 1656.510986 664.321228
172.000000 1363.200439 1007.643982 1243.153809 991.320068 1459.893677 997.597412 1313.237183 980.841370
146.000000 1824.507935 1386.588989 1832.432983 1506.505859 2040.067749 1426.665894 2042.076172 1590.015503
178.000000 1366.208740 688.961182 1249.532593 665.675537 1473.242554 647.267517 1329.660522 625.581116
179.000000 1166.666748 786.666382 1049.579590 765.678711 1232.859253 760.097107 1089.500000 740.284729
207.000000 329.940948 1478.515991 220.237000 1434.445679 265.620850 1491.165771 146.767395 1441.741821
289.000000 276.979462 943.361877 266.344330 1059.970581 237.725830 943.471924 225.552490 1036.520874
221.000000 357.344757 516.720398 348.090271 633.446228 339.255798 626.577759 353.573303 506.695343
175.000000 1359.791992 1165.473267 1243.254028 1154.149170 1453.116577 1172.385376 1306.449463 1159.057373
165.000000 1843.130127 1357.372192 1726.256226 1351.491211 2063.565186 1389.184937 1909.966553 1380.597412
199.000000 1566.229614 1060.005981 1567.823975 1176.696411 1716.300781 1053.324951 1713.250488 1186.664795
182.000000 2333.561035 542.619019 2223.097412 507.406799 2679.797607 424.169464 2539.924072 390.313965
173.000000 1833.136353 1054.886963 1719.932373 1040.532959 2053.274902 1047.221802 1906.483032 1031.740845
164.000000 1723.294922 1210.432861 1836.917603 1220.502563 1906.840942 1224.592041 2061.509277 1237.093262
238.000000 621.364075 569.889648 615.012512 683.240662 622.697998 663.270935 633.819153 550.047729
205.000000 1765.869629 1083.346191 1767.699341 1196.703857 1969.942261 1080.000000 1969.921631 1210.000000
227.000000 697.643250 583.384521 691.707275 696.581421 704.645935 560.130493 693.061707 676.639648
186.000000 1363.205078 820.755981 1252.983887 802.060120 1466.368774 792.219543 1326.209473 773.406433
174.000000 1717.185913 893.471619 1827.521973 911.404419 1906.132812 864.030640 2053.790527 883.003540
215.000000 1824.285889 777.804443 1715.348145 756.486328 2043.118652 734.815491 1919.482422 716.906921
261.000000 263.056915 1473.039673 152.910889 1482.295776 183.206100 1481.906006 79.395523 1491.855469
144.000000 2303.120850 706.491211 2309.316895 816.705078 2612.685791 616.530884 2620.948486 779.952026
197.000000 2340.542236 1203.295532 2332.882324 1093.364746 2654.451172 1213.469360 2646.254639 1080.025269
189.000000 1633.243042 1351.791504 1523.186646 1346.242432 1789.894775 1385.033813 1649.812378 1376.365967
214.000000 1811.002686 1089.967285 1814.594604 1200.067627 2029.384399 1086.674438 2030.972656 1213.362915
246.000000 753.389465 1302.141357 863.302856 1307.314697 733.274170 1314.287109 843.264587 1321.108398
181.000000 1309.248413 1429.956665 1222.386963 1363.544678 1401.771362 1509.485352 1308.028076 1399.337769
192.000000 1633.253540 1040.634521 1526.184082 1027.171387 1796.410400 1032.388916 1659.884277 1017.745422
202.000000 1188.828491 1381.181274 1094.435059 1432.567261 1240.999146 1408.176636 1121.368774 1462.326538
219.000000 321.052338 1693.418823 329.723907 1586.644287 246.476715 1713.307251 263.064667 1592.381958
196.000000 2376.352783 1190.255127 2368.877441 1083.411865 2694.381348 1200.146729 2685.816162 1066.721313
212.000000 2358.026367 756.347229 2365.299805 863.199463 2675.144287 673.007263 2683.181396 799.798340
251.000000 582.986572 979.977600 576.104431 1086.630371 563.586426 976.692993 552.495728 1083.246094
222.000000 2436.894287 1346.459839 2329.902344 1353.688965 2760.379639 1391.575195 2640.104004 1400.337158
237.000000 861.441528 616.579407 856.518433 723.326477 885.545837 586.572632 876.033875 699.946899
225.000000 2410.653320 983.102966 2307.215820 1005.633057 2730.913086 943.207642 2616.071777 976.069580
234.000000 2323.218506 1225.838379 2426.416260 1211.527710 2633.216797 1242.597900 2746.347412 1224.653320
260.000000 355.058136 1669.887695 362.270996 1566.592529 283.432220 1690.011353 295.299286 1586.509888
223.000000 2302.723145 897.558899 2403.115723 872.463074 2608.625000 845.907898 2722.538330 807.633911
252.000000 1098.534302 663.300354 1096.209717 766.656372 1157.253296 630.031738 1151.483276 736.746887
218.000000 1962.765259 1110.025879 1967.464111 1213.296997 2230.819336 1106.639648 2234.892090 1230.058594
233.000000 2387.217285 658.250061 2290.638184 691.835083 2699.071777 550.890381 2596.198242 602.067871
194.000000 1920.582031 927.069824 2020.679199 946.390076 2173.861084 899.734558 2307.258789 919.296143
232.000000 2423.407471 1197.203979 2323.017822 1211.044434 2743.361572 1206.837158 2629.820557 1225.579712
188.000000 2023.682007 1086.373291 1922.428711 1074.303833 2313.041992 1076.058472 2173.215332 1061.103271
65.000000 2593.489746 598.979431 2693.190186 614.266541 2853.477539 448.308350 3069.992188 466.759003
187.000000 1930.169678 1228.202759 2030.222046 1237.648682 2176.971436 1246.643433 2317.027100 1259.365112
203.000000 1630.014648 1189.841309 1529.947754 1180.563721 1789.892578 1201.206665 1659.736938 1189.621826
210.000000 2641.134521 836.849426 2632.811035 736.710083 3041.850342 753.737793 3031.194336 626.846313
228.000000 2400.309326 861.202087 2303.208252 886.180664 2720.297607 794.178223 2609.901367 833.052917
206.000000 2355.329590 860.090454 2348.563965 760.097168 2672.599121 806.503967 2664.479248 676.803589
264.000000 1153.085449 1039.991577 1149.681519 1140.102539 1209.037842 1039.941040 1202.706787 1143.294922
241.000000 1279.210693 1432.263916 1193.633301 1382.814209 1343.881958 1469.078857 1247.612793 1411.744751
242.000000 2012.070923 816.557983 1915.145996 797.899170 2293.254150 773.860168 2183.236572 757.309387
208.000000 1626.191406 866.203552 1529.418457 850.178223 1792.940186 836.344177 1666.257080 819.803528
220.000000 2533.540771 1599.703369 2453.204102 1543.518066 2869.558594 1713.872803 2776.069336 1637.396973
213.000000 2320.781494 769.947937 2327.221680 866.629700 2634.059570 816.621399 2626.166992 690.031128
193.000000 2026.654785 1363.841919 1929.807007 1361.573975 2313.336426 1406.621216 2176.622314 1397.318359
255.000000 1352.931885 716.668457 1353.368652 813.333191 1459.908569 676.663330 1456.028687 783.310120
158.000000 1796.272461 1641.707153 1699.949463 1649.363403 2083.422363 1728.696289 1926.685425 1725.688599
231.000000 1310.602051 1523.102173 1276.459473 1434.186279 1378.315918 1584.186646 1345.099365 1472.806641
278.000000 152.910889 1482.295776 86.426125 1549.759155 79.395523 1491.855469 8.302601 1558.429565
257.000000 2686.621582 656.985596 2593.265137 643.816833 3070.343018 522.848938 2966.351807 513.504272
209.000000 1823.096924 1065.140137 1729.619629 1052.906372 2043.423218 1059.186279 1916.464600 1045.162720
267.000000 1291.072266 1059.960449 1289.438354 1153.381836 1374.638428 1056.578857 1370.303467 1156.679810
254.000000 2074.148193 1236.629395 2069.879639 1143.338867 2373.414307 1259.996704 2369.110840 1153.234863
75.000000 379.672974 284.665588 290.157196 262.692932 520.301758 305.088379 312.316071 265.320312
