Keypoint Matches and Line Matches for pairs 21, 24 
21 corresponds to the image ./resources/Data/CastleP30/images/0021.png 
24 corresponds to the image ./resources/Data/CastleP30/images/0024.png 

17.000000 602.897339 501.515442 1173.532715 495.447693
13.000000 615.706543 503.566559 1196.858521 493.454071
23.000000 643.147217 430.992737 1189.978394 419.786469
0.000000 622.971558 501.994568 1193.487793 491.690887
1.000000 1846.557617 723.934387 2646.875732 358.955536
8.000000 1839.425171 723.629028 2641.174072 360.922577
3.000000 1851.474365 739.967224 2656.794922 363.319824
18.000000 609.784302 424.473083 1153.447021 424.499054
30.000000 1863.800415 727.428284 2666.180664 358.268433
29.000000 710.409058 421.358887 1263.205566 395.233551
319.000000 1025.751587 296.794067 1778.618286 156.721649
134.000000 547.976685 1370.118530 1198.955688 1316.679565
120.000000 119.956169 1844.057007 893.331665 1753.667969
121.000000 376.662384 1839.745483 1093.331665 1753.557739
234.000000 7.502158 683.783569 746.349487 779.485046
235.000000 250.918564 716.498718 916.294067 765.478760
454.000000 1182.815063 1548.719849 1845.429199 1455.149414
98.000000 109.036346 1600.322266 869.898376 1543.328003
99.000000 142.067291 1357.401001 880.796082 1336.357544
178.000000 163.446625 1521.004395 906.499023 1473.970825
179.000000 403.417267 1525.805664 1089.968506 1468.869385
169.000000 1406.625122 1802.408569 2133.336914 1727.656372
189.000000 423.144165 1360.018433 1093.426392 1316.690308
190.000000 186.478836 1346.661255 913.287598 1321.684692
186.000000 229.735809 1163.358398 933.145752 1156.669922
187.000000 460.145538 1181.483032 1113.137939 1146.531128
264.000000 270.169220 522.321167 920.077026 590.846863
265.000000 43.160336 484.368103 756.580078 605.714172
108.000000 464.642792 1179.818359 1117.635254 1146.670044
109.000000 484.679626 956.488403 1118.342285 943.327576
216.000000 479.889648 950.975098 1113.520264 936.511719
217.000000 259.691895 926.056030 940.002991 946.717529
44.000000 1669.081177 1429.999756 2452.508545 1276.472656
45.000000 1669.027344 1650.000610 2473.174316 1543.603516
241.000000 325.659027 726.783447 974.993774 760.047363
213.000000 544.214966 756.994812 1153.107788 747.026550
218.000000 260.304535 933.946655 939.851868 954.153748
219.000000 476.869019 958.192749 1113.172485 943.937561
210.000000 563.083130 571.496155 1156.685913 570.218384
211.000000 349.588989 535.790955 983.234131 585.544067
90.000000 772.750305 1203.293091 1388.568481 1136.672241
91.000000 787.486145 989.826477 1387.731445 923.342224
94.000000 868.784912 993.479614 1464.885498 919.991760
95.000000 854.059021 1206.716797 1465.999146 1130.003540
166.000000 557.140076 1184.572021 1196.525146 1142.162598
167.000000 767.285889 1202.900635 1383.321533 1136.290894
154.000000 763.390442 1378.960327 1393.372070 1307.992554
155.000000 553.291931 1367.420776 1203.339233 1313.535767
522.000000 353.372833 543.095886 992.271545 599.972229
164.000000 783.445862 985.689453 1383.580444 920.886658
165.000000 579.742737 962.234436 1196.773682 931.827271
459.000000 1470.256958 1735.961426 2196.603516 1650.199585
85.000000 1053.772827 1223.353516 1670.770020 1120.072388
86.000000 1063.099731 1019.836548 1664.647583 903.390381
191.000000 254.295517 929.698792 935.271667 950.071472
192.000000 228.815826 1130.273071 928.633850 1130.072510
182.000000 611.067078 766.155640 1213.046997 742.514832
183.000000 810.620972 795.822998 1393.109985 730.095825
201.000000 580.405151 969.706421 1203.229614 938.150635
202.000000 780.146973 992.017395 1380.087769 928.231079
331.000000 403.304443 1373.925415 1076.703369 1331.170654
332.000000 203.292786 1364.164185 926.641724 1335.870361
88.000000 1129.161865 1026.625732 1737.118652 903.245483
89.000000 1119.911865 1227.545898 1742.072754 1116.695923
380.000000 253.273758 533.697693 910.139343 604.836121
381.000000 56.419964 501.508728 769.800720 617.850952
118.000000 1029.984131 1393.586304 1660.077637 1300.376099
119.000000 833.255554 1381.238770 1460.025635 1304.560059
79.000000 1301.245361 1243.376099 1951.776733 1110.064453
80.000000 1308.004761 1046.598145 1942.667358 889.889648
337.000000 383.345703 1509.524170 1073.370605 1454.550415
338.000000 186.552094 1504.402344 923.409363 1459.146606
83.000000 1356.050781 1050.078247 2001.616455 889.929321
84.000000 1350.393311 1246.677979 2012.120850 1106.099854
197.000000 823.276917 616.994812 1393.437744 551.257751
198.000000 629.928162 583.751038 1216.606323 565.939758
220.000000 251.809586 719.827454 920.167480 766.670654
221.000000 273.720367 526.333008 924.289368 593.276794
329.000000 466.520264 964.681396 1103.424683 951.497437
330.000000 273.293854 943.697021 953.373230 960.654053
130.000000 857.039673 1208.355713 1469.683472 1130.007568
131.000000 1050.286987 1222.836304 1666.539185 1120.651855
433.000000 226.611237 697.067627 900.201294 752.384277
1168.000000 36.557262 670.791321 762.000000 765.000000
240.000000 346.359680 537.020020 979.848389 589.900574
339.000000 439.818634 1158.921387 1096.762573 1131.983398
340.000000 249.441620 1143.609009 946.951782 1139.228394
150.000000 869.806458 803.422852 1452.110840 725.817871
151.000000 1057.559570 830.534668 1642.945679 711.286682
289.000000 37.292751 486.760529 752.993408 606.819458
290.000000 9.338338 673.234131 744.829163 766.743042
152.000000 1059.869141 1014.498657 1660.138062 902.346558
153.000000 872.939697 993.505066 1470.011841 913.535278
252.000000 189.667725 916.462280 883.681580 948.809204
66.000000 1671.947754 1086.649780 2425.040527 859.855835
67.000000 1673.568604 1273.331299 2444.462402 1089.904663
75.000000 1520.890869 1260.005005 2229.566406 1096.693848
76.000000 1521.929199 1073.325562 2215.542480 873.403931
344.000000 546.240540 582.530518 1143.437866 584.540283
345.000000 363.049957 551.682800 996.716309 597.240417
207.000000 548.673462 759.876038 1157.872314 749.975098
208.000000 565.801941 576.585876 1159.940308 573.293640
156.000000 1066.796875 655.901245 1640.098022 527.821777
157.000000 886.349548 625.196960 1453.362427 543.676392
176.000000 876.582886 1000.745667 1473.361694 920.459717
177.000000 1056.927246 1021.014404 1656.615356 909.167358
224.000000 625.762207 586.905151 1212.402100 569.986267
225.000000 608.097168 766.807129 1209.844238 743.331055
277.000000 746.689636 1392.872314 1380.091187 1322.473877
278.000000 566.472473 1383.900757 1216.734131 1328.495483
65.000000 1823.757202 1103.328613 2652.940186 846.705627
25.000000 1509.997070 1771.744019 2243.332520 1694.478149
382.000000 526.259949 739.539062 1136.988892 734.063599
383.000000 349.826752 714.556946 996.812805 745.176880
295.000000 769.830811 998.217224 1370.147705 935.754883
296.000000 593.086243 978.931213 1213.453857 945.310059
117.000000 1297.195068 1243.985352 1946.537842 1109.568848
209.000000 882.037659 626.821106 1450.412598 549.982239
52.000000 2051.632080 1303.721313 3059.528564 1060.536255
53.000000 2043.893066 1125.697876 3026.108887 823.411987
27.000000 1513.285400 1805.093018 2249.998535 1733.201782
1129.000000 1917.112061 1113.899658 2805.000000 848.000000
63.000000 1907.571289 1289.868286 2813.123291 1070.022461
222.000000 814.762817 796.761658 1398.302612 730.008545
223.000000 826.306824 623.087830 1397.428467 556.645996
205.000000 1061.091675 833.220032 1647.036133 710.058777
206.000000 1069.848999 659.992371 1643.529297 533.263306
112.000000 1303.492432 1041.893311 1940.132202 885.445435
113.000000 1132.996216 1023.050842 1740.081177 897.963379
350.000000 173.292862 930.385010 873.357300 963.720520
136.000000 1313.464233 699.235168 1920.204224 505.828949
137.000000 1146.553955 670.658386 1726.802002 521.654541
126.000000 1140.734619 841.807983 1732.961792 704.448242
127.000000 1307.618164 867.039856 1929.639893 691.286194
368.000000 182.195038 1349.867798 908.348999 1326.618286
369.000000 162.832550 1516.608521 904.146240 1470.023804
138.000000 1136.603516 1030.584351 1743.231689 905.066895
139.000000 1303.481445 1048.629883 1936.630981 892.771851
348.000000 749.833618 1185.266357 1363.362183 1120.661621
349.000000 582.968689 1170.902832 1216.683594 1127.054443
248.000000 1016.650085 1406.950562 1646.685791 1315.588745
249.000000 849.773621 1397.213013 1476.669800 1317.032471
1255.000000 1433.666870 1790.002319 2161.000000 1716.000000
460.000000 1434.816406 1623.366577 2188.944824 1519.866089
325.000000 806.754272 626.138855 1380.080933 564.246155
326.000000 642.954163 598.951111 1230.078125 577.547424
333.000000 408.005096 1526.460938 1093.844238 1470.008911
334.000000 424.843903 1363.145386 1096.457642 1319.938354
87.000000 1517.072998 1261.959351 2226.540527 1096.899536
193.000000 1143.428101 676.536377 1724.807129 526.628845
194.000000 1136.850952 840.007446 1729.421875 706.596008
188.000000 1365.733887 713.308228 1984.520020 506.609100
106.000000 1361.332642 876.702576 1994.726562 686.919434
174.000000 1311.124146 866.696350 1932.085327 693.393066
175.000000 1315.436157 703.300842 1923.310791 510.001068
346.000000 793.105347 778.252686 1376.893188 716.204041
347.000000 633.057983 755.249023 1230.088501 727.787598
100.000000 1519.903076 1067.494263 2210.046875 870.845276
101.000000 1359.758301 1048.729614 2003.462280 882.321777
510.000000 3.177556 1145.100342 766.422913 1165.000732
511.000000 163.401642 1159.225220 883.299316 1159.302246
158.000000 1524.620605 897.418091 2204.005127 673.525208
392.000000 174.181427 1070.105957 884.341675 1086.705688
393.000000 193.759781 913.386597 889.762329 946.657471
275.000000 1043.364014 1026.385742 1646.711792 917.428955
276.000000 886.384705 1009.249817 1483.358521 927.092712
159.000000 1525.518311 739.997437 2190.533447 486.628235
285.000000 1053.273315 667.015381 1626.904175 542.940674
286.000000 899.891724 640.629578 1466.871216 555.866028
110.000000 1523.133057 734.540833 2186.899170 482.638153
111.000000 1369.601196 709.070984 1986.692139 500.288849
388.000000 156.727295 1135.966919 863.289490 1142.504028
297.000000 1033.053223 1206.757080 1646.791748 1105.857422
172.000000 1672.177246 763.333923 2395.461182 473.167389
173.000000 1672.137451 916.667236 2409.773193 656.684326
60.000000 1823.299194 1433.928467 2690.061768 1265.553101
61.000000 1673.218750 1425.334229 2456.631104 1272.052856
697.000000 1910.485474 803.888306 2764.000000 448.000000
145.000000 1902.577637 953.293335 2768.787109 630.130371
327.000000 1039.956543 813.634644 1623.660645 697.636169
328.000000 892.982178 792.434570 1473.515381 709.059326
72.000000 1676.810059 1274.948486 2446.427734 1087.589844
64.000000 1823.567017 1287.200317 2674.434570 1077.457397
122.000000 2040.666626 970.101501 3002.814697 613.399597
123.000000 2035.082764 823.393616 2977.720703 416.957825
148.000000 1819.195557 936.674072 2632.546143 640.076721
149.000000 1817.845459 789.989136 2614.050049 450.254944
254.000000 1289.871338 1054.510986 1923.453857 902.001038
255.000000 1146.429199 1038.839722 1756.589478 912.052673
77.000000 1820.011597 1099.893677 2650.174072 842.739624
78.000000 1676.567993 1084.236816 2429.793457 856.751831
268.000000 1300.029785 709.830261 1906.728149 520.800232
269.000000 1159.679565 685.156067 1743.334106 533.343994
81.000000 1676.756714 919.378479 2412.804199 655.831116
82.000000 1817.189209 939.726685 2629.568115 640.544312
92.000000 1813.578491 785.228394 2610.129395 448.209106
93.000000 1676.353638 761.836670 2399.929932 465.830505
411.000000 94.791206 1766.855957 868.234741 1686.523560
587.000000 269.429718 1521.318359 980.706421 1470.542114
588.000000 144.117264 1577.663452 893.735901 1525.349365
299.000000 1279.917725 1227.590210 1923.348022 1093.660156
300.000000 1143.148682 1215.405640 1766.698975 1100.716675
50.000000 1913.635498 1292.920532 2816.516357 1069.761963
68.000000 2056.812988 1446.962891 3070.023926 1253.971680
69.000000 1919.982178 1440.369995 2840.094971 1262.547485
203.000000 1506.367798 1079.208130 2196.843262 886.712341
204.000000 1372.919922 1063.516113 2020.137085 895.953491
59.000000 1909.975098 1110.230713 2790.076416 834.573853
244.000000 1503.094238 1246.069580 2203.398926 1081.641602
245.000000 1369.904297 1234.428589 2033.403687 1088.429688
313.000000 1289.765747 851.539978 1907.035767 678.483398
314.000000 1159.731812 831.763489 1753.535156 689.482971
70.000000 1907.218140 952.564697 2772.808350 630.183716
71.000000 2037.110962 970.029297 2999.607666 611.820129
73.000000 2033.232422 820.635437 2973.402344 414.054382
74.000000 1906.583984 800.520264 2750.203369 435.454132
232.000000 1509.776489 744.698242 2173.427979 497.731995
233.000000 1383.227417 723.980591 2003.290039 512.845703
560.000000 633.396729 1378.810547 1280.000000 1316.666626
561.000000 760.058899 1385.561768 1390.000000 1316.666626
521.000000 1738.447144 1260.021362 2546.127686 1056.713379
493.000000 1796.712402 1263.333130 2636.208984 1053.374756
578.000000 141.524689 1676.377319 899.576721 1609.969604
579.000000 121.617767 1800.792236 892.118164 1713.725220
266.000000 1506.308105 882.553223 2180.150635 658.616211
267.000000 1383.064453 865.248291 2016.761719 671.231689
132.000000 1810.052979 1445.614136 2670.051025 1281.762329
133.000000 1686.529419 1439.392212 2473.356445 1287.460327
542.000000 49.012035 513.193665 764.212708 623.189331
543.000000 32.050545 633.151978 757.745117 733.396606
548.000000 144.070328 673.432922 845.236633 750.086304
549.000000 160.294754 553.373169 850.229370 640.010376
162.000000 1809.880859 1111.091797 2633.482666 859.163147
163.000000 1689.854980 1097.995728 2446.686279 870.328918
878.000000 405.892273 1379.656250 1081.000000 1330.000000
499.000000 1968.495605 1276.699463 2917.952393 1040.237061
489.000000 2023.021973 1280.011108 3012.709717 1036.744873
375.000000 391.854645 1668.974854 1088.205688 1606.662109
170.000000 1803.182251 794.246399 2596.872803 462.417297
171.000000 1686.404541 774.916870 2413.451172 478.050659
453.000000 1311.025635 1475.246948 1948.300659 1371.249756
550.000000 358.827484 706.532166 1008.159363 740.049133
551.000000 372.212097 589.871338 1011.783081 629.948975
195.000000 1806.851318 1271.187988 2646.724854 1061.303833
196.000000 1689.903564 1261.120605 2466.934570 1069.331909
102.000000 2049.942139 1458.123535 3070.005371 1270.148193
103.000000 1933.194824 1453.487305 2863.373291 1277.750488
378.000000 1439.945801 1528.352661 2131.966553 1397.753418
128.000000 2033.062622 1135.759888 3006.882568 837.042542
129.000000 1919.653320 1123.107544 2810.106445 848.497009
531.000000 715.020447 643.201660 1314.932983 600.013000
431.000000 705.947571 756.609131 1305.586548 716.628052
451.000000 1322.380493 1450.108398 1995.148438 1335.546387
452.000000 1214.314331 1482.038818 1869.385254 1378.418579
214.000000 1803.025269 925.532349 2606.985352 627.386047
215.000000 1692.852417 910.099915 2433.674805 641.010986
261.000000 342.299408 1136.549072 1026.942871 1126.564941
418.000000 52.260826 1109.856934 807.494812 1133.366699
1423.000000 741.405701 1176.776123 1359.000000 1106.000000
529.000000 965.215698 683.248047 1556.307129 580.001770
160.000000 2036.468140 1289.005859 3026.937744 1042.400635
161.000000 1926.693115 1279.688232 2839.901123 1051.244019
146.000000 2023.325439 830.050598 2960.312988 430.042175
147.000000 1916.145874 813.340271 2770.094238 447.681732
1400.000000 76.451736 912.037109 806.000000 952.000000
341.000000 110.017838 1777.253662 880.022034 1699.218628
432.000000 1443.279541 1626.688232 2195.088623 1517.323120
403.000000 1404.143921 1529.002319 2113.984619 1421.897949
259.000000 658.719299 1163.505981 1293.409546 1113.280640
480.000000 836.709167 1389.135376 1463.303711 1311.027832
481.000000 939.956787 1394.211914 1586.659546 1309.441772
184.000000 2023.356567 956.494934 2973.532227 599.110535
357.000000 103.727570 1631.049561 869.935120 1568.506958
1183.000000 651.587769 1393.203979 1296.000000 1325.000000
257.000000 1201.770020 1213.404297 1838.855591 1083.294312
594.000000 250.000000 1669.000000 979.000000 1601.000000
793.000000 1395.000000 1192.000000 2072.000000 1036.000000
1528.000000 117.000000 1244.000000 850.000000 1248.000000
1204.000000 1987.000000 920.000000 2915.000000 562.000000
1132.000000 690.000000 1480.000000 1343.000000 1410.000000
729.000000 963.000000 1491.000000 1598.000000 1405.000000
767.000000 1253.000000 784.000000 1866.000000 614.000000
1073.000000 583.000000 1491.000000 1244.000000 1428.000000
950.000000 1764.000000 863.000000 2550.000000 560.000000
372.000000 893.000000 639.000000 1464.108887 559.950134
1057.000000 637.000000 598.000000 1224.000000 577.000000
845.000000 1383.000000 855.000000 2024.000000 660.000000
921.000000 1927.000000 1452.000000 2858.000000 1277.000000
1472.000000 1934.000000 889.000000 2822.000000 539.000000
885.000000 980.000000 1473.000000 1598.000000 1387.000000
833.000000 882.000000 1487.000000 1536.000000 1405.000000
335.000000 572.000000 1417.000000 1228.190186 1356.644409
1428.000000 194.000000 886.000000 886.000000 920.000000
1341.000000 1915.000000 886.000000 2789.000000 542.000000
1339.000000 1708.000000 879.000000 2467.000000 597.000000
633.000000 604.000000 1457.000000 1260.000000 1394.000000
622.000000 1484.000000 1759.000000 2205.000000 1679.000000
1080.000000 1995.000000 1215.000000 2959.000000 952.000000
1389.000000 620.000000 1477.000000 1275.000000 1411.000000
951.000000 1468.000000 817.000000 2132.000000 593.000000
1529.000000 946.000000 1526.000000 1583.000000 1442.000000
1519.000000 928.000000 733.000000 1512.000000 640.000000
768.000000 991.000000 1580.000000 1615.000000 1492.000000
825.000000 1396.000000 1159.000000 2070.000000 999.000000
1473.000000 914.000000 1488.000000 1553.000000 1406.000000
744.000000 268.000000 943.000000 947.000000 960.000000
999.000000 1461.000000 1165.000000 2153.000000 994.000000
806.000000 915.000000 1112.000000 1529.000000 1025.000000
953.000000 961.000000 1526.000000 1598.000000 1442.000000
668.000000 589.000000 1418.000000 1244.000000 1358.000000
796.000000 1514.000000 1746.000000 2265.000000 1665.000000
1401.000000 1934.000000 913.000000 2825.000000 569.000000
1253.000000 1940.000000 1210.000000 2866.000000 957.000000
1077.000000 356.000000 1465.000000 1054.000000 1417.000000
1227.000000 725.000000 1481.000000 1371.000000 1409.000000
735.000000 1184.000000 800.000000 1789.000000 648.000000
798.000000 51.000000 501.000000 763.000000 617.000000
837.000000 1404.000000 833.000000 2052.000000 629.000000
1293.000000 1769.000000 1225.000000 2592.000000 1011.000000
799.000000 1468.000000 843.000000 2134.000000 623.000000
751.000000 875.000000 1558.000000 1522.000000 1474.000000
687.000000 1709.000000 1188.000000 2499.000000 976.000000
740.000000 1974.000000 941.000000 2887.000000 596.000000
976.000000 607.000000 1420.000000 1260.000000 1358.000000
625.000000 881.000000 1008.000000 1478.000000 926.000000
975.000000 726.000000 1462.000000 1372.000000 1392.000000
1371.000000 178.000000 1375.000000 907.000000 1347.000000
741.000000 990.000000 1154.000000 1608.000000 1057.000000
1440.000000 15.000000 1628.000000 782.000000 1570.000000
1094.000000 1687.000000 1637.000000 2498.000000 1530.000000
1309.000000 597.000000 1512.000000 1261.000000 1456.000000
1399.000000 1446.000000 814.000000 2102.000000 596.000000
966.000000 1986.000000 897.000000 2911.000000 531.000000
1220.000000 707.000000 1131.000000 1332.000000 1073.000000
724.000000 567.000000 1475.000000 1228.000000 1413.000000
1156.000000 1382.000000 830.000000 2022.000000 631.000000
823.000000 197.000000 1363.000000 921.000000 1335.000000
658.000000 586.000000 1456.000000 1244.000000 1394.000000
1466.000000 844.000000 1396.000000 1472.000000 1318.000000
1053.000000 1279.000000 788.000000 1896.000000 612.000000
1133.000000 1920.000000 1140.000000 2824.000000 871.000000
1047.000000 706.000000 1496.000000 1358.000000 1426.000000
666.000000 217.000000 1497.000000 949.000000 1450.000000
805.000000 1136.000000 645.000000 1714.000000 498.000000
780.000000 692.000000 1461.000000 1358.000000 1393.000000
662.000000 81.000000 1175.000000 823.000000 1183.000000
1315.000000 1241.000000 1144.000000 1882.000000 1009.000000
1019.000000 571.000000 781.000000 1178.000000 763.000000
1221.000000 1707.000000 1557.000000 2531.000000 1431.000000
1179.000000 605.000000 1440.000000 1260.000000 1377.000000
1244.000000 1429.000000 811.000000 2081.000000 598.000000
1427.000000 1162.000000 488.000000 1788.000000 319.000000
1385.000000 688.000000 1496.000000 1345.000000 1427.000000
1268.000000 996.000000 1491.000000 1619.000000 1404.000000
1051.000000 712.000000 1424.000000 1303.000000 1357.000000
846.000000 1000.000000 771.000000 1588.000000 663.000000
783.000000 622.000000 1458.000000 1275.000000 1394.000000
1232.000000 963.000000 1152.000000 1578.000000 1059.000000
1236.000000 913.000000 1147.000000 1529.000000 1062.000000
1087.000000 1140.000000 1037.000000 1750.000000 911.000000
1209.000000 71.000000 1600.000000 836.000000 1544.000000
1380.000000 1382.000000 804.000000 2020.000000 602.000000
1059.000000 611.000000 1564.000000 1263.000000 1495.000000
1336.000000 931.000000 1490.000000 1568.000000 1406.000000
771.000000 400.000000 1065.000000 1066.000000 1051.000000
646.000000 309.000000 1056.000000 994.000000 1055.000000
582.000000 682.000000 1553.000000 1311.992188 1479.942749
952.000000 528.000000 1111.000000 1159.000000 1077.000000
660.000000 640.000000 1441.000000 1288.000000 1379.000000
682.000000 1252.000000 810.000000 1867.000000 643.000000
1322.000000 962.000000 1507.000000 1599.000000 1422.000000
1048.000000 544.000000 1043.000000 1173.000000 1011.000000
978.000000 672.000000 723.000000 1270.000000 687.000000
920.000000 1680.000000 1438.000000 2469.000000 1287.000000
1500.000000 965.000000 1117.000000 1578.000000 1023.000000
935.000000 563.000000 1513.000000 1228.000000 1449.000000
713.000000 184.000000 651.000000 874.000000 719.000000
1409.000000 1175.000000 463.000000 1839.000000 287.000000
992.000000 584.000000 1476.000000 1244.000000 1411.000000
1235.000000 1748.000000 1193.000000 2556.000000 974.000000
757.000000 1186.000000 773.000000 1788.000000 619.000000
669.000000 926.000000 760.000000 1512.000000 669.000000
1495.000000 1752.000000 1253.000000 2564.000000 1051.000000
1439.000000 1768.000000 1194.000000 2588.000000 972.000000
1368.000000 1707.000000 1588.000000 2534.000000 1469.000000
994.000000 318.000000 1488.000000 1025.000000 1437.000000
1115.000000 1161.000000 1812.000000 2016.000000 1742.000000
1150.000000 507.000000 197.000000 1104.000000 247.000000
871.000000 674.000000 1460.000000 1343.000000 1393.000000
1166.000000 1707.000000 854.000000 2465.000000 567.000000
1494.000000 1765.000000 911.000000 2556.000000 621.000000
886.000000 245.000000 1420.000000 969.000000 1381.000000
528.000000 973.000000 795.000000 1556.856079 693.332397
745.000000 337.000000 1487.000000 1042.000000 1435.000000
839.000000 1438.000000 1196.000000 2124.000000 1016.000000
673.000000 964.000000 1473.000000 1582.000000 1388.000000
743.000000 95.000000 607.000000 808.000000 698.000000
667.000000 754.000000 706.000000 1344.000000 654.000000
1240.000000 87.000000 875.000000 792.000000 922.000000
1154.000000 1969.000000 895.000000 2879.000000 535.000000
791.000000 264.000000 1655.000000 989.000000 1588.000000
841.000000 75.000000 1418.000000 831.000000 1390.000000
1310.000000 226.000000 1301.000000 937.000000 1278.000000
1435.000000 702.000000 727.000000 1297.000000 685.000000
984.000000 707.000000 1481.000000 1358.000000 1409.000000
867.000000 589.000000 978.000000 1208.000000 944.000000
1257.000000 1770.000000 1489.000000 2618.000000 1340.000000
1246.000000 62.000000 1509.000000 850.000000 1468.000000
1012.000000 1002.000000 744.000000 1587.000000 635.000000
683.000000 959.000000 1562.000000 1598.000000 1479.000000
781.000000 602.000000 1476.000000 1260.000000 1412.000000
1165.000000 1685.000000 1456.000000 2488.000000 1309.000000
661.000000 560.000000 1552.000000 1228.000000 1485.000000
1186.000000 1996.000000 1245.000000 2965.000000 992.000000
856.000000 710.000000 1444.000000 1372.000000 1376.000000
1349.000000 302.000000 153.000000 942.000000 265.000000
1325.000000 54.000000 1588.000000 844.000000 1533.000000
1375.000000 1952.000000 1568.000000 2925.000000 1424.000000
895.000000 656.000000 1479.000000 1330.000000 1410.000000
1172.000000 343.000000 1060.000000 1020.000000 1054.000000
763.000000 1436.000000 424.000000 1962.000000 175.000000
1035.000000 561.000000 1383.000000 1212.000000 1327.000000
1308.000000 1030.000000 748.000000 1616.000000 632.000000
1282.000000 640.000000 747.000000 1243.000000 716.000000
973.000000 571.000000 1436.000000 1228.000000 1376.000000
1275.000000 243.000000 1452.000000 968.000000 1411.000000
1459.000000 243.000000 1438.000000 969.000000 1397.000000
1490.000000 1686.000000 1557.000000 2497.000000 1431.000000
1411.000000 1729.000000 857.000000 2497.000000 564.000000
965.000000 626.000000 1400.000000 1276.000000 1340.000000
1089.000000 169.000000 124.000000 782.000000 282.000000
842.000000 1744.000000 860.000000 2519.000000 563.000000
896.000000 784.000000 711.000000 1371.000000 652.000000
1354.000000 231.000000 1274.000000 939.000000 1255.000000
875.000000 310.000000 1440.000000 1020.000000 1395.000000
530.000000 721.000000 759.000000 1314.010742 713.338867
1038.000000 1405.000000 808.000000 2050.000000 600.000000
256.000000 1219.000000 1067.000000 1844.538330 916.594116
1488.000000 452.000000 690.000000 1081.000000 702.000000
1230.000000 1786.000000 1593.000000 2629.000000 1450.000000
1470.000000 849.000000 1521.000000 1487.000000 1433.000000
750.000000 752.000000 735.000000 1344.000000 682.000000
827.000000 487.000000 665.000000 1109.000000 673.000000
1522.000000 991.000000 1563.000000 1628.000000 1478.000000
1213.000000 996.000000 1474.000000 1658.000000 1383.000000
764.000000 195.000000 897.000000 888.000000 930.000000
1284.000000 1160.000000 822.000000 1761.000000 679.000000
889.000000 1159.000000 796.000000 1759.000000 650.000000
1422.000000 1748.000000 1122.000000 2549.000000 888.000000
1013.000000 224.000000 1160.000000 927.000000 1156.000000
1141.000000 994.000000 328.000000 1494.000000 223.000000
1373.000000 989.000000 1599.000000 1630.000000 1505.000000
424.000000 455.000000 568.000000 1074.043579 596.604675
996.000000 1172.000000 1138.000000 1802.000000 1013.000000
1214.000000 960.000000 1545.000000 1598.000000 1461.000000
14.000000 1866.000000 675.000000 2639.993896 279.931702
517.000000 974.000000 768.000000 1545.583008 669.961121
1256.000000 621.000000 1160.000000 1257.000000 1112.000000
960.000000 430.000000 687.000000 1064.000000 677.000000
1467.000000 994.000000 1508.000000 1620.000000 1420.000000
1332.000000 1439.000000 1090.000000 2119.000000 913.000000
1262.000000 1438.000000 1163.000000 2122.000000 996.000000
1184.000000 516.000000 699.000000 1133.000000 698.000000
655.000000 948.000000 1490.000000 1582.000000 1406.000000
1374.000000 704.000000 699.000000 1298.000000 658.000000
1148.000000 877.000000 1535.000000 1511.000000 1456.000000
638.000000 356.000000 1488.000000 1055.000000 1436.000000
1200.000000 1746.000000 884.000000 2523.000000 593.000000
11.000000 488.000000 1609.000000 1164.815063 1556.632690
925.000000 258.000000 1486.000000 979.000000 1438.000000
868.000000 992.000000 1119.000000 1607.000000 1021.000000
727.000000 1454.000000 1761.000000 2174.000000 1682.000000
1120.000000 29.000000 689.000000 759.000000 780.000000
1383.000000 1476.000000 1770.000000 2195.000000 1692.000000
1381.000000 956.000000 737.000000 1540.000000 639.000000
1402.000000 644.000000 690.000000 1243.000000 662.000000
1503.000000 1413.000000 571.000000 1919.000000 341.000000
974.000000 942.000000 1150.000000 1637.000000 1056.000000
855.000000 588.000000 1438.000000 1244.000000 1377.000000
870.000000 67.000000 1472.000000 839.000000 1436.000000
1026.000000 1864.000000 522.000000 2577.000000 110.000000
1288.000000 1208.000000 829.000000 1819.000000 675.000000
725.000000 396.000000 1103.000000 1065.000000 1086.000000
632.000000 484.000000 695.000000 1108.000000 700.000000
1046.000000 624.000000 1124.000000 1257.000000 1077.000000
985.000000 627.000000 1086.000000 1257.000000 1041.000000
707.000000 1193.000000 493.000000 1823.000000 316.000000
1397.000000 46.000000 1509.000000 828.000000 1468.000000
552.000000 449.000000 719.000000 1079.073608 730.051575
1483.000000 884.000000 1180.000000 1500.000000 1063.000000
891.000000 1683.000000 1096.000000 2441.000000 870.000000
1102.000000 236.000000 1684.000000 970.000000 1614.000000
1356.000000 202.000000 943.000000 896.000000 970.000000
1330.000000 700.000000 240.000000 1292.000000 226.000000
1391.000000 482.000000 193.000000 1023.000000 257.000000
786.000000 1460.000000 1198.000000 2156.000000 1032.000000
1140.000000 1971.000000 918.000000 2883.000000 565.000000
1295.000000 905.000000 287.000000 1486.000000 204.000000
1316.000000 1691.000000 899.000000 2440.000000 629.000000
556.000000 962.000000 1187.000000 1577.507690 1103.372803
1360.000000 1979.000000 1243.000000 2931.000000 993.000000
1387.000000 1883.000000 678.000000 2672.000000 288.000000
829.000000 101.000000 1037.000000 839.000000 1063.000000
677.000000 91.000000 637.000000 807.000000 724.000000
354.000000 675.000000 1165.000000 1301.620483 1116.652832
1317.000000 749.000000 763.000000 1344.000000 709.000000
908.000000 241.000000 1655.000000 972.000000 1588.000000
430.000000 724.000000 613.000000 1306.781982 579.971863
936.000000 976.000000 1562.000000 1615.000000 1479.000000
1444.000000 400.000000 652.000000 1038.000000 678.000000
1139.000000 609.000000 1400.000000 1261.000000 1341.000000
962.000000 1977.000000 1213.000000 2926.000000 954.000000
854.000000 1963.000000 1241.000000 2871.000000 996.000000
1527.000000 376.000000 1424.000000 1069.000000 1393.000000
681.000000 674.000000 694.000000 1271.000000 660.000000
1291.000000 1492.000000 845.000000 2164.000000 620.000000
956.000000 1028.000000 775.000000 1616.000000 661.000000
1146.000000 130.000000 612.000000 832.000000 696.000000
728.000000 1170.000000 506.000000 1785.000000 337.000000
185.000000 1919.000000 945.000000 2793.639160 613.756165
1251.000000 238.000000 1484.000000 966.000000 1436.000000
1206.000000 137.000000 1040.000000 864.000000 1061.000000
968.000000 658.000000 1089.000000 1284.000000 1040.000000
1480.000000 669.000000 1528.000000 1325.000000 1458.000000
844.000000 519.000000 670.000000 1134.000000 670.000000
298.000000 875.000000 1196.000000 1490.014404 1113.623657
1450.000000 1960.000000 1145.000000 2900.000000 853.000000
815.000000 223.000000 626.000000 899.000000 690.000000
1195.000000 710.000000 1095.000000 1332.000000 1038.000000
1359.000000 341.000000 1456.000000 1069.000000 1408.000000
894.000000 1366.000000 1061.000000 2016.000000 895.000000
650.000000 568.000000 1455.000000 1228.000000 1394.000000
1008.000000 398.000000 682.000000 1038.000000 705.000000
930.000000 640.000000 425.000000 1187.000000 415.000000
1111.000000 741.000000 1097.000000 1360.000000 1036.000000
1305.000000 304.000000 1095.000000 993.000000 1090.000000
1479.000000 392.000000 1142.000000 1064.000000 1121.000000
397.000000 286.000000 969.000000 967.403442 990.026062
630.000000 189.000000 621.000000 875.000000 692.000000
747.000000 951.000000 791.000000 1539.000000 694.000000
1210.000000 1730.000000 881.000000 2500.000000 594.000000
1161.000000 1749.000000 1223.000000 2560.000000 1013.000000
1471.000000 578.000000 1563.000000 1253.000000 1496.000000
1376.000000 16.000000 818.000000 755.000000 890.000000
1419.000000 228.000000 1242.000000 934.000000 1226.000000

5.000000 602.897339 501.515442 467.900482 1837.463501 1184.232666 500.016541 1164.815063 1556.632690
6.000000 484.723969 1836.475708 615.706543 503.566559 1178.316284 1546.754395 1196.858521 493.454071
11.000000 1919.928101 670.383362 643.147217 430.992737 1783.637573 359.671570 1189.978394 419.786469
0.000000 622.971558 501.994568 1846.557617 723.934387 1193.487793 491.690887 2646.875732 358.955536
3.000000 987.567627 305.910767 2.129671 88.796516 1726.674438 180.069870 486.090240 318.154541
4.000000 1839.425171 723.629028 1855.221680 1466.697388 2641.174072 360.922577 2768.312500 1577.191528
1.000000 1867.552612 1463.387695 1851.474365 739.967224 2796.908203 1693.658936 2656.794922 363.319824
9.000000 609.784302 424.473083 3.387999 309.711151 1153.447021 424.499054 453.276215 492.747192
8.000000 2.890767 392.460419 602.897339 501.515442 349.667816 573.144348 1173.532715 495.447693
15.000000 1863.800415 727.428284 2277.579590 802.621582 2666.180664 358.268433 3070.271240 319.494507
14.000000 1119.426514 506.101318 710.409058 421.358887 1736.638306 353.015137 1263.205566 395.233551
10.000000 423.387360 369.725830 33.426075 292.862823 1256.641602 396.413757 586.626953 462.933136
68.000000 547.976685 1370.118530 524.162170 1633.408325 1198.955688 1316.679565 1197.846924 1513.339966
61.000000 119.956169 1844.057007 376.662384 1839.745483 893.331665 1753.667969 1093.331665 1753.557739
119.000000 7.502158 683.783569 250.918564 716.498718 746.349487 779.485046 916.294067 765.478760
50.000000 109.036346 1600.322266 142.067291 1357.401001 869.898376 1543.328003 880.796082 1336.357544
90.000000 163.446625 1521.004395 403.417267 1525.805664 906.499023 1473.970825 1089.968506 1468.869385
85.000000 1166.745605 1804.750610 1406.625122 1802.408569 1946.660645 1728.332520 2133.336914 1727.656372
96.000000 423.144165 1360.018433 186.478836 1346.661255 1093.426392 1316.690308 913.287598 1321.684692
94.000000 229.735809 1163.358398 460.145538 1181.483032 933.145752 1156.669922 1113.137939 1146.531128
134.000000 270.169220 522.321167 43.160336 484.368103 920.077026 590.846863 756.580078 605.714172
55.000000 464.642792 1179.818359 484.679626 956.488403 1117.635254 1146.670044 1118.342285 943.327576
110.000000 479.889648 950.975098 259.691895 926.056030 1113.520264 936.511719 940.002991 946.717529
22.000000 1669.081177 1429.999756 1669.027344 1650.000610 2452.508545 1276.472656 2473.174316 1543.603516
108.000000 325.659027 726.783447 544.214966 756.994812 979.509155 760.196289 1153.107788 747.026550
111.000000 260.304535 933.946655 476.869019 958.192749 939.851868 954.153748 1113.172485 943.937561
107.000000 563.083130 571.496155 349.588989 535.790955 1156.685913 570.218384 983.234131 585.544067
46.000000 772.750305 1203.293091 787.486145 989.826477 1388.568481 1136.672241 1387.731445 923.342224
48.000000 868.784912 993.479614 854.059021 1206.716797 1464.885498 919.991760 1465.999146 1130.003540
84.000000 557.140076 1184.572021 767.285889 1202.900635 1196.525146 1142.162598 1383.321533 1136.290894
78.000000 763.390442 1378.960327 553.291931 1367.420776 1393.372070 1307.992554 1203.339233 1313.535767
83.000000 783.445862 985.689453 579.742737 962.234436 1383.580444 920.886658 1196.773682 931.827271
233.000000 1470.256958 1735.961426 1449.483887 1532.027710 2196.603516 1650.199585 2188.944824 1519.866089
43.000000 1053.772827 1223.353516 1063.099731 1019.836548 1670.770020 1120.072388 1664.647583 903.390381
97.000000 254.295517 929.698792 228.815826 1130.273071 935.271667 950.071472 928.633850 1130.072510
92.000000 611.067078 766.155640 810.620972 795.822998 1213.046997 742.514832 1393.109985 730.095825
102.000000 580.405151 969.706421 780.146973 992.017395 1203.229614 938.150635 1380.087769 928.231079
168.000000 403.304443 1373.925415 203.292786 1364.164185 1076.703369 1331.170654 926.641724 1335.870361
45.000000 1129.161865 1026.625732 1119.911865 1227.545898 1737.118652 903.245483 1742.072754 1116.695923
193.000000 253.273758 533.697693 56.419964 501.508728 910.139343 604.836121 769.800720 617.850952
60.000000 1029.984131 1393.586304 833.255554 1381.238770 1660.077637 1300.376099 1460.025635 1304.560059
40.000000 1301.245361 1243.376099 1308.004761 1046.598145 1951.776733 1110.064453 1942.667358 889.889648
171.000000 383.345703 1509.524170 186.552094 1504.402344 1073.370605 1454.550415 923.409363 1459.146606
42.000000 1356.050781 1050.078247 1350.393311 1246.677979 2001.616455 889.929321 2012.120850 1106.099854
100.000000 823.276917 616.994812 629.928162 583.751038 1393.437744 551.257751 1216.606323 565.939758
112.000000 251.809586 719.827454 273.720367 526.333008 920.167480 766.670654 924.289368 593.276794
167.000000 466.520264 964.681396 273.293854 943.697021 1103.424683 951.497437 953.373230 960.654053
66.000000 857.039673 1208.355713 1050.286987 1222.836304 1469.683472 1130.007568 1666.539185 1120.651855
220.000000 226.611237 697.067627 36.557262 670.791321 900.201294 752.384277 766.693909 763.655762
122.000000 346.359680 537.020020 325.659027 726.783447 979.848389 589.900574 974.993774 760.047363
172.000000 439.818634 1158.921387 249.441620 1143.609009 1096.762573 1131.983398 946.951782 1139.228394
76.000000 869.806458 803.422852 1057.559570 830.534668 1452.110840 725.817871 1642.945679 711.286682
147.000000 37.292751 486.760529 9.338338 673.234131 752.993408 606.819458 744.829163 766.743042
77.000000 1059.869141 1014.498657 872.939697 993.505066 1660.138062 902.346558 1470.011841 913.535278
128.000000 189.667725 916.462280 2.632412 896.600464 883.681580 948.809204 716.630676 959.433960
33.000000 1671.947754 1086.649780 1673.568604 1273.331299 2425.040527 859.855835 2444.462402 1089.904663
38.000000 1520.890869 1260.005005 1521.929199 1073.325562 2229.566406 1096.693848 2215.542480 873.403931
175.000000 546.240540 582.530518 363.049957 551.682800 1143.437866 584.540283 996.716309 597.240417
105.000000 548.673462 759.876038 565.801941 576.585876 1157.872314 749.975098 1159.940308 573.293640
79.000000 1066.796875 655.901245 886.349548 625.196960 1640.098022 527.821777 1453.362427 543.676392
89.000000 876.582886 1000.745667 1056.927246 1021.014404 1473.361694 920.459717 1656.615356 909.167358
114.000000 625.762207 586.905151 608.097168 766.807129 1212.402100 569.986267 1209.844238 743.331055
141.000000 746.689636 1392.872314 566.472473 1383.900757 1380.091187 1322.473877 1216.734131 1328.495483
32.000000 1825.756958 1283.380493 1823.757202 1103.328613 2674.434570 1077.457397 2652.940186 846.705627
12.000000 1690.002563 1771.411499 1509.997070 1771.744019 2770.001221 1694.866943 2243.332520 1694.478149
194.000000 526.259949 739.539062 349.826752 714.556946 1136.988892 734.063599 996.812805 745.176880
150.000000 769.830811 998.217224 593.086243 978.931213 1370.147705 935.754883 1213.453857 945.310059
59.000000 1119.911865 1227.545898 1297.195068 1243.985352 1746.543945 1116.413452 1946.537842 1109.568848
106.000000 882.037659 626.821106 869.806458 803.422852 1450.412598 549.982239 1452.110840 725.817871
26.000000 2051.632080 1303.721313 2043.893066 1125.697876 3059.528564 1060.536255 3026.108887 823.411987
13.000000 1689.991333 1799.716553 1513.285400 1805.093018 2773.340332 1727.277100 2249.998535 1733.201782
31.000000 1917.112061 1113.899658 1907.571289 1289.868286 2788.502441 839.803650 2813.123291 1070.022461
113.000000 814.762817 796.761658 826.306824 623.087830 1398.302612 730.008545 1397.428467 556.645996
104.000000 1061.091675 833.220032 1069.848999 659.992371 1647.036133 710.058777 1643.529297 533.263306
57.000000 1303.492432 1041.893311 1132.996216 1023.050842 1940.132202 885.445435 1740.081177 897.963379
178.000000 173.292862 930.385010 3.071370 912.492126 873.357300 963.720520 726.840271 972.801025
69.000000 1313.464233 699.235168 1146.553955 670.658386 1920.204224 505.828949 1726.802002 521.654541
64.000000 1140.734619 841.807983 1307.618164 867.039856 1732.961792 704.448242 1929.639893 691.286194
187.000000 182.195038 1349.867798 162.832550 1516.608521 908.348999 1326.618286 904.146240 1470.023804
70.000000 1136.603516 1030.584351 1303.481445 1048.629883 1743.231689 905.066895 1936.630981 892.771851
177.000000 749.833618 1185.266357 582.968689 1170.902832 1363.362183 1120.661621 1216.683594 1127.054443
126.000000 1016.650085 1406.950562 849.773621 1397.213013 1646.685791 1315.588745 1476.669800 1317.032471
165.000000 806.754272 626.138855 642.954163 598.951111 1380.080933 564.246155 1230.078125 577.547424
169.000000 408.005096 1526.460938 424.843903 1363.145386 1093.844238 1470.008911 1096.457642 1319.938354
44.000000 1353.519531 1247.842773 1517.072998 1261.959351 2012.120850 1106.099854 2226.540527 1096.899536
98.000000 1143.428101 676.536377 1136.850952 840.007446 1724.807129 526.628845 1729.421875 706.596008
95.000000 1365.733887 713.308228 1361.332642 876.702576 1984.520020 506.609100 1994.726562 686.919434
88.000000 1311.124146 866.696350 1315.436157 703.300842 1932.085327 693.393066 1923.310791 510.001068
176.000000 793.105347 778.252686 633.057983 755.249023 1376.893188 716.204041 1230.088501 727.787598
51.000000 1519.903076 1067.494263 1359.758301 1048.729614 2210.046875 870.845276 2003.462280 882.321777
259.000000 3.177556 1145.100342 163.401642 1159.225220 766.422913 1165.000732 883.299316 1159.302246
54.000000 1366.807861 875.678955 1524.620605 897.418091 1994.726562 686.919434 2199.870850 671.638062
199.000000 174.181427 1070.105957 193.759781 913.386597 884.341675 1086.705688 889.762329 946.657471
140.000000 1043.364014 1026.385742 886.384705 1009.249817 1646.711792 917.428955 1483.358521 927.092712
80.000000 1524.620605 897.418091 1525.518311 739.997437 2204.005127 673.525208 2190.533447 486.628235
145.000000 1053.273315 667.015381 899.891724 640.629578 1626.904175 542.940674 1466.871216 555.866028
56.000000 1523.133057 734.540833 1369.601196 709.070984 2186.899170 482.638153 1986.692139 500.288849
197.000000 156.727295 1135.966919 3.103210 1122.655884 863.289490 1142.504028 723.152649 1149.917725
151.000000 1033.053223 1206.757080 879.655823 1194.207275 1646.791748 1105.857422 1490.014404 1113.623657
87.000000 1672.177246 763.333923 1672.137451 916.667236 2395.461182 473.167389 2409.773193 656.684326
30.000000 1823.299194 1433.928467 1673.218750 1425.334229 2690.061768 1265.553101 2456.631104 1272.052856
73.000000 1910.485474 803.888306 1902.577637 953.293335 2748.333496 439.820862 2768.787109 630.130371
166.000000 1039.956543 813.634644 892.982178 792.434570 1623.660645 697.636169 1473.515381 709.059326
36.000000 1676.810059 1274.948486 1823.567017 1287.200317 2446.427734 1087.589844 2674.434570 1077.457397
62.000000 2040.666626 970.101501 2035.082764 823.393616 3002.814697 613.399597 2977.720703 416.957825
75.000000 1819.195557 936.674072 1817.845459 789.989136 2632.546143 640.076721 2614.050049 450.254944
256.000000 1736.523682 1469.999878 1736.348877 1616.666260 2569.548828 1400.035400 2578.711182 1516.767822
129.000000 1289.871338 1054.510986 1146.429199 1038.839722 1923.453857 902.001038 1756.589478 912.052673
39.000000 1820.011597 1099.893677 1676.567993 1084.236816 2650.174072 842.739624 2429.793457 856.751831
213.000000 954.520142 1050.071533 945.880554 1193.486816 1570.159058 926.672485 1565.168091 1063.400269
136.000000 1300.029785 709.830261 1159.679565 685.156067 1906.728149 520.800232 1743.334106 533.343994
41.000000 1676.756714 919.378479 1817.189209 939.726685 2412.804199 655.831116 2629.568115 640.544312
47.000000 1813.578491 785.228394 1676.353638 761.836670 2610.129395 448.209106 2399.929932 465.830505
208.000000 112.578812 1629.901978 94.791206 1766.855957 879.352051 1549.406982 868.234741 1686.523560
298.000000 269.429718 1521.318359 144.117264 1577.663452 980.706421 1470.542114 893.735901 1525.349365
152.000000 1279.917725 1227.590210 1143.148682 1215.405640 1923.348022 1093.660156 1766.698975 1100.716675
25.000000 1913.635498 1292.920532 2051.632080 1303.721313 2816.516357 1069.761963 3056.512207 1059.664551
34.000000 2056.812988 1446.962891 1919.982178 1440.369995 3070.023926 1253.971680 2840.094971 1262.547485
103.000000 1506.367798 1079.208130 1372.919922 1063.516113 2196.843262 886.712341 2020.137085 895.953491
29.000000 2043.893066 1125.697876 1909.975098 1110.230713 3023.345215 820.190918 2790.076416 834.573853
124.000000 1503.094238 1246.069580 1369.904297 1234.428589 2203.398926 1081.641602 2033.403687 1088.429688
159.000000 1289.765747 851.539978 1159.731812 831.763489 1907.035767 678.483398 1753.535156 689.482971
35.000000 1907.218140 952.564697 2037.110962 970.029297 2772.808350 630.183716 2999.607666 611.820129
37.000000 2033.232422 820.635437 1906.583984 800.520264 2973.402344 414.054382 2750.203369 435.454132
118.000000 1509.776489 744.698242 1383.227417 723.980591 2173.427979 497.731995 2003.290039 512.845703
284.000000 633.396729 1378.810547 760.058899 1385.561768 1280.000000 1316.666626 1390.000000 1316.666626
264.000000 1736.700073 1133.332886 1738.447144 1260.021362 2536.302734 943.364868 2546.127686 1056.713379
250.000000 1796.091431 1136.669434 1796.712402 1263.333130 2625.350586 933.452515 2636.208984 1053.374756
293.000000 141.524689 1676.377319 121.617767 1800.792236 899.576721 1609.969604 892.118164 1713.725220
135.000000 1506.308105 882.553223 1383.064453 865.248291 2180.150635 658.616211 2016.761719 671.231689
67.000000 1810.052979 1445.614136 1686.529419 1439.392212 2670.051025 1281.762329 2473.356445 1287.460327
275.000000 49.012035 513.193665 32.050545 633.151978 764.212708 623.189331 757.745117 733.396606
278.000000 144.070328 673.432922 160.294754 553.373169 845.236633 750.086304 850.229370 640.010376
82.000000 1809.880859 1111.091797 1689.854980 1097.995728 2633.482666 859.163147 2446.686279 870.328918
253.000000 1965.881226 1156.683716 1968.495605 1276.699463 2904.406982 923.209045 2917.952393 1040.237061
248.000000 2018.755737 1160.044189 2023.021973 1280.011108 2997.633789 916.545349 3012.709717 1036.744873
190.000000 377.036896 1786.713257 391.854645 1668.974854 1088.625610 1750.004028 1088.205688 1606.662109
86.000000 1803.182251 794.246399 1686.404541 774.916870 2596.872803 462.417297 2413.451172 478.050659
230.000000 1311.025635 1475.246948 1205.062378 1526.695679 1948.300659 1371.249756 1845.429199 1455.149414
279.000000 358.827484 706.532166 372.212097 589.871338 1008.159363 740.049133 1011.783081 629.948975
99.000000 1806.851318 1271.187988 1689.903564 1261.120605 2646.724854 1061.303833 2466.934570 1069.331909
52.000000 2049.942139 1458.123535 1933.194824 1453.487305 3070.005371 1270.148193 2863.373291 1277.750488
192.000000 1439.945801 1528.352661 1349.509766 1456.425293 2131.966553 1397.753418 2002.043091 1335.685791
65.000000 2033.062622 1135.759888 1919.653320 1123.107544 3006.882568 837.042542 2810.106445 848.497009
218.000000 715.020447 643.201660 705.947571 756.609131 1306.781982 579.971863 1305.586548 716.628052
229.000000 1322.380493 1450.108398 1214.314331 1482.038818 1995.148438 1335.546387 1869.385254 1378.418579
109.000000 1803.025269 925.532349 1692.852417 910.099915 2606.985352 627.386047 2433.674805 641.010986
132.000000 354.817932 1026.456421 342.299408 1136.549072 1032.482056 960.082581 1026.942871 1126.564941
212.000000 52.260826 1109.856934 66.916885 1000.033386 807.494812 1133.366699 813.008911 996.653564
180.000000 749.979248 1066.665039 741.405701 1176.776123 1301.620483 1116.652832 1302.804321 969.995728
268.000000 965.215698 683.248047 958.747681 793.259705 1556.856079 693.332397 1556.307129 580.001770
81.000000 2036.468140 1289.005859 1926.693115 1279.688232 3026.937744 1042.400635 2839.901123 1051.244019
74.000000 2023.325439 830.050598 1916.145874 813.340271 2960.312988 430.042175 2770.094238 447.681732
173.000000 110.017838 1777.253662 3.247182 1780.498535 880.022034 1699.218628 730.141479 1694.988037
204.000000 1443.279541 1626.688232 1404.143921 1529.002319 2161.092041 1552.671143 2113.984619 1421.897949
131.000000 667.422913 1060.063599 658.719299 1163.505981 1296.104736 946.657593 1293.409546 1113.280640
244.000000 836.709167 1389.135376 939.956787 1394.211914 1463.303711 1311.027832 1586.659546 1309.441772
205.000000 1407.738770 1528.052490 1317.545776 1478.403076 2089.130127 1399.850098 1954.809937 1367.249512
93.000000 2023.356567 956.494934 1922.940552 942.902039 2973.532227 599.110535 2793.639160 613.756165
181.000000 2.820928 1623.967529 103.727570 1631.049561 723.294983 1570.477661 869.935120 1568.506958
130.000000 1205.786499 1113.297974 1201.770020 1213.404297 1844.538330 916.594116 1838.855591 1083.294312
