Keypoint Matches and Line Matches for pairs 21, 28 
21 corresponds to the image ./resources/Data/CastleP30/images/0021.png 
28 corresponds to the image ./resources/Data/CastleP30/images/0028.png 

31.000000 602.897339 501.515442 146.729065 481.813812
30.000000 615.706543 503.566559 159.451584 480.267731
18.000000 643.147217 430.992737 180.165054 425.714142
8.000000 622.971558 501.994568 162.775696 483.320953
9.000000 1846.557617 723.934387 1085.345703 637.377686
4.000000 2448.392334 743.208801 2023.635742 473.246002
3.000000 2460.441406 733.543945 2035.306885 466.955536
281.000000 609.784302 424.473083 143.540344 418.792206
33.000000 1863.800415 727.428284 1103.177368 640.923706
34.000000 2277.579590 802.621582 1417.125366 693.950867
47.000000 2968.875732 1436.419434 2250.766357 1226.639648
359.000000 831.713135 1386.551147 1125.654297 1336.750488
160.000000 1034.546753 1399.880981 1264.674805 1343.284546
151.000000 270.169220 522.321167 439.525055 599.657715
86.000000 2882.164307 646.439392 2681.977539 246.533188
224.000000 2721.050293 1442.406006 2410.178711 1208.673340
89.000000 2567.608398 1059.930054 2241.244629 826.612305
193.000000 325.659027 726.783447 569.030029 774.216614
320.000000 2600.415283 1450.665527 2070.228516 1242.322388
177.000000 2541.453613 716.554016 2053.864502 523.252380
170.000000 787.486145 989.826477 727.214233 953.193542
227.000000 854.059021 1206.716797 1135.481934 1153.412598
231.000000 2360.728516 790.377686 1864.730469 603.486023
157.000000 254.295517 929.698792 558.545593 936.789490
210.000000 1301.245361 1243.376099 1003.758972 1143.347900
239.000000 273.720367 526.333008 441.719269 603.200439
264.000000 226.611237 697.067627 409.732849 742.051208
265.000000 36.557262 670.791321 263.378174 722.989014
194.000000 1057.559570 830.534668 733.775940 796.654724
226.000000 1671.947754 1086.649780 1141.268677 996.590454
211.000000 1521.929199 1073.325562 1009.241089 983.307312
234.000000 546.240540 582.530518 426.344421 608.766479
245.000000 1823.757202 1103.328613 1278.590698 1009.967896
277.000000 1061.091675 833.220032 736.600586 793.511536
24.000000 2434.654053 735.336487 2010.716797 464.817322
280.000000 1136.850952 840.007446 863.862671 810.028503
279.000000 1365.733887 713.308228 871.585876 666.752136
375.000000 793.105347 778.252686 716.488525 781.352722
376.000000 633.057983 755.249023 589.823608 764.672729
266.000000 1519.903076 1067.494263 1006.538086 978.015747
289.000000 1524.620605 897.418091 1014.832031 833.243469
290.000000 1525.518311 739.997437 1021.688293 693.252747
303.000000 1053.273315 667.015381 729.773315 654.819336
271.000000 1523.133057 734.540833 1019.667480 688.740601
415.000000 1033.053223 1206.757080 986.539551 1131.876465
330.000000 1672.177246 763.333923 1134.200684 710.496033
331.000000 1672.137451 916.667236 1128.851807 843.402100
541.000000 2302.267822 846.723450 1930.945190 616.654785
349.000000 1676.810059 1274.948486 1140.021484 1156.326538
361.000000 2040.666626 970.101501 1267.497192 860.010498
362.000000 2035.082764 823.393616 1269.143433 729.989136
345.000000 1820.011597 1099.893677 1276.352539 1006.241272
346.000000 1676.567993 1084.236816 1146.428223 992.208130
436.000000 945.880554 1193.486816 626.715088 1100.223267
340.000000 1676.756714 919.378479 1133.288208 847.018311
341.000000 1817.189209 939.726685 1263.708252 863.743164
312.000000 2257.581299 863.281921 1645.709229 703.166199
219.000000 3056.357422 1024.411621 2397.596191 780.026489
550.000000 2033.232422 820.635437 1547.105347 684.124268
407.000000 1509.776489 744.698242 1006.623962 696.943604
408.000000 1383.227417 723.980591 886.397156 678.415588
263.000000 2909.861816 871.670532 2470.174561 527.151917
451.000000 1506.308105 882.553223 996.563416 817.435059
75.000000 2886.287354 644.091431 2683.736816 240.906860
476.000000 1809.880859 1111.091797 1266.373779 1016.200684
477.000000 1689.854980 1097.995728 1156.498535 1004.979553
301.000000 1311.025635 1475.246948 2674.072754 1274.182983
501.000000 2159.787109 1453.687866 1889.993042 1259.928467
484.000000 2581.923096 910.123169 2082.413818 660.017883
220.000000 2570.599609 1059.042847 2244.027588 822.509827
82.000000 2936.592285 1024.470093 2719.834473 699.375549
142.000000 3050.093994 1031.894531 2646.506592 719.425598
1111.000000 785.551575 769.917603 707.000000 771.000000
516.000000 2667.185547 895.003906 2166.930420 637.380737
517.000000 2560.462402 928.155640 2067.017334 674.282471
522.000000 1803.025269 925.532349 1249.937256 850.498901
523.000000 1692.852417 910.099915 1146.560913 837.508240
465.000000 2619.621338 900.332397 2132.622803 643.348145
930.000000 2647.430908 776.598755 2168.000000 546.000000
106.000000 2890.058838 652.760376 2700.160889 250.365067
150.000000 2644.002930 671.591431 2170.594727 467.301880
448.000000 2543.551758 713.852661 1903.487549 583.681091
717.000000 2023.325439 830.050598 1257.000000 735.000000
440.000000 1022.467224 1200.119995 692.685547 1103.499390
468.000000 2549.428467 721.926453 2060.537354 527.890625
512.000000 2276.707520 1647.865112 2196.688232 1465.511719
370.000000 2176.680176 1645.955200 2276.694092 1466.672974
253.000000 2709.934814 1452.596924 2406.581299 1215.733521
205.000000 2943.250732 1031.204102 2480.330811 774.550476
479.000000 1425.885864 1233.362427 919.118591 1120.111816
656.000000 250.000000 1669.000000 2914.000000 1646.000000
599.000000 1253.000000 784.000000 1166.000000 788.000000
655.000000 1764.000000 863.000000 1219.000000 796.000000
987.000000 893.000000 639.000000 881.000000 677.000000
1236.000000 1708.000000 879.000000 1166.000000 810.000000
629.000000 1240.000000 1178.000000 892.000000 1086.000000
719.000000 2595.000000 818.000000 2103.000000 598.000000
1042.000000 2641.000000 863.000000 2156.000000 605.000000
664.000000 268.000000 943.000000 569.000000 946.000000
845.000000 2680.000000 1166.000000 2391.000000 909.000000
581.000000 1749.000000 908.000000 1201.000000 835.000000
579.000000 51.000000 501.000000 268.000000 584.000000
613.000000 1709.000000 1188.000000 1228.000000 1086.000000
1396.000000 1197.000000 372.000000 213.000000 224.000000
913.000000 2327.000000 993.000000 1603.000000 838.000000
768.000000 2287.000000 642.000000 1318.000000 470.000000
1083.000000 1446.000000 814.000000 1200.000000 793.000000
861.000000 707.000000 1131.000000 598.000000 1063.000000
1346.000000 1687.000000 850.000000 1147.000000 786.000000
657.000000 1382.000000 830.000000 1146.000000 807.000000
1005.000000 1404.000000 859.000000 1164.000000 830.000000
799.000000 1136.000000 645.000000 2429.000000 324.000000
1092.000000 999.000000 799.000000 682.000000 767.000000
928.000000 2649.000000 799.000000 2007.000000 636.000000
834.000000 1000.000000 771.000000 683.000000 744.000000
662.000000 2636.000000 803.000000 2155.000000 577.000000
866.000000 963.000000 1152.000000 641.000000 1066.000000
764.000000 528.000000 1111.000000 2642.000000 1013.000000
945.000000 965.000000 1117.000000 643.000000 1037.000000
1259.000000 1748.000000 1193.000000 1209.000000 1085.000000
1043.000000 1752.000000 1253.000000 1210.000000 1137.000000
795.000000 1749.000000 1164.000000 1210.000000 1060.000000
639.000000 1765.000000 911.000000 1218.000000 838.000000
681.000000 973.000000 795.000000 658.000000 765.000000
728.000000 1438.000000 1196.000000 931.000000 1089.000000
631.000000 95.000000 607.000000 303.000000 669.000000
869.000000 975.000000 740.000000 660.000000 719.000000
1066.000000 264.000000 1655.000000 2928.000000 1631.000000
1451.000000 702.000000 727.000000 643.000000 740.000000
1355.000000 2663.000000 1138.000000 2159.000000 930.000000
624.000000 1807.000000 648.000000 1032.000000 562.000000
772.000000 1555.000000 600.000000 985.000000 555.000000
1473.000000 2639.000000 704.000000 2004.000000 568.000000
1400.000000 1030.000000 748.000000 709.000000 725.000000
1063.000000 640.000000 747.000000 592.000000 756.000000
1024.000000 2994.000000 669.000000 14.000000 547.000000
619.000000 1729.000000 857.000000 1186.000000 791.000000
1107.000000 1486.000000 1167.000000 1248.000000 1088.000000
1193.000000 1144.000000 1169.000000 871.000000 1085.000000
850.000000 3041.000000 1699.000000 2317.000000 1459.000000
1172.000000 1688.000000 1187.000000 1155.000000 1080.000000
882.000000 455.000000 568.000000 347.000000 596.000000
1025.000000 1172.000000 1138.000000 894.000000 1058.000000
1190.000000 898.000000 756.000000 594.000000 733.000000
1221.000000 1866.000000 675.000000 1100.000000 594.000000
1007.000000 974.000000 768.000000 659.000000 742.000000
1036.000000 455.000000 661.000000 348.000000 676.000000
972.000000 2355.000000 804.000000 1743.000000 682.000000
767.000000 1492.000000 820.000000 988.000000 763.000000
1382.000000 1439.000000 1090.000000 933.000000 998.000000
1251.000000 516.000000 699.000000 401.000000 707.000000
683.000000 2264.000000 624.000000 1897.000000 416.000000
622.000000 1707.000000 796.000000 1168.000000 737.000000
1456.000000 2569.000000 1589.000000 2458.000000 1400.000000
1351.000000 2197.000000 1291.000000 1943.000000 1074.000000
792.000000 1746.000000 884.000000 1200.000000 815.000000
1211.000000 2306.000000 866.000000 1977.000000 647.000000
867.000000 644.000000 690.000000 595.000000 710.000000
825.000000 1786.000000 890.000000 1239.000000 819.000000
1186.000000 1864.000000 522.000000 235.000000 230.000000
674.000000 1193.000000 493.000000 1357.000000 426.000000
802.000000 449.000000 719.000000 344.000000 724.000000
805.000000 884.000000 1180.000000 572.000000 1091.000000
616.000000 1683.000000 1096.000000 1150.000000 1003.000000
1450.000000 2579.000000 853.000000 2083.000000 605.000000
998.000000 150.000000 646.000000 346.000000 700.000000
1116.000000 1383.000000 741.000000 1148.000000 733.000000
1137.000000 2687.000000 1262.000000 2389.000000 988.000000
835.000000 1691.000000 899.000000 1147.000000 828.000000
1415.000000 962.000000 1187.000000 931.000000 1116.000000
705.000000 598.000000 523.000000 142.000000 500.000000
881.000000 1883.000000 678.000000 1117.000000 598.000000
894.000000 1421.000000 1161.000000 1194.000000 1083.000000
750.000000 101.000000 1037.000000 349.000000 1012.000000
688.000000 675.000000 1165.000000 640.000000 1096.000000
1009.000000 1682.000000 773.000000 1142.000000 717.000000
873.000000 948.000000 1037.000000 919.000000 997.000000
823.000000 2229.000000 881.000000 1529.000000 848.000000
938.000000 130.000000 612.000000 331.000000 673.000000
1026.000000 1491.000000 871.000000 985.000000 806.000000
1492.000000 1745.000000 800.000000 1201.000000 742.000000
1129.000000 738.000000 1134.000000 690.000000 1069.000000
983.000000 658.000000 1089.000000 625.000000 1035.000000
1195.000000 223.000000 626.000000 402.000000 683.000000
1481.000000 1373.000000 1221.000000 869.000000 1112.000000
743.000000 1786.000000 865.000000 1239.000000 798.000000
1348.000000 1366.000000 1061.000000 866.000000 976.000000
1290.000000 398.000000 682.000000 300.000000 694.000000
1192.000000 640.000000 425.000000 172.000000 419.000000
933.000000 2322.000000 901.000000 1603.000000 778.000000
900.000000 741.000000 1097.000000 691.000000 1040.000000
1287.000000 611.000000 435.000000 146.000000 432.000000
707.000000 286.000000 969.000000 875.000000 993.000000
1032.000000 1730.000000 881.000000 1185.000000 812.000000
452.000000 1378.000000 867.000000 883.040466 802.179199
1466.000000 16.000000 818.000000 439.000000 874.000000
1388.000000 228.000000 1242.000000 1897.000000 1172.000000

16.000000 602.897339 501.515442 467.900482 1837.463501 146.729065 481.813812 107.804390 853.453369
15.000000 484.723969 1836.475708 615.706543 503.566559 118.759956 903.534546 159.451584 480.267731
9.000000 1919.928101 670.383362 643.147217 430.992737 803.272705 533.683228 180.165054 425.714142
0.000000 2316.426270 601.096985 1060.186035 325.817749 1366.962158 445.285095 2.598850 153.433609
4.000000 622.971558 501.994568 1846.557617 723.934387 162.775696 483.320953 1085.345703 637.377686
2.000000 2448.392334 743.208801 2522.260254 1766.744141 2023.635742 473.246002 2050.541260 1593.400391
1.000000 2532.302979 1720.317749 2460.441406 733.543945 2064.039062 1596.818237 2035.306885 466.955536
7.000000 1839.425171 723.629028 1855.221680 1466.697388 1085.345703 637.377686 1059.491577 1339.982056
8.000000 1867.552612 1463.387695 1851.474365 739.967224 1070.866821 1346.811279 1094.858154 649.937744
147.000000 609.784302 424.473083 3.387999 309.711151 143.540344 418.792206 3.095624 394.720215
141.000000 2.890767 392.460419 602.897339 501.515442 2.871465 456.032257 146.729065 481.813812
17.000000 1863.800415 727.428284 2277.579590 802.621582 1103.177368 640.923706 1417.125366 693.950867
21.000000 1119.426514 506.101318 710.409058 421.358887 660.513000 487.107513 402.502991 441.348572
22.000000 2925.150879 1015.769653 2949.831787 1263.350952 2711.379395 699.907349 2729.307129 960.939941
83.000000 7.502158 683.783569 250.918564 716.498718 253.719879 734.023987 427.241241 759.405090
82.000000 1021.058472 1640.059448 1034.546753 1399.880981 1260.348755 1520.008545 1264.674805 1343.284546
78.000000 270.169220 522.321167 43.160336 484.368103 439.525055 599.657715 263.073059 571.639221
44.000000 2882.164307 646.439392 2905.997070 873.403625 2681.977539 246.533188 2697.303711 462.225220
46.000000 2567.608398 1059.930054 2584.209717 1283.268188 2241.244629 826.612305 2251.445801 1043.615601
92.000000 2541.453613 716.554016 2558.002930 930.154724 2053.864502 523.252380 2056.183594 692.555420
87.000000 772.750305 1203.293091 787.486145 989.826477 717.805847 1124.590332 727.214233 953.193542
140.000000 2373.676270 993.947571 2360.728516 790.377686 1746.155518 803.323730 1748.915039 656.583557
98.000000 1129.161865 1026.625732 1119.911865 1227.545898 856.625610 966.823486 849.486816 1134.559570
109.000000 1301.245361 1243.376099 1308.004761 1046.598145 1003.758972 1143.347900 1009.241089 983.307312
124.000000 251.809586 719.827454 273.720367 526.333008 429.086975 756.591492 441.719269 603.200439
156.000000 2281.243408 823.275452 2290.257812 1016.809937 1667.802856 693.305176 1668.684448 833.320618
138.000000 226.611237 697.067627 36.557262 670.791321 409.732849 742.051208 263.378174 722.989014
134.000000 346.359680 537.020020 325.659027 726.783447 578.580688 623.470398 569.030029 774.216614
100.000000 869.806458 803.422852 1057.559570 830.534668 569.030029 774.216614 733.775940 796.654724
122.000000 546.240540 582.530518 363.049957 551.682800 426.344421 608.766479 273.040649 585.240540
116.000000 1066.796875 655.901245 886.349548 625.196960 740.176392 645.536072 583.170959 621.040710
127.000000 1825.756958 1283.380493 1823.757202 1103.328613 1275.097778 1163.297607 1278.590698 1009.967896
132.000000 1119.911865 1227.545898 1297.195068 1243.985352 849.486816 1134.559570 1000.293091 1145.533203
145.000000 1061.091675 833.220032 1069.848999 659.992371 736.600586 793.511536 744.433655 649.878235
159.000000 173.292862 930.385010 3.071370 912.492126 400.028809 929.711426 263.392120 916.077576
12.000000 2277.579590 802.621582 2434.654053 735.336487 1566.396729 679.441284 2010.716797 464.817322
143.000000 1140.734619 841.807983 1307.618164 867.039856 866.767151 812.585388 1010.638367 831.915283
146.000000 1365.733887 713.308228 1361.332642 876.702576 871.585876 666.752136 863.862671 810.028503
197.000000 793.105347 778.252686 633.057983 755.249023 716.488525 781.352722 589.823608 764.672729
215.000000 3.177556 1145.100342 163.401642 1159.225220 283.195618 1095.118042 403.508118 1104.401489
151.000000 1524.620605 897.418091 1525.518311 739.997437 1014.832031 833.243469 1021.688293 693.252747
142.000000 1523.133057 734.540833 1369.601196 709.070984 1019.667480 688.740601 876.279175 665.750244
172.000000 1672.177246 763.333923 1672.137451 916.667236 1134.200684 710.496033 1128.851807 843.402100
184.000000 1676.810059 1274.948486 1823.567017 1287.200317 1140.021484 1156.326538 1270.343994 1164.542603
190.000000 1819.195557 936.674072 1817.845459 789.989136 1267.497192 860.010498 1269.143433 729.989136
208.000000 1289.871338 1054.510986 1146.429199 1038.839722 996.471985 988.770691 873.268250 977.369751
227.000000 954.520142 1050.071533 945.880554 1193.486816 634.425659 983.405457 626.715088 1100.223267
158.000000 1300.029785 709.830261 1159.679565 685.156067 729.773315 654.819336 593.233276 633.989075
179.000000 1676.756714 919.378479 1817.189209 939.726685 1133.288208 847.018311 1263.708252 863.743164
28.000000 2876.759033 592.444885 3016.634521 606.975586 2166.988770 353.977081 2386.958984 243.917542
162.000000 2265.458008 1003.401245 2257.581299 863.281921 1640.378174 840.014709 1645.709229 703.166199
33.000000 3056.357422 1024.411621 2925.150879 1015.769653 2937.504395 633.083374 2710.395996 694.790833
289.000000 2033.232422 820.635437 1906.583984 800.520264 1547.105347 684.124268 1446.645386 666.790039
213.000000 1509.776489 744.698242 1383.227417 723.980591 1006.623962 696.943604 886.397156 678.415588
71.000000 3036.763184 882.166260 2909.861816 871.670532 2894.331299 372.693420 2717.269043 438.292786
235.000000 1506.308105 882.553223 1383.064453 865.248291 996.563416 817.435059 883.040466 802.179199
250.000000 1809.880859 1111.091797 1689.854980 1097.995728 1266.373779 1016.200684 1156.498535 1004.979553
166.000000 2721.050293 1442.406006 2600.415283 1450.665527 2203.583008 1229.203491 2070.228516 1242.322388
157.000000 1311.025635 1475.246948 1205.062378 1526.695679 2674.072754 1274.182983 2577.882812 1374.639282
244.000000 2619.490723 783.080627 2629.954346 900.004089 2132.622803 643.348145 2130.261475 529.994568
278.000000 1806.851318 1271.187988 1689.903564 1261.120605 1259.850098 1152.010742 1156.593628 1144.312744
177.000000 2252.723877 863.970093 2139.000244 846.512451 1265.561523 733.184692 1134.200684 710.496033
42.000000 2936.592285 1024.470093 3050.093994 1031.894531 2719.834473 699.375549 2936.306396 641.974854
272.000000 2667.185547 895.003906 2560.462402 928.155640 2166.930420 637.380737 2067.017334 674.282471
169.000000 2562.227539 939.657471 2669.238037 907.467102 2056.183594 692.555420 2180.914795 646.601990
275.000000 1803.025269 925.532349 1692.852417 910.099915 1249.937256 850.498901 1146.560913 837.508240
54.000000 2890.058838 652.760376 2999.928711 664.027832 2884.408691 169.104828 2700.160889 250.365067
229.000000 749.979248 1066.665039 741.405701 1176.776123 699.911682 986.661194 692.685547 1103.499390
180.000000 2644.002930 671.591431 2543.551758 713.852661 2170.594727 467.301880 2049.979980 519.954468
245.000000 2549.428467 721.926453 2643.487061 683.711914 2164.350342 482.316498 2060.537354 527.890625
194.000000 2276.707520 1647.865112 2176.680176 1645.955200 2406.685303 1465.606445 2276.694092 1466.672974
131.000000 2613.140625 1461.154419 2709.934814 1452.596924 2256.615479 1229.439331 2406.581299 1215.733521
56.000000 3039.919678 1037.838135 2943.250732 1031.204102 2923.884766 655.424744 2730.789795 706.328857
