Keypoint Matches and Line Matches for pairs 24, 25 
24 corresponds to the image ./resources/Data/CastleP30/images/0024.png 
25 corresponds to the image ./resources/Data/CastleP30/images/0025.png 

2.000000 1726.674438 180.069870 2316.379150 262.197968
3.000000 486.090240 318.154541 1207.414307 543.126465
11.000000 1184.232666 500.016541 1771.237671 656.637329
0.000000 1196.858521 493.454071 1781.172363 643.185547
14.000000 1789.764282 357.413788 2319.945068 456.408264
19.000000 349.667816 573.144348 1099.682495 785.126953
20.000000 1173.532715 495.447693 1760.458130 648.888672
34.000000 1153.447021 424.499054 1733.559448 587.695190
25.000000 1783.637573 359.671570 2313.815674 458.844757
26.000000 1189.978394 419.786469 1766.669434 580.012634
80.000000 2243.332520 1694.478149 2849.993652 1777.014038
100.000000 2249.998535 1733.201782 2859.990234 1817.332275
27.000000 1736.638306 353.015137 2283.464355 450.623108
23.000000 1263.205566 395.233551 1838.241577 544.402100
77.000000 53.815857 172.106308 862.602417 478.496307
78.000000 340.668976 184.434845 1082.334961 458.839966
69.000000 25.380678 1422.869751 882.125305 1513.269653
50.000000 2425.040527 859.855835 3026.591064 899.554138
51.000000 2444.462402 1089.904663 3059.446777 1139.619507
60.000000 2229.566406 1096.693848 2819.436035 1160.063110
61.000000 2215.542480 873.403931 2793.676758 929.961548
83.000000 1951.776733 1110.064453 2524.666748 1183.504883
84.000000 1942.667358 889.889648 2506.052490 966.433472
75.000000 2001.616455 889.929321 2566.400146 956.392090
76.000000 2012.120850 1106.099854 2586.125732 1176.715088
103.000000 1670.770020 1120.072388 2244.407959 1206.823242
104.000000 1664.647583 903.390381 2230.051025 999.765320
65.000000 2226.540527 1096.899536 2816.285645 1158.615356
97.000000 1737.118652 903.245483 2299.819336 989.784973
98.000000 1742.072754 1116.695923 2315.269043 1199.862549
118.000000 1388.568481 1136.672241 1979.090332 1230.041870
119.000000 1387.731445 923.342224 1970.021729 1033.178833
112.000000 1464.885498 919.991760 2040.889038 1023.288269
113.000000 1465.999146 1130.003540 2051.024170 1223.281372
401.000000 400.029236 179.451691 1116.388428 443.816528
278.000000 199.534317 118.190933 966.349182 422.353912
171.000000 880.796082 1336.357544 1542.477051 1419.426025
73.000000 2210.046875 870.845276 2789.993164 926.610657
74.000000 2003.462280 882.321777 2569.964355 953.036987
81.000000 1994.726562 686.919434 2550.881592 756.792480
132.000000 1117.635254 1146.670044 1737.795044 1253.412476
133.000000 1118.342285 943.327576 1730.858032 1060.088867
93.000000 2186.899170 482.638153 2743.557129 531.163330
94.000000 1986.692139 500.288849 2536.228516 571.055908
116.000000 1940.132202 885.445435 2500.137207 961.097717
117.000000 1740.081177 897.963379 2303.211914 985.695435
87.000000 2009.924316 888.565186 2573.234131 959.149963
88.000000 2209.895752 878.024414 2786.773682 934.251282
107.000000 1946.537842 1109.568848 2519.763916 1183.683350
143.000000 1660.077637 1300.376099 2240.058838 1381.330688
144.000000 1460.025635 1304.560059 2053.314941 1389.585815
299.000000 10.203351 141.856949 827.706787 460.451935
114.000000 1732.961792 704.448242 2285.090088 797.027161
115.000000 1929.639893 691.286194 2482.506592 767.805298
147.000000 1469.683472 1130.007568 2056.326416 1222.800659
148.000000 1666.539185 1120.651855 2239.705566 1206.655884
1098.000000 1198.955688 1316.679565 1815.000000 1403.000000
130.000000 1920.204224 505.828949 2466.756836 583.815735
131.000000 1726.802002 521.654541 2276.543213 619.338440
124.000000 1743.231689 905.066895 2306.561768 992.502869
125.000000 1936.630981 892.771851 2500.174316 968.045959
193.000000 1452.110840 725.817871 2019.538696 840.019653
156.000000 1642.945679 711.286682 2202.388184 810.759094
145.000000 1660.138062 902.346558 2226.847656 994.806580
146.000000 1470.011841 913.535278 2043.417847 1017.354614
191.000000 1393.372070 1307.992554 1990.043945 1394.199829
192.000000 1203.339233 1313.535767 1819.974243 1402.824585
164.000000 1640.098022 527.821777 2190.206787 634.431274
165.000000 1453.362427 543.676392 2012.911133 668.804810
82.000000 2204.005127 673.525208 2770.403320 723.397827
140.000000 2190.533447 486.628235 2749.021729 536.379395
196.000000 1383.580444 920.886658 1966.922852 1028.794189
197.000000 1196.773682 931.827271 1800.264648 1048.864258
189.000000 1196.525146 1142.162598 1806.270996 1245.014526
190.000000 1383.321533 1136.290894 1976.258423 1231.523315
122.000000 2395.461182 473.167389 2974.518799 493.179932
123.000000 2409.773193 656.684326 2999.568359 686.722534
162.000000 1932.085327 693.393066 2486.173340 766.711426
163.000000 1923.310791 510.001068 2469.865967 586.981262
168.000000 1473.361694 920.459717 2046.691406 1023.536743
169.000000 1656.615356 909.167358 2223.178467 1002.060913
211.000000 1393.109985 730.095825 1969.210205 848.212952
257.000000 933.145752 1156.669922 1579.621460 1266.111572
258.000000 1113.137939 1146.531128 1733.122559 1251.168335
159.000000 1984.520020 506.609100 2532.317627 576.446655
245.000000 1093.426392 1316.690308 1723.536377 1407.473877
246.000000 913.287598 1321.684692 1567.082275 1415.143921
183.000000 935.271667 950.071472 1575.386719 1076.661133
184.000000 928.633850 1130.072510 1575.849487 1250.002197
180.000000 1724.807129 526.628845 2272.383057 623.168091
230.000000 1393.437744 551.257751 1960.041626 680.224792
231.000000 1216.606323 565.939758 1803.205322 709.309692
218.000000 1203.229614 938.150635 1803.167358 1055.296631
219.000000 1380.087769 928.231079 1963.241455 1035.908325
141.000000 2196.843262 886.712341 2773.413574 944.028931
142.000000 2020.137085 895.953491 2586.922607 965.551208
172.000000 1647.036133 710.058777 2204.918945 813.446533
173.000000 1643.529297 533.263306 2193.482666 636.872864
226.000000 1157.872314 749.975098 1758.404053 883.381592
227.000000 1159.940308 573.293640 1753.559814 723.225647
269.000000 1156.685913 570.218384 1750.337769 718.433960
270.000000 983.234131 585.544067 1603.307617 746.531799
263.000000 979.509155 760.196289 1605.924438 905.363098
264.000000 1153.107788 747.026550 1755.818848 881.369995
279.000000 1113.520264 936.511719 1726.791138 1057.673706
280.000000 940.002991 946.717529 1579.896606 1075.830566
297.000000 939.851868 954.153748 1583.190308 1082.137207
298.000000 1113.172485 943.937561 1726.467651 1065.002930
259.000000 920.167480 766.670654 1557.606445 913.260803
260.000000 924.289368 593.276794 1545.821777 760.579773
202.000000 1398.302612 730.008545 1972.000854 850.065552
203.000000 1397.428467 556.645996 1963.801392 683.474365
242.000000 1212.402100 569.986267 1799.669556 716.595764
210.000000 1209.844238 743.331055 1804.763916 873.346924
378.000000 40.067364 163.884186 850.256042 474.235352
379.000000 209.972321 143.106964 973.149048 439.350830
372.000000 210.192749 151.720703 976.645203 446.588226
373.000000 40.086937 170.776077 853.423279 480.328522
153.000000 2173.427979 497.731995 2730.233887 547.888733
154.000000 2003.290039 512.845703 2550.440430 582.301392
268.000000 746.349487 779.485046 1412.749634 937.190063
308.000000 916.294067 765.478760 1552.946655 914.332947
338.000000 676.738708 961.010376 1363.527954 1101.521362
339.000000 506.652435 973.133728 1230.664062 1118.522705
273.000000 703.186157 783.327454 1381.467163 943.216248
274.000000 709.995972 613.199768 1369.569336 794.165955
243.000000 979.848389 589.900574 1599.971680 749.952026
244.000000 974.993774 760.047363 1602.246460 906.634033
160.000000 2203.398926 1081.641602 2790.334473 1143.974121
1450.000000 2033.403687 1088.429688 2607.000000 1162.000000
240.000000 1646.685791 1315.588745 2226.789307 1396.138428
241.000000 1476.669800 1317.032471 2069.985107 1402.991211
402.000000 483.821930 972.839539 1214.493530 1125.696533
403.000000 316.881989 986.053528 1090.635132 1141.610107
324.000000 883.681580 948.809204 1533.817993 1080.502808
325.000000 716.630676 959.433960 1396.811523 1097.812866
198.000000 1923.453857 902.001038 2486.830811 977.999146
199.000000 1756.589478 912.052673 2320.229736 998.531128
342.000000 1844.538330 916.594116 2407.453857 996.634155
351.000000 920.077026 590.846863 1546.783936 757.273560
352.000000 756.580078 605.714172 1417.116577 782.328552
185.000000 2180.150635 658.616211 2743.680176 712.118591
186.000000 2016.761719 671.231689 2573.335693 740.013672
208.000000 1906.728149 520.800232 2453.380127 600.261475
209.000000 1743.334106 533.343994 2290.497070 629.441284
294.000000 534.931274 793.740784 1248.572754 963.180847
367.000000 699.651123 781.976318 1376.008423 942.588379
306.000000 494.338135 796.736572 1218.951660 966.540405
293.000000 543.174744 629.796265 1248.899780 816.684448
253.000000 1646.711792 917.428955 2213.372559 1010.320557
254.000000 1483.358521 927.092712 2059.890381 1029.104614
300.000000 1380.091187 1322.473877 1976.776367 1408.819946
301.000000 1216.734131 1328.495483 1833.306030 1416.130615
569.000000 211.120529 109.378685 973.773987 409.873535
360.000000 80.711662 1756.722290 932.714661 1786.726318
434.000000 706.752563 611.011536 1373.634399 791.607788
435.000000 546.773926 624.596375 1253.477539 814.103394
275.000000 1626.904175 542.940674 2176.757324 650.496094
276.000000 1466.871216 555.866028 2030.113770 677.289246
432.000000 166.389755 664.073853 959.671021 877.772156
433.000000 316.579071 720.234314 1076.870117 912.649780
454.000000 333.061676 809.615662 1096.284302 987.620178
455.000000 489.865387 798.157837 1213.147827 968.845032
410.000000 566.830322 1695.217041 1300.162109 1747.533691
411.000000 409.891174 1689.847290 1176.268555 1739.392212
310.000000 1370.147705 935.754883 1953.398193 1043.862793
311.000000 1213.453857 945.310059 1813.458618 1061.021362
283.000000 1646.791748 1105.857422 2220.287842 1193.216675
284.000000 1490.014404 1113.623657 2073.306396 1206.364258
224.000000 1923.348022 1093.660156 2496.872070 1169.011353
225.000000 1766.698975 1100.716675 2336.932129 1183.029541
475.000000 342.683289 408.110260 1086.057129 645.147827
476.000000 199.802734 343.771423 976.143677 608.223511
481.000000 314.117126 744.360291 1073.544067 932.527283
482.000000 166.386993 694.156311 963.242065 903.682312
456.000000 294.644928 952.977356 1068.439453 1112.215942
457.000000 147.102905 905.709656 954.725220 1080.237061
344.000000 211.245407 1750.095459 1032.801758 1789.981201
345.000000 223.019577 1596.387329 1037.509155 1656.578735
450.000000 326.874817 576.142090 1080.151611 789.500549
451.000000 183.612030 519.297607 966.190979 754.900024
251.000000 1907.035767 678.483398 2460.586182 757.078125
252.000000 1753.535156 689.482971 2306.845459 781.142944
63.000000 1769.589844 156.801727 2367.380127 233.272293
54.000000 1778.618286 156.721649 2381.376953 238.025696
501.000000 319.876617 1183.137085 1099.717529 1306.073120
502.000000 473.371948 1177.771729 1209.866943 1298.150146
336.000000 1380.080933 564.246155 1946.799194 694.033142
337.000000 1230.078125 577.547424 1813.817505 719.222839
295.000000 1623.660645 697.636169 2183.787598 799.451782
296.000000 1473.515381 709.059326 2040.462402 822.834595
374.000000 1103.424683 951.497437 1716.980225 1072.566772
375.000000 953.373230 960.654053 1590.170044 1088.058960
385.000000 926.641724 1335.870361 1583.431274 1428.409180
1186.000000 1228.190186 1356.644409 1845.000000 1440.000000
840.000000 1073.370605 1454.550415 1710.000000 1536.000000
412.000000 1096.762573 1131.983398 1716.815308 1238.261475
413.000000 946.951782 1139.228394 1593.619751 1249.740112
400.000000 513.765686 273.510681 1224.938354 506.334290
428.000000 1143.437866 584.540283 1737.310913 733.433472
429.000000 996.716309 597.240417 1616.558472 756.090088
334.000000 1376.893188 716.204041 1953.835938 836.383728
335.000000 1230.088501 727.787598 1820.283691 858.388367
340.000000 1363.362183 1120.661621 1956.786011 1218.080444
341.000000 1216.683594 1127.054443 1823.558350 1229.331543
460.000000 873.357300 963.720520 1523.505005 1094.678833
461.000000 726.840271 972.801025 1407.032837 1109.536865
525.000000 236.647202 1574.468384 1043.380859 1639.732788
526.000000 89.970619 1574.984497 936.696350 1639.001343
332.000000 1301.620483 1116.652832 1901.289429 1216.734741
333.000000 1302.804321 969.995728 1896.736328 1079.997681
493.000000 500.205780 628.996643 1216.919434 821.297363
494.000000 356.521179 641.685974 1106.562744 842.800171
555.000000 423.648895 1523.111694 1185.503540 1596.588623
330.000000 1464.108887 559.950134 2025.516968 679.914917
331.000000 1462.895142 703.329651 2030.844849 816.633728
561.000000 168.901642 458.592285 954.973389 706.470703
562.000000 43.546303 387.161377 864.582642 657.685303
315.000000 2131.966553 1397.753418 2727.750244 1473.932373
477.000000 910.139343 604.836121 1540.132202 770.683960
478.000000 769.800720 617.850952 1427.154053 792.521729
452.000000 1136.988892 734.063599 1736.849487 871.113342
453.000000 996.812805 745.176880 1620.048950 890.297974
479.000000 863.289490 1142.504028 1523.513062 1255.185181
480.000000 723.152649 1149.917725 1409.955566 1266.209106
422.000000 736.535950 1143.327148 1420.581787 1260.004272
423.000000 743.164551 1003.325317 1421.489136 1136.653076
473.000000 884.341675 1086.705688 1538.317261 1200.098511
363.000000 1034.870361 1126.707642 1667.068237 1236.678101
364.000000 1038.601807 986.629395 1666.559570 1106.667114
394.000000 962.458130 1129.969116 1606.790039 1240.004883
395.000000 967.403442 990.026062 1606.599609 1113.333374
448.000000 453.801331 296.485809 1179.359741 533.324280
449.000000 444.986267 436.139801 1179.086060 653.308411
271.000000 2089.130127 1399.850098 2681.998535 1474.636353
272.000000 1954.809937 1367.249512 2536.139648 1441.120117
464.000000 164.737854 699.792053 959.722290 906.650574
465.000000 149.980362 836.664551 952.950195 1023.311096
470.000000 196.963409 346.693695 971.821838 610.077271
370.000000 184.503540 483.439972 966.830078 728.126587
565.000000 490.228119 642.581726 1206.960205 834.847229
566.000000 353.451172 654.666870 1106.845581 854.256104
487.000000 399.837952 1156.654297 1158.433472 1280.047607
488.000000 410.239899 1020.018250 1161.487915 1166.616943
446.000000 807.494812 1133.366699 1477.902222 1246.666748
447.000000 813.008911 996.653564 1477.899780 1126.666626
214.000000 1570.159058 926.672485 2140.250732 1026.655762
541.000000 663.323853 976.512268 1353.633545 1115.741089
542.000000 526.763611 984.909973 1249.835938 1128.684448
420.000000 1306.781982 579.971863 1885.285522 716.703613
421.000000 1305.586548 716.628052 1888.582275 840.037903
314.000000 2195.088623 1517.323120 2801.772705 1593.505737
495.000000 900.201294 752.384277 1536.769775 903.938171
496.000000 766.693909 763.655762 1427.116089 922.635376
510.000000 693.459961 624.836365 1366.869629 804.424683
511.000000 559.950928 636.083862 1260.172729 824.262451
489.000000 530.869995 1146.722534 1258.229126 1266.695312
490.000000 539.430908 1013.296814 1260.303345 1153.338867
468.000000 598.427307 1143.439941 1310.846558 1263.347412
469.000000 606.508240 1009.990417 1312.780640 1146.657471
574.000000 319.912018 1168.373169 1096.670044 1293.368774
513.000000 646.593201 1151.811890 1349.989014 1269.878906
514.000000 513.248901 1158.251099 1243.294189 1279.568848
499.000000 254.084244 1154.601807 1051.836304 1282.142944
500.000000 129.097672 1109.147827 944.955750 1252.925415
357.000000 1948.300659 1371.249756 2530.792969 1447.023438
358.000000 1845.429199 1455.149414 2431.788330 1531.523071
466.000000 335.459534 1153.515503 1109.318970 1286.639160
467.000000 346.612793 1023.328735 1114.035278 1170.028442
539.000000 683.572876 769.700439 1363.731079 932.430054
540.000000 553.331970 779.982971 1260.437012 949.336975
316.000000 2196.603516 1650.199585 2808.342773 1730.182739
317.000000 2188.944824 1519.866089 2792.931152 1590.411865
1057.000000 56.694016 190.233429 860.000000 491.000000
416.000000 1739.486816 536.650146 2286.916748 633.318420
417.000000 1740.229858 663.331970 2294.253906 756.611877
33.000000 111.432899 540.625366 917.041931 779.031006
66.000000 1463.303711 1311.027832 2050.131104 1393.177002
1358.000000 295.098633 760.977417 1063.000000 946.000000
1091.000000 179.215012 718.824707 969.000000 921.000000
766.000000 308.831635 589.623108 1068.000000 802.000000
863.000000 195.995743 545.031067 975.000000 774.000000
1325.000000 326.027832 421.406250 1074.000000 658.000000
531.000000 287.007965 10.482607 1039.461670 312.725983
532.000000 190.871185 78.471863 960.125427 383.047546
553.000000 70.905319 1576.434570 918.157410 1639.942017
554.000000 59.732071 1693.307739 914.903625 1743.277832
491.000000 448.113831 437.280060 1186.310913 652.659729
492.000000 338.221863 477.574646 1086.244507 705.511719
355.000000 1549.769775 553.325073 2106.090576 673.360413
1293.000000 263.300140 1748.011475 1068.000000 1787.000000
521.000000 1482.439697 700.008423 2050.244141 813.321899
522.000000 1481.367676 586.653748 2045.255249 706.576843
504.000000 1556.856079 693.332397 2120.768066 803.289978
505.000000 1556.307129 580.001770 2114.559814 693.264099
523.000000 1314.010742 713.338867 1896.843994 839.994324
524.000000 1314.932983 600.013000 1893.434937 733.330078
437.000000 364.914093 229.449539 1100.148438 492.050446
1263.000000 777.640625 756.723633 1443.000000 910.000000
799.000000 566.960510 773.352173 1276.000000 937.000000
1489.000000 845.236633 750.086304 1498.000000 901.000000
559.000000 1079.073608 730.051575 1690.357544 873.328125
560.000000 1081.433716 619.959290 1688.843506 769.968140
517.000000 1577.507690 1103.372803 2156.944824 1193.550903
518.000000 1575.762207 993.294800 2149.335938 1086.713989
579.000000 1241.080566 720.023865 1831.629517 846.700684
580.000000 1243.509033 610.003906 1829.632080 746.674011
1312.000000 373.623016 680.025024 1121.000000 864.000000
1184.000000 427.597046 783.408752 1170.000000 954.000000
174.000000 706.467102 1339.846436 1402.407104 1429.997070
557.000000 1226.666626 1120.000000 1834.065430 1223.320679
558.000000 1226.666626 1013.333313 1832.275269 1119.960571
419.000000 665.375427 1566.232178 1376.700073 1640.098877
590.000000 287.000000 445.000000 1046.000000 682.000000
757.000000 284.000000 483.000000 1045.000000 714.000000
607.000000 232.000000 462.000000 1003.000000 702.000000
783.000000 254.000000 828.000000 1034.000000 1008.000000
583.000000 456.000000 752.000000 1188.000000 930.000000
711.000000 236.000000 1026.000000 1027.000000 1176.000000
730.000000 221.000000 1189.000000 1021.000000 1314.000000
1060.000000 230.000000 481.000000 1003.000000 718.000000
857.000000 270.000000 458.000000 1032.000000 694.000000
768.000000 268.000000 656.000000 1039.000000 862.000000
709.000000 235.000000 424.000000 1005.000000 670.000000
591.000000 199.000000 1013.000000 997.000000 1167.000000
714.000000 432.000000 1085.000000 1180.000000 1218.000000
657.000000 216.000000 636.000000 997.000000 850.000000
998.000000 202.000000 972.000000 998.000000 1132.000000
853.000000 220.000000 597.000000 999.000000 816.000000
617.000000 661.000000 736.000000 1347.000000 903.000000
781.000000 272.000000 617.000000 1040.000000 829.000000
715.000000 269.000000 477.000000 1032.000000 711.000000
688.000000 220.000000 1000.000000 1014.000000 1155.000000
1154.000000 203.000000 446.000000 979.000000 691.000000
624.000000 239.000000 803.000000 1021.000000 988.000000
1187.000000 334.000000 91.000000 1071.000000 377.000000
586.000000 162.000000 1216.000000 976.000000 1339.000000
601.000000 365.000000 1121.000000 1131.000000 1251.000000
762.000000 257.000000 788.000000 1035.000000 974.000000
1003.000000 597.000000 715.000000 1295.000000 889.000000
1074.000000 2205.000000 1679.000000 2811.000000 1761.000000
602.000000 200.000000 1227.000000 1006.000000 1347.000000
849.000000 233.000000 643.000000 1011.000000 854.000000
1042.000000 1478.000000 926.000000 2054.000000 1028.000000
775.000000 167.000000 962.000000 971.000000 1125.000000
719.000000 286.000000 464.000000 1045.000000 698.000000
585.000000 270.000000 637.000000 1039.000000 845.000000
598.000000 181.000000 1008.000000 983.000000 1164.000000
708.000000 875.000000 692.000000 1518.000000 850.000000
1127.000000 613.000000 765.000000 1308.000000 931.000000
627.000000 1108.000000 700.000000 1715.000000 841.000000
599.000000 238.000000 1005.000000 1027.000000 1158.000000
644.000000 287.000000 643.000000 1053.000000 849.000000
767.000000 203.000000 591.000000 985.000000 813.000000
1080.000000 216.000000 456.000000 990.000000 698.000000
625.000000 202.000000 790.000000 992.000000 980.000000
642.000000 344.000000 145.000000 1081.000000 421.000000
790.000000 395.000000 731.000000 1140.000000 915.000000
859.000000 271.000000 834.000000 1047.000000 1012.000000
676.000000 994.000000 1055.000000 1631.000000 1171.000000
721.000000 430.000000 1118.000000 1180.000000 1246.000000
593.000000 219.000000 1210.000000 1020.000000 1332.000000
694.000000 282.000000 501.000000 1044.000000 730.000000
589.000000 137.000000 1738.000000 976.000000 1777.000000
611.000000 200.000000 810.000000 991.000000 997.000000
970.000000 1582.000000 1406.000000 2178.000000 1484.000000
912.000000 179.000000 1029.000000 983.000000 1180.000000
600.000000 239.000000 985.000000 1028.000000 1141.000000
1273.000000 247.000000 1593.000000 1055.000000 1655.000000
1373.000000 1228.000000 1485.000000 1842.000000 1563.000000
1143.000000 823.000000 1183.000000 1491.000000 1293.000000
610.000000 218.000000 617.000000 998.000000 833.000000
776.000000 164.000000 1003.000000 970.000000 1160.000000
674.000000 1344.000000 654.000000 1922.000000 780.000000
733.000000 1512.000000 669.000000 2077.000000 780.000000
1205.000000 2282.000000 141.000000 2913.000000 136.000000
656.000000 184.000000 1178.000000 992.000000 1306.000000
612.000000 235.000000 623.000000 1011.000000 837.000000
1020.000000 1582.000000 1388.000000 2177.000000 1466.000000
655.000000 391.000000 782.000000 1139.000000 959.000000
964.000000 220.000000 796.000000 1006.000000 983.000000
743.000000 628.000000 1107.000000 1333.000000 1230.000000
725.000000 807.000000 724.000000 1463.000000 884.000000
1296.000000 219.000000 1021.000000 1013.000000 1172.000000
1462.000000 1271.000000 660.000000 1856.000000 791.000000
717.000000 1867.000000 643.000000 2422.000000 724.000000
929.000000 1598.000000 1479.000000 2198.000000 1554.000000
707.000000 728.000000 1165.000000 1412.000000 1279.000000
955.000000 238.000000 823.000000 1020.000000 1005.000000
969.000000 254.000000 631.000000 1026.000000 842.000000
877.000000 837.000000 1097.000000 1501.000000 1215.000000
992.000000 162.000000 1412.000000 983.000000 1503.000000
556.000000 418.000000 1411.000000 1187.298340 1493.228516
965.000000 264.000000 136.000000 1015.000000 428.000000
892.000000 620.000000 713.000000 1312.000000 886.000000
622.000000 204.000000 770.000000 992.000000 963.000000
943.000000 302.000000 470.000000 1059.000000 702.000000
643.000000 686.000000 708.000000 1365.000000 877.000000
679.000000 273.000000 814.000000 1048.000000 995.000000
654.000000 236.000000 604.000000 1012.000000 820.000000
1124.000000 286.000000 662.000000 1052.000000 866.000000
705.000000 233.000000 443.000000 1004.000000 686.000000
895.000000 252.000000 848.000000 1033.000000 1024.000000
1109.000000 1823.000000 316.000000 2379.000000 400.000000
623.000000 380.000000 1153.000000 1142.000000 1277.000000
1166.000000 236.000000 843.000000 1020.000000 1022.000000
543.000000 1999.000000 513.000000 2548.150146 586.528625
809.000000 660.000000 762.000000 1346.000000 926.000000
603.000000 874.000000 719.000000 1518.000000 874.000000
592.000000 183.000000 988.000000 984.000000 1146.000000
1430.000000 2243.000000 1663.000000 2860.000000 1744.000000
984.000000 236.000000 1236.000000 1034.000000 1353.000000
619.000000 304.000000 452.000000 1059.000000 686.000000
758.000000 184.000000 967.000000 985.000000 1129.000000
1264.000000 1065.000000 1086.000000 1692.000000 1194.000000
1072.000000 216.000000 1253.000000 1019.000000 1368.000000
954.000000 1598.000000 1405.000000 2193.000000 1483.000000
793.000000 266.000000 676.000000 1038.000000 878.000000
1052.000000 183.000000 805.000000 978.000000 993.000000
1215.000000 164.000000 1195.000000 976.000000 1320.000000
1234.000000 538.000000 911.000000 1255.000000 1063.000000
902.000000 1789.000000 648.000000 2343.000000 736.000000
938.000000 146.000000 1190.000000 963.000000 1317.000000
803.000000 274.000000 794.000000 1048.000000 978.000000
1011.000000 2194.000000 1644.000000 2805.000000 1724.000000
962.000000 1608.000000 1057.000000 2184.000000 1147.000000
618.000000 808.000000 698.000000 1463.000000 860.000000
689.000000 947.000000 960.000000 1586.000000 1087.000000
1267.000000 1042.000000 1435.000000 1648.000000 1519.000000
820.000000 393.000000 757.000000 1140.000000 938.000000
870.000000 1539.000000 694.000000 2103.000000 802.000000
928.000000 253.000000 1031.000000 1040.000000 1179.000000
632.000000 1344.000000 682.000000 1923.000000 806.000000
812.000000 143.000000 1233.000000 962.000000 1353.000000
1306.000000 389.000000 1460.000000 1160.000000 1542.000000
907.000000 161.000000 1527.000000 985.000000 1600.000000
582.000000 255.000000 808.000000 1034.000000 991.000000
1327.000000 290.000000 853.000000 1072.000000 1030.000000
1029.000000 1788.000000 619.000000 2342.000000 708.000000
973.000000 201.000000 611.000000 985.000000 830.000000
1017.000000 1962.000000 175.000000 2563.000000 223.000000
1134.000000 1866.000000 614.000000 2419.000000 696.000000
836.000000 1066.000000 1051.000000 1692.000000 1164.000000
746.000000 783.000000 1469.000000 1469.000000 1549.000000
1442.000000 465.000000 360.000000 1208.000000 579.000000
1007.000000 232.000000 1100.000000 1024.000000 1237.000000
1135.000000 148.000000 1169.000000 963.000000 1300.000000
1348.000000 1358.000000 1393.000000 1945.000000 1475.000000
653.000000 148.000000 1726.000000 983.000000 1766.000000
1170.000000 274.000000 598.000000 1041.000000 812.000000
1416.000000 314.000000 1447.000000 1103.000000 1532.000000
754.000000 1295.000000 712.000000 1880.000000 838.000000
1010.000000 518.000000 985.000000 1241.000000 1128.000000
597.000000 1060.000000 730.000000 1674.000000 871.000000
670.000000 2072.000000 1036.000000 2651.000000 1104.000000
745.000000 2265.000000 1665.000000 2884.000000 1747.000000
267.000000 763.000000 617.000000 1417.530273 786.692078
740.000000 241.000000 783.000000 1021.000000 971.000000
1305.000000 1714.000000 498.000000 2261.000000 597.000000
774.000000 1529.000000 1025.000000 2108.000000 1120.000000
772.000000 127.000000 1403.000000 956.000000 1496.000000
630.000000 200.000000 993.000000 998.000000 1150.000000
1159.000000 160.000000 1238.000000 975.000000 1356.000000
830.000000 234.000000 1046.000000 1026.000000 1192.000000
1198.000000 165.000000 982.000000 970.000000 1143.000000
1076.000000 899.000000 690.000000 1538.000000 846.000000
883.000000 299.000000 85.000000 1043.000000 376.000000
868.000000 422.000000 170.000000 1147.000000 431.000000
1013.000000 921.000000 1335.000000 1578.000000 1427.000000
1065.000000 561.000000 1110.000000 1280.000000 1235.000000
882.000000 2070.000000 999.000000 2647.000000 1066.000000
1456.000000 559.000000 1143.000000 1280.000000 1264.000000
1421.000000 1109.000000 673.000000 1715.000000 816.000000
621.000000 839.000000 1063.000000 1501.000000 1184.000000
1420.000000 1037.000000 733.000000 1655.000000 875.000000
1207.000000 732.000000 816.000000 1404.000000 969.000000
1030.000000 214.000000 475.000000 990.000000 714.000000
1051.000000 630.000000 1073.000000 1333.000000 1200.000000
1088.000000 2052.000000 629.000000 2611.000000 693.000000
828.000000 393.000000 1014.000000 1147.000000 1157.000000
729.000000 408.000000 781.000000 1151.000000 957.000000
1032.000000 1588.000000 663.000000 2149.000000 768.000000
983.000000 237.000000 1215.000000 1034.000000 1335.000000
647.000000 264.000000 77.000000 1016.000000 374.000000
614.000000 203.000000 1185.000000 1007.000000 1311.000000
706.000000 563.000000 1076.000000 1281.000000 1206.000000
798.000000 219.000000 417.000000 992.000000 666.000000
963.000000 455.000000 777.000000 1187.000000 951.000000
1087.000000 200.000000 1442.000000 1013.000000 1528.000000
1428.000000 1066.000000 1435.000000 1704.000000 1516.000000
867.000000 218.000000 816.000000 1005.000000 1000.000000
887.000000 1107.000000 727.000000 1716.000000 865.000000
837.000000 1607.000000 1021.000000 2182.000000 1112.000000
1220.000000 722.000000 926.000000 1399.000000 1068.000000
1083.000000 198.000000 830.000000 990.000000 1012.000000
384.000000 1081.000000 1330.000000 1710.072754 1421.294067
662.000000 271.000000 439.000000 1033.000000 678.000000
871.000000 249.000000 469.000000 1017.000000 706.000000
1101.000000 214.000000 657.000000 997.000000 866.000000
613.000000 221.000000 776.000000 1006.000000 966.000000
1408.000000 1759.000000 650.000000 2314.000000 741.000000
677.000000 767.000000 1100.000000 1444.000000 1220.000000
1121.000000 2441.000000 870.000000 3045.000000 909.000000
1177.000000 362.000000 1154.000000 1130.000000 1278.000000
1446.000000 1330.000000 1410.000000 1931.000000 1492.000000
866.000000 1371.000000 652.000000 1946.000000 776.000000
1405.000000 251.000000 449.000000 1017.000000 689.000000
744.000000 239.000000 1194.000000 1035.000000 1317.000000
1068.000000 216.000000 1459.000000 1027.000000 1542.000000
1152.000000 346.000000 796.000000 1104.000000 975.000000
842.000000 184.000000 785.000000 978.000000 976.000000
1077.000000 727.000000 842.000000 1401.000000 992.000000
805.000000 302.000000 921.000000 1074.000000 1084.000000
792.000000 165.000000 1173.000000 978.000000 1303.000000
934.000000 139.000000 90.000000 924.000000 401.000000
987.000000 187.000000 765.000000 979.000000 960.000000
801.000000 252.000000 431.000000 1018.000000 673.000000
1313.000000 2215.000000 1666.000000 2823.000000 1748.000000
1324.000000 367.000000 1088.000000 1132.000000 1223.000000
664.000000 252.000000 650.000000 1026.000000 858.000000
980.000000 1615.000000 1479.000000 2213.000000 1554.000000
584.000000 663.000000 710.000000 1347.000000 880.000000
682.000000 459.000000 726.000000 1189.000000 907.000000
1349.000000 333.000000 110.000000 1070.000000 393.000000
1044.000000 164.000000 1465.000000 985.000000 1547.000000
931.000000 1217.000000 1815.000000 1474.000000 1854.000000
1365.000000 652.000000 1105.000000 1351.000000 1228.000000
661.000000 1598.000000 1442.000000 2196.000000 1519.000000
1314.000000 1616.000000 661.000000 2175.000000 764.000000
1364.000000 605.000000 302.000000 1327.000000 510.000000
1055.000000 1064.000000 677.000000 1676.000000 822.000000
1173.000000 885.000000 1007.000000 1536.000000 1132.000000
975.000000 387.000000 1489.000000 1159.000000 1567.000000
1440.000000 1276.000000 1340.000000 1886.000000 1426.000000
595.000000 199.000000 630.000000 984.000000 846.000000
1307.000000 657.000000 995.000000 1352.000000 1131.000000
753.000000 389.000000 1087.000000 1146.000000 1221.000000
1387.000000 1637.000000 1056.000000 2211.000000 1144.000000
1256.000000 1260.000000 1358.000000 1887.000000 1443.000000
916.000000 740.000000 839.000000 1411.000000 990.000000
1197.000000 1270.000000 687.000000 1857.000000 817.000000
659.000000 1358.000000 1409.000000 1960.000000 1490.000000
640.000000 1257.000000 1041.000000 1859.000000 1147.000000
1248.000000 2216.000000 1694.000000 2824.000000 1776.000000
873.000000 797.000000 989.000000 1463.000000 1119.000000
1480.000000 1802.000000 1013.000000 2372.000000 1094.000000
1409.000000 554.000000 912.000000 1266.000000 1063.000000
1255.000000 205.000000 750.000000 993.000000 945.000000
974.000000 2153.000000 994.000000 2736.000000 1057.000000
1214.000000 255.000000 1010.000000 1042.000000 1162.000000
605.000000 222.000000 979.000000 1014.000000 1138.000000
685.000000 1038.000000 705.000000 1655.000000 850.000000
909.000000 1587.000000 635.000000 2147.000000 741.000000
737.000000 202.000000 1206.000000 1006.000000 1329.000000
720.000000 836.000000 1131.000000 1501.000000 1244.000000
1182.000000 718.000000 1149.000000 1405.000000 1265.000000
738.000000 328.000000 141.000000 1068.000000 420.000000
771.000000 1016.000000 1122.000000 1650.000000 1231.000000
573.000000 449.000000 1163.000000 1196.711182 1283.798706
652.000000 167.000000 1152.000000 978.000000 1285.000000
1370.000000 1821.000000 333.000000 2374.000000 420.000000
755.000000 298.000000 147.000000 1041.000000 432.000000
999.000000 2264.000000 1644.000000 2882.000000 1725.000000
788.000000 1212.000000 1327.000000 1828.000000 1415.000000
1099.000000 1706.000000 192.000000 2303.000000 276.000000
1470.000000 253.000000 567.000000 1023.000000 789.000000
1344.000000 1557.000000 1095.000000 2137.000000 1186.000000
675.000000 186.000000 946.000000 985.000000 1111.000000
1115.000000 455.000000 1084.000000 1198.000000 1216.000000
695.000000 1257.000000 1077.000000 1860.000000 1180.000000
1005.000000 1358.000000 1426.000000 1961.000000 1506.000000
1477.000000 139.000000 505.000000 935.000000 747.000000
671.000000 256.000000 611.000000 1027.000000 825.000000
1375.000000 568.000000 906.000000 1277.000000 1057.000000
1046.000000 1896.000000 612.000000 2449.000000 691.000000
1447.000000 2000.000000 1756.000000 2564.000000 1834.000000
1196.000000 1224.000000 577.000000 1809.000000 719.000000
1281.000000 300.000000 101.000000 1044.000000 390.000000
1396.000000 1092.000000 1050.000000 1714.000000 1162.000000
726.000000 267.000000 495.000000 1032.000000 726.000000
1449.000000 360.000000 896.000000 1119.000000 1059.000000
1039.000000 1818.000000 646.000000 2372.000000 732.000000
806.000000 806.000000 751.000000 1463.000000 907.000000
920.000000 257.000000 990.000000 1042.000000 1144.000000
1138.000000 390.000000 1443.000000 1161.000000 1517.000000
991.000000 390.000000 1056.000000 1147.000000 1183.000000
1284.000000 780.000000 1503.000000 1468.000000 1579.000000
885.000000 1750.000000 911.000000 2314.000000 998.000000
701.000000 437.000000 1010.000000 1182.000000 1153.000000
1183.000000 546.000000 1573.000000 1282.000000 1641.000000
615.000000 2234.000000 1403.000000 2824.000000 1476.000000
1180.000000 595.000000 1172.000000 1307.000000 1289.000000
860.000000 594.000000 768.000000 1295.000000 934.000000
967.000000 1360.000000 1036.000000 1951.000000 1138.000000
891.000000 1284.000000 1075.000000 1884.000000 1178.000000
1073.000000 142.000000 1428.000000 968.000000 1517.000000
1464.000000 558.000000 457.000000 1264.000000 665.000000
628.000000 373.000000 1015.000000 1133.000000 1159.000000
1092.000000 636.000000 764.000000 1328.000000 929.000000
1335.000000 764.000000 1392.000000 1452.000000 1480.000000
696.000000 595.000000 742.000000 1295.000000 912.000000
900.000000 1343.000000 1410.000000 1946.000000 1491.000000
1038.000000 580.000000 1474.000000 1307.000000 1554.000000
1192.000000 1261.000000 1341.000000 1872.000000 1427.000000
1145.000000 1494.000000 223.000000 2097.000000 335.000000
1247.000000 832.000000 696.000000 1482.000000 856.000000
1431.000000 1511.000000 1456.000000 2119.000000 1533.000000
663.000000 231.000000 82.000000 990.000000 384.000000
852.000000 463.000000 665.000000 1190.000000 854.000000
800.000000 218.000000 942.000000 1000.000000 1115.000000
1089.000000 535.000000 1111.000000 1260.000000 1237.000000
687.000000 210.000000 369.000000 982.000000 627.000000
609.000000 217.000000 1041.000000 1013.000000 1189.000000
751.000000 181.000000 1220.000000 990.000000 1342.000000
724.000000 626.000000 1141.000000 1333.000000 1259.000000
1027.000000 144.000000 1211.000000 963.000000 1335.000000
1231.000000 494.000000 410.000000 1207.000000 631.000000
1298.000000 1133.000000 698.000000 1735.000000 837.000000
838.000000 1568.000000 1461.000000 2164.000000 1538.000000
1345.000000 388.000000 1476.000000 1160.000000 1554.000000
1272.000000 452.000000 1116.000000 1196.000000 1244.000000
741.000000 144.000000 1407.000000 969.000000 1499.000000
1481.000000 1332.000000 1038.000000 1927.000000 1141.000000
995.000000 220.000000 1478.000000 1029.000000 1559.000000
1291.000000 753.000000 1545.000000 1448.000000 1617.000000
1222.000000 340.000000 1122.000000 1112.000000 1253.000000
1128.000000 864.000000 1061.000000 1522.000000 1182.000000
1297.000000 570.000000 307.000000 1298.000000 518.000000
952.000000 1598.000000 1461.000000 2197.000000 1537.000000
1158.000000 428.000000 1151.000000 1179.000000 1274.000000
581.000000 1332.000000 1073.000000 1928.000000 1174.000000
1140.000000 1371.000000 1409.000000 1974.000000 1490.000000
1398.000000 432.000000 753.000000 1169.000000 932.000000
1155.000000 1727.000000 101.000000 2311.000000 187.000000
1066.000000 157.000000 1736.000000 991.000000 1776.000000
913.000000 575.000000 1508.000000 1289.000000 1583.000000
1049.000000 1529.000000 1062.000000 2109.000000 1154.000000
1130.000000 247.000000 487.000000 1016.000000 722.000000
1167.000000 638.000000 711.000000 1327.000000 883.000000
818.000000 207.000000 70.000000 973.000000 375.000000
1280.000000 2081.000000 598.000000 2640.000000 659.000000
678.000000 636.000000 738.000000 1327.000000 906.000000
1328.000000 850.000000 1468.000000 1525.000000 1547.000000
668.000000 228.000000 111.000000 988.000000 408.000000
1136.000000 729.000000 763.000000 1401.000000 923.000000
936.000000 966.000000 1436.000000 1630.000000 1520.000000
1484.000000 1676.000000 205.000000 2273.000000 293.000000
989.000000 1257.000000 1112.000000 1861.000000 1213.000000
1022.000000 403.000000 133.000000 1130.000000 400.000000
957.000000 849.000000 694.000000 1497.000000 854.000000
1120.000000 333.000000 157.000000 1069.000000 436.000000
1301.000000 1619.000000 1404.000000 2224.000000 1482.000000
718.000000 182.000000 1199.000000 991.000000 1324.000000
1367.000000 826.000000 749.000000 1478.000000 904.000000
1070.000000 186.000000 1396.000000 1000.000000 1490.000000
1383.000000 578.000000 1143.000000 1294.000000 1262.000000
977.000000 787.000000 1134.000000 1460.000000 1248.000000
1252.000000 1819.000000 675.000000 2373.000000 760.000000
1161.000000 221.000000 578.000000 999.000000 800.000000
1283.000000 406.000000 155.000000 1133.000000 420.000000
881.000000 601.000000 653.000000 1296.000000 834.000000
1270.000000 407.000000 1488.000000 1174.000000 1566.000000
1079.000000 1490.000000 1742.000000 1708.000000 1799.000000
1239.000000 1371.000000 679.000000 1946.000000 802.000000
889.000000 628.000000 1474.000000 1346.000000 1553.000000
765.000000 993.000000 1090.000000 1631.000000 1202.000000
1502.000000 1616.000000 632.000000 2173.000000 736.000000
1400.000000 124.000000 1424.000000 955.000000 1514.000000
994.000000 1882.000000 1009.000000 2453.000000 1086.000000
1114.000000 1344.000000 709.000000 1924.000000 832.000000
1086.000000 1549.000000 1388.000000 2145.000000 1467.000000
631.000000 217.000000 436.000000 991.000000 682.000000
953.000000 1599.000000 1422.000000 2195.000000 1499.000000
972.000000 827.000000 1490.000000 1507.000000 1577.000000
1371.000000 844.000000 1533.000000 1522.000000 1600.000000
1500.000000 481.000000 725.000000 1205.000000 905.000000
1107.000000 364.000000 1400.000000 1138.000000 1491.000000
1318.000000 2119.000000 913.000000 2695.000000 976.000000
731.000000 766.000000 1135.000000 1444.000000 1249.000000
1277.000000 420.000000 668.000000 1156.000000 860.000000
1023.000000 1568.000000 1406.000000 2162.000000 1484.000000
847.000000 1283.000000 1109.000000 1883.000000 1210.000000
1217.000000 873.000000 745.000000 1518.000000 897.000000
1487.000000 386.000000 1120.000000 1145.000000 1249.000000
742.000000 186.000000 1157.000000 992.000000 1289.000000
1146.000000 680.000000 760.000000 1360.000000 923.000000
24.000000 581.000000 461.000000 1273.663940 671.470947
778.000000 395.000000 1687.000000 1171.000000 1737.000000
949.000000 219.000000 1426.000000 1027.000000 1513.000000
1385.000000 1298.000000 658.000000 1880.000000 787.000000
1407.000000 791.000000 1099.000000 1463.000000 1218.000000
1260.000000 2020.000000 602.000000 2576.000000 669.000000
922.000000 1540.000000 639.000000 2102.000000 749.000000
564.000000 295.000000 15.000000 1047.980103 317.941010
1002.000000 1345.000000 1427.000000 1948.000000 1507.000000
1388.000000 1180.000000 430.000000 1758.000000 590.000000
649.000000 768.000000 1067.000000 1444.000000 1190.000000
924.000000 732.000000 804.000000 1403.000000 958.000000
92.000000 1396.000000 1322.000000 1993.759766 1396.778687
1474.000000 1093.000000 972.000000 1712.000000 1091.000000
1035.000000 828.000000 1468.000000 1507.000000 1548.000000
1503.000000 2102.000000 596.000000 2662.000000 654.000000
1246.000000 1243.000000 662.000000 1831.000000 795.000000
923.000000 400.000000 670.000000 1142.000000 863.000000
697.000000 199.000000 85.000000 967.000000 390.000000
1423.000000 847.000000 1501.000000 1524.000000 1577.000000
861.000000 288.000000 623.000000 1053.000000 832.000000
1304.000000 262.000000 60.000000 1015.000000 358.000000
1366.000000 310.000000 793.000000 1075.000000 975.000000
1041.000000 417.000000 1548.000000 1183.000000 1618.000000
1337.000000 1012.000000 734.000000 1634.000000 878.000000
1034.000000 680.000000 847.000000 1364.000000 1000.000000
1105.000000 1359.000000 1106.000000 1952.000000 1204.000000
1075.000000 259.000000 874.000000 1037.000000 1047.000000
645.000000 222.000000 1168.000000 1021.000000 1296.000000
1427.000000 626.000000 1506.000000 1345.000000 1582.000000
1369.000000 553.000000 1532.000000 1288.000000 1608.000000
1376.000000 548.000000 406.000000 1250.000000 624.000000
926.000000 1038.000000 678.000000 1655.000000 825.000000
1472.000000 343.000000 1089.000000 1113.000000 1224.000000
1249.000000 409.000000 1432.000000 1174.000000 1518.000000
646.000000 496.000000 427.000000 1209.000000 645.000000
1148.000000 234.000000 1088.000000 1031.000000 1217.000000
1021.000000 628.000000 1638.000000 1349.000000 1697.000000
961.000000 388.000000 139.000000 1117.000000 409.000000
665.000000 1472.000000 1318.000000 2063.000000 1402.000000
796.000000 2228.000000 1382.000000 2819.000000 1454.000000
1244.000000 259.000000 769.000000 1035.000000 957.000000
807.000000 1553.000000 1406.000000 2145.000000 1485.000000
1497.000000 269.000000 396.000000 1029.000000 643.000000
817.000000 1064.000000 1121.000000 1693.000000 1227.000000
1482.000000 631.000000 1427.000000 1346.000000 1512.000000
1355.000000 760.000000 1469.000000 1452.000000 1549.000000
1181.000000 188.000000 1375.000000 1001.000000 1471.000000
1168.000000 1578.000000 1023.000000 2154.000000 1115.000000
641.000000 435.000000 727.000000 1170.000000 910.000000
359.000000 93.000000 1591.000000 935.570923 1656.642578
1323.000000 815.000000 1326.000000 1489.000000 1420.000000
846.000000 1512.000000 640.000000 2076.000000 753.000000
946.000000 618.000000 1199.000000 1326.000000 1312.000000
804.000000 665.000000 829.000000 1351.000000 985.000000
824.000000 1583.000000 1442.000000 2181.000000 1520.000000

0.000000 1193.487793 491.690887 2646.875732 358.955536 1781.172363 643.185547 3070.644775 379.825531
8.000000 3070.384521 36.899204 1793.017822 173.984283 3071.263672 75.046928 2352.109131 255.110794
1.000000 1726.674438 180.069870 486.090240 318.154541 2316.379150 262.197968 1207.414307 543.126465
6.000000 1184.232666 500.016541 1164.815063 1556.632690 1771.237671 656.637329 1789.878052 1443.336182
5.000000 1178.316284 1546.754395 1196.858521 493.454071 1801.678589 1440.040161 1781.172363 643.185547
7.000000 2639.993896 279.931702 1789.764282 357.413788 3070.083496 297.059753 2319.945068 456.408264
10.000000 349.667816 573.144348 1173.532715 495.447693 1099.682495 785.126953 1760.458130 648.888672
18.000000 1153.447021 424.499054 453.276215 492.747192 1733.559448 587.695190 1446.826904 650.729187
12.000000 1256.641602 396.413757 586.626953 462.933136 1838.241577 544.402100 1273.663940 671.470947
13.000000 1783.637573 359.671570 1189.978394 419.786469 2313.815674 458.844757 1766.669434 580.012634
14.000000 1736.638306 353.015137 1263.205566 395.233551 2283.464355 450.623108 1838.241577 544.402100
40.000000 53.815857 172.106308 340.668976 184.434845 862.602417 478.496307 1082.334961 458.839966
25.000000 1649.713623 1344.702759 1393.388428 1329.095825 1876.666382 1453.184570 1633.334106 1453.709717
35.000000 1.932997 1656.526123 25.380678 1422.869751 870.173950 1740.009155 882.125305 1513.269653
26.000000 2425.040527 859.855835 2444.462402 1089.904663 3026.591064 899.554138 3059.446777 1139.619507
31.000000 2229.566406 1096.693848 2215.542480 873.403931 2819.436035 1160.063110 2793.676758 929.961548
43.000000 1951.776733 1110.064453 1942.667358 889.889648 2524.666748 1183.504883 2506.052490 966.433472
39.000000 2001.616455 889.929321 2012.120850 1106.099854 2566.400146 956.392090 2586.125732 1176.715088
53.000000 1670.770020 1120.072388 1664.647583 903.390381 2244.407959 1206.823242 2230.051025 999.765320
33.000000 2012.120850 1106.099854 2226.540527 1096.899536 2589.483154 1176.933838 2816.285645 1158.615356
50.000000 1737.118652 903.245483 1742.072754 1116.695923 2299.819336 989.784973 2315.269043 1199.862549
61.000000 1388.568481 1136.672241 1387.731445 923.342224 1979.090332 1230.041870 1970.021729 1033.178833
58.000000 1464.885498 919.991760 1465.999146 1130.003540 2040.889038 1023.288269 2051.024170 1223.281372
144.000000 400.029236 179.451691 199.534317 118.190933 1113.594727 444.962616 966.349182 422.353912
88.000000 869.898376 1543.328003 880.796082 1336.357544 1535.320557 1596.342529 1542.477051 1419.426025
38.000000 2210.046875 870.845276 2003.462280 882.321777 2789.993164 926.610657 2569.964355 953.036987
42.000000 1994.726562 686.919434 2199.870850 671.638062 2550.881592 756.792480 2770.403320 723.397827
68.000000 1117.635254 1146.670044 1118.342285 943.327576 1737.795044 1253.412476 1730.858032 1060.088867
48.000000 2186.899170 482.638153 1986.692139 500.288849 2743.557129 531.163330 2536.228516 571.055908
60.000000 1940.132202 885.445435 1740.081177 897.963379 2500.137207 961.097717 2303.211914 985.695435
45.000000 2009.924316 888.565186 2209.895752 878.024414 2573.234131 959.149963 2786.773682 934.251282
55.000000 1746.543945 1116.413452 1946.537842 1109.568848 2315.269043 1199.862549 2519.763916 1183.683350
74.000000 1660.077637 1300.376099 1460.025635 1304.560059 2240.058838 1381.330688 2053.314941 1389.585815
155.000000 206.703751 120.338577 10.203351 141.856949 966.349182 422.353912 827.706787 460.451935
59.000000 1732.961792 704.448242 1929.639893 691.286194 2285.090088 797.027161 2482.506592 767.805298
76.000000 1469.683472 1130.007568 1666.539185 1120.651855 2056.326416 1222.800659 2239.705566 1206.655884
67.000000 1920.204224 505.828949 1726.802002 521.654541 2466.756836 583.815735 2276.543213 619.338440
64.000000 1743.231689 905.066895 1936.630981 892.771851 2306.561768 992.502869 2500.174316 968.045959
80.000000 1452.110840 725.817871 1642.945679 711.286682 2022.720215 839.500549 2202.388184 810.759094
75.000000 1660.138062 902.346558 1470.011841 913.535278 2226.847656 994.806580 2043.417847 1017.354614
99.000000 1393.372070 1307.992554 1203.339233 1313.535767 1990.043945 1394.199829 1819.974243 1402.824585
85.000000 1640.098022 527.821777 1453.362427 543.676392 2190.206787 634.431274 2012.911133 668.804810
72.000000 2204.005127 673.525208 2190.533447 486.628235 2770.403320 723.397827 2749.021729 536.379395
102.000000 1383.580444 920.886658 1196.773682 931.827271 1966.922852 1028.794189 1800.264648 1048.864258
98.000000 1196.525146 1142.162598 1383.321533 1136.290894 1806.270996 1245.014526 1976.258423 1231.523315
63.000000 2395.461182 473.167389 2409.773193 656.684326 2974.518799 493.179932 2999.568359 686.722534
84.000000 1932.085327 693.393066 1923.310791 510.001068 2486.173340 766.711426 2469.865967 586.981262
87.000000 1473.361694 920.459717 1656.615356 909.167358 2046.691406 1023.536743 2223.178467 1002.060913
109.000000 1213.046997 742.514832 1393.109985 730.095825 1804.763916 873.346924 1969.210205 848.212952
134.000000 933.145752 1156.669922 1113.137939 1146.531128 1579.621460 1266.111572 1733.122559 1251.168335
82.000000 1984.520020 506.609100 1994.726562 686.919434 2532.317627 576.446655 2550.881592 756.792480
128.000000 1093.426392 1316.690308 913.287598 1321.684692 1723.536377 1407.473877 1567.082275 1415.143921
95.000000 935.271667 950.071472 928.633850 1130.072510 1575.386719 1076.661133 1575.849487 1250.002197
93.000000 1724.807129 526.628845 1729.421875 706.596008 2272.383057 623.168091 2285.090088 797.027161
119.000000 1393.437744 551.257751 1216.606323 565.939758 1960.041626 680.224792 1803.205322 709.309692
92.000000 1469.768677 1515.291016 1318.274292 1607.154053 1675.158691 1604.324341 1521.629395 1686.829102
113.000000 1203.229614 938.150635 1380.087769 928.231079 1803.167358 1055.296631 1963.241455 1035.908325
73.000000 2196.843262 886.712341 2020.137085 895.953491 2773.413574 944.028931 2586.922607 965.551208
89.000000 1647.036133 710.058777 1643.529297 533.263306 2204.918945 813.446533 2193.482666 636.872864
117.000000 1157.872314 749.975098 1159.940308 573.293640 1758.404053 883.381592 1753.559814 723.225647
100.000000 1450.412598 549.982239 1452.110840 725.817871 2012.911133 668.804810 2019.538696 840.019653
140.000000 1156.685913 570.218384 983.234131 585.544067 1750.337769 718.433960 1603.307617 746.531799
137.000000 979.509155 760.196289 1153.107788 747.026550 1605.924438 905.363098 1755.818848 881.369995
145.000000 1113.520264 936.511719 940.002991 946.717529 1726.791138 1057.673706 1579.896606 1075.830566
154.000000 939.851868 954.153748 1113.172485 943.937561 1583.190308 1082.137207 1726.467651 1065.002930
135.000000 920.167480 766.670654 924.289368 593.276794 1557.606445 913.260803 1545.821777 760.579773
105.000000 1398.302612 730.008545 1397.428467 556.645996 1972.000854 850.065552 1963.801392 683.474365
126.000000 1212.402100 569.986267 1209.844238 743.331055 1799.669556 716.595764 1804.763916 873.346924
197.000000 40.067364 163.884186 209.972321 143.106964 850.256042 474.235352 973.149048 439.350830
194.000000 210.192749 151.720703 40.086937 170.776077 976.645203 446.588226 853.423279 480.328522
79.000000 2173.427979 497.731995 2003.290039 512.845703 2730.233887 547.888733 2550.440430 582.301392
160.000000 746.349487 779.485046 916.294067 765.478760 1412.749634 937.190063 1552.946655 914.332947
176.000000 676.738708 961.010376 506.652435 973.133728 1363.527954 1101.521362 1230.664062 1118.522705
142.000000 703.186157 783.327454 709.995972 613.199768 1381.467163 943.216248 1369.569336 794.165955
127.000000 979.848389 589.900574 974.993774 760.047363 1599.971680 749.952026 1602.246460 906.634033
83.000000 2203.398926 1081.641602 2033.403687 1088.429688 2790.334473 1143.974121 2610.207520 1159.133423
125.000000 1646.685791 1315.588745 1476.669800 1317.032471 2226.789307 1396.138428 2069.985107 1402.991211
209.000000 483.821930 972.839539 316.881989 986.053528 1214.493530 1125.696533 1090.635132 1141.610107
169.000000 883.681580 948.809204 716.630676 959.433960 1533.817993 1080.502808 1396.811523 1097.812866
103.000000 1923.453857 902.001038 1756.589478 912.052673 2486.830811 977.999146 2320.229736 998.531128
178.000000 1844.538330 916.594116 1838.855591 1083.294312 2407.453857 996.634155 2412.964111 1130.152832
183.000000 920.077026 590.846863 756.580078 605.714172 1546.783936 757.273560 1417.116577 782.328552
96.000000 2180.150635 658.616211 2016.761719 671.231689 2743.680176 712.118591 2573.335693 740.013672
108.000000 1906.728149 520.800232 1743.334106 533.343994 2453.380127 600.261475 2290.497070 629.441284
191.000000 534.931274 793.740784 699.651123 781.976318 1248.572754 963.180847 1376.008423 942.588379
159.000000 494.338135 796.736572 505.707184 633.266602 1218.951660 966.540405 1211.074951 824.010742
152.000000 543.174744 629.796265 534.931274 793.740784 1248.899780 816.684448 1248.572754 963.180847
132.000000 1646.711792 917.428955 1483.358521 927.092712 2213.372559 1010.320557 2059.890381 1029.104614
156.000000 1380.091187 1322.473877 1216.734131 1328.495483 1976.776367 1408.819946 1833.306030 1416.130615
294.000000 211.120529 109.378685 367.509918 153.690643 973.773987 409.873535 1073.848877 422.618927
187.000000 93.247215 1596.399292 80.711662 1756.722290 935.570923 1656.642578 932.714661 1786.726318
225.000000 706.752563 611.011536 546.773926 624.596375 1373.634399 791.607788 1253.477539 814.103394
143.000000 1626.904175 542.940674 1466.871216 555.866028 2176.757324 650.496094 2030.113770 677.289246
224.000000 166.389755 664.073853 316.579071 720.234314 959.671021 877.772156 1076.870117 912.649780
139.000000 752.993408 606.819458 744.829163 766.743042 1417.530273 786.692078 1412.749634 937.190063
235.000000 333.061676 809.615662 489.865387 798.157837 1096.284302 987.620178 1213.147827 968.845032
213.000000 566.830322 1695.217041 409.891174 1689.847290 1300.162109 1747.533691 1176.268555 1739.392212
162.000000 1370.147705 935.754883 1213.453857 945.310059 1953.398193 1043.862793 1813.458618 1061.021362
147.000000 1646.791748 1105.857422 1490.014404 1113.623657 2220.287842 1193.216675 2073.306396 1206.364258
116.000000 1923.348022 1093.660156 1766.698975 1100.716675 2496.872070 1169.011353 2336.932129 1183.029541
246.000000 342.683289 408.110260 199.802734 343.771423 1086.057129 645.147827 976.143677 608.223511
249.000000 314.117126 744.360291 166.386993 694.156311 1073.544067 932.527283 963.242065 903.682312
236.000000 294.644928 952.977356 147.102905 905.709656 1068.439453 1112.215942 954.725220 1080.237061
179.000000 211.245407 1750.095459 223.019577 1596.387329 1032.801758 1789.981201 1037.509155 1656.578735
233.000000 326.874817 576.142090 183.612030 519.297607 1080.151611 789.500549 966.190979 754.900024
131.000000 1907.035767 678.483398 1753.535156 689.482971 2460.586182 757.078125 2306.845459 781.142944
32.000000 1764.047363 3.187303 1769.589844 156.801727 2347.671631 2.962095 2367.380127 233.272293
28.000000 1778.618286 156.721649 1772.511108 3.233417 2381.376953 238.025696 2354.683105 3.179901
259.000000 319.876617 1183.137085 473.371948 1177.771729 1099.717529 1306.073120 1209.866943 1298.150146
175.000000 1380.080933 564.246155 1230.078125 577.547424 1946.799194 694.033142 1813.817505 719.222839
153.000000 1623.660645 697.636169 1473.515381 709.059326 2183.787598 799.451782 2040.462402 822.834595
195.000000 1103.424683 951.497437 953.373230 960.654053 1716.980225 1072.566772 1590.170044 1088.058960
200.000000 1076.703369 1331.170654 926.641724 1335.870361 1710.072754 1421.294067 1583.431274 1428.409180
214.000000 1096.762573 1131.983398 946.951782 1139.228394 1716.815308 1238.261475 1593.619751 1249.740112
208.000000 513.765686 273.510681 400.029236 179.451691 1224.938354 506.334290 1116.388428 443.816528
222.000000 1143.437866 584.540283 996.716309 597.240417 1737.310913 733.433472 1616.558472 756.090088
174.000000 1376.893188 716.204041 1230.088501 727.787598 1953.835938 836.383728 1820.283691 858.388367
177.000000 1363.362183 1120.661621 1216.683594 1127.054443 1956.786011 1218.080444 1823.558350 1229.331543
238.000000 873.357300 963.720520 726.840271 972.801025 1523.505005 1094.678833 1407.032837 1109.536865
272.000000 236.647202 1574.468384 89.970619 1574.984497 1043.380859 1639.732788 936.696350 1639.001343
173.000000 1301.620483 1116.652832 1302.804321 969.995728 1901.289429 1216.734741 1896.736328 1079.997681
255.000000 500.205780 628.996643 356.521179 641.685974 1216.919434 821.297363 1106.562744 842.800171
287.000000 423.648895 1523.111694 434.192383 1379.573364 1185.503540 1596.588623 1187.298340 1493.228516
57.000000 2013.381104 503.906586 2156.554443 491.984741 2539.990967 576.619934 2739.712891 538.495850
172.000000 1464.108887 559.950134 1462.895142 703.329651 2025.516968 679.914917 2030.844849 816.633728
290.000000 168.901642 458.592285 43.546303 387.161377 954.973389 706.470703 864.582642 657.685303
91.000000 2131.966553 1397.753418 2002.043091 1335.685791 2725.937012 1466.124390 2561.463623 1406.719116
247.000000 910.139343 604.836121 769.800720 617.850952 1540.132202 770.683960 1427.154053 792.521729
234.000000 1136.988892 734.063599 996.812805 745.176880 1736.849487 871.113342 1620.048950 890.297974
248.000000 863.289490 1142.504028 723.152649 1149.917725 1523.513062 1255.185181 1409.955566 1266.209106
219.000000 736.535950 1143.327148 743.164551 1003.325317 1420.581787 1260.004272 1421.489136 1136.653076
245.000000 884.341675 1086.705688 889.762329 946.657471 1538.317261 1200.098511 1531.498047 1083.635986
189.000000 1034.870361 1126.707642 1038.601807 986.629395 1667.068237 1236.678101 1666.559570 1106.667114
205.000000 962.458130 1129.969116 967.403442 990.026062 1606.790039 1240.004883 1606.599609 1113.333374
232.000000 453.801331 296.485809 444.986267 436.139801 1179.359741 533.324280 1179.086060 653.308411
274.000000 2161.092041 1552.671143 2113.984619 1421.897949 2754.689697 1558.852783 2681.251953 1481.988647
141.000000 2089.130127 1399.850098 1954.809937 1367.249512 2681.998535 1474.636353 2536.139648 1441.120117
240.000000 164.737854 699.792053 149.980362 836.664551 959.722290 906.650574 952.950195 1023.311096
243.000000 196.963409 346.693695 184.503540 483.439972 971.821838 610.077271 966.830078 728.126587
292.000000 490.228119 642.581726 353.451172 654.666870 1206.960205 834.847229 1106.845581 854.256104
252.000000 399.837952 1156.654297 410.239899 1020.018250 1158.433472 1280.047607 1161.487915 1166.616943
231.000000 807.494812 1133.366699 813.008911 996.653564 1477.902222 1246.666748 1477.899780 1126.666626
111.000000 1570.159058 926.672485 1565.168091 1063.400269 2140.250732 1026.655762 2147.332764 1190.115601
280.000000 663.323853 976.512268 526.763611 984.909973 1353.633545 1115.741089 1249.835938 1128.684448
166.000000 1479.715210 929.991211 1480.109619 1066.666382 2081.727539 1200.075073 2075.178223 1059.913818
218.000000 1306.781982 579.971863 1305.586548 716.628052 1885.285522 716.703613 1888.582275 840.037903
164.000000 2195.088623 1517.323120 2131.966553 1397.753418 2801.772705 1593.505737 2727.750244 1473.932373
256.000000 900.201294 752.384277 766.693909 763.655762 1536.769775 903.938171 1427.116089 922.635376
264.000000 693.459961 624.836365 559.950928 636.083862 1366.869629 804.424683 1260.172729 824.262451
253.000000 530.869995 1146.722534 539.430908 1013.296814 1258.229126 1266.695312 1260.303345 1153.338867
242.000000 598.427307 1143.439941 606.508240 1009.990417 1310.846558 1263.347412 1312.780640 1146.657471
296.000000 453.395721 1161.153320 319.912018 1168.373169 1196.711182 1283.798706 1096.670044 1293.368774
266.000000 646.593201 1151.811890 513.248901 1158.251099 1349.989014 1269.878906 1243.294189 1279.568848
258.000000 254.084244 1154.601807 129.097672 1109.147827 1051.836304 1282.142944 944.955750 1252.925415
158.000000 1995.148438 1335.546387 1869.385254 1378.418579 2552.993652 1409.935181 2427.356934 1478.489624
186.000000 1948.300659 1371.249756 1845.429199 1455.149414 2530.792969 1447.023438 2431.788330 1531.523071
241.000000 335.459534 1153.515503 346.612793 1023.328735 1109.318970 1286.639160 1114.035278 1170.028442
279.000000 683.572876 769.700439 553.331970 779.982971 1363.731079 932.430054 1260.437012 949.336975
165.000000 2196.603516 1650.199585 2188.944824 1519.866089 2808.342773 1730.182739 2792.931152 1590.411865
188.000000 636.639526 1757.827148 766.660828 1756.201782 1309.961792 1802.420654 1440.034668 1804.473633
216.000000 1739.486816 536.650146 1740.229858 663.331970 2286.916748 633.318420 2294.253906 756.611877
275.000000 287.007965 10.482607 190.871185 78.471863 1039.461670 312.725983 960.125427 383.047546
286.000000 70.905319 1576.434570 59.732071 1693.307739 918.157410 1639.942017 914.903625 1743.277832
149.000000 327.963776 650.129944 316.291809 766.629089 1097.705444 840.043579 1091.552368 986.731812
254.000000 448.113831 437.280060 338.221863 477.574646 1186.310913 652.659729 1086.244507 705.511719
185.000000 1549.769775 553.325073 1545.583008 669.961121 2106.090576 673.360413 2112.204346 803.542908
270.000000 1482.439697 700.008423 1481.367676 586.653748 2050.244141 813.321899 2045.255249 706.576843
261.000000 1556.856079 693.332397 1556.307129 580.001770 2120.768066 803.289978 2114.559814 693.264099
271.000000 1314.010742 713.338867 1314.932983 600.013000 1896.843994 839.994324 1893.434937 733.330078
285.000000 1413.129150 1821.312622 1398.938354 1710.994141 2108.199707 1886.309937 2082.888184 1785.968140
289.000000 1079.073608 730.051575 1081.433716 619.959290 1690.357544 873.328125 1688.843506 769.968140
268.000000 1577.507690 1103.372803 1575.762207 993.294800 2156.944824 1193.550903 2149.335938 1086.713989
299.000000 1241.080566 720.023865 1243.509033 610.003906 1831.629517 846.700684 1829.632080 746.674011
90.000000 706.467102 1339.846436 701.827576 1446.601196 1402.407104 1429.997070 1401.848145 1606.661987
288.000000 1226.666626 1120.000000 1226.666626 1013.333313 1834.065430 1223.320679 1832.275269 1119.960571
