Keypoint Matches and Line Matches for pairs 2, 14 
2 corresponds to the image ./resources/Data/CastleP30/images/0002.png 
14 corresponds to the image ./resources/Data/CastleP30/images/0014.png 

9.000000 763.903870 1773.537842 2992.780273 1938.033325
15.000000 4.033857 1812.880249 2949.666016 1915.713379
34.000000 694.000122 1730.855835 2846.560547 1830.528687
190.000000 333.321442 387.361389 2397.325195 538.103210
106.000000 158.602676 449.847900 2255.399170 733.200806
255.000000 92.194191 1059.875977 2293.566895 1206.941650
42.000000 593.603394 1681.043213 2806.665771 1807.264526
1170.000000 634.550049 666.742615 3035.000000 377.000000
248.000000 600.445190 1217.943481 2913.582764 1154.598022
29.000000 816.349731 1263.473633 2988.307617 1203.100952
47.000000 51.196129 1180.589233 2182.612305 1345.854248
433.000000 708.275513 723.232056 3053.196533 429.511536
72.000000 493.256317 423.464813 2519.910889 429.804443
80.000000 99.834274 183.615723 2097.046875 614.165833
81.000000 483.908813 409.019409 2509.606445 425.804657
96.000000 241.818192 1623.496460 2524.493408 1740.208618
97.000000 275.577484 1247.166992 2487.930908 1359.238892
73.000000 2.134939 188.796829 2090.846924 625.193298
998.000000 244.799393 1161.031616 2600.000000 1271.000000
98.000000 317.042389 1276.432617 2532.866943 1373.383179
99.000000 289.311401 1626.875977 2572.105225 1740.131348
1509.000000 302.174652 248.554703 2424.000000 413.000000
466.000000 595.500549 428.566864 2819.624756 219.249252
192.000000 617.403381 1140.045532 3002.297363 1080.152832
537.000000 636.347778 833.313660 2955.298828 756.401978
103.000000 305.795197 1181.436768 2509.084717 1291.234619
298.000000 216.593796 233.454910 2363.705811 477.469971
1550.000000 510.468445 1586.710938 2965.000000 1686.000000
101.000000 476.129883 609.963684 2610.666992 599.912476
178.000000 300.703522 1636.723633 2613.382324 1782.961060
108.000000 550.091797 496.500854 2669.346436 405.211151
109.000000 335.942169 377.975647 2387.471924 531.793091
909.000000 514.692993 516.764465 2646.000000 461.000000
63.000000 621.367859 1186.751465 3019.820068 1136.692993
566.000000 382.389038 462.796326 2461.155029 556.138184
350.000000 73.974472 839.672485 2247.232422 1063.526001
393.000000 109.184219 319.637177 2308.903809 693.403992
131.000000 378.839142 673.226868 2506.895020 763.314026
129.000000 398.716461 456.548920 2480.135986 533.320801
176.000000 279.950439 389.995911 2344.752441 586.532593
177.000000 262.125153 606.567200 2364.904785 799.851562
437.000000 353.666321 690.027466 2447.519775 790.244202
404.000000 596.509399 576.485779 2787.693359 415.708801
1323.000000 487.507477 893.613342 2701.000000 895.000000
150.000000 540.219910 1252.013428 2463.207275 1329.207275
151.000000 346.704132 1219.775146 2233.196045 1365.803345
146.000000 755.500488 1406.603638 2763.949707 1446.580078
1374.000000 745.218811 1596.948608 2968.000000 1722.000000
105.000000 775.781067 1379.951050 2947.235840 1387.031494
111.000000 586.677856 936.667480 2871.954590 840.606262
53.000000 39.996616 1170.586426 2153.431641 1333.994019
421.000000 313.235779 1063.822876 2547.005859 1177.207275
282.000000 683.291626 1625.234375 2179.998779 1755.417480
379.000000 306.670319 1189.222290 2513.299561 1297.669800
390.000000 186.987656 299.469696 2248.760010 596.850769
391.000000 327.326416 384.416931 2382.377930 544.239990
451.000000 34.235851 390.105133 2178.473633 763.189941
452.000000 15.624886 549.878662 2188.282715 886.802917
423.000000 110.043594 1403.337646 2716.537109 1520.015747
441.000000 3.700665 539.671814 2178.656738 890.102356
442.000000 20.624136 386.735718 2169.002686 763.409302
414.000000 333.557770 346.276520 2343.655029 524.050781
392.000000 206.247574 623.965820 2318.130859 836.572327
453.000000 4.035213 155.479507 2076.464844 642.867615
454.000000 130.020691 229.964996 2190.117920 593.605347
245.000000 412.871033 1079.963257 2636.040039 1176.735718
459.000000 471.595947 1586.785034 1964.718018 1716.763550
184.000000 302.518555 663.264465 2390.310303 819.973267
495.000000 314.061157 526.728210 2423.531494 666.647583
432.000000 677.689331 833.396362 3072.567139 556.274353
536.000000 669.270203 969.955017 2970.144531 866.647217
239.000000 343.529297 1085.394287 2520.059814 1188.335449
367.000000 100.494720 1056.721680 2326.035889 1200.046753
436.000000 324.793854 530.126465 2435.008545 663.168396
708.000000 313.832489 656.709900 2403.000000 795.000000
126.000000 772.499023 608.139160 3069.895264 209.766220
127.000000 663.495911 546.379700 2839.823242 312.939453
474.000000 690.179626 1338.601685 3070.198975 1331.651733
475.000000 566.742615 1322.742310 2949.936523 1346.140381
357.000000 556.683838 1476.253784 2010.009521 1606.827515
358.000000 680.080994 1481.385498 2159.876465 1597.921143
345.000000 531.266663 759.846069 2758.672119 690.171875
346.000000 540.438416 636.699341 2739.246582 540.097534
519.000000 573.831055 1309.974976 2957.611084 1327.557495
428.000000 286.466431 400.362488 2353.960449 591.528198
1198.000000 389.622803 457.349457 2472.000000 538.000000
574.000000 569.993958 1363.390259 2966.508545 1398.496094
62.000000 643.345093 826.667358 2949.125244 652.973999
479.000000 143.780380 794.826172 2279.378174 1014.059143
490.000000 105.372292 596.272705 2227.029297 881.098694
491.000000 0.380639 550.038513 2113.916992 918.434631
1338.000000 206.838760 883.349060 2385.000000 1051.000000
212.000000 601.891846 683.231934 2823.936523 466.583160
117.000000 609.856079 569.989868 2808.528076 393.093262
339.000000 440.320618 1083.360718 2679.296387 1180.077026
1334.000000 449.178680 979.645142 2659.000000 1004.000000
538.000000 1.689352 563.477295 2122.124023 925.902100
539.000000 93.428314 606.849609 2228.037354 894.644470
260.000000 596.561035 793.601379 2843.208008 669.646667
261.000000 503.270233 756.826721 2673.304443 729.918518
567.000000 295.768188 414.960541 2364.419434 595.970947
1561.000000 552.000000 768.000000 2798.000000 676.000000
1554.000000 296.000000 922.000000 2489.000000 1035.000000
918.000000 336.000000 571.000000 2457.000000 686.000000
760.000000 333.000000 606.000000 2461.000000 720.000000
1102.000000 531.000000 1087.000000 2784.000000 1079.000000
827.000000 563.000000 601.000000 2770.000000 476.000000
756.000000 252.000000 234.000000 2413.000000 434.000000
701.000000 40.000000 517.000000 2202.000000 847.000000
1514.000000 331.000000 749.000000 2552.000000 838.000000
852.000000 140.000000 1141.000000 2350.000000 1286.000000
1547.000000 342.000000 492.000000 2451.000000 608.000000
832.000000 285.000000 1089.000000 2474.000000 1204.000000
1348.000000 240.000000 1128.000000 2407.000000 1252.000000
262.000000 440.000000 1162.000000 2734.879395 1205.678223
607.000000 270.000000 229.000000 2465.000000 383.000000
748.000000 710.000000 624.000000 3043.000000 318.000000
995.000000 564.000000 573.000000 2704.000000 467.000000
781.000000 254.000000 220.000000 2447.000000 391.000000
171.000000 269.000000 651.000000 2378.635742 819.858093
1036.000000 275.000000 137.000000 2443.000000 305.000000
1523.000000 215.000000 1052.000000 2427.000000 1147.000000
831.000000 554.000000 737.000000 2792.000000 638.000000
1454.000000 560.000000 396.000000 2689.000000 240.000000
1300.000000 72.000000 634.000000 2216.000000 925.000000
1435.000000 246.000000 1094.000000 2435.000000 1222.000000
1357.000000 344.000000 460.000000 2379.000000 606.000000
1421.000000 439.000000 1148.000000 2638.000000 1242.000000
1127.000000 271.000000 1141.000000 2468.000000 1255.000000
912.000000 527.000000 583.000000 2708.000000 501.000000
1107.000000 291.000000 900.000000 2480.000000 1016.000000
734.000000 232.000000 1028.000000 2445.000000 1165.000000
1088.000000 302.000000 993.000000 2512.000000 1100.000000
867.000000 505.000000 1438.000000 2259.000000 1556.000000
1488.000000 548.000000 1090.000000 2878.000000 1060.000000
494.000000 347.000000 666.000000 2434.774658 783.515320
1053.000000 202.000000 641.000000 2492.000000 813.000000
676.000000 299.000000 1018.000000 2514.000000 1124.000000
1172.000000 557.000000 706.000000 2787.000000 600.000000
941.000000 257.000000 910.000000 2448.000000 1046.000000
877.000000 534.000000 1054.000000 2779.000000 1039.000000
1001.000000 558.000000 816.000000 2781.000000 728.000000
1104.000000 509.000000 938.000000 2745.000000 916.000000
906.000000 582.000000 1255.000000 2902.000000 1214.000000
856.000000 470.000000 1313.000000 2750.000000 1362.000000
934.000000 237.000000 976.000000 2439.000000 1116.000000
952.000000 230.000000 207.000000 2236.000000 502.000000
1330.000000 163.000000 676.000000 2305.000000 925.000000
158.000000 523.000000 535.000000 2661.958984 471.651550
689.000000 45.000000 477.000000 2157.000000 831.000000
699.000000 487.000000 1575.000000 2922.000000 1686.000000
380.000000 569.000000 1253.000000 2660.024658 1302.596802
623.000000 330.000000 640.000000 2412.000000 772.000000
1411.000000 429.000000 1646.000000 2290.000000 1770.000000
1282.000000 225.000000 1127.000000 2349.000000 1260.000000
1288.000000 559.000000 674.000000 2782.000000 563.000000
1121.000000 782.000000 1255.000000 2923.000000 1211.000000
1254.000000 247.000000 867.000000 2373.000000 1027.000000
1251.000000 499.000000 778.000000 2683.000000 752.000000
879.000000 59.000000 349.000000 2191.000000 713.000000
1027.000000 635.000000 585.000000 2865.000000 358.000000
826.000000 364.000000 744.000000 2504.000000 872.000000
1139.000000 466.000000 1330.000000 2753.000000 1390.000000
1008.000000 296.000000 1088.000000 2486.000000 1202.000000
1028.000000 957.000000 1290.000000 2801.000000 1233.000000
610.000000 407.000000 302.000000 2481.000000 375.000000
1164.000000 504.000000 1452.000000 2889.000000 1529.000000
1192.000000 279.000000 889.000000 2466.000000 1014.000000
1078.000000 36.000000 556.000000 2204.000000 878.000000
1493.000000 793.000000 1357.000000 2956.000000 1355.000000
1329.000000 213.000000 1647.000000 2502.000000 1761.000000
1500.000000 712.000000 1557.000000 2855.000000 1618.000000
733.000000 129.000000 896.000000 2300.000000 1107.000000
1549.000000 386.000000 767.000000 2519.000000 839.000000
1010.000000 520.000000 689.000000 2723.000000 623.000000
386.000000 763.000000 1385.000000 2930.100098 1407.729858
671.000000 522.000000 657.000000 2719.000000 586.000000
767.000000 460.000000 1484.000000 2850.000000 1574.000000
947.000000 170.000000 662.000000 2291.000000 928.000000
244.000000 422.000000 946.000000 2615.851807 993.423096
1355.000000 487.000000 864.000000 2708.000000 859.000000
1235.000000 368.000000 1089.000000 2592.000000 1200.000000
1130.000000 235.000000 1001.000000 2443.000000 1140.000000
899.000000 452.000000 876.000000 2619.000000 921.000000
1306.000000 221.000000 976.000000 2424.000000 1124.000000
1265.000000 285.000000 621.000000 2409.000000 739.000000
643.000000 297.000000 469.000000 2400.000000 629.000000
314.000000 535.000000 1022.000000 2800.932373 993.660461
28.000000 648.000000 682.000000 2886.409668 483.369720
1189.000000 531.000000 947.000000 2810.000000 898.000000
1123.000000 132.000000 874.000000 2300.000000 1083.000000
926.000000 247.000000 1526.000000 2279.000000 1642.000000
1429.000000 283.000000 686.000000 2382.000000 847.000000
420.000000 348.000000 963.000000 2535.858154 1046.735718
1212.000000 297.000000 1045.000000 2517.000000 1150.000000
570.000000 263.000000 456.000000 2346.289551 676.710266
621.000000 339.000000 691.000000 2411.000000 878.000000
996.000000 282.000000 656.000000 2468.000000 788.000000
1012.000000 33.000000 1216.000000 2946.000000 1308.000000
1315.000000 544.000000 1250.000000 2467.000000 1326.000000
1238.000000 29.000000 687.000000 2196.000000 988.000000
896.000000 508.000000 1404.000000 2838.000000 1471.000000
1231.000000 392.000000 932.000000 2592.000000 994.000000
965.000000 49.000000 438.000000 2196.000000 784.000000
1301.000000 64.000000 1212.000000 2193.000000 1367.000000
974.000000 248.000000 1021.000000 2457.000000 1127.000000
980.000000 497.000000 796.000000 2685.000000 772.000000
1217.000000 264.000000 1335.000000 2496.000000 1451.000000
104.000000 822.000000 1646.000000 2992.085205 1726.831421
1525.000000 634.000000 647.000000 2876.000000 446.000000
786.000000 72.000000 763.000000 2235.000000 1025.000000
1512.000000 256.000000 782.000000 2402.000000 940.000000
1369.000000 175.000000 1086.000000 2447.000000 1214.000000
287.000000 10.000000 1293.000000 2940.330078 1389.965210
1418.000000 459.000000 1128.000000 2681.000000 1210.000000
1446.000000 535.000000 799.000000 2743.000000 740.000000
1138.000000 302.000000 1166.000000 2526.000000 1253.000000
1450.000000 574.000000 681.000000 2796.000000 466.000000
1195.000000 455.000000 1556.000000 2862.000000 1663.000000
799.000000 709.000000 705.000000 3046.000000 408.000000
1176.000000 967.000000 1309.000000 2837.000000 1257.000000
128.000000 380.000000 708.000000 2503.198975 783.345703
897.000000 596.000000 906.000000 2861.000000 807.000000
1359.000000 123.000000 310.000000 2205.000000 651.000000
1187.000000 23.000000 821.000000 2180.000000 1097.000000
1208.000000 902.000000 1645.000000 2934.000000 1662.000000
1124.000000 113.000000 1211.000000 2712.000000 1329.000000
967.000000 317.000000 1089.000000 2506.000000 1201.000000
1314.000000 550.000000 982.000000 2860.000000 925.000000
1489.000000 456.000000 896.000000 2596.000000 926.000000
170.000000 291.000000 412.000000 2362.778320 599.799805
201.000000 778.000000 1646.000000 2796.656006 1732.016113
485.000000 537.000000 827.000000 2739.560547 778.979675
1246.000000 717.000000 1660.000000 2895.000000 1810.000000
964.000000 711.000000 1242.000000 2760.000000 1238.000000
1354.000000 664.000000 1705.000000 2846.000000 1822.000000
1556.000000 614.000000 555.000000 2809.000000 370.000000
842.000000 285.000000 78.000000 2418.000000 259.000000
944.000000 428.000000 531.000000 2535.000000 580.000000
824.000000 88.000000 640.000000 2229.000000 921.000000
962.000000 551.000000 1176.000000 2889.000000 1144.000000
821.000000 349.000000 901.000000 2511.000000 992.000000
844.000000 249.000000 1495.000000 2276.000000 1605.000000
800.000000 51.000000 1155.000000 2214.000000 1289.000000
1175.000000 324.000000 1357.000000 2436.000000 1474.000000
1158.000000 300.000000 938.000000 2494.000000 1053.000000
1194.000000 578.000000 807.000000 2823.000000 703.000000
1019.000000 462.000000 584.000000 2607.000000 580.000000
100.000000 452.000000 939.000000 2657.880371 959.570374
1099.000000 270.000000 714.000000 2326.000000 898.000000
1540.000000 360.000000 501.000000 2469.000000 601.000000
1543.000000 751.000000 1219.000000 2837.000000 1183.000000
743.000000 150.000000 864.000000 2312.000000 1067.000000
1364.000000 546.000000 950.000000 2837.000000 891.000000
1152.000000 116.000000 1547.000000 2595.000000 1762.000000
1367.000000 432.000000 739.000000 2584.000000 788.000000
1272.000000 588.000000 816.000000 2843.000000 701.000000
658.000000 534.000000 978.000000 2839.000000 930.000000
869.000000 349.000000 649.000000 2485.000000 783.000000
822.000000 596.000000 818.000000 2857.000000 697.000000
157.000000 522.000000 551.000000 2673.805420 486.607391
1431.000000 522.000000 867.000000 2746.000000 810.000000
185.000000 289.000000 426.000000 2372.490234 613.118835
338.000000 573.000000 941.000000 2859.783936 855.920532
1020.000000 62.000000 313.000000 2189.000000 686.000000
929.000000 702.000000 1240.000000 2727.000000 1221.000000
1041.000000 690.000000 693.000000 3002.000000 422.000000

0.000000 940.241760 649.595886 5.213705 90.190353 3070.291504 130.621628 1735.103027 756.665161
10.000000 784.134705 1697.464478 4.224966 1755.347168 2083.198486 1871.932617 2876.438965 1892.232178
4.000000 4.159730 1836.619629 763.903870 1773.537842 2006.427856 1907.789551 2992.780273 1938.033325
6.000000 754.214783 1765.219238 4.137531 1820.844238 2989.673096 1921.022339 2016.389038 1898.855225
7.000000 4.033857 1812.880249 727.142700 1759.820435 2049.781494 1891.434082 2949.666016 1915.713379
95.000000 333.321442 387.361389 898.923523 701.935486 2397.325195 538.103210 2584.407471 452.343384
53.000000 158.602676 449.847900 92.194191 1059.875977 2255.399170 733.200806 2276.312500 1059.167236
21.000000 593.603394 1681.043213 3.393495 1701.717529 2806.665771 1807.264526 2179.990234 1806.286255
14.000000 841.782349 716.749573 816.349731 1263.473633 2886.409668 483.369720 2988.307617 1203.100952
23.000000 584.214050 1230.616699 51.196129 1180.589233 2721.460938 1293.909546 2182.612305 1345.854248
218.000000 677.544312 1246.522461 708.275513 723.232056 3072.567139 556.274353 3053.196533 429.511536
36.000000 493.256317 423.464813 79.384094 181.051544 2519.910889 429.804443 2090.846924 625.193298
40.000000 99.834274 183.615723 483.908813 409.019409 2097.046875 614.165833 2509.606445 425.804657
19.000000 190.298233 1737.655762 623.638489 1707.756348 2149.906738 1836.053833 2793.241699 1845.955811
48.000000 241.818192 1623.496460 275.577484 1247.166992 2524.493408 1740.208618 2487.930908 1359.238892
124.000000 600.445190 1217.943481 244.799393 1161.031616 2913.582764 1154.598022 2733.362549 1190.148071
49.000000 317.042389 1276.432617 289.311401 1626.875977 2532.866943 1373.383179 2572.105225 1740.131348
235.000000 302.174652 248.554703 595.500549 428.566864 2710.287598 273.908539 2819.624756 219.249252
96.000000 617.403381 1140.045532 636.347778 833.313660 3002.297363 1080.152832 2972.300049 876.819092
251.000000 173.328629 1373.332886 148.655319 1666.553467 2392.713623 1586.432129 2402.821289 1703.377563
149.000000 216.593796 233.454910 460.282196 379.529236 2206.768799 550.220337 2363.705811 477.469971
50.000000 457.897400 879.406616 476.129883 609.963684 2657.880371 959.570374 2610.666992 599.912476
89.000000 300.703522 1636.723633 320.665558 1390.053833 2613.382324 1782.961060 2589.946777 1570.005859
54.000000 550.091797 496.500854 335.942169 377.975647 2669.346436 405.211151 2387.471924 531.793091
82.000000 514.692993 516.764465 497.175995 760.276428 2646.393311 490.029510 2670.543457 713.634644
31.000000 636.056519 949.962158 621.367859 1186.751465 2949.125244 652.973999 3019.820068 1136.692993
175.000000 47.165321 1060.060669 73.974472 839.672485 2257.672119 1213.495361 2247.232422 1063.526001
65.000000 378.839142 673.226868 398.716461 456.548920 2485.998047 516.441101 2506.895020 763.314026
88.000000 279.950439 389.995911 262.125153 606.567200 2344.752441 586.532593 2364.904785 799.851562
67.000000 487.507477 893.613342 474.329437 1090.066772 2721.219238 907.284668 2747.676025 1150.255615
75.000000 540.219910 1252.013428 346.704132 1219.775146 2463.207275 1329.207275 2233.196045 1365.803345
184.000000 135.226791 1060.190186 154.316803 870.098755 2326.035889 1200.046753 2315.140625 1053.199219
237.000000 755.500488 1406.603638 745.218811 1596.948608 2957.135010 1363.269043 2973.677002 1483.743896
52.000000 765.272339 1569.922852 775.781067 1379.951050 2992.085205 1726.831421 2947.235840 1387.031494
55.000000 573.996338 1116.713379 586.677856 936.667480 2910.943115 1143.640869 2871.954590 840.606262
26.000000 220.002243 1170.741821 39.996616 1170.586426 2657.853760 1258.914307 2153.431641 1333.994019
196.000000 186.987656 299.469696 327.326416 384.416931 2248.760010 596.850769 2382.377930 544.239990
103.000000 87.531960 413.063904 70.035156 573.337158 2118.490723 706.550537 2131.229736 906.588379
228.000000 34.235851 390.105133 15.624886 549.878662 2178.473633 763.189941 2188.282715 886.802917
213.000000 125.239449 1249.529663 110.043594 1403.337646 2700.800293 1390.307373 2716.537109 1520.015747
223.000000 3.700665 539.671814 20.624136 386.735718 2178.656738 890.102356 2169.002686 763.409302
208.000000 200.241638 269.579956 333.557770 346.276520 2219.805176 579.565552 2343.655029 524.050781
197.000000 206.247574 623.965820 221.147781 476.782867 2318.130859 836.572327 2308.903809 693.403992
229.000000 4.035213 155.479507 130.020691 229.964996 2076.464844 642.867615 2190.117920 593.605347
122.000000 424.273010 936.476440 412.871033 1079.963257 2615.851807 993.423096 2636.040039 1176.735718
250.000000 302.518555 663.264465 314.061157 526.728210 2434.774658 783.515320 2423.531494 666.647583
32.000000 677.689331 833.396362 669.270203 969.955017 2998.117432 430.291565 3072.355713 909.635132
155.000000 61.620052 232.960144 177.914734 300.269501 1983.721436 714.290283 2140.315186 650.776917
220.000000 324.793854 530.126465 313.832489 656.709900 2435.008545 663.168396 2447.519775 790.244202
291.000000 556.778809 1438.286011 683.339783 1446.567993 2966.508545 1398.496094 3070.098389 1387.601318
63.000000 772.499023 608.139160 663.495911 546.379700 3069.895264 209.766220 2839.823242 312.939453
240.000000 690.179626 1338.601685 566.742615 1322.742310 3070.198975 1331.651733 2949.936523 1346.140381
179.000000 556.683838 1476.253784 680.080994 1481.385498 2010.009521 1606.827515 2159.876465 1597.921143
173.000000 531.266663 759.846069 540.438416 636.699341 2758.672119 690.171875 2739.246582 540.097534
263.000000 693.668823 1327.736450 573.831055 1309.974976 3070.842529 1313.408447 2957.611084 1327.557495
216.000000 286.466431 400.362488 389.622803 457.349457 2353.960449 591.528198 2473.056641 542.659180
161.000000 569.993958 1363.390259 686.763855 1375.748169 2773.140381 1414.865845 2936.738525 1397.337769
242.000000 256.916107 822.306396 143.780380 794.826172 2396.537109 986.123535 2279.378174 1014.059143
248.000000 105.372292 596.272705 0.380639 550.038513 2227.029297 881.098694 2113.916992 918.434631
199.000000 449.296417 1408.448730 472.846130 1296.564087 2674.793945 1520.189575 2660.563232 1379.605591
58.000000 601.891846 683.231934 609.856079 569.989868 2843.013428 660.471191 2808.528076 393.093262
170.000000 440.320618 1083.360718 449.178680 979.645142 2679.296387 1180.077026 2662.475342 1026.395752
273.000000 1.689352 563.477295 93.428314 606.849609 2122.124023 925.902100 2228.037354 894.644470
130.000000 596.561035 793.601379 503.270233 756.826721 2843.208008 669.646667 2673.304443 729.918518
51.000000 130.000000 1180.000000 230.000000 1180.000000 2162.156982 1349.684082 2509.084717 1291.234619
287.000000 382.389038 462.796326 295.768188 414.960541 2461.155029 556.138184 2364.419434 595.970947
