Keypoint Matches and Line Matches for pairs 2, 15 
2 corresponds to the image ./resources/Data/CastleP30/images/0002.png 
15 corresponds to the image ./resources/Data/CastleP30/images/0015.png 

385.000000 898.923523 701.935486 1556.262207 723.618103
102.000000 158.602676 449.847900 2669.512695 440.051788
383.000000 92.194191 1059.875977 2729.735840 986.696960
81.000000 816.349731 1263.473633 1931.851685 1289.936401
92.000000 51.196129 1180.589233 2559.713379 1165.402954
78.000000 913.695068 1276.683838 2015.196899 1283.399658
60.000000 848.646362 1266.607056 2166.375732 1250.016357
61.000000 869.498108 793.311218 2137.433105 733.290405
55.000000 885.305969 1276.750366 2211.398682 1243.249878
86.000000 241.818192 1623.496460 2992.485107 1637.157593
87.000000 275.577484 1247.166992 2941.140381 1199.866089
52.000000 244.799393 1161.031616 3069.591797 1044.730103
84.000000 317.042389 1276.432617 2998.517578 1196.863647
85.000000 289.311401 1626.875977 3056.937988 1636.630615
93.000000 305.795197 1181.436768 2957.098633 1075.237061
576.000000 55.933147 775.932983 2651.541504 810.771179
108.000000 253.619019 646.688171 2969.431396 460.470551
162.000000 300.005737 1064.592163 2906.949463 947.819092
187.000000 59.989143 1063.928955 2558.917236 1047.109253
243.000000 1033.634277 1296.675171 1979.347412 1286.689819
1481.000000 862.679871 1499.964355 2208.000000 1514.000000
464.000000 47.165321 1060.060669 2550.948242 1039.914062
965.000000 109.184219 319.637177 2607.000000 388.000000
183.000000 262.125153 606.567200 2977.425537 459.902985
428.000000 737.220398 633.362671 2247.776611 566.570801
577.000000 943.164612 1256.904297 2292.006348 1198.200806
156.000000 1026.985962 502.319733 1753.160278 421.669281
402.000000 127.352928 1056.733643 2688.437744 993.505615
146.000000 784.997620 1199.906738 2389.378906 1146.706787
186.000000 487.507477 893.613342 2537.450928 832.920654
121.000000 346.704132 1219.775146 2632.857910 1187.754517
362.000000 135.226791 1060.190186 2767.343506 976.596497
363.000000 154.316803 870.098755 2753.148682 839.673584
122.000000 745.218811 1596.948608 2420.428955 1623.765137
181.000000 775.781067 1379.951050 2106.967773 1403.516479
53.000000 39.996616 1170.586426 2543.124512 1155.675659
947.000000 313.235779 1063.822876 3026.000000 939.000000
194.000000 1036.700439 535.181396 1769.984863 458.114258
377.000000 683.291626 1625.234375 2053.335205 1651.905273
94.000000 129.991882 1188.389893 2562.874756 1174.605225
95.000000 306.670319 1189.222290 2959.917480 1086.295532
465.000000 32.049858 883.176636 2540.676270 926.605347
235.000000 11.255445 1053.486572 2572.837891 1033.373779
143.000000 102.687660 559.928650 2801.857910 506.448639
182.000000 121.125298 393.089325 2949.381104 240.505188
321.000000 70.035156 573.337158 2903.112549 480.448303
336.000000 34.235851 390.105133 2586.354980 486.345795
337.000000 15.624886 549.878662 2601.592285 629.830872
297.000000 1048.919678 785.230042 1736.880005 744.785767
329.000000 20.624136 386.735718 2575.772949 490.092804
343.000000 982.929932 1250.085815 1001.283997 1326.884888
533.000000 202.508041 1056.588745 2860.666992 953.255005
276.000000 206.247574 623.965820 2747.925293 553.219788
340.000000 639.798706 1687.434937 2229.944580 1714.481934
176.000000 471.595947 1586.785034 2348.307861 1626.788208
1042.000000 481.771240 1449.636841 2357.000000 1470.000000
150.000000 302.518555 663.264465 2834.519775 523.200195
335.000000 314.061157 526.728210 2870.366455 333.288300
554.000000 343.529297 1085.394287 2966.723145 954.797485
376.000000 550.006836 1552.259155 1916.668701 1651.734375
405.000000 120.184486 312.990021 2613.099121 356.275146
298.000000 556.778809 1438.286011 2423.177002 1441.784424
299.000000 683.339783 1446.567993 2586.527344 1425.287842
290.000000 553.323059 1513.675171 2426.630371 1526.024658
291.000000 680.075684 1517.475220 2593.330322 1516.613647
282.000000 549.967712 1590.766846 2433.340576 1610.411255
283.000000 676.656250 1589.173218 2603.286865 1607.387451
286.000000 690.179626 1338.601685 2576.435303 1288.599854
287.000000 566.742615 1322.742310 2409.908447 1316.111816
557.000000 929.949158 1607.590576 2323.332031 1642.789429
300.000000 556.683838 1476.253784 2426.417480 1483.626343
301.000000 680.080994 1481.385498 2590.017334 1470.211304
311.000000 573.831055 1309.974976 2409.932129 1302.958862
344.000000 108.181091 316.761536 2915.481689 187.018173
345.000000 1174.779175 1703.369263 1900.704590 1736.689941
141.000000 687.814575 1583.207886 2324.702637 1623.232910
524.000000 569.993958 1363.390259 1920.013306 1420.753052
319.000000 686.763855 1375.748169 2573.238037 1336.016357
312.000000 566.572083 1401.125488 2423.306152 1399.775513
313.000000 683.533264 1410.954346 2579.706055 1380.897583
135.000000 120.035606 1154.418579 2692.887451 1104.545410
332.000000 256.916107 822.306396 2845.601807 723.500671
333.000000 143.780380 794.826172 2708.722900 769.536072
370.000000 105.372292 596.272705 2643.636475 620.645813
371.000000 0.380639 550.038513 2519.495361 678.925232
232.000000 931.770203 1593.529663 2066.520020 1630.006958
391.000000 98.749725 326.011322 2913.583008 203.762833
284.000000 999.939697 1373.912964 2409.980957 1309.886719
388.000000 1.689352 563.477295 2526.815186 687.008911
389.000000 93.428314 606.849609 2645.681396 635.409058
210.000000 743.350342 1623.743164 2419.998779 1653.621704
277.000000 161.000000 432.000000 2732.607422 383.398804
959.000000 40.000000 517.000000 2616.000000 585.000000
1016.000000 285.000000 1089.000000 2914.000000 976.000000
1565.000000 326.000000 721.000000 3032.000000 476.000000
1203.000000 197.000000 789.000000 2985.000000 666.000000
711.000000 83.000000 275.000000 2729.000000 344.000000
129.000000 269.000000 651.000000 2818.821045 529.798889
1061.000000 416.000000 1159.000000 2853.000000 1053.000000
918.000000 72.000000 634.000000 2632.000000 676.000000
1435.000000 246.000000 1094.000000 2880.000000 981.000000
1307.000000 439.000000 1148.000000 2701.000000 1070.000000
1217.000000 271.000000 1141.000000 2909.000000 1038.000000
691.000000 739.000000 1319.000000 2069.000000 1348.000000
1004.000000 291.000000 900.000000 2951.000000 754.000000
1144.000000 263.000000 1106.000000 2894.000000 1002.000000
1244.000000 41.000000 256.000000 2866.000000 181.000000
656.000000 246.000000 770.000000 2860.000000 592.000000
1238.000000 232.000000 1028.000000 2909.000000 909.000000
981.000000 99.000000 623.000000 2653.000000 645.000000
1077.000000 302.000000 993.000000 2993.000000 852.000000
645.000000 505.000000 1438.000000 2704.000000 1421.000000
334.000000 347.000000 666.000000 2887.967773 476.506775
1533.000000 202.000000 641.000000 2954.000000 500.000000
1051.000000 299.000000 1018.000000 2997.000000 882.000000
678.000000 257.000000 910.000000 2913.000000 794.000000
1513.000000 35.000000 249.000000 3051.000000 158.000000
1536.000000 558.000000 816.000000 2891.000000 563.000000
1008.000000 736.000000 1393.000000 2351.000000 1385.000000
1550.000000 470.000000 1313.000000 2361.000000 1327.000000
1169.000000 237.000000 976.000000 2905.000000 879.000000
686.000000 163.000000 676.000000 2518.000000 706.000000
1442.000000 45.000000 477.000000 2922.000000 434.000000
994.000000 33.000000 603.000000 2597.000000 677.000000
973.000000 966.000000 1241.000000 2063.000000 1231.000000
1060.000000 487.000000 1575.000000 2701.000000 1504.000000
1105.000000 254.000000 928.000000 2878.000000 849.000000
1347.000000 328.000000 1091.000000 2969.000000 972.000000
905.000000 348.000000 828.000000 2956.000000 651.000000
998.000000 225.000000 1127.000000 2719.000000 1080.000000
1019.000000 782.000000 1255.000000 2394.000000 1203.000000
1327.000000 247.000000 867.000000 2818.000000 779.000000
1280.000000 499.000000 778.000000 2528.000000 702.000000
1493.000000 59.000000 349.000000 2902.000000 257.000000
1316.000000 364.000000 744.000000 2948.000000 543.000000
1320.000000 466.000000 1330.000000 2298.000000 1352.000000
803.000000 296.000000 1088.000000 2929.000000 972.000000
1360.000000 957.000000 1290.000000 2956.000000 1154.000000
1420.000000 504.000000 1452.000000 2396.000000 1466.000000
328.000000 36.000000 556.000000 2591.022461 636.906677
953.000000 1256.000000 564.000000 2035.000000 466.000000
1416.000000 246.000000 1047.000000 2930.000000 922.000000
1505.000000 213.000000 1647.000000 2965.000000 1676.000000
1028.000000 342.000000 723.000000 2997.000000 509.000000
1250.000000 129.000000 896.000000 2834.000000 806.000000
1486.000000 763.000000 1385.000000 2396.000000 1366.000000
943.000000 202.000000 775.000000 2829.000000 679.000000
553.000000 368.000000 1089.000000 3070.031250 950.807617
1480.000000 726.000000 1587.000000 2368.000000 1614.000000
1373.000000 221.000000 976.000000 2856.000000 860.000000
1089.000000 535.000000 1022.000000 2601.000000 935.000000
1101.000000 311.000000 923.000000 2984.000000 764.000000
1032.000000 132.000000 874.000000 2734.000000 854.000000
1547.000000 283.000000 686.000000 2822.000000 557.000000
1337.000000 358.000000 929.000000 2984.000000 719.000000
1527.000000 348.000000 963.000000 3023.000000 786.000000
1029.000000 297.000000 1045.000000 3001.000000 914.000000
1038.000000 176.000000 1076.000000 2821.000000 985.000000
584.000000 339.000000 691.000000 2967.933594 482.926941
120.000000 544.000000 1250.000000 2902.756592 1130.609741
775.000000 508.000000 1404.000000 2700.000000 1379.000000
983.000000 49.000000 438.000000 2608.000000 512.000000
1521.000000 719.000000 1421.000000 2373.000000 1417.000000
1189.000000 248.000000 1021.000000 2668.000000 952.000000
868.000000 497.000000 796.000000 2528.000000 722.000000
1410.000000 258.000000 715.000000 2872.000000 556.000000
679.000000 72.000000 763.000000 2657.000000 791.000000
977.000000 1108.000000 1083.000000 2262.000000 1016.000000
1393.000000 175.000000 1086.000000 2791.000000 1004.000000
1252.000000 10.000000 1293.000000 2609.000000 1322.000000
842.000000 459.000000 1128.000000 2714.000000 1026.000000
1561.000000 302.000000 1166.000000 2958.000000 1062.000000
382.000000 230.000000 912.000000 2714.803223 856.498047
955.000000 967.000000 1309.000000 2343.000000 1241.000000
957.000000 790.000000 1419.000000 2133.000000 1435.000000
877.000000 267.000000 893.000000 2921.000000 768.000000
826.000000 123.000000 310.000000 2610.000000 352.000000
1206.000000 23.000000 821.000000 2617.000000 878.000000
1195.000000 113.000000 1211.000000 2703.000000 1212.000000
730.000000 317.000000 1089.000000 2956.000000 970.000000
1196.000000 725.000000 884.000000 2268.000000 838.000000
1127.000000 457.000000 1520.000000 2344.000000 1541.000000
837.000000 428.000000 531.000000 3003.000000 205.000000
893.000000 88.000000 640.000000 2647.000000 669.000000
1367.000000 17.000000 507.000000 2897.000000 447.000000
1526.000000 51.000000 1155.000000 2560.000000 1142.000000
996.000000 300.000000 938.000000 2948.000000 805.000000
1401.000000 252.000000 758.000000 2938.000000 632.000000
720.000000 800.000000 1334.000000 1919.000000 1365.000000
1295.000000 736.000000 1622.000000 2098.000000 1651.000000
1294.000000 230.000000 1053.000000 2658.000000 995.000000
1428.000000 270.000000 714.000000 2925.000000 585.000000
1299.000000 150.000000 864.000000 2748.000000 833.000000
1474.000000 575.000000 1364.000000 2427.000000 1357.000000
1308.000000 364.000000 822.000000 2960.000000 599.000000
1215.000000 311.000000 1658.000000 2766.000000 1670.000000
1129.000000 455.000000 1151.000000 2763.000000 1055.000000
928.000000 588.000000 816.000000 2644.000000 649.000000
390.000000 522.000000 551.000000 2802.398926 268.392639
1391.000000 733.000000 1464.000000 2075.000000 1497.000000
950.000000 62.000000 313.000000 2595.000000 395.000000
742.000000 702.000000 1240.000000 2293.000000 1225.000000
1125.000000 428.000000 1158.000000 3017.000000 978.000000
693.000000 373.000000 1152.000000 2763.000000 1072.000000

3.000000 940.241760 649.595886 5.213705 90.190353 2898.332520 -8.774045 2099.505127 541.105347
5.000000 886.887207 713.342590 859.520569 1363.453491 2145.228516 623.224731 2196.239746 1513.166748
51.000000 158.602676 449.847900 92.194191 1059.875977 2669.512695 440.051788 2702.458008 750.093018
37.000000 593.603394 1681.043213 3.393495 1701.717529 3070.041016 1725.220459 2583.198242 1711.445190
40.000000 841.782349 716.749573 816.349731 1263.473633 1915.808228 823.248230 1931.851685 1289.936401
46.000000 584.214050 1230.616699 51.196129 1180.589233 2559.713379 1165.402954 2957.098633 1075.237061
41.000000 677.544312 1246.522461 708.275513 723.232056 1774.402100 1296.712402 1765.181152 839.962708
36.000000 913.695068 1276.683838 937.541504 773.059082 2250.729736 1230.166260 2219.440918 740.248596
9.000000 1762.782471 1240.014771 1749.813843 756.492859 2199.063721 1336.531982 2158.630371 616.930908
204.000000 493.256317 423.464813 79.384094 181.051544 303.287506 540.379028 180.143051 525.484009
30.000000 848.646362 1266.607056 869.498108 793.311218 2166.375732 1250.016357 2137.433105 733.290405
43.000000 241.818192 1623.496460 275.577484 1247.166992 2992.485107 1637.157593 2941.140381 1199.866089
42.000000 317.042389 1276.432617 289.311401 1626.875977 2998.517578 1196.863647 3056.937988 1636.630615
45.000000 617.403381 1140.045532 636.347778 833.313660 2499.706055 1166.692017 2462.129639 730.103577
54.000000 253.619019 646.688171 271.901062 403.476227 2969.431396 460.470551 2934.831787 173.554596
81.000000 300.005737 1064.592163 59.989143 1063.928955 2906.949463 947.819092 2676.123779 1004.454224
121.000000 1040.174194 1066.671631 1033.634277 1296.675171 1972.826904 1103.351318 1979.347412 1286.689819
202.000000 47.165321 1060.060669 73.974472 839.672485 2688.437744 993.505615 2674.837891 870.201721
78.000000 1026.985962 502.319733 1233.572754 510.906830 1753.160278 421.669281 1996.489502 418.058350
73.000000 784.997620 1199.906738 795.979797 1003.294983 2389.378906 1146.706787 2373.025146 893.568604
60.000000 540.219910 1252.013428 346.704132 1219.775146 2902.756592 1130.609741 2632.857910 1187.754517
182.000000 135.226791 1060.190186 154.316803 870.098755 2767.343506 976.596497 2753.148682 839.673584
26.000000 220.002243 1170.741821 39.996616 1170.586426 3069.591797 1044.730103 2543.124512 1155.675659
97.000000 1036.700439 535.181396 1213.427368 539.206970 1769.984863 458.114258 1983.317505 457.735840
47.000000 129.991882 1188.389893 306.670319 1189.222290 2562.874756 1174.605225 2959.917480 1086.295532
71.000000 102.687660 559.928650 121.125298 393.089325 2772.126221 253.083817 2801.857910 506.448639
168.000000 34.235851 390.105133 15.624886 549.878662 2586.354980 486.345795 2601.592285 629.830872
104.000000 1004.385193 953.340942 1005.541870 793.301086 2075.805908 880.347290 2066.576904 680.311707
148.000000 913.107971 707.876526 1048.919678 785.230042 1573.008423 726.197388 1736.880005 744.785767
164.000000 3.700665 539.671814 20.624136 386.735718 2591.022461 636.906677 2575.772949 490.092804
171.000000 987.421387 1096.688721 982.929932 1250.085815 1008.066589 1183.399536 1001.283997 1326.884888
269.000000 216.703583 906.355164 202.508041 1056.588745 2848.519775 849.782471 2860.666992 953.255005
138.000000 206.247574 623.965820 221.147781 476.782867 2747.925293 553.219788 2732.607422 383.398804
280.000000 210.012207 1079.713135 343.529297 1085.394287 3070.031250 950.807617 2966.723145 954.797485
149.000000 556.778809 1438.286011 683.339783 1446.567993 2423.177002 1441.784424 2586.527344 1425.287842
145.000000 553.323059 1513.675171 680.075684 1517.475220 2426.630371 1526.024658 2593.330322 1516.613647
143.000000 690.179626 1338.601685 566.742615 1322.742310 2576.435303 1288.599854 2409.908447 1316.111816
172.000000 108.181091 316.761536 1.484515 260.151245 2915.481689 187.018173 2792.565430 259.475952
67.000000 236.673019 1156.265869 120.035606 1154.418579 2950.101074 1050.480469 2692.887451 1104.545410
166.000000 256.916107 822.306396 143.780380 794.826172 2845.601807 723.500671 2708.722900 769.536072
186.000000 105.372292 596.272705 0.380639 550.038513 2643.636475 620.645813 2519.495361 678.925232
230.000000 196.466980 996.648376 206.838760 883.349060 2853.591064 846.805908 2905.450195 742.748779
196.000000 2.164978 275.570526 98.749725 326.011322 2802.398926 268.392639 2913.583008 203.762833
195.000000 1.689352 563.477295 93.428314 606.849609 2526.815186 687.008911 2645.681396 635.409058
181.000000 1220.511719 785.960022 1120.428345 773.284546 1903.080688 704.397583 1766.254272 719.628540
135.000000 1340.118896 1256.668579 1340.059692 1156.666626 2049.023438 1240.048584 2040.399048 1066.646851
