Keypoint Matches and Line Matches for pairs 3, 12 
3 corresponds to the image ./resources/Data/CastleP30/images/0003.png 
12 corresponds to the image ./resources/Data/CastleP30/images/0012.png 

2.000000 1422.198486 582.306885 2173.456299 377.397125
166.000000 995.939331 451.557892 1569.689697 541.447998
23.000000 320.862213 1752.573853 909.958252 1727.525635
19.000000 1227.193604 1743.151489 1663.267578 1758.828369
10.000000 1287.336670 1662.282959 1896.663452 1706.278320
48.000000 387.468445 1711.366211 1006.662903 1690.398682
25.000000 1187.182617 1727.083496 1636.626587 1741.401367
24.000000 357.370453 1745.331543 913.311096 1737.805664
8.000000 1373.563232 649.952209 2199.952393 453.526306
9.000000 1369.666748 1446.681396 2257.406738 1460.147949
379.000000 1381.310791 1446.674072 2280.019043 1461.014771
15.000000 1385.747803 656.624084 2215.303711 449.515717
56.000000 148.425430 259.512512 883.995667 773.365417
54.000000 247.183273 1053.379639 957.684143 1253.238403
55.000000 312.537170 323.859253 977.901123 760.050598
27.000000 1120.160400 1690.155762 1609.959106 1724.668091
64.000000 367.231110 98.834610 997.600342 592.380005
65.000000 940.162537 376.331085 1452.468872 518.043884
52.000000 1053.506470 1643.245728 1536.666382 1663.807861
53.000000 446.821350 1659.211304 1036.663330 1663.563232
86.000000 581.576477 426.542694 1165.707642 729.973572
123.000000 757.186279 312.238556 1276.995972 568.763184
42.000000 1094.228149 616.774353 1721.513672 639.895813
43.000000 1079.707642 1186.744141 1728.859131 1216.596313
78.000000 936.510315 383.656097 1453.328613 529.971069
85.000000 501.013458 1146.374878 1079.926514 1269.176270
44.000000 1165.222778 1203.302490 1859.139404 1213.354248
45.000000 1176.617188 669.998962 1845.164673 639.955383
317.000000 264.403900 520.093689 956.618958 899.998047
484.000000 218.909210 1039.904541 942.521118 1246.638550
38.000000 1323.356689 703.368286 2104.666992 583.127502
39.000000 1317.974976 1220.013672 2131.285400 1186.609985
32.000000 1397.708130 733.338806 2262.171143 563.398682
33.000000 1395.098022 1230.009277 2296.830322 1179.990845
34.000000 1427.622803 1233.317993 2375.688477 1173.394897
778.000000 1430.807251 739.983704 2333.000000 544.000000
40.000000 1354.241699 1220.005981 2207.028320 1183.482788
41.000000 1357.406494 736.649658 2176.996094 586.482422
31.000000 1536.016602 1253.321411 2663.454102 1150.272339
49.000000 1046.847900 1653.650024 1559.995728 1690.954590
116.000000 682.642151 1586.807251 1352.449219 1616.751831
117.000000 703.036987 1203.494873 1357.110962 1300.006592
195.000000 746.036560 1206.330444 1391.430542 1299.975098
91.000000 376.747742 1688.091553 993.348694 1678.742920
327.000000 1024.127930 475.598480 1617.254028 543.839111
67.000000 1100.565186 1180.013428 1757.818604 1200.032715
193.000000 300.306976 1226.912598 995.820435 1363.415039
244.000000 276.888489 1573.573486 999.884827 1596.799316
109.000000 722.765686 1140.684204 1386.889526 1247.288940
257.000000 356.529510 506.868622 1010.010010 860.000183
258.000000 376.341736 193.312805 1013.650085 650.005493
93.000000 1103.169800 786.662537 1744.236694 800.036560
57.000000 82.625069 1020.245972 860.587219 1256.695068
556.000000 111.369095 713.461609 898.040161 1060.061035
281.000000 385.086853 203.464355 1020.891785 660.026123
282.000000 362.417786 506.847321 1015.036011 860.049866
435.000000 296.842041 1198.413086 990.000549 1343.346924
436.000000 3.044681 1165.945312 829.994324 1349.860962
780.000000 636.738586 1333.336914 1222.000000 1417.000000
389.000000 759.809204 353.103973 1319.808228 592.282043
479.000000 290.365021 1179.837769 983.412537 1331.612183
480.000000 6.989021 1150.246338 829.958313 1339.151245
274.000000 698.810730 336.619049 1260.065063 610.000366
497.000000 3.491892 1224.894775 833.252869 1384.316284
498.000000 283.339020 1249.936279 983.305237 1379.179688
322.000000 283.331940 1609.949951 990.007324 1621.514648
94.000000 1152.002319 643.298706 1806.936157 626.724304
519.000000 3.299117 1280.458618 833.274292 1418.076416
520.000000 280.165680 1301.112427 980.007324 1413.571289
1557.000000 491.788879 750.024475 1109.000000 993.000000
457.000000 3.175212 1336.034546 826.622681 1451.384644
458.000000 280.063843 1352.242798 983.359985 1447.848877
149.000000 921.541016 566.719421 1497.657349 686.665161
459.000000 3.290378 1448.270142 823.321533 1518.894897
460.000000 273.364441 1455.505249 980.005920 1517.220581
442.000000 270.004211 1505.859253 980.010925 1551.369263
464.000000 266.634827 1557.553467 976.666565 1586.556519
299.000000 705.364197 353.433136 1267.432983 620.012756
300.000000 692.750732 610.135132 1264.207764 813.347900
187.000000 958.770508 460.072205 1533.504761 569.977844
188.000000 950.076111 713.450317 1535.694092 805.658569
471.000000 1193.678101 1163.452148 1902.695679 1163.596802
164.000000 1032.061401 1563.292725 1682.306519 1600.002197
165.000000 1040.038330 1313.228271 1681.755249 1343.336670
264.000000 76.547417 103.028999 859.200439 683.289612
542.000000 330.688080 786.729309 1000.412292 1063.346924
218.000000 317.283569 1010.365051 1001.677185 1206.721680
150.000000 1194.698853 1323.368042 1908.474854 1329.816528
201.000000 1192.948853 1560.046509 1940.657471 1600.095703
241.000000 15.562739 946.562805 829.177185 1216.613037
1205.000000 1020.095398 1560.002441 1664.000000 1586.000000
1522.000000 1026.107178 1326.566406 1665.000000 1361.000000
100.000000 1115.944946 481.546082 1703.652832 498.620575
101.000000 1326.703003 579.922119 2066.547363 439.270660
1189.000000 1607.638550 803.296021 2806.000000 411.000000
1008.000000 1459.668213 983.344177 2436.000000 817.000000
343.000000 1459.279297 1210.010254 2439.250732 1129.435303
393.000000 776.872803 322.889435 1310.109375 563.975952
248.000000 832.467041 416.619385 1392.672974 603.322021
323.000000 956.019897 710.101807 1557.147095 796.665161
462.000000 1045.792969 1113.302734 1683.333374 1160.000000
180.000000 1053.616943 889.893188 1677.668457 920.000183
891.000000 944.592346 830.028442 1535.000000 906.000000
191.000000 1204.457886 576.683655 1880.043823 519.997742
470.000000 1201.140015 796.683838 1893.161377 758.619080
1576.000000 1609.929810 1036.568237 2845.000000 801.000000
914.000000 769.930664 1177.147583 1402.000000 1273.000000
174.000000 1736.464233 416.745422 218.283752 400.764099
155.000000 1278.913574 1329.981201 2067.282471 1329.978638
591.000000 1046.226929 739.993103 1669.914673 786.054077
104.000000 210.493073 1033.373657 935.046387 1243.262573
352.000000 1459.307373 1353.378296 2456.770752 1319.823364
121.000000 1457.778442 1556.675049 2474.786865 1603.222656
168.000000 1271.303955 1163.324829 2058.912598 1136.701294
206.000000 1063.290283 519.998413 1672.157227 553.338745
404.000000 1277.979248 816.678589 2047.716309 733.298279
593.000000 1279.736572 623.300659 2026.474243 505.501038
1133.000000 594.946106 836.769836 1187.000000 1031.000000
538.000000 825.661194 649.943848 1393.121216 816.660461
204.000000 1286.711792 1640.732056 2136.699463 1696.854492
205.000000 1034.739258 733.267700 1673.198608 780.000610
169.000000 1285.155762 949.970520 2050.842041 883.412720
73.000000 1443.013916 594.788147 2209.720459 371.695526
263.000000 32.192982 393.584045 847.908630 889.885681
320.000000 362.682037 511.854828 1026.597900 863.330688
179.000000 1035.599365 1076.642944 1677.686157 1163.333496
1046.000000 1039.532104 899.915405 1659.000000 938.000000
1001.000000 15.560108 619.476562 812.000000 1032.000000
170.000000 1507.548340 1383.332153 2619.187744 1350.059814
171.000000 1507.772583 1556.665283 2637.621094 1600.175293
589.000000 602.751099 274.487549 1176.546875 609.031372
590.000000 754.468872 351.023438 1310.713501 592.434570
474.000000 1513.216797 1020.095337 2586.802979 838.060486
189.000000 1515.467896 896.603943 2583.631104 666.893555
466.000000 1510.573730 729.983154 2556.474121 425.390106
96.000000 449.997253 1671.145508 1043.306885 1673.549927
97.000000 613.329651 1671.538330 1416.669189 1676.334717
1400.000000 270.208984 1095.418091 971.000000 1280.000000
1343.000000 649.909607 432.827179 1223.000000 703.000000
1226.000000 509.677887 737.797241 1117.000000 983.000000
217.000000 356.437775 694.136719 1008.898376 986.739929
439.000000 1023.275085 1591.262573 1760.010864 1626.002197
440.000000 1180.005249 1586.854858 1920.022705 1628.607300
222.000000 566.639954 1152.523926 1123.330811 1286.615601
526.000000 853.500061 376.297760 1423.197876 559.114624
574.000000 1505.097656 890.017700 2562.621826 670.056641
103.000000 490.062988 1138.220093 1049.995117 1256.596436
445.000000 879.368958 896.642334 1462.129150 999.995239
446.000000 873.837769 1040.019409 1461.496094 1159.992676
513.000000 1369.216553 1486.630249 2262.937012 1543.204712
514.000000 1367.946411 1630.040894 2269.373047 1690.173462
259.000000 1043.388916 1474.406372 1693.325684 1509.138184
260.000000 1180.054932 1477.766235 1903.338867 1507.288696
249.000000 1043.318604 1551.794189 1693.331055 1587.541992
250.000000 1180.004639 1550.483765 1906.667236 1587.345093
543.000000 1043.333496 1513.240479 1693.320557 1548.342407
544.000000 1179.999878 1513.430908 1836.671143 1547.242554
279.000000 362.037170 714.733826 1026.732666 1006.923340
253.000000 1183.355103 1296.468140 1900.043945 1307.748535
254.000000 1049.798340 1281.841064 1689.984497 1316.283813
265.000000 1046.575195 1398.298828 1693.322388 1432.882568
266.000000 1180.049927 1405.775024 1900.029541 1427.888306
505.000000 1046.672119 1436.519531 1753.331543 1469.908203
506.000000 1180.069214 1441.467285 1903.339233 1466.969604
295.000000 1237.042969 549.191345 1903.424438 477.229431
296.000000 1116.730957 493.195282 1710.297607 508.504364
269.000000 1186.784668 1285.752808 1899.937378 1294.947998
270.000000 1056.376343 1268.915771 1696.509644 1302.355347
429.000000 1650.239868 1546.409424 2835.277100 1593.466309
310.000000 1655.094238 1676.725220 2866.727539 1786.660645
565.000000 1049.945435 1360.767090 1756.655273 1392.960938
566.000000 1179.999146 1370.011597 1896.626831 1388.692261
1127.000000 1026.997803 729.876648 1654.000000 778.000000
1027.000000 823.380310 419.897247 1386.000000 607.000000
487.000000 999.972961 426.725494 1546.756348 523.870667
488.000000 1109.747925 477.214630 1696.482178 498.894287
142.000000 1656.640625 1324.075073 2793.072266 1243.164551
546.000000 1620.332275 402.509125 220.432953 394.191193
559.000000 1215.714355 1546.651978 1993.199585 1583.457397
560.000000 1217.569824 1426.629150 1988.188354 1443.398193
553.000000 1226.162354 1426.659424 2001.005859 1443.167969
554.000000 1224.449219 1546.682617 2006.346069 1583.345581
568.000000 1225.759399 1029.980835 1922.029419 1006.718384
1342.000000 908.810608 926.938660 1498.000000 1014.000000
1509.000000 318.103455 779.504761 986.000000 1059.000000
60.000000 1630.014038 1633.951172 2790.044678 1721.221191
61.000000 1513.256226 1636.604004 2316.711914 1711.197632
277.000000 1231.187378 800.021179 1964.756470 740.065002
583.000000 1234.106445 1033.347046 1983.371582 996.541382
584.000000 1232.033569 1150.036133 1988.452148 1133.266968
860.000000 1042.000000 355.000000 1799.000000 383.000000
1401.000000 1012.000000 723.000000 1633.000000 782.000000
857.000000 1013.000000 693.000000 1633.000000 751.000000
1150.000000 774.000000 537.000000 1355.000000 728.000000
1028.000000 1251.000000 718.000000 1993.000000 638.000000
746.000000 706.000000 876.000000 1309.000000 1029.000000
924.000000 1252.000000 652.000000 1991.000000 563.000000
1330.000000 1250.000000 776.000000 1997.000000 702.000000
706.000000 757.000000 957.000000 1360.000000 1082.000000
1258.000000 944.000000 1516.000000 1643.000000 1553.000000
1563.000000 1659.000000 1273.000000 2817.000000 1156.000000
652.000000 324.000000 1468.000000 1033.000000 1524.000000
1262.000000 1237.000000 1454.000000 2024.000000 1477.000000
628.000000 688.000000 942.000000 1295.000000 1087.000000
1588.000000 388.000000 60.000000 1081.000000 547.000000
619.000000 479.000000 333.000000 1103.000000 698.000000
1086.000000 977.000000 539.000000 1581.000000 626.000000
1082.000000 1641.000000 823.000000 2735.000000 482.000000
692.000000 722.000000 589.000000 1306.000000 793.000000
1057.000000 408.000000 437.000000 1057.000000 797.000000
1119.000000 1653.000000 1527.000000 2816.000000 1557.000000
650.000000 1657.000000 1101.000000 2839.000000 859.000000
1172.000000 538.000000 289.000000 1127.000000 647.000000
1113.000000 1003.000000 1045.000000 1638.000000 1093.000000
703.000000 365.000000 955.000000 1045.000000 1166.000000
275.000000 969.000000 490.000000 1550.417236 593.335022
991.000000 1477.000000 1243.000000 2450.000000 1157.000000
915.000000 1665.000000 803.000000 2756.000000 441.000000
673.000000 436.000000 885.000000 1091.000000 1103.000000
674.000000 336.000000 1319.000000 1037.000000 1420.000000
705.000000 1554.000000 634.000000 153.000000 638.000000
1407.000000 1016.000000 555.000000 1652.000000 616.000000
1132.000000 1004.000000 1012.000000 1638.000000 1060.000000
1245.000000 1702.000000 1430.000000 2891.000000 1371.000000
1494.000000 1425.000000 548.000000 2468.000000 248.000000
1274.000000 1413.000000 577.000000 2146.000000 377.000000
1016.000000 962.000000 1003.000000 1585.000000 1064.000000
267.000000 1624.000000 705.000000 2682.729980 321.278595
1311.000000 426.000000 636.000000 1048.000000 936.000000
987.000000 1488.000000 1142.000000 2556.000000 1019.000000
754.000000 777.000000 458.000000 1356.000000 662.000000
921.000000 717.000000 653.000000 1276.000000 854.000000
846.000000 687.000000 967.000000 1295.000000 1108.000000
656.000000 1014.000000 661.000000 1632.000000 720.000000
845.000000 1213.000000 325.000000 16.000000 437.000000
1050.000000 1488.000000 1168.000000 2490.000000 1061.000000
1072.000000 438.000000 791.000000 1096.000000 1034.000000
733.000000 946.000000 1444.000000 1588.000000 1484.000000
646.000000 729.000000 438.000000 1309.000000 668.000000
1183.000000 1663.000000 1460.000000 2822.000000 1469.000000
289.000000 717.000000 380.000000 1281.262573 636.595276
1273.000000 1358.000000 1296.000000 2245.000000 1272.000000
704.000000 772.000000 572.000000 1354.000000 758.000000
373.000000 380.000000 508.000000 1035.001221 860.054626
786.000000 1187.000000 369.000000 1973.000000 277.000000
1114.000000 1236.000000 1518.000000 2027.000000 1550.000000
1375.000000 1654.000000 914.000000 2811.000000 573.000000
1115.000000 715.000000 1169.000000 1386.000000 1270.000000
977.000000 1154.000000 560.000000 1805.000000 540.000000
973.000000 470.000000 460.000000 1100.000000 792.000000
940.000000 1650.000000 670.000000 2714.000000 262.000000
1089.000000 348.000000 539.000000 1005.000000 889.000000
1058.000000 1488.000000 811.000000 2454.000000 575.000000
1403.000000 1675.000000 1422.000000 2846.000000 1363.000000
913.000000 395.000000 1105.000000 1035.000000 1273.000000
1166.000000 1488.000000 752.000000 2449.000000 496.000000
732.000000 1488.000000 861.000000 2459.000000 643.000000
989.000000 771.000000 606.000000 1354.000000 787.000000
1230.000000 468.000000 1085.000000 814.000000 1257.000000
1009.000000 1283.000000 860.000000 2042.000000 782.000000
943.000000 1237.000000 1227.000000 1983.000000 1218.000000
243.000000 314.000000 1258.000000 1008.682373 1383.416382
247.000000 823.000000 670.000000 1389.025635 816.650024
728.000000 1014.000000 629.000000 1632.000000 690.000000
844.000000 700.000000 1012.000000 1309.000000 1141.000000
1187.000000 1265.000000 751.000000 2019.000000 667.000000
1382.000000 973.000000 678.000000 1581.000000 757.000000
797.000000 1238.000000 1381.000000 2021.000000 1393.000000
1353.000000 985.000000 766.000000 1582.000000 837.000000
1409.000000 1650.000000 655.000000 2725.000000 229.000000
1155.000000 662.000000 1982.000000 1422.000000 1995.000000
819.000000 320.000000 1513.000000 1032.000000 1556.000000
1568.000000 464.000000 537.000000 1099.000000 848.000000
930.000000 418.000000 308.000000 1060.000000 705.000000
933.000000 754.000000 1009.000000 1359.000000 1125.000000
211.000000 935.000000 1289.000000 1537.401611 1343.322388
1336.000000 714.000000 215.000000 1356.000000 470.000000
1341.000000 332.000000 1062.000000 1038.000000 1241.000000
642.000000 949.000000 1361.000000 1588.000000 1405.000000
1148.000000 411.000000 398.000000 1058.000000 769.000000
395.000000 1468.000000 1312.000000 2436.918213 1272.504028
357.000000 1295.000000 1019.000000 2059.174805 963.367249
949.000000 975.000000 614.000000 1581.000000 696.000000
798.000000 381.000000 556.000000 1049.000000 896.000000
736.000000 374.000000 775.000000 1052.000000 1039.000000
890.000000 575.000000 831.000000 1173.000000 1044.000000
1332.000000 1657.000000 1118.000000 2794.000000 919.000000
978.000000 657.000000 1607.000000 1335.000000 1626.000000
1104.000000 945.000000 1480.000000 1588.000000 1518.000000
1175.000000 1499.000000 755.000000 2514.000000 487.000000
919.000000 809.000000 892.000000 1442.000000 1007.000000
1424.000000 459.000000 665.000000 1082.000000 945.000000
1388.000000 37.000000 51.000000 912.000000 676.000000
887.000000 720.000000 928.000000 1332.000000 1067.000000
1240.000000 691.000000 834.000000 1274.000000 1001.000000
701.000000 467.000000 499.000000 1099.000000 820.000000
1272.000000 1653.000000 790.000000 2792.000000 385.000000
1180.000000 1657.000000 1084.000000 2836.000000 832.000000
1546.000000 1325.000000 534.000000 2101.000000 385.000000
695.000000 726.000000 518.000000 1307.000000 735.000000
1158.000000 770.000000 625.000000 1306.000000 812.000000
1290.000000 1671.000000 389.000000 323.000000 397.000000
148.000000 911.000000 855.000000 1498.079224 960.002991
1374.000000 939.000000 504.000000 1513.000000 620.000000
1518.000000 56.000000 549.000000 841.000000 981.000000
1196.000000 350.000000 694.000000 1011.000000 993.000000
1017.000000 297.000000 1161.000000 990.000000 1316.000000
1385.000000 1654.000000 946.000000 2815.000000 619.000000
1447.000000 416.000000 1573.000000 1076.000000 1586.000000
286.000000 1220.000000 612.000000 1908.355103 553.279846
1320.000000 1640.000000 777.000000 2868.000000 342.000000
737.000000 1236.000000 1486.000000 1965.000000 1515.000000
1309.000000 1648.000000 356.000000 323.000000 377.000000
685.000000 1706.000000 917.000000 2824.000000 587.000000
1428.000000 1051.000000 787.000000 1655.000000 829.000000
927.000000 317.000000 1559.000000 1031.000000 1586.000000
1376.000000 959.000000 924.000000 1566.000000 993.000000
1359.000000 1660.000000 1289.000000 2869.000000 1155.000000
1425.000000 1638.000000 642.000000 2755.000000 176.000000
851.000000 1635.000000 1454.000000 2908.000000 1460.000000
675.000000 405.000000 477.000000 1056.000000 826.000000
761.000000 1651.000000 1464.000000 2807.000000 1472.000000
1487.000000 1679.000000 799.000000 2778.000000 421.000000
894.000000 1783.000000 464.000000 456.000000 482.000000
946.000000 974.000000 646.000000 1581.000000 727.000000
818.000000 747.000000 887.000000 1348.000000 1026.000000
1527.000000 1659.000000 1255.000000 2813.000000 1129.000000
767.000000 707.000000 114.000000 1366.000000 396.000000
702.000000 1002.000000 935.000000 1639.000000 986.000000
1478.000000 35.000000 461.000000 831.000000 925.000000
361.000000 1277.000000 1548.000000 2086.658203 1587.852905
1395.000000 1656.000000 1067.000000 2835.000000 807.000000
747.000000 361.000000 998.000000 1044.000000 1195.000000
708.000000 1487.000000 1054.000000 2479.000000 904.000000
1589.000000 861.000000 679.000000 1434.000000 818.000000
959.000000 1701.000000 407.000000 322.000000 410.000000
996.000000 1701.000000 660.000000 2781.000000 175.000000
1503.000000 1599.000000 794.000000 2680.000000 466.000000
886.000000 1487.000000 1193.000000 2496.000000 1098.000000
1065.000000 480.000000 1240.000000 1086.000000 1349.000000
290.000000 705.000000 618.000000 1274.479004 833.372803
1095.000000 1650.000000 625.000000 2766.000000 144.000000
1075.000000 1693.000000 391.000000 291.000000 390.000000
1293.000000 1640.000000 1381.000000 2781.000000 1330.000000
324.000000 968.000000 506.000000 1556.572266 610.000305
271.000000 292.000000 1576.000000 1008.708679 1599.954712
172.000000 1194.000000 914.000000 1898.185059 903.315857
784.000000 720.000000 623.000000 1353.000000 816.000000
916.000000 1237.000000 1351.000000 1997.000000 1359.000000
1433.000000 545.000000 1056.000000 1244.000000 1188.000000
986.000000 564.000000 1094.000000 1111.000000 1218.000000
743.000000 328.000000 1423.000000 1034.000000 1493.000000
1554.000000 449.000000 695.000000 1075.000000 969.000000
1161.000000 1669.000000 1360.000000 2816.000000 1293.000000
1396.000000 1046.000000 1251.000000 1686.000000 1286.000000
744.000000 1488.000000 727.000000 2399.000000 444.000000
639.000000 371.000000 871.000000 1047.000000 1106.000000
570.000000 947.000000 1410.000000 1610.690796 1450.005493
1170.000000 918.000000 1113.000000 1164.000000 1213.000000
1327.000000 1053.000000 1200.000000 1610.000000 1240.000000
1152.000000 952.000000 753.000000 1540.000000 840.000000
878.000000 1265.000000 780.000000 2020.000000 699.000000
1118.000000 664.000000 1320.000000 1334.000000 1394.000000
1579.000000 778.000000 426.000000 1357.000000 634.000000
1123.000000 426.000000 548.000000 1055.000000 872.000000
900.000000 339.000000 1275.000000 1038.000000 1390.000000
1351.000000 1246.000000 839.000000 1973.000000 779.000000
1313.000000 1626.000000 384.000000 233.000000 380.000000
721.000000 1622.000000 354.000000 237.000000 361.000000
1373.000000 1652.000000 774.000000 2790.000000 363.000000
793.000000 1236.000000 1548.000000 2029.000000 1587.000000
1267.000000 799.000000 863.000000 1373.000000 992.000000
319.000000 401.000000 242.000000 1033.781860 676.555725
726.000000 360.000000 566.000000 1013.000000 904.000000
1528.000000 1265.000000 723.000000 2017.000000 635.000000
840.000000 1518.000000 936.000000 2586.000000 720.000000
936.000000 1527.000000 1689.000000 2344.000000 1776.000000
1470.000000 755.000000 983.000000 1360.000000 1103.000000
683.000000 1704.000000 794.000000 2803.000000 376.000000
1397.000000 396.000000 1056.000000 1051.000000 1232.000000
1193.000000 1217.000000 764.000000 1940.000000 710.000000
1580.000000 1426.000000 678.000000 2323.000000 458.000000
1053.000000 1192.000000 1196.000000 1903.000000 1196.000000
1463.000000 1688.000000 632.000000 2768.000000 163.000000
1456.000000 312.000000 1060.000000 997.000000 1247.000000
1469.000000 339.000000 1165.000000 969.000000 1325.000000
796.000000 728.000000 855.000000 1329.000000 1006.000000
1558.000000 517.000000 616.000000 1122.000000 891.000000
1552.000000 686.000000 994.000000 1295.000000 1129.000000
1445.000000 332.000000 1363.000000 1036.000000 1450.000000
725.000000 1280.000000 1211.000000 2061.000000 1189.000000
1289.000000 1224.000000 1303.000000 1965.000000 1307.000000
696.000000 1662.000000 668.000000 2773.000000 207.000000
1430.000000 728.000000 145.000000 1451.000000 387.000000
1308.000000 640.000000 656.000000 1218.000000 888.000000
199.000000 1245.000000 1584.000000 2030.003662 1629.128052
707.000000 1693.000000 336.000000 268.000000 331.000000
1085.000000 664.000000 1042.000000 1294.000000 1167.000000
1502.000000 735.000000 225.000000 1374.000000 484.000000
410.000000 1637.000000 1575.000000 2799.991943 1631.764893
965.000000 1030.000000 635.000000 1653.000000 687.000000
1484.000000 953.000000 735.000000 1588.000000 824.000000
364.000000 1451.000000 1545.000000 2460.000488 1586.789917
1565.000000 699.000000 1216.000000 1355.000000 1320.000000
922.000000 1642.000000 917.000000 2797.000000 584.000000
810.000000 1701.000000 645.000000 2779.000000 153.000000
551.000000 1488.000000 787.000000 2492.903564 536.456909
990.000000 1674.000000 1387.000000 2897.000000 1309.000000
722.000000 345.000000 908.000000 1046.000000 1136.000000
880.000000 1226.000000 1622.000000 1602.000000 1665.000000
1453.000000 484.000000 1087.000000 826.000000 1256.000000
693.000000 691.000000 199.000000 1374.000000 467.000000
1146.000000 1503.000000 1465.000000 2591.000000 1470.000000
939.000000 1010.000000 1310.000000 1544.000000 1353.000000
1437.000000 1059.000000 1186.000000 1554.000000 1218.000000
1329.000000 1090.000000 615.000000 1715.000000 637.000000
1361.000000 394.000000 1425.000000 1079.000000 1492.000000
776.000000 1702.000000 612.000000 2776.000000 135.000000
1398.000000 1491.000000 1492.000000 2594.000000 1510.000000
1227.000000 1244.000000 1021.000000 2007.000000 982.000000
908.000000 1638.000000 658.000000 2712.000000 240.000000
221.000000 686.000000 1172.000000 1340.126709 1275.897217
1389.000000 1030.000000 698.000000 1654.000000 748.000000
1372.000000 1409.000000 739.000000 2312.000000 547.000000
1510.000000 1499.000000 1117.000000 2582.000000 980.000000
1357.000000 1128.000000 629.000000 1741.000000 630.000000
816.000000 58.000000 470.000000 842.000000 923.000000
1278.000000 428.000000 1080.000000 2478.000000 1166.000000
655.000000 473.000000 421.000000 1101.000000 763.000000
632.000000 433.000000 926.000000 1090.000000 1133.000000
1523.000000 1500.000000 814.000000 2548.000000 562.000000
200.000000 1408.000000 1578.000000 2259.999756 1630.085083
1540.000000 659.000000 618.000000 1223.000000 848.000000
1192.000000 1623.000000 673.000000 2700.000000 261.000000
757.000000 690.000000 218.000000 1258.000000 528.000000
749.000000 691.000000 174.000000 1374.000000 446.000000
1405.000000 437.000000 766.000000 1085.000000 1015.000000
1257.000000 569.000000 868.000000 1171.000000 1063.000000
1504.000000 1640.000000 792.000000 2731.000000 437.000000
814.000000 1475.000000 1113.000000 2485.000000 988.000000
1014.000000 723.000000 553.000000 1306.000000 764.000000
1023.000000 1226.000000 1638.000000 1990.000000 1690.000000
1555.000000 1187.000000 422.000000 1978.000000 333.000000
1276.000000 742.000000 945.000000 1344.000000 1076.000000
1412.000000 762.000000 1619.000000 1618.000000 1684.000000
1197.000000 1019.000000 939.000000 1660.000000 984.000000
1438.000000 451.000000 92.000000 1116.000000 540.000000
1088.000000 1436.000000 1693.000000 2177.000000 1771.000000
1562.000000 1662.000000 653.000000 2731.000000 198.000000
1032.000000 688.000000 1115.000000 1264.000000 1228.000000
1231.000000 850.000000 852.000000 1443.000000 969.000000

1.000000 1422.198486 582.306885 381.466125 70.352875 2173.456299 377.397125 616.053284 639.691162
3.000000 1157.114624 1701.445801 3.240293 1725.545288 1596.409546 1700.238892 583.310547 1684.829590
83.000000 995.939331 451.557892 70.286995 19.385303 1569.689697 541.447998 1316.626831 583.091431
9.000000 287.931183 1793.561157 1227.193604 1743.151489 879.977722 1752.994263 1663.267578 1758.828369
12.000000 357.370453 1745.331543 1153.583374 1708.781494 913.311096 1737.805664 1636.626587 1741.401367
4.000000 1373.563232 649.952209 1369.666748 1446.681396 2199.952393 453.526306 2257.406738 1460.147949
7.000000 1381.310791 1446.674072 1385.747803 656.624084 2261.852539 1279.709229 2215.303711 449.515717
28.000000 148.425430 259.512512 71.875046 1030.186279 883.995667 773.365417 860.587219 1256.695068
27.000000 247.183273 1053.379639 312.537170 323.859253 957.684143 1253.238403 977.901123 760.050598
32.000000 367.231110 98.834610 940.162537 376.331085 997.600342 592.380005 1452.468872 518.043884
26.000000 1053.506470 1643.245728 446.821350 1659.211304 1536.666382 1663.807861 1036.663330 1663.563232
43.000000 581.576477 426.542694 539.235352 1026.612671 1165.707642 729.973572 1153.862671 1160.014526
61.000000 237.235931 65.467209 757.186279 312.238556 990.078064 613.830383 1276.995972 568.763184
21.000000 1094.228149 616.774353 1079.707642 1186.744141 1721.513672 639.895813 1728.859131 1216.596313
39.000000 936.510315 383.656097 425.366028 136.017975 1453.328613 529.971069 1007.030029 602.243835
42.000000 1033.878052 1186.010254 501.013458 1146.374878 1516.456787 1261.459961 1079.926514 1269.176270
22.000000 1165.222778 1203.302490 1176.617188 669.998962 1859.139404 1213.354248 1845.164673 639.955383
242.000000 264.403900 520.093689 218.909210 1039.904541 947.823853 1093.258057 942.521118 1246.638550
19.000000 1323.356689 703.368286 1317.974976 1220.013672 2104.666992 583.127502 2131.285400 1186.609985
6.000000 1779.575073 1283.417969 1768.016479 770.119751 3065.774658 1117.148193 2970.821533 283.999481
16.000000 1397.708130 733.338806 1395.098022 1230.009277 2262.171143 563.398682 2296.830322 1179.990845
17.000000 1427.622803 1233.317993 1430.807251 739.983704 2375.688477 1173.394897 2337.309082 563.292908
163.000000 16.607542 10.705805 456.498108 213.122314 896.292969 653.885925 1080.774292 629.095825
20.000000 1354.241699 1220.005981 1357.406494 736.649658 2207.028320 1183.482788 2176.996094 586.482422
15.000000 1533.953003 786.649170 1536.016602 1253.321411 2610.033691 519.997131 2663.454102 1150.272339
18.000000 623.488708 1696.128662 1086.687866 1670.380859 976.659912 1706.161255 1583.315186 1707.604614
24.000000 643.515564 1673.671631 1046.847900 1653.650024 1006.662903 1690.398682 1559.995728 1690.954590
51.000000 1050.251587 1171.463379 664.733337 1119.594482 1403.038940 1232.375000 1049.995117 1256.596436
58.000000 682.642151 1586.807251 703.036987 1203.494873 1352.449219 1616.751831 1357.110962 1300.006592
98.000000 746.036560 1206.330444 728.505554 1586.751465 1391.430542 1299.975098 1388.381226 1533.355713
164.000000 1024.127930 475.598480 1352.750000 624.619690 1617.254028 543.839111 1800.380859 515.822571
33.000000 1108.850464 829.972778 1100.565186 1180.013428 1750.919922 740.036194 1757.818604 1200.032715
97.000000 300.306976 1226.912598 276.888489 1573.573486 995.820435 1363.415039 988.158813 1596.715698
129.000000 356.529510 506.868622 376.341736 193.312805 1010.010010 860.000183 1013.650085 650.005493
106.000000 974.019104 1576.837524 987.349060 1263.362305 1537.401611 1343.322388 1540.724121 1566.655884
46.000000 1095.362915 1096.633789 1103.169800 786.662537 1750.302490 1203.378906 1744.236694 800.036560
278.000000 82.625069 1020.245972 111.369095 713.461609 891.814697 1200.080688 898.040161 1060.061035
268.000000 492.720764 1029.941528 521.696655 726.510376 1121.133057 1163.368164 1125.535400 1019.965271
141.000000 385.086853 203.464355 362.417786 506.847321 1020.891785 660.026123 1015.036011 860.049866
218.000000 296.842041 1198.413086 3.044681 1165.945312 990.000549 1343.346924 829.994324 1349.860962
195.000000 759.809204 353.103973 1020.626160 471.959290 1319.808228 592.282043 1486.991333 561.779419
240.000000 290.365021 1179.837769 6.989021 1150.246338 983.412537 1331.612183 829.958313 1339.151245
137.000000 687.464233 620.031921 698.810730 336.619049 1258.948975 813.345886 1260.065063 610.000366
249.000000 3.491892 1224.894775 283.339020 1249.936279 833.252869 1384.316284 983.305237 1379.179688
161.000000 3.271625 1617.797852 283.331940 1609.949951 803.330261 1620.760010 990.007324 1621.514648
47.000000 1152.002319 643.298706 1144.717651 923.282654 1806.936157 626.724304 1814.206665 1013.316895
260.000000 3.299117 1280.458618 280.165680 1301.112427 833.274292 1418.076416 980.007324 1413.571289
81.000000 512.169006 1503.484619 531.478699 1226.537354 1112.716919 1609.982300 1120.070068 1353.335327
229.000000 3.175212 1336.034546 280.063843 1352.242798 826.622681 1451.384644 983.359985 1447.848877
74.000000 912.294617 836.745239 921.541016 566.719421 1498.079224 960.002991 1497.657349 686.665161
230.000000 3.290378 1448.270142 273.364441 1455.505249 823.321533 1518.894897 980.005920 1517.220581
221.000000 3.327412 1504.469971 270.004211 1505.859253 819.994507 1552.645630 980.010925 1551.369263
232.000000 3.346071 1560.979004 266.634827 1557.553467 820.000000 1586.685059 976.666565 1586.556519
150.000000 705.364197 353.433136 692.750732 610.135132 1267.432983 620.012756 1264.207764 813.347900
94.000000 958.770508 460.072205 950.076111 713.450317 1533.504761 569.977844 1535.694092 805.658569
86.000000 1201.859741 910.167725 1193.678101 1163.452148 1898.185059 903.315857 1901.058350 1153.321167
73.000000 571.255615 1213.042114 557.782898 1463.393433 1133.815308 1330.051270 1130.095093 1606.757568
82.000000 1032.061401 1563.292725 1040.038330 1313.228271 1682.306519 1600.002197 1681.755249 1343.336670
132.000000 54.766609 350.126343 76.547417 103.028999 847.908630 889.885681 859.200439 683.289612
271.000000 308.515686 1030.168457 330.688080 786.729309 995.693726 1206.634644 1000.412292 1063.346924
109.000000 339.750244 767.259705 317.283569 1010.365051 1008.898376 986.739929 1001.677185 1206.721680
187.000000 514.689575 316.530273 498.344025 553.449036 1035.001221 860.054626 1040.572510 690.018738
75.000000 1194.698853 1323.368042 1192.948853 1560.046509 1908.474854 1329.816528 1918.115234 1599.948242
121.000000 15.562739 946.562805 37.526672 713.100647 829.177185 1216.613037 843.087219 1003.100159
118.000000 739.871033 1021.062195 506.721558 1034.300049 1296.829468 1155.281250 1082.762451 1173.166626
50.000000 1115.944946 481.546082 1326.703003 579.922119 1703.652832 498.620575 2066.547363 439.270660
66.000000 1459.668213 983.344177 1459.279297 1210.010254 2425.312256 849.905823 2438.952148 1136.557861
197.000000 776.872803 322.889435 979.783691 417.132385 1310.109375 563.975952 1476.494141 535.653076
124.000000 820.273071 640.014893 832.467041 416.619385 1389.025635 816.650024 1392.672974 603.322021
138.000000 956.019897 710.101807 964.483215 486.710236 1550.417236 593.335022 1549.607666 796.678406
90.000000 1045.792969 1113.302734 1053.616943 889.893188 1677.686157 1163.333496 1677.668457 920.000183
96.000000 1204.457886 576.683655 1201.140015 796.683838 1880.043823 519.997742 1891.988892 753.231445
77.000000 1275.227783 1543.308472 1278.913574 1329.981201 2076.637695 1600.000977 2067.282471 1329.978638
52.000000 210.493073 1033.373657 227.167801 829.768066 935.046387 1243.262573 950.317444 893.347168
60.000000 1459.307373 1353.378296 1457.778442 1556.675049 2452.423096 1309.561646 2474.786865 1603.222656
103.000000 1056.042236 716.643677 1063.290283 519.998413 1673.198608 780.000610 1672.157227 553.338745
107.000000 125.176880 576.516968 144.576675 383.458282 899.039673 1046.624146 908.785950 826.612915
113.000000 1277.979248 816.678589 1279.736572 623.300659 2041.072266 710.059326 2035.387695 493.366882
269.000000 836.270996 459.977905 825.661194 649.943848 1397.301758 673.351868 1393.121216 816.660461
62.000000 1096.816772 1652.435303 1286.711792 1640.732056 1606.611938 1689.892944 1896.698120 1694.816650
84.000000 1281.448486 1140.028198 1285.155762 949.970520 2058.912598 1136.701294 2050.842041 883.412720
79.000000 455.262756 1536.574463 467.297089 1353.374756 1109.186035 1343.256470 1104.304565 1606.684692
36.000000 1610.318726 670.035950 1443.013916 594.788147 2660.250000 294.797852 2209.720459 371.695526
85.000000 1507.548340 1383.332153 1507.772583 1556.665283 2619.187744 1350.059814 2637.621094 1600.175293
295.000000 602.751099 274.487549 754.468872 351.023438 1176.546875 609.031372 1310.713501 592.434570
78.000000 1517.822266 1186.726807 1513.216797 1020.095337 2620.812012 1096.600098 2598.924805 829.814758
95.000000 1515.467896 896.603943 1510.573730 729.983154 2583.631104 666.893555 2566.177734 433.369873
48.000000 449.997253 1671.145508 613.329651 1671.538330 1043.306885 1673.549927 1416.669189 1676.334717
220.000000 1023.275085 1591.262573 1180.005249 1586.854858 1760.010864 1626.002197 1920.022705 1628.607300
111.000000 566.639954 1152.523926 720.026123 1147.457275 1340.126709 1275.897217 1123.330811 1286.615601
263.000000 853.500061 376.297760 990.758850 438.320709 1280.153198 581.001099 1423.197876 559.114624
231.000000 1030.330322 923.344116 1025.440308 1073.401978 1683.333374 1003.333313 1683.333374 1160.000000
287.000000 1503.404419 739.999207 1505.097656 890.017700 2551.728760 533.195740 2562.621826 670.056641
223.000000 879.368958 896.642334 873.837769 1040.019409 1462.129150 999.995239 1461.496094 1159.992676
257.000000 1369.216553 1486.630249 1367.946411 1630.040894 2262.937012 1543.204712 2269.373047 1690.173462
56.000000 1630.804443 856.629028 1624.254150 716.623596 3025.616943 519.135803 3003.165039 200.011841
130.000000 1043.388916 1474.406372 1180.054932 1477.766235 1693.325684 1509.138184 1903.338867 1507.288696
125.000000 1043.318604 1551.794189 1180.004639 1550.483765 1693.331055 1587.541992 1906.667236 1587.345093
272.000000 1043.333496 1513.240479 1179.999878 1513.430908 1693.320557 1548.342407 1836.671143 1547.242554
127.000000 1183.355103 1296.468140 1049.798340 1281.841064 1900.043945 1307.748535 1689.984497 1316.283813
133.000000 1046.575195 1398.298828 1180.049927 1405.775024 1693.322388 1432.882568 1900.029541 1427.888306
171.000000 742.460266 626.787720 749.019714 493.449097 1283.124634 829.994751 1287.630737 650.024170
253.000000 1046.672119 1436.519531 1180.069214 1441.467285 1753.331543 1469.908203 1903.339233 1466.969604
148.000000 1237.042969 549.191345 1116.730957 493.195282 1903.424438 477.229431 1710.297607 508.504364
135.000000 1186.784668 1285.752808 1056.376343 1268.915771 1899.937378 1294.947998 1696.509644 1302.355347
155.000000 1650.239868 1546.409424 1655.094238 1676.725220 2848.337158 1599.835571 2866.727539 1786.660645
283.000000 1049.945435 1360.767090 1179.999146 1370.011597 1756.655273 1392.960938 1896.626831 1388.692261
244.000000 999.972961 426.725494 1109.747925 477.214630 1546.756348 523.870667 1696.482178 498.894287
64.000000 1776.843628 1328.302979 1656.640625 1324.075073 3069.934570 1215.802856 2782.894043 1237.530029
273.000000 1740.097168 411.986450 1620.332275 402.509125 360.803040 418.741791 220.432953 394.191193
280.000000 1215.714355 1546.651978 1217.569824 1426.629150 1993.199585 1583.457397 1988.188354 1443.398193
277.000000 1226.162354 1426.659424 1224.449219 1546.682617 2001.005859 1443.167969 2006.346069 1583.345581
284.000000 1223.220703 1149.927124 1225.759399 1029.980835 1927.577026 1146.630615 1922.029419 1006.718384
270.000000 902.866028 1046.643433 908.810608 926.938660 1495.756104 1163.367188 1497.760010 1020.015259
30.000000 1630.014038 1633.951172 1513.256226 1636.604004 2790.044678 1721.221191 2316.711914 1711.197632
139.000000 1231.187378 800.021179 1233.272827 683.272705 1964.756470 740.065002 1957.945923 539.956482
292.000000 1234.106445 1033.347046 1232.033569 1150.036133 1983.371582 996.541382 1988.452148 1133.266968
123.000000 1241.621460 686.690063 1239.940430 803.332458 1901.557007 536.627930 1906.865479 749.995056
