Keypoint Matches and Line Matches for pairs 3, 14 
3 corresponds to the image ./resources/Data/CastleP30/images/0003.png 
14 corresponds to the image ./resources/Data/CastleP30/images/0014.png 

9.000000 1227.193604 1743.151489 2992.780273 1938.033325
49.000000 71.875046 1030.186279 2018.284058 1363.242920
58.000000 247.183273 1053.379639 2108.863281 1346.740723
80.000000 367.231110 98.834610 2097.046875 614.165833
42.000000 1053.506470 1643.245728 2806.665771 1807.264526
43.000000 446.821350 1659.211304 2179.990234 1806.286255
106.000000 581.576477 426.542694 2255.399170 733.200806
414.000000 757.186279 312.238556 2343.655029 524.050781
29.000000 1079.707642 1186.744141 2988.307617 1203.100952
433.000000 1176.617188 669.998962 3053.196533 429.511536
154.000000 228.859543 826.562500 2076.534424 1183.341431
502.000000 264.403900 520.093689 2070.540039 973.301758
372.000000 218.909210 1039.904541 2093.969971 1339.953369
998.000000 664.733337 1119.594482 2600.000000 1271.000000
96.000000 682.642151 1586.807251 2524.493408 1740.208618
97.000000 703.036987 1203.494873 2487.930908 1359.238892
99.000000 728.505554 1586.751465 2572.105225 1740.131348
122.000000 1024.127930 475.598480 2733.256104 390.778259
123.000000 1352.750000 624.619690 2971.432861 286.609558
62.000000 1108.850464 829.972778 2949.125244 652.973999
63.000000 1100.565186 1180.013428 3019.820068 1136.692993
136.000000 300.306976 1226.912598 2157.487549 1463.271851
143.000000 276.888489 1573.573486 2189.670654 1726.688354
103.000000 722.765686 1140.684204 2509.084717 1291.234619
504.000000 356.529510 506.868622 2113.482666 909.989990
192.000000 1095.362915 1096.633789 3002.297363 1080.152832
207.000000 362.417786 506.847321 2131.229736 906.588379
347.000000 296.842041 1198.413086 2149.883789 1442.366455
348.000000 3.044681 1165.945312 2000.043579 1460.363159
178.000000 776.811523 1620.006836 2613.382324 1782.961060
190.000000 759.809204 353.103973 2397.325195 538.103210
384.000000 290.365021 1179.837769 2143.256348 1429.429199
385.000000 6.989021 1150.246338 1999.831055 1448.745361
571.000000 698.810730 336.619049 2334.325928 573.218567
398.000000 3.491892 1224.894775 2006.424561 1497.777588
399.000000 283.339020 1249.936279 2146.577148 1482.512085
64.000000 1152.002319 643.298706 2998.117432 430.291565
401.000000 280.165680 1301.112427 2150.104736 1521.170654
376.000000 280.063843 1352.242798 2156.620117 1559.375610
358.000000 276.688965 1402.768188 2159.876465 1597.921143
248.000000 1032.979858 1081.668945 2913.582764 1154.598022
421.000000 767.624756 1025.475586 2547.005859 1177.207275
101.000000 921.541016 566.719421 2610.666992 599.912476
354.000000 270.004211 1505.859253 2163.321777 1676.281860
360.000000 266.634827 1557.553467 2166.644043 1715.394653
566.000000 525.208008 298.758301 2461.155029 556.138184
176.000000 705.364197 353.433136 2344.752441 586.532593
177.000000 692.750732 610.135132 2364.904785 799.851562
714.000000 958.770508 460.072205 2631.000000 447.000000
261.000000 950.076111 713.450317 2673.304443 729.918518
105.000000 1040.038330 1313.228271 2947.235840 1387.031494
141.000000 317.283569 1010.365051 2145.736816 1286.736206
53.000000 506.721558 1034.300049 2153.431641 1333.994019
430.000000 776.872803 322.889435 2443.165527 479.631042
129.000000 832.467041 416.619385 2480.135986 533.320801
165.000000 956.019897 710.101807 2670.543457 713.634644
110.000000 1045.792969 1113.302734 2910.943115 1143.640869
111.000000 1053.616943 889.893188 2871.954590 840.606262
437.000000 796.158447 656.642944 2447.519775 790.244202
330.000000 1049.535767 529.940186 2800.062744 400.143677
369.000000 210.493073 1033.373657 2086.632568 1336.669067
370.000000 227.167801 829.768066 2076.159180 1190.036255
496.000000 433.129883 1379.985840 2392.713623 1586.432129
117.000000 1063.290283 519.998413 2808.528076 393.093262
743.000000 594.946106 836.769836 2312.000000 1067.000000
131.000000 825.661194 649.943848 2506.895020 763.314026
200.000000 456.646149 1580.724854 3000.002930 1730.354370
201.000000 266.657898 1582.218994 2796.656006 1732.016113
529.000000 32.192982 393.584045 1935.989014 973.368652
490.000000 532.778076 571.581299 2227.029297 881.098694
491.000000 362.682037 511.854828 2113.916992 918.434631
262.000000 319.508514 1019.508667 2734.879395 1205.678223
919.000000 416.757904 840.007507 2223.000000 1131.000000
538.000000 361.990601 523.658752 2122.124023 925.902100
539.000000 521.623535 582.242737 2228.037354 894.644470
390.000000 602.751099 274.487549 2248.760010 596.850769
391.000000 754.468872 351.023438 2382.377930 544.239990
1362.000000 469.535400 1258.080200 2272.000000 1462.000000
1495.000000 270.208984 1095.418091 2125.000000 1373.000000
392.000000 637.861206 593.672485 2318.130859 836.572327
393.000000 649.909607 432.827179 2308.903809 693.403992
786.000000 509.677887 737.797241 2235.000000 1025.000000
140.000000 356.437775 694.136719 2127.760254 1046.584839
451.000000 454.739349 373.441101 2178.473633 763.189941
452.000000 442.725067 530.208862 2188.282715 886.802917
321.000000 310.116180 1248.901978 2773.140381 1414.865845
442.000000 441.976288 369.891693 2169.002686 763.409302
319.000000 662.441528 1020.093811 2764.713379 1176.922729
244.000000 879.368958 896.642334 2615.851807 993.423096
465.000000 1197.282471 452.143402 2710.287598 273.908539
172.000000 362.037170 714.733826 2145.308350 1063.039673
475.000000 1049.798340 1281.841064 2949.936523 1346.140381
1515.000000 363.877930 1513.617310 2905.000000 1662.000000
184.000000 742.460266 626.787720 2390.310303 819.973267
495.000000 749.019714 493.449097 2423.531494 666.647583
127.000000 1116.730957 493.195282 2839.823242 312.939453
519.000000 1056.376343 1268.915771 2957.611084 1327.557495
1331.000000 449.785217 1272.129517 2266.000000 1474.000000
567.000000 405.878632 245.113037 2364.419434 595.970947
102.000000 129.959213 1053.568970 2162.156982 1349.684082
345.000000 988.876587 716.617065 2758.672119 690.171875
346.000000 994.471863 589.903076 2739.246582 540.097534
436.000000 759.475708 496.641235 2435.008545 663.168396
1169.000000 1026.997803 729.876648 2822.000000 667.000000
428.000000 713.482300 369.674042 2353.960449 591.528198
429.000000 823.380310 419.897247 2473.056641 542.659180
1281.000000 291.163452 1216.757568 2151.000000 1458.000000
1334.000000 908.810608 926.938660 2659.000000 1004.000000
1561.000000 1012.000000 723.000000 2798.000000 676.000000
831.000000 1013.000000 693.000000 2792.000000 638.000000
941.000000 706.000000 876.000000 2448.000000 1046.000000
1272.000000 60.000000 446.000000 2843.000000 701.000000
1119.000000 382.000000 546.000000 1929.000000 1006.000000
1088.000000 757.000000 957.000000 2512.000000 1100.000000
934.000000 688.000000 942.000000 2439.000000 1116.000000
879.000000 479.000000 333.000000 2191.000000 713.000000
912.000000 977.000000 539.000000 2708.000000 501.000000
993.000000 722.000000 589.000000 2464.000000 754.000000
689.000000 408.000000 437.000000 2157.000000 831.000000
699.000000 379.000000 1450.000000 2922.000000 1686.000000
1359.000000 538.000000 289.000000 2205.000000 651.000000
1044.000000 1003.000000 1045.000000 2852.000000 1065.000000
158.000000 969.000000 490.000000 2661.958984 471.651550
1107.000000 716.000000 859.000000 2480.000000 1016.000000
692.000000 436.000000 885.000000 2226.000000 1163.000000
1490.000000 336.000000 1319.000000 2254.000000 1522.000000
877.000000 1004.000000 1012.000000 2779.000000 1039.000000
1300.000000 501.000000 611.000000 2216.000000 925.000000
1423.000000 584.000000 408.000000 2267.000000 710.000000
1429.000000 717.000000 653.000000 2382.000000 847.000000
1130.000000 687.000000 967.000000 2443.000000 1140.000000
1288.000000 1014.000000 661.000000 2782.000000 563.000000
643.000000 729.000000 438.000000 2400.000000 629.000000
170.000000 717.000000 380.000000 2362.778320 599.799805
1390.000000 669.000000 1089.000000 2536.000000 1243.000000
760.000000 772.000000 572.000000 2461.000000 720.000000
1001.000000 1017.000000 771.000000 2781.000000 728.000000
1115.000000 395.000000 1105.000000 2148.000000 1359.000000
1198.000000 95.000000 91.000000 2472.000000 538.000000
623.000000 771.000000 606.000000 2412.000000 772.000000
906.000000 468.000000 1085.000000 2902.000000 1214.000000
822.000000 1283.000000 860.000000 2857.000000 697.000000
142.000000 314.000000 1258.000000 2173.805176 1486.415405
260.000000 823.000000 670.000000 2843.208008 669.646667
671.000000 1014.000000 629.000000 2719.000000 586.000000
1275.000000 516.000000 695.000000 2310.000000 1025.000000
1437.000000 773.000000 712.000000 2397.000000 868.000000
988.000000 985.000000 766.000000 2738.000000 758.000000
1175.000000 771.000000 1317.000000 2436.000000 1474.000000
1060.000000 374.000000 748.000000 2838.000000 903.000000
780.000000 418.000000 308.000000 2150.000000 730.000000
1212.000000 754.000000 1009.000000 2517.000000 1150.000000
832.000000 716.000000 1047.000000 2474.000000 1204.000000
1139.000000 935.000000 1289.000000 2753.000000 1390.000000
964.000000 332.000000 1062.000000 2760.000000 1238.000000
967.000000 737.000000 1047.000000 2506.000000 1201.000000
1138.000000 685.000000 1089.000000 2526.000000 1253.000000
1187.000000 374.000000 775.000000 2180.000000 1097.000000
1123.000000 575.000000 831.000000 2300.000000 1083.000000
1329.000000 657.000000 1607.000000 2502.000000 1761.000000
439.000000 809.000000 892.000000 2625.227539 1000.153931
487.000000 964.000000 971.000000 2750.645508 1006.033264
1238.000000 459.000000 665.000000 2196.000000 988.000000
1224.000000 726.000000 518.000000 2406.000000 705.000000
708.000000 770.000000 625.000000 2403.000000 795.000000
512.000000 911.000000 855.000000 2626.165527 924.141418
1286.000000 939.000000 504.000000 2622.000000 514.000000
1181.000000 350.000000 694.000000 2131.000000 1053.000000
1219.000000 297.000000 1161.000000 2147.000000 1412.000000
1374.000000 416.000000 1573.000000 2968.000000 1722.000000
338.000000 1048.000000 889.000000 2859.783936 855.920532
1527.000000 1051.000000 787.000000 2849.000000 721.000000
182.000000 959.000000 924.000000 2890.579102 937.047852
134.000000 892.000000 923.000000 2721.219238 907.284668
1027.000000 184.000000 122.000000 2865.000000 358.000000
944.000000 869.000000 501.000000 2535.000000 580.000000
1436.000000 405.000000 477.000000 2160.000000 862.000000
1116.000000 437.000000 751.000000 2208.000000 1059.000000
1152.000000 748.000000 1606.000000 2595.000000 1762.000000
1554.000000 747.000000 887.000000 2489.000000 1035.000000
1036.000000 707.000000 114.000000 2443.000000 305.000000
658.000000 1002.000000 935.000000 2839.000000 930.000000
1061.000000 35.000000 461.000000 1957.000000 1008.000000
387.000000 950.000000 1326.000000 2786.780762 1421.213013
1267.000000 361.000000 998.000000 2864.000000 1148.000000
1319.000000 480.000000 1240.000000 2270.000000 1447.000000
171.000000 705.000000 618.000000 2378.635742 819.858093
1413.000000 470.000000 1211.000000 2266.000000 1422.000000
975.000000 355.000000 771.000000 2114.000000 1128.000000
157.000000 968.000000 506.000000 2673.805420 486.607391
112.000000 292.000000 1576.000000 2833.021240 1723.372070
996.000000 720.000000 623.000000 2468.000000 788.000000
1348.000000 564.000000 1094.000000 2407.000000 1252.000000
1012.000000 1046.000000 1251.000000 2946.000000 1308.000000
1274.000000 654.000000 1089.000000 2885.000000 1209.000000
1283.000000 371.000000 871.000000 2182.000000 1172.000000
230.000000 407.000000 1218.000000 2277.444824 1435.335815
1195.000000 388.000000 1514.000000 2862.000000 1663.000000
1176.000000 1053.000000 1200.000000 2837.000000 1257.000000
980.000000 952.000000 753.000000 2685.000000 772.000000
1136.000000 389.000000 389.000000 2137.000000 807.000000
1357.000000 778.000000 426.000000 2379.000000 606.000000
1353.000000 339.000000 1275.000000 2266.000000 1486.000000
995.000000 978.000000 510.000000 2704.000000 467.000000
1411.000000 519.000000 1618.000000 2290.000000 1770.000000
821.000000 799.000000 863.000000 2511.000000 992.000000
994.000000 360.000000 566.000000 2123.000000 955.000000
676.000000 755.000000 983.000000 2514.000000 1124.000000
880.000000 312.000000 1060.000000 2740.000000 1241.000000
1549.000000 832.000000 728.000000 2519.000000 839.000000
1512.000000 810.000000 783.000000 2402.000000 940.000000
1192.000000 728.000000 855.000000 2466.000000 1014.000000
824.000000 517.000000 616.000000 2229.000000 921.000000
734.000000 686.000000 994.000000 2445.000000 1165.000000
867.000000 332.000000 1363.000000 2259.000000 1556.000000
1420.000000 347.000000 1057.000000 2168.000000 1326.000000
1121.000000 1280.000000 1211.000000 2923.000000 1211.000000
1099.000000 640.000000 656.000000 2326.000000 898.000000
1347.000000 284.000000 158.000000 1754.000000 841.000000
1538.000000 888.000000 1084.000000 2464.000000 1216.000000
1251.000000 953.000000 735.000000 2683.000000 752.000000
1338.000000 659.000000 846.000000 2385.000000 1051.000000
1493.000000 1297.000000 1313.000000 2956.000000 1355.000000
723.000000 303.000000 1180.000000 2755.000000 1350.000000
1160.000000 750.000000 1535.000000 2273.000000 1572.000000
607.000000 691.000000 199.000000 2465.000000 383.000000
288.000000 1010.000000 1310.000000 2766.733887 1407.338745
276.000000 65.000000 428.000000 2843.518066 677.118469
1523.000000 741.000000 970.000000 2427.000000 1147.000000
1556.000000 1294.000000 604.000000 2809.000000 370.000000
1246.000000 346.000000 1659.000000 2895.000000 1810.000000
1282.000000 582.000000 1090.000000 2349.000000 1260.000000
1315.000000 686.000000 1172.000000 2467.000000 1326.000000
946.000000 1030.000000 698.000000 2484.000000 748.000000
1203.000000 58.000000 470.000000 1968.000000 1005.000000
1252.000000 473.000000 421.000000 2210.000000 780.000000
873.000000 433.000000 926.000000 2185.000000 1206.000000
1367.000000 888.000000 765.000000 2584.000000 788.000000
1564.000000 311.000000 1317.000000 2190.000000 1527.000000
930.000000 690.000000 218.000000 2223.000000 524.000000
1458.000000 386.000000 429.000000 2139.000000 838.000000
1399.000000 646.000000 1275.000000 2452.000000 1443.000000
733.000000 569.000000 868.000000 2300.000000 1107.000000
807.000000 296.000000 1514.000000 2908.000000 1675.000000
668.000000 401.000000 516.000000 2162.000000 892.000000
1265.000000 723.000000 553.000000 2409.000000 739.000000
1191.000000 1010.000000 1322.000000 2782.000000 1420.000000
1361.000000 742.000000 945.000000 2454.000000 1103.000000
1306.000000 671.000000 943.000000 2424.000000 1124.000000
1314.000000 1019.000000 939.000000 2860.000000 925.000000

0.000000 1422.198486 582.306885 381.466125 70.352875 3070.291504 130.621628 1735.103027 756.665161
54.000000 995.939331 451.557892 70.286995 19.385303 2669.346436 405.211151 2387.471924 531.793091
4.000000 287.931183 1793.561157 1227.193604 1743.151489 2006.427856 1907.789551 2992.780273 1938.033325
6.000000 1217.313843 1735.219971 284.250183 1774.895386 2989.673096 1921.022339 2016.389038 1898.855225
24.000000 148.425430 259.512512 71.875046 1030.186279 1989.200317 843.191650 2018.284058 1363.242920
15.000000 124.464722 1026.776855 198.196136 269.824280 1801.998901 1550.245728 1779.765991 826.469055
29.000000 247.183273 1053.379639 312.537170 323.859253 2108.863281 1346.740723 2076.485107 850.011841
40.000000 367.231110 98.834610 940.162537 376.331085 2097.046875 614.165833 2509.606445 425.804657
53.000000 581.576477 426.542694 539.235352 1026.612671 2255.399170 733.200806 2276.312500 1059.167236
208.000000 237.235931 65.467209 757.186279 312.238556 2219.805176 579.565552 2343.655029 524.050781
14.000000 1094.228149 616.774353 1079.707642 1186.744141 2886.409668 483.369720 2988.307617 1203.100952
36.000000 936.510315 383.656097 425.366028 136.017975 2519.910889 429.804443 2090.846924 625.193298
23.000000 1033.878052 1186.010254 501.013458 1146.374878 2721.460938 1293.909546 2182.612305 1345.854248
77.000000 228.859543 826.562500 276.658203 303.332550 2076.534424 1183.341431 2062.403564 953.390503
186.000000 264.403900 520.093689 218.909210 1039.904541 2083.233643 1193.340576 2093.969971 1339.953369
155.000000 16.607542 10.705805 456.498108 213.122314 1983.721436 714.290283 2140.315186 650.776917
149.000000 524.686523 157.242493 936.899170 359.526245 2206.768799 550.220337 2363.705811 477.469971
48.000000 682.642151 1586.807251 703.036987 1203.494873 2524.493408 1740.208618 2487.930908 1359.238892
49.000000 746.036560 1206.330444 728.505554 1586.751465 2532.866943 1373.383179 2572.105225 1740.131348
61.000000 1024.127930 475.598480 1352.750000 624.619690 2733.256104 390.778259 2971.432861 286.609558
31.000000 1108.850464 829.972778 1100.565186 1180.013428 2949.125244 652.973999 3019.820068 1136.692993
68.000000 300.306976 1226.912598 276.888489 1573.573486 2157.487549 1463.271851 2175.734863 1706.736450
117.000000 356.529510 506.868622 376.341736 193.312805 2141.388916 903.228760 2127.338867 716.616028
96.000000 1095.362915 1096.633789 1103.169800 786.662537 3002.297363 1080.152832 2972.300049 876.819092
103.000000 385.086853 203.464355 362.417786 506.847321 2118.490723 706.550537 2131.229736 906.588379
174.000000 296.842041 1198.413086 3.044681 1165.945312 2149.883789 1442.366455 2000.043579 1460.363159
89.000000 776.811523 1620.006836 790.442383 1329.864136 2613.382324 1782.961060 2589.946777 1570.005859
95.000000 759.809204 353.103973 1020.626160 471.959290 2397.325195 538.103210 2584.407471 452.343384
193.000000 290.365021 1179.837769 6.989021 1150.246338 2143.256348 1429.429199 1999.831055 1448.745361
289.000000 687.464233 620.031921 698.810730 336.619049 2346.289551 676.710266 2334.325928 573.218567
32.000000 1152.002319 643.298706 1144.717651 923.282654 2998.117432 430.291565 3072.355713 909.635132
201.000000 3.299117 1280.458618 280.165680 1301.112427 2009.738037 1533.741211 2150.104736 1521.170654
199.000000 512.169006 1503.484619 531.478699 1226.537354 2674.793945 1520.189575 2660.563232 1379.605591
50.000000 912.294617 836.745239 921.541016 566.719421 2657.880371 959.570374 2610.666992 599.912476
88.000000 705.364197 353.433136 692.750732 610.135132 2344.752441 586.532593 2364.904785 799.851562
115.000000 571.255615 1213.042114 557.782898 1463.393433 2277.444824 1435.335815 2300.697754 1623.658813
52.000000 1032.061401 1563.292725 1040.038330 1313.228271 2992.085205 1726.831421 2947.235840 1387.031494
198.000000 54.766609 350.126343 76.547417 103.028999 1963.773315 899.983398 1958.361572 756.728577
70.000000 339.750244 767.259705 317.283569 1010.365051 2127.760254 1046.584839 2145.736816 1286.736206
217.000000 776.872803 322.889435 979.783691 417.132385 2443.165527 479.631042 2559.930664 426.514313
65.000000 820.273071 640.014893 832.467041 416.619385 2485.998047 516.441101 2506.895020 763.314026
79.000000 956.019897 710.101807 964.483215 486.710236 2661.958984 471.651550 2687.732910 699.880798
55.000000 1045.792969 1113.302734 1053.616943 889.893188 2910.943115 1143.640869 2871.954590 840.606262
75.000000 983.626404 1207.967773 769.930664 1177.147583 2463.207275 1329.207275 2233.196045 1365.803345
185.000000 210.493073 1033.373657 227.167801 829.768066 2086.632568 1336.669067 2076.159180 1190.036255
58.000000 1056.042236 716.643677 1063.290283 519.998413 2843.013428 660.471191 2808.528076 393.093262
254.000000 125.176880 576.516968 144.576675 383.458282 2070.540039 973.301758 2077.361084 1089.959351
184.000000 582.789124 1026.845093 594.946106 836.769836 2326.035889 1200.046753 2315.140625 1053.199219
268.000000 52.806301 213.273087 32.192982 393.584045 1930.066772 859.822632 1935.989014 973.368652
248.000000 532.778076 571.581299 362.682037 511.854828 2227.029297 881.098694 2113.916992 918.434631
273.000000 361.990601 523.658752 521.623535 582.242737 2122.124023 925.902100 2228.037354 894.644470
196.000000 602.751099 274.487549 754.468872 351.023438 2248.760010 596.850769 2382.377930 544.239990
197.000000 637.861206 593.672485 649.909607 432.827179 2318.130859 836.572327 2308.903809 693.403992
228.000000 454.739349 373.441101 442.725067 530.208862 2178.473633 763.189941 2188.282715 886.802917
223.000000 429.732422 523.311951 441.976288 369.891693 2178.656738 890.102356 2169.002686 763.409302
122.000000 879.368958 896.642334 873.837769 1040.019409 2615.851807 993.423096 2636.040039 1176.735718
240.000000 1183.355103 1296.468140 1049.798340 1281.841064 3070.198975 1331.651733 2949.936523 1346.140381
194.000000 449.785217 1272.129517 319.763092 1259.015503 2930.100098 1407.729858 2786.780762 1421.213013
287.000000 525.208008 298.758301 405.878632 245.113037 2461.155029 556.138184 2364.419434 595.970947
173.000000 988.876587 716.617065 994.471863 589.903076 2758.672119 690.171875 2739.246582 540.097534
220.000000 759.475708 496.641235 753.493835 620.007812 2435.008545 663.168396 2447.519775 790.244202
216.000000 713.482300 369.674042 823.380310 419.897247 2353.960449 591.528198 2473.056641 542.659180
