Keypoint Matches and Line Matches for pairs 3, 17 
3 corresponds to the image ./resources/Data/CastleP30/images/0003.png 
17 corresponds to the image ./resources/Data/CastleP30/images/0017.png 

556.000000 312.537170 323.859253 2818.235107 386.864716
87.000000 581.576477 426.542694 2758.163086 363.150482
65.000000 501.013458 1146.374878 2592.444580 1185.030762
223.000000 2287.038330 638.666016 186.787445 720.545837
558.000000 664.733337 1119.594482 2903.322266 1031.266479
1532.000000 703.036987 1203.494873 2886.000000 1158.000000
97.000000 300.306976 1226.912598 2730.144775 1353.317261
118.000000 276.888489 1573.573486 2541.117920 1696.832886
122.000000 722.765686 1140.684204 2894.469971 1063.160156
148.000000 317.283569 1010.365051 247.178513 1307.160645
161.000000 739.871033 1021.062195 3070.007568 893.437012
142.000000 506.721558 1034.300049 2642.606445 1007.260925
162.000000 582.789124 1026.845093 2856.107910 908.974243
340.000000 1034.739258 733.267700 787.482117 1079.808472
1555.000000 266.657898 1582.218994 2528.000000 1709.000000
159.000000 1539.006226 461.584167 2009.975220 479.791748
160.000000 1719.758911 449.673889 2225.178467 454.168457
1456.000000 456.729492 1592.607544 2847.000000 1712.000000
493.000000 15.560108 619.476562 396.703766 1098.934204
398.000000 416.757904 840.007507 348.187073 1176.835449
384.000000 387.518097 1006.164978 323.806458 1293.010986
385.000000 402.174286 836.279114 336.958740 1176.323853
335.000000 361.990601 523.658752 293.408722 964.598145
166.000000 2904.514893 603.574158 63.157368 739.975586
555.000000 637.861206 593.672485 2828.660889 479.776215
464.000000 509.677887 737.797241 2764.027588 761.091858
1365.000000 2887.053955 615.668335 42.000000 751.000000
435.000000 429.732422 523.311951 364.662445 943.480225
115.000000 566.639954 1152.523926 2644.959961 1165.169067
116.000000 720.026123 1147.457275 2897.121582 1076.225586
527.000000 639.951660 1132.141357 3006.768311 1045.413818
404.000000 547.631226 1023.401550 2858.999023 903.445679
405.000000 558.002441 876.761108 2846.311523 790.414001
548.000000 873.837769 1040.019409 2942.529297 900.102966
230.000000 646.708313 1034.074463 3070.042236 907.228577
530.000000 2420.021973 693.465942 336.595276 762.415039
436.000000 749.019714 493.449097 376.469910 836.644897
532.000000 319.763092 1259.015503 256.613312 1479.554321
451.000000 1049.945435 1360.767090 2179.996094 1510.950073
414.000000 1003.263977 593.330872 387.426941 836.750610
465.000000 1032.062378 606.614441 664.013123 906.721741
266.000000 1197.490479 352.421906 1824.683716 520.281982
1102.000000 1042.000000 355.000000 508.000000 575.000000
1045.000000 60.000000 446.000000 2747.000000 596.000000
587.000000 2494.000000 485.000000 234.000000 603.000000
618.000000 636.000000 758.000000 2978.000000 579.000000
606.000000 365.000000 955.000000 307.000000 1233.000000
1467.000000 716.000000 859.000000 2988.000000 706.000000
857.000000 315.000000 1273.000000 2745.000000 1372.000000
850.000000 767.000000 686.000000 3010.000000 508.000000
1394.000000 669.000000 1089.000000 2977.000000 993.000000
1332.000000 72.000000 450.000000 2912.000000 475.000000
1383.000000 535.000000 1057.000000 2867.000000 949.000000
629.000000 95.000000 91.000000 254.000000 583.000000
849.000000 2496.000000 506.000000 231.000000 623.000000
1017.000000 654.000000 398.000000 2802.000000 245.000000
760.000000 1237.000000 1227.000000 2530.000000 1273.000000
1041.000000 700.000000 1012.000000 3015.000000 882.000000
830.000000 1059.000000 366.000000 521.000000 587.000000
564.000000 431.000000 1574.000000 2640.010742 1722.462524
878.000000 320.000000 1513.000000 2818.000000 1633.000000
993.000000 737.000000 1047.000000 2910.000000 939.000000
1345.000000 657.000000 1607.000000 2931.000000 1745.000000
684.000000 2475.000000 489.000000 214.000000 602.000000
706.000000 896.000000 257.000000 472.000000 521.000000
1198.000000 1694.000000 359.000000 2201.000000 372.000000
1184.000000 964.000000 971.000000 2733.000000 920.000000
1370.000000 720.000000 928.000000 3041.000000 642.000000
772.000000 297.000000 1161.000000 2716.000000 1281.000000
92.000000 416.000000 1573.000000 2849.394287 1703.396729
995.000000 1648.000000 356.000000 2142.000000 372.000000
659.000000 317.000000 1559.000000 2823.000000 1681.000000
1143.000000 2294.000000 593.000000 194.000000 675.000000
1341.000000 50.000000 717.000000 2788.000000 841.000000
1328.000000 748.000000 1606.000000 3052.000000 1739.000000
1202.000000 35.000000 461.000000 2738.000000 626.000000
655.000000 361.000000 998.000000 300.000000 1293.000000
1479.000000 470.000000 1211.000000 2780.000000 1255.000000
242.000000 292.000000 1576.000000 2558.226318 1700.168457
1338.000000 636.000000 1039.000000 3022.000000 940.000000
953.000000 545.000000 1056.000000 2930.000000 940.000000
1267.000000 564.000000 1094.000000 2636.000000 1107.000000
691.000000 328.000000 1423.000000 2806.000000 1537.000000
1499.000000 661.000000 1117.000000 3015.000000 1022.000000
1138.000000 371.000000 871.000000 319.000000 1135.000000
1352.000000 1622.000000 354.000000 2117.000000 372.000000
1483.000000 1733.000000 427.000000 2256.000000 425.000000
1195.000000 753.000000 1024.000000 2998.000000 897.000000
1140.000000 607.000000 1040.000000 2819.000000 965.000000
1296.000000 634.000000 1103.000000 3060.000000 1002.000000
1166.000000 460.000000 700.000000 3022.000000 523.000000
646.000000 332.000000 1363.000000 2799.000000 1473.000000
958.000000 474.000000 995.000000 2662.000000 913.000000
372.000000 640.000000 656.000000 2743.893311 564.053650
964.000000 1770.000000 473.000000 2318.000000 470.000000
1094.000000 888.000000 1084.000000 3021.000000 972.000000
638.000000 1693.000000 336.000000 2189.000000 335.000000
1289.000000 664.000000 1042.000000 3015.000000 928.000000
961.000000 2492.000000 465.000000 236.000000 583.000000
1458.000000 14.000000 558.000000 2685.000000 660.000000
1549.000000 697.000000 886.000000 2988.000000 720.000000
387.000000 65.000000 428.000000 2747.533936 579.068787
1109.000000 1404.000000 521.000000 1846.000000 594.000000
1134.000000 582.000000 1090.000000 2768.000000 1037.000000
1439.000000 686.000000 1172.000000 2864.000000 1124.000000
965.000000 428.000000 1080.000000 2542.000000 1242.000000
962.000000 778.000000 915.000000 2992.000000 736.000000
557.000000 639.000000 1118.000000 2996.677490 1032.076050
1476.000000 569.000000 868.000000 2914.000000 757.000000
75.000000 720.000000 1125.000000 2905.550537 1040.526733

12.000000 1422.198486 582.306885 381.466125 70.352875 881.701599 899.400330 402.828308 461.076782
1.000000 1373.563232 649.952209 1369.666748 1446.681396 2349.912842 613.087769 2427.604736 1640.181152
6.000000 1381.310791 1446.674072 1385.747803 656.624084 2421.365479 1383.230835 2362.845947 603.620117
0.000000 148.425430 259.512512 71.875046 1030.186279 196.262558 729.946106 56.039303 1780.805908
3.000000 124.464722 1026.776855 198.196136 269.824280 78.006142 1723.950806 210.912781 718.108643
83.000000 247.183273 1053.379639 312.537170 323.859253 33.974453 950.089050 63.157368 739.975586
44.000000 581.576477 426.542694 539.235352 1026.612671 2758.163086 363.150482 2798.934326 696.796875
65.000000 936.510315 383.656097 425.366028 136.017975 610.033997 672.207825 359.997681 670.303101
32.000000 1033.878052 1186.010254 501.013458 1146.374878 3063.990479 1052.027100 2592.444580 1185.030762
285.000000 1050.251587 1171.463379 664.733337 1119.594482 2996.677490 1032.076050 2903.322266 1031.266479
27.000000 682.642151 1586.807251 703.036987 1203.494873 2962.154785 1717.206299 2900.686768 1203.251221
112.000000 1024.127930 475.598480 1352.750000 624.619690 3.221032 712.591675 186.787445 720.545837
50.000000 776.811523 1620.006836 790.442383 1329.864136 2800.486084 1700.323853 2765.539795 1393.082397
146.000000 571.255615 1213.042114 557.782898 1463.393433 2965.909668 1203.445923 2989.206787 1360.117920
81.000000 739.871033 1021.062195 506.721558 1034.300049 3070.007568 893.437012 2856.107910 908.974243
46.000000 973.171265 1336.661377 965.674377 1566.634277 2815.581787 1380.113525 2849.394287 1703.396729
173.000000 1041.210693 543.261047 1034.739258 733.267700 797.624268 946.485962 787.482117 1079.808472
80.000000 1539.006226 461.584167 1719.758911 449.673889 2009.975220 479.791748 2225.178467 454.168457
165.000000 319.508514 1019.508667 491.848206 1049.312988 249.999298 1320.046021 390.017670 1322.167358
263.000000 3.850562 793.368164 15.560108 619.476562 15.881897 939.388489 30.214397 842.870178
161.000000 490.575958 1036.845337 320.170410 1005.733337 393.325165 1307.058960 249.984573 1304.074585
203.000000 416.757904 840.007507 402.723999 1010.224609 348.187073 1176.835449 335.599213 1290.251465
224.000000 472.883850 856.630859 459.344177 1026.614380 640.247070 1226.688965 630.596008 1333.387207
196.000000 387.518097 1006.164978 402.174286 836.279114 323.806458 1293.010986 336.958740 1176.323853
171.000000 361.990601 523.658752 521.623535 582.242737 293.408722 964.598145 430.136749 969.582092
284.000000 637.861206 593.672485 649.909607 432.827179 2828.660889 479.776215 2818.235107 386.864716
270.000000 509.677887 737.797241 356.437775 694.136719 433.276001 765.273071 336.595276 762.415039
211.000000 454.739349 373.441101 442.725067 530.208862 387.426941 836.750610 375.267883 946.880249
188.000000 310.116180 1248.901978 463.495728 1265.132080 243.305679 1472.183716 369.994232 1473.788452
222.000000 429.732422 523.311951 441.976288 369.891693 364.662445 943.480225 376.469910 836.644897
58.000000 566.639954 1152.523926 720.026123 1147.457275 2644.959961 1165.169067 2897.121582 1076.225586
193.000000 356.586700 700.281067 503.676270 742.127930 286.698944 1089.020752 406.678497 1092.974365
269.000000 639.951660 1132.141357 490.062988 1138.220093 3006.768311 1045.413818 2910.010498 1047.231201
206.000000 547.631226 1023.401550 558.002441 876.761108 2858.999023 903.445679 2846.311523 790.414001
116.000000 786.725708 1036.322998 646.708313 1034.074463 3070.042236 907.228577 2890.305420 920.731995
271.000000 449.785217 1272.129517 319.763092 1259.015503 353.308563 1481.340576 256.613312 1479.554321
233.000000 759.475708 496.641235 753.493835 620.007812 337.031799 836.709351 324.937927 940.187561
287.000000 405.813019 258.621429 517.755493 307.506683 336.673401 771.228088 430.005768 771.526550
