Keypoint Matches and Line Matches for pairs 3, 25 
3 corresponds to the image ./resources/Data/CastleP30/images/0003.png 
25 corresponds to the image ./resources/Data/CastleP30/images/0025.png 

17.000000 1422.198486 582.306885 654.313171 604.284546
4.000000 1373.563232 649.952209 614.673035 673.693298
7.000000 1385.747803 656.624084 627.553894 680.067444
26.000000 2300.195557 581.008667 1766.669434 580.012634
0.000000 2307.574707 634.140747 1781.172363 643.185547
19.000000 1766.443237 735.464783 1099.682495 785.126953
20.000000 2287.038330 638.666016 1760.458130 648.888672
34.000000 2266.853027 587.624817 1733.559448 587.695190
11.000000 2298.462646 643.220703 1771.237671 656.637329
812.000000 1755.055054 1253.296265 962.000000 1353.000000
22.000000 1352.750000 624.619690 619.618042 664.320679
378.000000 1522.713867 430.037567 850.256042 474.235352
277.000000 1736.464233 416.745422 1113.594727 444.962616
90.000000 1272.138672 963.314453 220.049500 983.004028
147.000000 2765.409668 1149.416016 2056.326416 1222.800659
190.000000 2959.729248 1133.316284 1976.258423 1231.523315
134.000000 1279.736572 623.300659 257.092468 605.473328
193.000000 2728.811768 793.014038 2019.538696 840.019653
156.000000 2919.587158 766.965149 2202.388184 810.759094
118.000000 2964.490967 1133.589722 1979.090332 1230.041870
119.000000 2942.043213 943.092590 1970.021729 1033.178833
77.000000 1532.666138 442.480133 862.602417 478.496307
196.000000 2936.826660 938.105652 1966.922852 1028.794189
146.000000 2749.876221 958.887146 2043.417847 1017.354614
112.000000 2746.414795 963.034973 2040.889038 1023.288269
164.000000 2900.210693 601.253906 2190.206787 634.431274
131.000000 2717.005859 632.020386 2276.543213 619.338440
561.000000 1610.318726 670.035950 954.973389 706.470703
350.000000 1443.013916 594.788147 678.956909 612.767517
512.000000 1539.006226 461.584167 872.855408 504.834778
437.000000 1719.758911 449.673889 1100.148438 492.050446
86.000000 1806.875610 1579.994385 604.345337 1697.790649
463.000000 1269.613525 813.328735 207.647812 756.419067
1338.000000 1204.664673 424.440338 298.000000 389.000000
310.000000 2926.900635 952.143799 1953.398193 1043.862793
254.000000 2763.692871 969.959717 2059.890381 1029.104614
172.000000 2922.772217 766.729431 2204.918945 813.446533
173.000000 2904.514893 603.574158 2193.482666 636.872864
297.000000 2086.373535 1037.350586 1583.190308 1082.137207
230.000000 2566.903564 658.112976 1960.041626 680.224792
231.000000 2406.829102 684.325745 1803.205322 709.309692
211.000000 2582.868896 816.194824 1969.210205 848.212952
275.000000 2887.053955 615.668335 2176.757324 650.496094
276.000000 2730.278564 641.678833 2030.113770 677.289246
180.000000 2714.059814 636.601318 2272.383057 623.168091
181.000000 1945.609375 1210.041992 770.799500 1283.374268
182.000000 1939.378540 1053.225586 779.670715 1109.983154
202.000000 2585.195068 813.453125 1972.000854 850.065552
203.000000 2572.705078 660.051147 1963.801392 683.474365
340.000000 2940.048828 1120.602783 1956.786011 1218.080444
1463.000000 2786.643555 1133.048096 2069.000000 1208.000000
149.000000 1804.151733 1066.643921 652.039001 1080.151367
150.000000 1808.425049 1220.043823 638.427612 1263.464111
267.000000 2072.048828 743.268494 1417.530273 786.692078
295.000000 2900.364746 755.932251 2183.787598 799.451782
296.000000 2750.050781 777.028320 2040.462402 822.834595
108.000000 1872.006104 1556.688721 738.338806 1693.224243
477.000000 2221.222168 724.101318 1540.132202 770.683960
478.000000 2077.391846 747.744202 1427.154053 792.521729
336.000000 2556.814697 670.896606 1946.799194 694.033142
337.000000 2420.021973 693.465942 1813.817505 719.222839
541.000000 2583.642334 989.598022 1353.633545 1115.741089
306.000000 1933.800537 906.497437 1218.951660 966.540405
334.000000 2563.920410 804.056335 1953.835938 836.383728
335.000000 2430.014893 823.436829 1820.283691 858.388367
308.000000 2212.837646 866.855896 1552.946655 914.332947
368.000000 1809.713989 1223.013062 640.607361 1265.979736
369.000000 1943.013428 1212.579224 767.401672 1285.134521
454.000000 1803.044678 924.630188 1096.284302 987.620178
414.000000 1936.970215 1049.475220 776.824097 1106.001953
339.000000 1806.690796 1063.556641 1230.664062 1118.522705
345.000000 2552.253662 1530.110840 1037.509155 1656.578735
465.000000 1799.902222 923.335266 952.950195 1023.311096
386.000000 1933.394897 1394.187134 749.928833 1484.545166
387.000000 1806.657593 1396.049683 623.307434 1477.108154
493.000000 1923.432495 767.263550 1216.919434 821.297363
435.000000 1800.179321 787.745911 1253.477539 814.103394
502.000000 2229.704590 1190.044434 1209.866943 1298.150146
438.000000 1434.477539 486.913208 652.018433 478.134827
439.000000 1316.058228 524.763245 540.675415 524.940063
320.000000 1197.490479 352.421906 280.977051 302.152313
321.000000 1082.698608 391.467102 153.369919 360.080597
292.000000 1529.394775 469.946655 869.092407 506.744446
278.000000 1620.332275 402.509125 966.349182 422.353912
495.000000 2209.742676 854.838867 1536.769775 903.938171
496.000000 2093.503662 871.208679 1427.116089 922.635376
299.000000 1506.781738 430.454315 827.706787 460.451935
682.000000 1895.000000 848.000000 1189.000000 907.000000
790.000000 1843.000000 856.000000 1140.000000 915.000000
657.000000 1653.000000 821.000000 997.000000 850.000000
770.000000 1251.000000 747.000000 420.000000 791.000000
750.000000 1251.000000 718.000000 423.000000 765.000000
721.000000 1906.000000 1165.000000 1180.000000 1246.000000
783.000000 1693.000000 952.000000 1034.000000 1008.000000
711.000000 1696.000000 1107.000000 1027.000000 1176.000000
792.000000 1659.000000 1237.000000 978.000000 1303.000000
595.000000 1641.000000 823.000000 984.000000 846.000000
880.000000 1851.000000 1505.000000 635.000000 1607.000000
1052.000000 1643.000000 965.000000 978.000000 993.000000
797.000000 1861.000000 853.000000 1155.000000 913.000000
656.000000 1672.000000 1234.000000 992.000000 1306.000000
611.000000 1655.000000 962.000000 991.000000 997.000000
1391.000000 1252.000000 679.000000 467.000000 742.000000
1453.000000 2726.000000 642.000000 2286.000000 629.000000
601.000000 1853.000000 1170.000000 1131.000000 1251.000000
612.000000 1665.000000 803.000000 1011.000000 837.000000
820.000000 1843.000000 877.000000 1140.000000 938.000000
768.000000 1691.000000 812.000000 1039.000000 862.000000
1383.000000 1924.000000 1189.000000 1294.000000 1262.000000
841.000000 1425.000000 548.000000 575.000000 552.000000
634.000000 1488.000000 1142.000000 721.000000 1223.000000
664.000000 1679.000000 815.000000 1026.000000 858.000000
955.000000 1681.000000 954.000000 1020.000000 1005.000000
1198.000000 1645.000000 1104.000000 970.000000 1143.000000
471.000000 2159.000000 1061.000000 1306.068237 1146.658569
1170.000000 1690.000000 766.000000 1041.000000 812.000000
814.000000 1488.000000 1115.000000 723.000000 1193.000000
795.000000 2833.000000 1570.000000 128.000000 1694.000000
582.000000 1693.000000 936.000000 1034.000000 991.000000
1296.000000 1684.000000 1110.000000 1013.000000 1172.000000
965.000000 1655.000000 404.000000 1015.000000 428.000000
916.000000 2286.000000 912.000000 1411.000000 990.000000
1500.000000 1914.000000 845.000000 1205.000000 905.000000
1255.000000 1654.000000 914.000000 993.000000 945.000000
1234.000000 2565.000000 954.000000 1255.000000 1063.000000
1302.000000 2798.000000 1653.000000 70.000000 1797.000000
891.000000 2847.000000 1084.000000 1884.000000 1178.000000
605.000000 1683.000000 1076.000000 1014.000000 1138.000000
509.000000 1811.000000 1406.000000 629.997620 1490.046387
607.000000 1650.000000 670.000000 1003.000000 702.000000
699.000000 1488.000000 811.000000 728.000000 863.000000
591.000000 1670.000000 1115.000000 997.000000 1167.000000
622.000000 1654.000000 930.000000 992.000000 963.000000
602.000000 1687.000000 1264.000000 1006.000000 1347.000000
1177.000000 1854.000000 1195.000000 1130.000000 1278.000000
1235.000000 898.000000 284.000000 96.000000 225.000000
669.000000 2135.000000 1014.000000 1191.000000 1099.000000
1214.000000 1709.000000 1087.000000 1042.000000 1162.000000
754.000000 2489.000000 805.000000 1880.000000 838.000000
1485.000000 1014.000000 629.000000 103.000000 664.000000
1244.000000 1692.000000 904.000000 1035.000000 957.000000
1226.000000 1265.000000 751.000000 443.000000 798.000000
1051.000000 1905.000000 1138.000000 1333.000000 1200.000000
705.000000 1650.000000 655.000000 1004.000000 686.000000
448.000000 1764.000000 486.000000 1179.359741 533.324280
1412.000000 1703.000000 1446.000000 639.000000 1565.000000
713.000000 1440.000000 459.000000 655.000000 431.000000
623.000000 1870.000000 1194.000000 1142.000000 1277.000000
701.000000 1850.000000 1084.000000 1182.000000 1153.000000
1199.000000 1861.000000 874.000000 1154.000000 935.000000
828.000000 1922.000000 1075.000000 1147.000000 1157.000000
9.000000 896.000000 257.000000 0.042720 157.084976
1243.000000 1650.000000 1447.000000 623.000000 1535.000000
1049.000000 2819.000000 1086.000000 2109.000000 1154.000000
1114.000000 2466.000000 808.000000 1924.000000 832.000000
573.000000 1927.000000 1202.000000 1196.711182 1283.798706
613.000000 1667.000000 927.000000 1006.000000 966.000000
640.000000 2555.000000 1078.000000 1859.000000 1147.000000
853.000000 1653.000000 790.000000 999.000000 816.000000
586.000000 1699.000000 1261.000000 976.000000 1339.000000
1126.000000 1852.000000 1530.000000 633.000000 1638.000000
1197.000000 2464.000000 785.000000 1857.000000 817.000000
677.000000 2142.000000 1145.000000 1444.000000 1220.000000
758.000000 1695.000000 1073.000000 985.000000 1129.000000
1196.000000 2414.000000 693.000000 1809.000000 719.000000
835.000000 1671.000000 389.000000 1040.000000 416.000000
709.000000 1650.000000 640.000000 1005.000000 670.000000
1228.000000 2922.000000 1044.000000 2209.000000 1110.000000
1104.000000 2439.000000 789.000000 1832.000000 821.000000
1353.000000 1828.000000 637.000000 1279.000000 646.000000
1215.000000 1698.000000 1243.000000 976.000000 1320.000000
474.000000 2281.000000 1034.000000 1531.498047 1083.635986
852.000000 1893.000000 798.000000 1190.000000 854.000000
1489.000000 2128.000000 857.000000 1498.000000 901.000000
774.000000 2816.000000 1054.000000 2108.000000 1120.000000
652.000000 1658.000000 1220.000000 978.000000 1285.000000
625.000000 1654.000000 946.000000 992.000000 980.000000
630.000000 1670.000000 1098.000000 998.000000 1150.000000
1182.000000 2467.000000 1156.000000 1405.000000 1265.000000
1115.000000 1924.000000 1137.000000 1198.000000 1216.000000
729.000000 1860.000000 894.000000 1151.000000 957.000000
1349.000000 1648.000000 356.000000 1070.000000 393.000000
803.000000 1706.000000 917.000000 1048.000000 978.000000
1398.000000 1876.000000 872.000000 1169.000000 932.000000
1388.000000 2294.000000 593.000000 1758.000000 590.000000
381.000000 1252.000000 624.000000 413.293640 673.445557
798.000000 1638.000000 642.000000 992.000000 666.000000
801.000000 1662.000000 638.000000 1018.000000 673.000000
1352.000000 2136.000000 1053.000000 1501.000000 1116.000000
688.000000 1683.000000 1093.000000 1014.000000 1155.000000
1451.000000 1651.000000 1464.000000 622.000000 1564.000000
969.000000 1679.000000 799.000000 1026.000000 842.000000
572.000000 1821.000000 1210.000000 656.552917 1254.039185
1158.000000 1907.000000 1191.000000 1179.000000 1274.000000
1459.000000 2271.000000 581.000000 1738.000000 595.000000
922.000000 2808.000000 709.000000 2102.000000 749.000000
731.000000 2143.000000 1172.000000 1444.000000 1249.000000
985.000000 1439.000000 538.000000 665.000000 544.000000
751.000000 1672.000000 1252.000000 990.000000 1342.000000
742.000000 1671.000000 1217.000000 992.000000 1289.000000
1036.000000 1656.000000 1067.000000 731.000000 1134.000000
1120.000000 1701.000000 407.000000 1069.000000 436.000000
1386.000000 1462.000000 826.000000 713.000000 882.000000
776.000000 1645.000000 1121.000000 970.000000 1160.000000
649.000000 2140.000000 1116.000000 1444.000000 1190.000000
943.000000 1701.000000 660.000000 1059.000000 702.000000
592.000000 1696.000000 1090.000000 984.000000 1146.000000
762.000000 1693.000000 920.000000 1035.000000 974.000000
655.000000 1844.000000 897.000000 1139.000000 959.000000
693.000000 1850.000000 1445.000000 695.000000 1538.000000
757.000000 1688.000000 663.000000 1045.000000 714.000000
1265.000000 1487.000000 1193.000000 719.000000 1253.000000
738.000000 1693.000000 391.000000 1068.000000 420.000000
920.000000 1709.000000 1070.000000 1042.000000 1144.000000
1324.000000 1852.000000 1143.000000 1132.000000 1223.000000
662.000000 1676.000000 635.000000 1033.000000 678.000000
1222.000000 1832.000000 1171.000000 1112.000000 1253.000000
846.000000 2780.000000 713.000000 2076.000000 753.000000
1393.000000 2770.000000 465.000000 1568.000000 602.000000
654.000000 1665.000000 788.000000 1012.000000 820.000000
1028.000000 1683.000000 1059.000000 714.000000 1120.000000
1356.000000 2046.000000 1265.000000 911.000000 1372.000000
1246.000000 2437.000000 766.000000 1831.000000 795.000000
1128.000000 2222.000000 1109.000000 1522.000000 1182.000000
528.000000 1821.000000 1571.000000 616.673767 1684.932983
1078.000000 2102.000000 818.000000 1442.000000 863.000000
1085.000000 1950.000000 627.000000 1501.000000 618.000000
715.000000 1676.000000 665.000000 1032.000000 711.000000
668.000000 1626.000000 384.000000 988.000000 408.000000
1501.000000 1723.000000 677.000000 1084.000000 700.000000
1281.000000 1622.000000 354.000000 1044.000000 390.000000
1330.000000 2127.000000 837.000000 1442.000000 887.000000
1161.000000 1652.000000 774.000000 999.000000 800.000000
816.000000 1265.000000 723.000000 446.000000 772.000000
861.000000 1704.000000 794.000000 1053.000000 832.000000
641.000000 1875.000000 851.000000 1170.000000 910.000000
610.000000 1653.000000 806.000000 998.000000 833.000000
1300.000000 1687.000000 618.000000 1047.000000 665.000000
941.000000 2677.000000 1401.000000 207.000000 1490.000000
590.000000 1688.000000 632.000000 1046.000000 682.000000
1502.000000 2884.000000 697.000000 2173.000000 736.000000
1146.000000 1913.000000 887.000000 1360.000000 923.000000
1272.000000 1925.000000 1163.000000 1196.000000 1244.000000
708.000000 2126.000000 815.000000 1518.000000 850.000000
1499.000000 1864.000000 1251.000000 770.000000 1323.000000
800.000000 1669.000000 1063.000000 1000.000000 1115.000000
871.000000 1662.000000 668.000000 1017.000000 706.000000
830.000000 1696.000000 1123.000000 1026.000000 1192.000000
1176.000000 1968.000000 1392.000000 793.000000 1540.000000
755.000000 1678.000000 406.000000 1041.000000 432.000000
1187.000000 1693.000000 336.000000 1071.000000 377.000000
1462.000000 2463.000000 762.000000 1856.000000 791.000000
849.000000 1665.000000 818.000000 1011.000000 854.000000
1472.000000 1832.000000 1145.000000 1113.000000 1224.000000
793.000000 1691.000000 827.000000 1038.000000 878.000000
624.000000 1681.000000 938.000000 1021.000000 988.000000
1116.000000 1848.000000 1421.000000 830.000000 1531.000000
739.000000 1200.000000 394.000000 535.000000 426.000000
1422.000000 1686.000000 1212.000000 1007.000000 1293.000000
351.000000 2231.000000 708.000000 1546.783936 757.273560
619.000000 1701.000000 645.000000 1059.000000 686.000000
692.000000 1488.000000 787.000000 729.000000 840.000000
1141.000000 2844.000000 1052.000000 2134.000000 1117.000000
1377.000000 1674.000000 1387.000000 671.000000 1503.000000
928.000000 1710.000000 1104.000000 1040.000000 1179.000000
1374.000000 2752.000000 717.000000 2312.000000 713.000000
1418.000000 2119.000000 1147.000000 1422.000000 1222.000000
1152.000000 1813.000000 912.000000 1104.000000 975.000000
679.000000 1706.000000 932.000000 1048.000000 995.000000
909.000000 2855.000000 701.000000 2147.000000 741.000000
867.000000 1668.000000 959.000000 1005.000000 1000.000000
1325.000000 1702.000000 612.000000 1074.000000 658.000000
1037.000000 1952.000000 1489.000000 778.000000 1592.000000
1080.000000 1638.000000 658.000000 990.000000 698.000000
1390.000000 1499.000000 1117.000000 743.000000 1196.000000
895.000000 1694.000000 966.000000 1033.000000 1024.000000
648.000000 1761.000000 1602.000000 559.000000 1732.000000
1326.000000 1690.000000 1434.000000 680.000000 1538.000000
963.000000 1896.000000 889.000000 1187.000000 951.000000
778.000000 2991.000000 1659.000000 1171.000000 1737.000000
834.000000 1500.000000 814.000000 746.000000 868.000000
680.000000 1488.000000 836.000000 726.000000 887.000000
1381.000000 2861.000000 751.000000 2079.000000 807.000000
1411.000000 1499.000000 1144.000000 690.000000 1217.000000
1168.000000 2864.000000 1050.000000 2154.000000 1115.000000
964.000000 1667.000000 943.000000 1006.000000 983.000000
1403.000000 2826.000000 706.000000 2120.000000 746.000000
527.000000 1888.000000 1571.000000 723.338318 1684.459595
451.000000 1640.000000 704.000000 966.190979 754.900024
734.000000 1475.000000 1113.000000 692.000000 1187.000000
464.000000 1642.000000 856.000000 959.722290 906.650574
672.000000 1187.000000 422.000000 183.000000 389.000000
1408.000000 2755.000000 742.000000 2314.000000 741.000000
866.000000 2554.000000 748.000000 1946.000000 776.000000
1206.000000 1648.000000 386.000000 1013.000000 412.000000
1067.000000 2161.000000 1115.000000 1463.000000 1188.000000
1227.000000 2187.000000 951.000000 1335.000000 999.000000
1025.000000 2844.000000 1582.000000 137.000000 1707.000000
781.000000 1690.000000 782.000000 1040.000000 829.000000
753.000000 1870.000000 1142.000000 1146.000000 1221.000000
1277.000000 1859.000000 804.000000 1156.000000 860.000000
1405.000000 1662.000000 653.000000 1017.000000 689.000000
857.000000 1676.000000 650.000000 1032.000000 694.000000
1424.000000 2123.000000 762.000000 1518.000000 791.000000
859.000000 1707.000000 948.000000 1047.000000 1012.000000

9.000000 1422.198486 582.306885 381.466125 70.352875 654.313171 604.284546 3.386869 336.536499
2.000000 1373.563232 649.952209 1369.666748 1446.681396 614.673035 673.693298 531.473389 1753.703613
3.000000 1381.310791 1446.674072 1385.747803 656.624084 546.433105 1746.902344 627.553894 680.067444
13.000000 3069.710938 431.842529 2300.195557 581.008667 2313.815674 458.844757 1766.669434 580.012634
0.000000 2307.574707 634.140747 3070.774170 497.620728 1781.172363 643.185547 3070.644775 379.825531
10.000000 1766.443237 735.464783 2287.038330 638.666016 1099.682495 785.126953 1760.458130 648.888672
18.000000 2266.853027 587.624817 1766.961914 684.851135 1733.559448 587.695190 1446.826904 650.729187
6.000000 2298.462646 643.220703 2330.256104 1150.192993 1771.237671 656.637329 1789.878052 1443.336182
5.000000 2337.147461 1050.430420 2307.574707 634.140747 1801.678589 1440.040161 1781.172363 643.185547
11.000000 1024.127930 475.598480 1352.750000 624.619690 2.467287 425.572021 619.618042 664.320679
14.000000 2900.656250 439.846191 2549.779053 512.262695 2283.464355 450.623108 1838.241577 544.402100
12.000000 2136.526855 592.616882 1819.575073 654.490234 1838.241577 544.402100 1273.663940 671.470947
101.000000 1201.859741 910.167725 1193.678101 1163.452148 23.003567 939.539612 2.018433 1106.501343
49.000000 2700.205322 1630.262573 2681.701172 1409.857178 401.199524 1746.757324 417.067505 1536.696899
71.000000 1204.457886 576.683655 1201.140015 796.683838 71.443100 543.088928 47.266315 730.077515
197.000000 1522.713867 430.037567 1736.464233 416.745422 850.256042 474.235352 973.149048 439.350830
98.000000 2765.409668 1149.416016 2959.729248 1133.316284 1806.270996 1245.014526 1976.258423 1231.523315
80.000000 2728.811768 793.014038 2919.587158 766.965149 2022.720215 839.500549 2202.388184 810.759094
61.000000 2964.490967 1133.589722 2942.043213 943.092590 1979.090332 1230.041870 1970.021729 1033.178833
40.000000 1532.666138 442.480133 1722.767334 430.793549 862.602417 478.496307 1082.334961 458.839966
75.000000 2936.826660 938.105652 2749.876221 958.887146 2226.847656 994.806580 2043.417847 1017.354614
58.000000 2746.414795 963.034973 2765.409668 1149.416016 2040.889038 1023.288269 2051.024170 1223.281372
85.000000 2900.210693 601.253906 2717.005859 632.020386 2190.206787 634.431274 2012.911133 668.804810
290.000000 1610.318726 670.035950 1443.013916 594.788147 954.973389 706.470703 864.582642 657.685303
265.000000 1539.006226 461.584167 1719.758911 449.673889 872.855408 504.834778 978.597778 477.778931
44.000000 1802.067871 1399.944824 1806.875610 1579.994385 627.176086 1481.059570 604.345337 1697.790649
282.000000 1271.725830 636.647461 1269.613525 813.328735 513.955505 743.134949 506.381958 846.645813
132.000000 2926.900635 952.143799 2763.692871 969.959717 2213.372559 1010.320557 2059.890381 1029.104614
89.000000 2922.772217 766.729431 2904.514893 603.574158 2204.918945 813.446533 2193.482666 636.872864
150.000000 2086.373535 1037.350586 2093.113281 1200.010376 1232.314941 1123.352539 1235.086060 1270.092773
119.000000 2566.903564 658.112976 2406.829102 684.325745 1960.041626 680.224792 1803.205322 709.309692
109.000000 2422.811768 835.726990 2582.868896 816.194824 1804.763916 873.346924 1969.210205 848.212952
143.000000 2887.053955 615.668335 2730.278564 641.678833 2176.757324 650.496094 2030.113770 677.289246
100.000000 2714.059814 636.601318 2728.811768 793.014038 2012.911133 668.804810 2019.538696 840.019653
94.000000 1945.609375 1210.041992 1939.378540 1053.225586 770.799500 1283.374268 779.670715 1109.983154
105.000000 2585.195068 813.453125 2572.705078 660.051147 1972.000854 850.065552 1963.801392 683.474365
147.000000 2940.048828 1120.602783 2786.643555 1133.048096 2220.287842 1193.216675 2073.306396 1206.364258
77.000000 1804.151733 1066.643921 1808.425049 1220.043823 652.039001 1080.151367 638.427612 1263.464111
139.000000 2072.048828 743.268494 2076.896729 896.448425 1417.530273 786.692078 1412.749634 937.190063
153.000000 2900.364746 755.932251 2750.050781 777.028320 2183.787598 799.451782 2040.462402 822.834595
247.000000 2221.222168 724.101318 2077.391846 747.744202 1540.132202 770.683960 1427.154053 792.521729
175.000000 2556.814697 670.896606 2420.021973 693.465942 1946.799194 694.033142 1813.817505 719.222839
280.000000 2583.642334 989.598022 2446.392090 1004.062439 1353.633545 1115.741089 1249.835938 1128.684448
159.000000 1933.800537 906.497437 1928.336060 770.078674 1218.951660 966.540405 1211.074951 824.010742
174.000000 2563.920410 804.056335 2430.014893 823.436829 1953.835938 836.383728 1820.283691 858.388367
160.000000 2079.661621 887.853760 2212.837646 866.855896 1412.749634 937.190063 1552.946655 914.332947
192.000000 1809.713989 1223.013062 1943.013428 1212.579224 640.607361 1265.979736 767.401672 1285.134521
235.000000 1803.044678 924.630188 1933.800537 906.497437 1096.284302 987.620178 1213.147827 968.845032
149.000000 1797.350830 793.319885 1799.902222 923.335266 1097.705444 840.043579 1091.552368 986.731812
201.000000 1933.394897 1394.187134 1806.657593 1396.049683 749.928833 1484.545166 623.307434 1477.108154
255.000000 1923.432495 767.263550 1800.179321 787.745911 1216.919434 821.297363 1106.562744 842.800171
259.000000 2105.576416 1201.191040 2229.704590 1190.044434 1099.717529 1306.073120 1209.866943 1298.150146
227.000000 1434.477539 486.913208 1316.058228 524.763245 652.018433 478.134827 540.675415 524.940063
167.000000 1197.490479 352.421906 1082.698608 391.467102 280.977051 302.152313 153.369919 360.080597
151.000000 1518.822388 589.896179 1529.394775 469.946655 864.391602 653.367249 869.092407 506.744446
144.000000 1740.097168 411.986450 1620.332275 402.509125 1113.594727 444.962616 966.349182 422.353912
169.000000 2204.040771 1021.686707 2086.373535 1037.350586 1533.817993 1080.502808 1396.811523 1097.812866
256.000000 2209.742676 854.838867 2093.503662 871.208679 1536.769775 903.938171 1427.116089 922.635376
155.000000 1620.332275 402.509125 1506.781738 430.454315 966.349182 422.353912 827.706787 460.451935
