Keypoint Matches and Line Matches for pairs 3, 6 
3 corresponds to the image ./resources/Data/CastleP30/images/0003.png 
6 corresponds to the image ./resources/Data/CastleP30/images/0006.png 

2.000000 1422.198486 582.306885 1547.353882 647.203247
6.000000 1157.114624 1701.445801 1103.364624 1734.594360
13.000000 320.862213 1752.573853 323.604614 1765.312622
10.000000 1217.313843 1735.219971 1100.143799 1766.674072
15.000000 1187.182617 1727.083496 1103.540039 1757.194336
20.000000 1373.563232 649.952209 1514.536987 720.028381
29.000000 1385.747803 656.624084 1526.602173 723.333679
27.000000 2300.195557 581.008667 2453.538818 540.588074
34.000000 2307.574707 634.140747 2474.179443 599.278381
30.000000 148.425430 259.512512 154.389664 536.428162
31.000000 71.875046 1030.186279 88.006477 1170.140381
32.000000 124.464722 1026.776855 136.836807 1163.350830
33.000000 198.196136 269.824280 201.517212 533.146912
36.000000 247.183273 1053.379639 252.490097 1179.920410
37.000000 312.537170 323.859253 310.063141 570.005981
23.000000 1120.160400 1690.155762 1066.830933 1723.073120
25.000000 413.513885 1682.661133 416.822021 1708.574463
42.000000 1053.506470 1643.245728 1006.819092 1679.956543
43.000000 446.821350 1659.211304 450.129852 1688.480347
52.000000 581.576477 426.542694 581.378723 619.856384
53.000000 539.235352 1026.612671 543.167053 1139.987793
89.000000 757.186279 312.238556 750.354980 495.217194
48.000000 1094.228149 616.774353 1162.657104 723.479187
49.000000 1079.707642 1186.744141 1149.672241 1256.739868
46.000000 936.510315 383.656097 946.186584 531.952393
47.000000 425.366028 136.017975 413.119537 400.869446
93.000000 1033.878052 1186.010254 1000.177856 1260.753418
58.000000 1165.222778 1203.302490 1254.799683 1266.634033
59.000000 1176.617188 669.998962 1263.601196 763.338013
64.000000 1766.443237 735.464783 1990.497070 758.171204
65.000000 2287.038330 638.666016 2453.907471 605.071472
39.000000 276.658203 303.332550 275.602020 556.563538
80.000000 264.403900 520.093689 265.251373 743.201294
81.000000 218.909210 1039.904541 225.415405 1170.194214
60.000000 1323.356689 703.368286 1448.888428 776.669861
61.000000 1317.974976 1220.013672 1448.175415 1276.668823
40.000000 1779.575073 1283.417969 2015.075928 1323.531372
62.000000 2266.853027 587.624817 2418.779785 546.380249
68.000000 2298.462646 643.220703 2471.837646 616.518494
71.000000 1395.098022 1230.009277 1549.494507 1283.335205
1441.000000 1744.421143 759.976562 1946.000000 780.000000
75.000000 1755.055054 1253.296265 1976.252808 1290.015991
76.000000 1427.622803 1233.317993 1594.561890 1283.349976
72.000000 1354.241699 1220.005981 1495.347290 1276.667847
73.000000 1357.406494 736.649658 1494.944214 806.665283
57.000000 1536.016602 1253.321411 1742.428711 1299.948853
54.000000 623.488708 1696.128662 523.478882 1721.415405
55.000000 1086.687866 1670.380859 1036.738647 1705.681885
84.000000 643.515564 1673.671631 586.636475 1702.342773
85.000000 1046.847900 1653.650024 1006.652466 1689.534302
87.000000 664.733337 1119.594482 596.402588 1220.390991
175.000000 703.036987 1203.494873 632.716125 1290.171387
98.000000 746.036560 1206.330444 670.396057 1292.987061
99.000000 728.505554 1586.751465 651.598572 1633.421631
108.000000 160.496582 573.381409 167.015701 796.702881
109.000000 124.390305 946.446350 135.581589 1099.887451
1321.000000 376.747742 1688.091553 370.000000 1708.000000
320.000000 1024.127930 475.598480 1075.426147 601.806702
149.000000 1352.750000 624.619690 1487.419678 696.565186
176.000000 2900.656250 439.846191 3070.551025 311.602661
91.000000 1100.565186 1180.013428 1174.445801 1246.692139
110.000000 300.306976 1226.912598 304.856903 1323.442383
111.000000 276.888489 1573.573486 284.325043 1610.309570
92.000000 722.765686 1140.684204 632.958435 1235.438477
928.000000 1819.575073 654.490234 2060.000000 662.000000
138.000000 356.529510 506.868622 354.478790 713.405212
139.000000 376.341736 193.312805 371.003510 450.062958
106.000000 974.019104 1576.837524 939.481995 1619.988037
97.000000 1103.169800 786.662537 1175.567139 879.976501
158.000000 82.625069 1020.245972 97.149086 1163.383423
120.000000 492.720764 1029.941528 495.290924 1149.865967
121.000000 521.696655 726.510376 521.863159 877.173035
275.000000 362.417786 506.847321 359.566071 713.294739
122.000000 3.239657 1157.487915 26.616116 1277.524048
123.000000 299.849579 1191.318848 299.981812 1293.641724
114.000000 296.842041 1198.413086 300.009399 1299.832520
115.000000 3.044681 1165.945312 23.278948 1284.302490
152.000000 776.811523 1620.006836 799.624390 1659.978149
238.000000 759.809204 353.103973 770.988098 532.061707
136.000000 290.365021 1179.837769 293.613770 1284.613403
137.000000 6.989021 1150.246338 26.802567 1270.722900
150.000000 687.464233 620.031921 694.507141 780.048462
151.000000 698.810730 336.619049 704.974976 526.596802
140.000000 3.491892 1224.894775 29.915442 1331.926514
141.000000 283.339020 1249.936279 289.999634 1343.341919
113.000000 283.331940 1609.949951 286.636719 1644.809570
142.000000 3.299117 1280.458618 23.338289 1376.530762
143.000000 280.165680 1301.112427 283.357269 1386.010376
129.000000 531.478699 1226.537354 523.619690 1326.687988
458.000000 491.788879 750.024475 492.696442 907.760315
125.000000 280.063843 1352.242798 286.694733 1429.060669
117.000000 276.688965 1402.768188 283.370087 1471.360718
101.000000 921.541016 566.719421 956.001465 699.986084
119.000000 273.364441 1455.505249 280.016998 1515.450928
127.000000 270.004211 1505.859253 276.670959 1557.951050
131.000000 266.634827 1557.553467 273.319916 1601.108032
482.000000 525.208008 298.758301 522.542664 516.797546
182.000000 705.364197 353.433136 712.157227 536.776855
183.000000 692.750732 610.135132 700.754456 760.038513
166.000000 958.770508 460.072205 998.647095 600.069031
167.000000 950.076111 713.450317 990.510925 833.467346
189.000000 1193.678101 1163.452148 1288.928955 1223.385010
229.000000 557.782898 1463.393433 546.003784 1520.112915
156.000000 1032.061401 1563.292725 1096.246216 1609.986450
157.000000 1040.038330 1313.228271 1104.074707 1366.583252
249.000000 330.688080 786.729309 330.605225 953.389893
135.000000 317.283569 1010.365051 322.037903 1133.499512
208.000000 514.689575 316.530273 516.897217 536.682983
209.000000 498.344025 553.449036 502.490234 740.176331
222.000000 15.562739 946.562805 35.632465 1106.558472
223.000000 37.526672 713.100647 55.515438 916.546204
200.000000 807.319092 659.894531 828.596069 796.607178
201.000000 816.501648 426.529022 837.358276 589.888000
196.000000 1020.095398 1560.002441 1083.942383 1603.347168
197.000000 1026.107178 1326.566406 1088.806641 1389.972778
236.000000 1115.944946 481.546082 1176.686035 596.585510
224.000000 268.419220 1576.803833 274.891571 1616.805420
225.000000 286.428131 1346.647949 291.833801 1426.533203
160.000000 1609.603882 1030.032349 1815.007935 1073.366089
161.000000 1607.638550 803.296021 1810.266113 833.393921
168.000000 1459.668213 983.344177 1634.088257 1029.932373
169.000000 1459.279297 1210.010254 1635.556274 1263.277344
282.000000 776.872803 322.889435 790.277771 505.464844
181.000000 832.467041 416.619385 854.873962 573.218262
457.000000 956.019897 710.101807 993.457275 829.222107
187.000000 1053.616943 889.893188 1115.289551 979.954407
202.000000 1016.175842 1339.985352 1081.531494 1403.273071
203.000000 1009.525879 1563.418457 1074.610718 1610.042725
1099.000000 944.592346 830.028442 986.000000 929.000000
246.000000 72.741486 403.266479 85.123466 666.492615
247.000000 97.577141 183.436203 105.793938 483.234894
198.000000 1204.457886 576.683655 1296.045044 670.012451
199.000000 1201.140015 796.683838 1295.066650 883.341309
226.000000 806.276123 439.981750 829.763367 603.321472
227.000000 796.158447 656.642944 820.229919 793.511963
184.000000 1613.166260 1253.335815 1822.384521 1296.697388
185.000000 1609.929810 1036.568237 1815.264404 1076.604248
146.000000 983.626404 1207.967773 943.395081 1282.352051
147.000000 769.930664 1177.147583 690.015808 1266.415039
488.000000 1736.464233 416.745422 1926.883423 432.913696
346.000000 1049.535767 529.940186 1109.313599 649.987549
38.000000 210.493073 1033.373657 216.809143 1163.347168
204.000000 1459.307373 1353.378296 1637.581543 1396.491577
205.000000 1457.778442 1556.675049 1642.355835 1603.201904
294.000000 587.375061 826.712402 591.317139 966.759033
295.000000 574.462036 1026.739502 579.624634 1133.540649
232.000000 1271.303955 1163.324829 1388.616577 1223.331543
233.000000 1272.138672 963.314453 1388.858276 1033.327637
163.000000 419.499207 1576.631958 432.465942 1613.520630
220.000000 1056.042236 716.643677 1116.294434 826.651001
221.000000 1063.290283 519.998413 1124.422363 633.239014
191.000000 2765.409668 1149.416016 2964.974609 1133.537476
529.000000 125.176880 576.516968 135.167755 793.173706
254.000000 1277.979248 816.678589 1393.467407 890.000305
255.000000 1279.736572 623.300659 1393.851685 706.660767
259.000000 2728.811768 793.014038 2915.199951 726.912720
262.000000 582.789124 1026.845093 587.589722 1133.398804
250.000000 1532.666138 442.480133 1738.525757 488.857758
251.000000 1722.767334 430.793549 1919.015015 454.782715
352.000000 825.661194 649.943848 848.119019 796.734253
260.000000 1041.210693 543.261047 1102.445312 659.972473
261.000000 1034.739258 733.267700 1096.863647 840.006104
207.000000 1285.155762 949.970520 1402.653809 1016.635132
234.000000 456.646149 1580.724854 463.279541 1619.699829
235.000000 266.657898 1582.218994 273.321167 1622.511719
453.000000 2749.876221 958.887146 2943.138184 915.652222
190.000000 2746.414795 963.034973 2939.180176 919.696777
257.000000 2717.005859 632.020386 2896.822510 543.858276
402.000000 467.297089 1353.374756 472.367981 1426.596558
1001.000000 1443.013916 594.788147 1590.000000 658.000000
371.000000 52.806301 213.273087 72.268219 516.545959
372.000000 32.192982 393.584045 55.643730 663.217407
272.000000 1539.006226 461.584167 1744.958496 508.092590
273.000000 1719.758911 449.673889 1916.133423 473.990265
302.000000 532.778076 571.581299 523.486206 749.151428
303.000000 362.682037 511.854828 360.052917 719.706238
252.000000 1802.067871 1399.944824 2037.943359 1443.278564
253.000000 1806.875610 1579.994385 2045.813843 1626.703247
268.000000 280.004761 1596.864746 283.335876 1633.601807
269.000000 456.729492 1592.607544 460.018250 1631.937500
211.000000 1039.532104 899.915405 1096.236938 993.367981
286.000000 1271.725830 636.647461 1386.564209 720.000000
287.000000 1269.613525 813.328735 1386.536621 890.000000
288.000000 319.508514 1019.508667 323.071503 1149.597412
289.000000 491.848206 1049.312988 490.781921 1164.581421
1476.000000 15.560108 619.476562 37.000000 841.000000
284.000000 1507.548340 1383.332153 1709.427856 1433.340698
285.000000 1507.772583 1556.665283 1711.605835 1603.355469
280.000000 490.575958 1036.845337 493.341797 1153.243408
281.000000 320.170410 1005.733337 323.278076 1137.254272
383.000000 416.757904 840.007507 424.335022 990.082581
384.000000 402.723999 1010.224609 412.507294 1133.540039
387.000000 472.883850 856.630859 479.797485 1003.317078
388.000000 459.344177 1026.614380 468.318451 1146.531860
307.000000 540.914429 373.155914 539.045776 579.924377
373.000000 387.518097 1006.164978 398.252838 1136.261963
374.000000 402.174286 836.279114 409.923981 989.728455
318.000000 361.990601 523.658752 362.512726 730.794312
319.000000 521.623535 582.242737 521.510132 762.403992
333.000000 602.751099 274.487549 603.449829 486.243439
334.000000 754.468872 351.023438 757.069885 528.535278
354.000000 1510.573730 729.983154 1702.645386 779.920410
576.000000 2763.692871 969.959717 2960.046875 926.911621
310.000000 469.535400 1258.080200 473.162048 1343.616333
311.000000 306.459290 1242.118896 309.879272 1335.882080
556.000000 2086.373535 1037.350586 2281.656982 1050.560547
451.000000 2093.113281 1200.010376 2291.847412 1216.464966
359.000000 270.208984 1095.418091 273.525085 1214.626587
360.000000 110.227089 1068.643066 123.596382 1200.534668
292.000000 2566.903564 658.112976 2740.516846 591.747681
293.000000 2406.829102 684.325745 2579.789062 639.287048
399.000000 637.861206 593.672485 642.474182 756.593811
400.000000 649.909607 432.827179 654.378174 616.190002
290.000000 2422.811768 835.726990 2598.871094 805.153687
291.000000 2582.868896 816.194824 2762.635498 767.004700
672.000000 509.677887 737.797241 505.000000 896.000000
305.000000 2730.278564 641.678833 2913.118408 552.607788
258.000000 2714.059814 636.601318 2894.033203 546.587280
415.000000 454.739349 373.441101 458.052734 590.110840
416.000000 442.725067 530.208862 447.110016 726.968628
308.000000 1945.609375 1210.041992 2161.544678 1239.828125
309.000000 1939.378540 1053.225586 2143.429932 1077.026855
379.000000 393.597473 229.407074 390.271118 478.804260
380.000000 536.737915 293.173370 533.065308 511.182098
464.000000 182.020691 359.862701 185.639648 616.557739
465.000000 165.941071 513.606079 172.207947 743.213989
349.000000 310.116180 1248.901978 313.416931 1341.880493
350.000000 463.495728 1265.132080 466.817688 1350.709106
278.000000 2585.195068 813.453125 2763.906006 763.610168
279.000000 2572.705078 660.051147 2746.828613 593.317078
357.000000 2786.643555 1133.048096 3000.775879 1106.967407
417.000000 429.732422 523.311951 433.821106 726.432373
418.000000 441.976288 369.891693 445.065247 589.868164
329.000000 1804.151733 1066.643921 2031.759644 1096.587891
330.000000 1808.425049 1220.043823 2039.274170 1256.922607
343.000000 2072.048828 743.268494 2262.470215 736.529846
367.000000 356.586700 700.281067 356.427948 878.263550
368.000000 503.676270 742.127930 503.300385 900.220459
412.000000 2750.050781 777.028320 2936.512939 706.080444
513.000000 2616.642090 1159.705811 2806.532471 1155.537476
276.000000 1030.330322 923.344116 1093.061768 1026.658081
355.000000 1503.404419 739.999207 1695.842529 790.024719
356.000000 1505.097656 890.017700 1700.439209 943.320190
442.000000 547.631226 1023.401550 551.587952 1140.116455
443.000000 558.002441 876.761108 561.126038 1010.082581
413.000000 2221.222168 724.101318 2398.547119 703.001648
414.000000 2077.391846 747.744202 2266.008545 742.345154
474.000000 662.441528 1020.093811 677.007935 1126.704956
475.000000 667.953796 876.588074 677.477173 999.990662
389.000000 879.368958 896.642334 911.300781 1006.579102
423.000000 253.607849 1065.001831 259.954407 1190.514648
424.000000 113.032829 1041.822510 126.487206 1178.692749
1426.000000 1630.804443 856.629028 1827.000000 896.000000
564.000000 1624.254150 716.623596 1822.134277 753.227417
505.000000 1746.605713 1669.347900 1953.104614 1722.821899
381.000000 2556.814697 670.896606 2730.220215 607.411804
382.000000 2420.021973 693.465942 2590.589844 648.663269
866.000000 2583.642334 989.598022 2770.000000 962.000000
422.000000 2446.392090 1004.062439 2632.579590 986.582886
403.000000 1933.800537 906.497437 2143.354248 919.997498
577.000000 1928.336060 770.078674 2131.405518 781.145203
508.000000 1043.388916 1474.406372 1109.972290 1524.887573
571.000000 1043.333496 1513.240479 1109.997925 1561.206177
395.000000 2563.920410 804.056335 2743.600830 754.347778
396.000000 2430.014893 823.436829 2606.777100 790.418762
459.000000 362.037170 714.733826 366.249115 889.569031
344.000000 2079.661621 887.853760 2271.927490 892.112000
441.000000 2212.837646 866.855896 2398.292480 855.773071
296.000000 1183.355103 1296.468140 1280.085571 1355.113892
297.000000 1049.798340 1281.841064 1113.373779 1345.932983
363.000000 373.642944 1380.266724 386.322876 1450.239380
518.000000 1943.013428 1212.579224 2156.404541 1241.405273
531.000000 742.460266 626.787720 761.795959 773.586304
532.000000 749.019714 493.449097 767.559570 656.710693
494.000000 1046.672119 1436.519531 1109.999390 1490.214355
339.000000 1237.042969 549.191345 1330.036987 643.177124
340.000000 1116.730957 493.195282 1176.618042 606.872375
327.000000 1186.784668 1285.752808 1280.158813 1344.319702
328.000000 1056.376343 1268.915771 1120.214111 1333.500732
521.000000 1803.044678 924.630188 2025.775024 949.823059
553.000000 1936.970215 1049.475220 2146.858887 1071.008789
554.000000 1806.690796 1063.556641 2033.820923 1092.557861
369.000000 2565.636963 1660.447998 2889.072754 1723.439331
370.000000 2552.253662 1530.110840 2872.316406 1576.782837
466.000000 449.785217 1272.129517 453.339111 1356.556152
467.000000 319.763092 1259.015503 326.496185 1349.930542
331.000000 1050.072266 1322.511108 1116.647827 1383.751465
332.000000 1180.238770 1333.949341 1276.623779 1390.952026
425.000000 1650.239868 1546.409424 1863.489868 1592.909058
426.000000 1655.094238 1676.725220 1869.078369 1726.705200
565.000000 1049.945435 1360.767090 1116.571289 1419.064453
429.000000 1797.350830 793.319885 2019.516235 813.353821
430.000000 1799.902222 923.335266 2025.167480 946.730164
537.000000 1003.263977 593.330872 1058.413940 713.392456
538.000000 998.691223 723.287292 1054.466431 830.038330
502.000000 129.959213 1053.568970 139.941162 1187.267578
503.000000 257.422424 1075.634155 260.094757 1199.032349
539.000000 988.876587 716.617065 1044.176636 829.911804
540.000000 994.471863 589.903076 1048.306885 713.273376
561.000000 1933.394897 1394.187134 2156.760498 1431.941650
562.000000 1806.657593 1396.049683 2043.209229 1437.436035
446.000000 1725.801880 1673.299927 1946.486450 1723.338013
447.000000 1724.086060 1546.656494 1943.104492 1593.339233
404.000000 1923.432495 767.263550 2126.719727 780.790283
578.000000 1800.179321 787.745911 2024.779663 814.608337
551.000000 2105.576416 1201.191040 2304.666748 1224.109375
552.000000 2229.704590 1190.044434 2418.820801 1205.929077
557.000000 1434.477539 486.913208 1627.272217 547.918457
569.000000 759.475708 496.641235 779.167786 656.800781
570.000000 753.493835 620.007812 773.098206 769.987366
523.000000 405.813019 258.621429 403.475311 499.399780
524.000000 517.755493 307.506683 517.523193 526.379272
519.000000 106.747032 1076.101440 116.650948 1206.879639
520.000000 227.156601 1093.220703 233.664307 1215.515259
516.000000 1197.490479 352.421906 1316.468506 456.303253
444.000000 713.482300 369.674042 720.331238 551.938660
869.000000 823.380310 419.897247 846.000000 578.000000
485.000000 485.662354 225.448914 480.095459 452.927124
461.000000 594.802734 277.259766 592.599182 489.522186
1241.000000 1518.822388 589.896179 1746.000000 634.000000
1521.000000 1529.394775 469.946655 1745.000000 515.000000
347.000000 1776.843628 1328.302979 2013.341919 1367.797485
348.000000 1656.640625 1324.075073 1856.664673 1367.187744
489.000000 1620.332275 402.509125 1802.995850 442.129242
573.000000 1223.220703 1149.927124 1334.159668 1213.305542
574.000000 1225.759399 1029.980835 1335.415161 1099.986084
100.000000 908.810608 926.938660 949.184082 1026.371094
555.000000 2204.040771 1021.686707 2393.687012 1024.875977
547.000000 2209.742676 854.838867 2396.942627 844.431885
548.000000 2093.503662 871.208679 2284.034180 872.790161
214.000000 1630.014038 1633.951172 1840.017334 1680.736816
1127.000000 1231.187378 800.021179 1322.000000 874.000000
567.000000 1234.106445 1033.347046 1344.694336 1100.020996
568.000000 1232.033569 1150.036133 1342.945190 1213.378784
609.000000 1895.000000 848.000000 2110.000000 863.000000
647.000000 1843.000000 856.000000 2065.000000 875.000000
848.000000 1653.000000 821.000000 1858.000000 857.000000
956.000000 1012.000000 723.000000 1071.000000 832.000000
650.000000 376.000000 571.000000 373.000000 767.000000
621.000000 1251.000000 747.000000 1364.000000 827.000000
823.000000 1013.000000 693.000000 1072.000000 803.000000
612.000000 774.000000 537.000000 796.000000 691.000000
1076.000000 1251.000000 718.000000 1364.000000 800.000000
972.000000 2834.000000 1648.000000 2966.000000 1715.000000
882.000000 1906.000000 1165.000000 2128.000000 1193.000000
633.000000 706.000000 876.000000 727.000000 998.000000
614.000000 1693.000000 952.000000 1902.000000 986.000000
775.000000 1252.000000 652.000000 1364.000000 736.000000
943.000000 1696.000000 1107.000000 1907.000000 1144.000000
1213.000000 1250.000000 776.000000 1363.000000 854.000000
1042.000000 60.000000 446.000000 74.000000 699.000000
1002.000000 498.000000 699.000000 497.000000 864.000000
640.000000 382.000000 546.000000 379.000000 745.000000
758.000000 757.000000 957.000000 783.000000 1066.000000
607.000000 748.000000 1049.000000 670.000000 1153.000000
864.000000 944.000000 1516.000000 999.000000 1564.000000
616.000000 1659.000000 1273.000000 1871.000000 1314.000000
1170.000000 324.000000 1468.000000 338.000000 1525.000000
1100.000000 1237.000000 1454.000000 1356.000000 1504.000000
1010.000000 688.000000 942.000000 708.000000 1058.000000
699.000000 388.000000 60.000000 369.000000 337.000000
610.000000 1659.000000 1237.000000 1870.000000 1278.000000
891.000000 479.000000 333.000000 483.000000 553.000000
730.000000 977.000000 539.000000 1029.000000 666.000000
706.000000 1641.000000 823.000000 1844.000000 860.000000
1493.000000 486.000000 1183.000000 489.000000 1279.000000
635.000000 1643.000000 965.000000 1848.000000 1003.000000
668.000000 722.000000 589.000000 739.000000 743.000000
838.000000 2494.000000 485.000000 2699.000000 405.000000
844.000000 636.000000 758.000000 646.000000 904.000000
1483.000000 1861.000000 853.000000 2078.000000 871.000000
644.000000 1657.000000 1101.000000 1866.000000 1140.000000
597.000000 379.000000 1450.000000 392.000000 1510.000000
1405.000000 2884.000000 1653.000000 3037.000000 1722.000000
955.000000 1655.000000 962.000000 1861.000000 999.000000
911.000000 538.000000 289.000000 534.000000 507.000000
742.000000 1647.000000 1258.000000 1857.000000 1300.000000
822.000000 365.000000 955.000000 374.000000 1091.000000
1562.000000 716.000000 859.000000 737.000000 983.000000
632.000000 2441.000000 891.000000 2619.000000 865.000000
835.000000 2726.000000 642.000000 2908.000000 553.000000
841.000000 1853.000000 1170.000000 2082.000000 1200.000000
639.000000 1665.000000 803.000000 1870.000000 838.000000
788.000000 1645.000000 1070.000000 1852.000000 1109.000000
606.000000 436.000000 885.000000 444.000000 1027.000000
1186.000000 1843.000000 877.000000 2067.000000 896.000000
1279.000000 336.000000 1319.000000 349.000000 1399.000000
617.000000 1016.000000 555.000000 1075.000000 676.000000
733.000000 1691.000000 812.000000 1898.000000 845.000000
1560.000000 1924.000000 1189.000000 2141.000000 1219.000000
751.000000 1004.000000 1012.000000 1064.000000 1098.000000
871.000000 501.000000 611.000000 499.000000 788.000000
1105.000000 1647.000000 1223.000000 1856.000000 1264.000000
1492.000000 2338.000000 1524.000000 2534.000000 1568.000000
1336.000000 1425.000000 548.000000 1625.000000 609.000000
915.000000 1413.000000 577.000000 1530.000000 643.000000
790.000000 962.000000 1003.000000 1016.000000 1093.000000
1150.000000 1624.000000 705.000000 1822.000000 743.000000
1363.000000 2107.000000 564.000000 2323.000000 540.000000
850.000000 1488.000000 1142.000000 1683.000000 1190.000000
711.000000 1679.000000 815.000000 1885.000000 848.000000
611.000000 1681.000000 954.000000 1889.000000 990.000000
757.000000 1645.000000 1104.000000 1852.000000 1144.000000
853.000000 777.000000 458.000000 800.000000 621.000000
992.000000 963.000000 642.000000 1007.000000 761.000000
875.000000 584.000000 408.000000 584.000000 603.000000
1217.000000 1690.000000 766.000000 1896.000000 798.000000
888.000000 717.000000 653.000000 723.000000 802.000000
624.000000 687.000000 967.000000 707.000000 1080.000000
1487.000000 1014.000000 661.000000 1073.000000 774.000000
1516.000000 1213.000000 325.000000 1331.000000 430.000000
1390.000000 1870.000000 1505.000000 2102.000000 1549.000000
648.000000 1488.000000 1115.000000 1682.000000 1164.000000
615.000000 1488.000000 1168.000000 1683.000000 1217.000000
906.000000 2451.000000 669.000000 2623.000000 617.000000
1578.000000 438.000000 791.000000 449.000000 947.000000
1154.000000 767.000000 686.000000 782.000000 825.000000
735.000000 2833.000000 1570.000000 2978.000000 1624.000000
727.000000 946.000000 1444.000000 1002.000000 1498.000000
1074.000000 729.000000 438.000000 747.000000 609.000000
1454.000000 708.000000 548.000000 719.000000 707.000000
1175.000000 1663.000000 1460.000000 1877.000000 1505.000000
797.000000 1693.000000 936.000000 1902.000000 970.000000
634.000000 1684.000000 1110.000000 1894.000000 1148.000000
1561.000000 695.000000 128.000000 740.000000 339.000000
645.000000 1655.000000 404.000000 1844.000000 437.000000
870.000000 2286.000000 912.000000 2468.000000 901.000000
952.000000 669.000000 1089.000000 753.000000 1193.000000
1152.000000 2396.000000 1218.000000 2584.000000 1230.000000
900.000000 1631.000000 1159.000000 1835.000000 1201.000000
917.000000 772.000000 572.000000 795.000000 722.000000
1071.000000 1647.000000 1276.000000 1858.000000 1318.000000
1505.000000 2206.000000 825.000000 2389.000000 812.000000
1556.000000 1914.000000 845.000000 2126.000000 859.000000
833.000000 495.000000 1786.000000 354.000000 1796.000000
1117.000000 72.000000 450.000000 85.000000 701.000000
1220.000000 1187.000000 369.000000 1311.000000 474.000000
927.000000 1654.000000 914.000000 1860.000000 950.000000
629.000000 2478.000000 1145.000000 2671.000000 1145.000000
1473.000000 715.000000 1169.000000 634.000000 1260.000000
1339.000000 2565.000000 954.000000 2749.000000 925.000000
938.000000 2798.000000 1653.000000 2945.000000 1721.000000
1084.000000 1154.000000 560.000000 1235.000000 663.000000
663.000000 1683.000000 1076.000000 1893.000000 1113.000000
944.000000 470.000000 460.000000 475.000000 661.000000
1467.000000 1017.000000 771.000000 1072.000000 876.000000
702.000000 1650.000000 670.000000 1853.000000 705.000000
701.000000 348.000000 539.000000 346.000000 743.000000
920.000000 1488.000000 811.000000 1679.000000 862.000000
985.000000 1675.000000 1422.000000 1889.000000 1466.000000
1054.000000 948.000000 1396.000000 1003.000000 1454.000000
793.000000 395.000000 1105.000000 397.000000 1216.000000
715.000000 1488.000000 752.000000 1678.000000 804.000000
795.000000 1670.000000 1115.000000 1880.000000 1154.000000
618.000000 95.000000 91.000000 103.000000 408.000000
658.000000 1488.000000 861.000000 1679.000000 913.000000
1081.000000 2496.000000 506.000000 2702.000000 427.000000
865.000000 1654.000000 930.000000 1860.000000 967.000000
1023.000000 1687.000000 1264.000000 1899.000000 1305.000000
1044.000000 1691.000000 1450.000000 1907.000000 1494.000000
659.000000 771.000000 606.000000 793.000000 753.000000
1449.000000 1695.000000 1056.000000 1905.000000 1092.000000
970.000000 646.000000 646.000000 647.000000 803.000000
1303.000000 468.000000 1085.000000 470.000000 1195.000000
674.000000 1163.000000 433.000000 1286.000000 537.000000
673.000000 2135.000000 1014.000000 2327.000000 1022.000000
973.000000 2496.000000 1169.000000 2683.000000 1171.000000
695.000000 1709.000000 1087.000000 1920.000000 1123.000000
1063.000000 1283.000000 860.000000 1400.000000 932.000000
1137.000000 1237.000000 1227.000000 1346.000000 1287.000000
945.000000 2489.000000 805.000000 2668.000000 765.000000
1484.000000 1653.000000 835.000000 1858.000000 872.000000
872.000000 1907.000000 1504.000000 2137.000000 1549.000000
1256.000000 1014.000000 629.000000 1073.000000 744.000000
1005.000000 700.000000 1012.000000 722.000000 1120.000000
1134.000000 1692.000000 904.000000 1901.000000 937.000000
1183.000000 516.000000 695.000000 515.000000 857.000000
1418.000000 1265.000000 751.000000 1381.000000 830.000000
678.000000 973.000000 678.000000 1025.000000 794.000000
1086.000000 1868.000000 1445.000000 2099.000000 1487.000000
1267.000000 1453.000000 1310.000000 1629.000000 1359.000000
1118.000000 1905.000000 1138.000000 2127.000000 1165.000000
798.000000 773.000000 712.000000 787.000000 847.000000
1570.000000 528.000000 599.000000 527.000000 774.000000
1403.000000 1529.000000 787.000000 1729.000000 835.000000
800.000000 1650.000000 655.000000 1852.000000 690.000000
1092.000000 1703.000000 1446.000000 1919.000000 1491.000000
860.000000 505.000000 712.000000 504.000000 875.000000
1465.000000 320.000000 1513.000000 335.000000 1563.000000
1547.000000 1197.000000 893.000000 1292.000000 971.000000
713.000000 372.000000 646.000000 371.000000 831.000000
752.000000 418.000000 308.000000 422.000000 540.000000
897.000000 754.000000 1009.000000 780.000000 1112.000000
905.000000 359.000000 710.000000 360.000000 886.000000
1108.000000 935.000000 1289.000000 976.000000 1353.000000
589.000000 1870.000000 1194.000000 2109.135254 1226.708496
703.000000 332.000000 1062.000000 335.000000 1184.000000
908.000000 1704.000000 1457.000000 1920.000000 1501.000000
962.000000 2846.000000 1648.000000 2980.000000 1716.000000
664.000000 1715.000000 1409.000000 1931.000000 1452.000000
1026.000000 949.000000 1361.000000 1004.000000 1422.000000
1461.000000 411.000000 398.000000 415.000000 616.000000
1064.000000 1850.000000 1084.000000 2077.000000 1111.000000
989.000000 685.000000 1089.000000 711.000000 1190.000000
1388.000000 1902.000000 1078.000000 2123.000000 1103.000000
1168.000000 453.000000 241.000000 448.000000 479.000000
1495.000000 1468.000000 1312.000000 1650.000000 1360.000000
922.000000 994.000000 1130.000000 954.000000 1211.000000
1077.000000 1295.000000 1019.000000 1418.000000 1084.000000
744.000000 975.000000 614.000000 1027.000000 735.000000
1340.000000 374.000000 775.000000 385.000000 938.000000
1017.000000 575.000000 831.000000 578.000000 971.000000
808.000000 1657.000000 1118.000000 1866.000000 1158.000000
998.000000 1250.000000 803.000000 1363.000000 881.000000
1512.000000 2091.000000 567.000000 2308.000000 545.000000
637.000000 350.000000 666.000000 349.000000 850.000000
1383.000000 1647.000000 1240.000000 1856.000000 1282.000000
1420.000000 1922.000000 1075.000000 2138.000000 1099.000000
1245.000000 1694.000000 359.000000 1891.000000 385.000000
725.000000 945.000000 1480.000000 1000.000000 1531.000000
1191.000000 1499.000000 755.000000 1692.000000 806.000000
1345.000000 809.000000 892.000000 832.000000 1004.000000
978.000000 1650.000000 1447.000000 1863.000000 1492.000000
493.000000 964.000000 971.000000 1037.618774 1066.584229
794.000000 459.000000 665.000000 458.000000 838.000000
1470.000000 51.000000 457.000000 66.000000 709.000000
1464.000000 1850.000000 1482.000000 2086.000000 1527.000000
1025.000000 304.000000 1033.000000 307.000000 1160.000000
967.000000 2265.000000 795.000000 2444.000000 776.000000
759.000000 2466.000000 808.000000 2651.000000 769.000000
937.000000 1245.000000 993.000000 1360.000000 1062.000000
1258.000000 2301.000000 977.000000 2483.000000 971.000000
902.000000 1667.000000 927.000000 1874.000000 963.000000
1114.000000 1661.000000 1426.000000 1876.000000 1470.000000
829.000000 1471.000000 1625.000000 1658.000000 1671.000000
813.000000 720.000000 928.000000 742.000000 1043.000000
885.000000 1895.000000 869.000000 2112.000000 885.000000
1237.000000 691.000000 834.000000 702.000000 962.000000
831.000000 1686.000000 1229.000000 1898.000000 1269.000000
676.000000 467.000000 499.000000 472.000000 695.000000
933.000000 2555.000000 1078.000000 2748.000000 1065.000000
929.000000 1653.000000 790.000000 1857.000000 826.000000
1553.000000 1250.000000 824.000000 1358.000000 901.000000
718.000000 1699.000000 1261.000000 1913.000000 1301.000000
748.000000 1657.000000 1084.000000 1865.000000 1123.000000
1232.000000 1641.000000 808.000000 1843.000000 845.000000
816.000000 2205.000000 803.000000 2390.000000 788.000000
1555.000000 1852.000000 1530.000000 2088.000000 1576.000000
940.000000 2464.000000 785.000000 2648.000000 745.000000
627.000000 726.000000 518.000000 743.000000 680.000000
1277.000000 1841.000000 807.000000 2063.000000 824.000000
704.000000 2142.000000 1145.000000 2343.000000 1161.000000
951.000000 770.000000 625.000000 792.000000 773.000000
754.000000 1695.000000 1073.000000 1906.000000 1109.000000
1253.000000 1671.000000 389.000000 1869.000000 418.000000
783.000000 697.000000 331.000000 703.000000 520.000000
811.000000 1650.000000 640.000000 1852.000000 675.000000
981.000000 651.000000 408.000000 654.000000 594.000000
270.000000 911.000000 855.000000 936.178223 965.670654
773.000000 939.000000 504.000000 976.000000 640.000000
787.000000 1698.000000 1243.000000 1912.000000 1283.000000
1283.000000 56.000000 549.000000 68.000000 794.000000
656.000000 350.000000 694.000000 350.000000 873.000000
1004.000000 1893.000000 798.000000 2107.000000 811.000000
1011.000000 391.000000 1469.000000 404.000000 1526.000000
642.000000 402.000000 1323.000000 414.000000 1401.000000
734.000000 297.000000 1161.000000 301.000000 1268.000000
1270.000000 2816.000000 1054.000000 3025.000000 1021.000000
649.000000 1413.000000 561.000000 1610.000000 624.000000
1334.000000 1658.000000 1220.000000 1869.000000 1261.000000
1039.000000 1500.000000 1170.000000 1699.000000 1218.000000
602.000000 1654.000000 946.000000 1861.000000 983.000000
857.000000 1670.000000 1098.000000 1879.000000 1136.000000
1506.000000 1220.000000 612.000000 1323.000000 702.000000
721.000000 1048.000000 889.000000 1109.000000 981.000000
692.000000 2557.000000 1108.000000 2751.000000 1099.000000
646.000000 1662.000000 1444.000000 1877.000000 1488.000000
1432.000000 2513.000000 482.000000 2716.000000 399.000000
1414.000000 1640.000000 777.000000 1842.000000 813.000000
930.000000 2381.000000 1353.000000 2574.000000 1380.000000
1029.000000 1860.000000 894.000000 2078.000000 915.000000
1396.000000 1706.000000 917.000000 1914.000000 950.000000
1053.000000 1876.000000 872.000000 2094.000000 889.000000
1022.000000 1051.000000 787.000000 1112.000000 887.000000
974.000000 317.000000 1559.000000 331.000000 1602.000000
1538.000000 322.000000 265.000000 316.000000 527.000000
1567.000000 2294.000000 593.000000 2446.000000 553.000000
995.000000 2924.000000 1668.000000 3043.000000 1733.000000
1236.000000 959.000000 924.000000 1016.000000 1021.000000
756.000000 2199.000000 1111.000000 2396.000000 1122.000000
931.000000 892.000000 923.000000 926.000000 1025.000000
778.000000 1660.000000 1289.000000 1872.000000 1331.000000
1546.000000 1065.000000 966.000000 1130.000000 1051.000000
765.000000 1638.000000 642.000000 1839.000000 678.000000
720.000000 1662.000000 638.000000 1864.000000 671.000000
1132.000000 2136.000000 1053.000000 2335.000000 1064.000000
1097.000000 405.000000 477.000000 410.000000 683.000000
1367.000000 1683.000000 1093.000000 1894.000000 1130.000000
1478.000000 320.000000 163.000000 316.000000 433.000000
1165.000000 50.000000 717.000000 66.000000 918.000000
1163.000000 1461.000000 1110.000000 1648.000000 1160.000000
1501.000000 383.000000 469.000000 384.000000 679.000000
949.000000 1679.000000 799.000000 1884.000000 832.000000
1061.000000 474.000000 1788.000000 336.000000 1797.000000
1260.000000 1546.000000 1544.000000 1761.000000 1590.000000
976.000000 1821.000000 1210.000000 2050.000000 1244.000000
1544.000000 380.000000 196.000000 376.000000 453.000000
728.000000 1712.000000 1240.000000 1926.000000 1279.000000
1155.000000 748.000000 1606.000000 665.000000 1644.000000
1120.000000 1783.000000 464.000000 2004.000000 477.000000
1315.000000 2271.000000 581.000000 2424.000000 545.000000
767.000000 974.000000 646.000000 1026.000000 764.000000
893.000000 747.000000 887.000000 771.000000 1004.000000
1125.000000 2143.000000 1172.000000 2345.000000 1191.000000
1200.000000 430.000000 968.000000 438.000000 1097.000000
925.000000 2185.000000 828.000000 2373.000000 816.000000
652.000000 1659.000000 1255.000000 1871.000000 1296.000000
1541.000000 2488.000000 782.000000 2667.000000 740.000000
1372.000000 707.000000 114.000000 755.000000 323.000000
1579.000000 1024.000000 834.000000 1081.000000 933.000000
934.000000 1439.000000 538.000000 1641.000000 599.000000
1090.000000 35.000000 461.000000 51.000000 714.000000
1201.000000 1672.000000 1252.000000 1884.000000 1293.000000
1499.000000 1671.000000 1217.000000 1882.000000 1257.000000
1028.000000 2186.000000 849.000000 2375.000000 840.000000
1404.000000 950.000000 1326.000000 1005.000000 1390.000000
1040.000000 1656.000000 1067.000000 1865.000000 1105.000000
979.000000 512.000000 1178.000000 509.000000 1274.000000
603.000000 1487.000000 1054.000000 1681.000000 1103.000000
1439.000000 861.000000 679.000000 878.000000 811.000000
817.000000 29.000000 567.000000 46.000000 800.000000
883.000000 1645.000000 1121.000000 1853.000000 1162.000000
1189.000000 2193.000000 1029.000000 2382.000000 1034.000000
1381.000000 479.000000 1076.000000 481.000000 1187.000000
786.000000 2140.000000 1116.000000 2340.000000 1131.000000
777.000000 1701.000000 660.000000 1905.000000 689.000000
1145.000000 764.000000 888.000000 791.000000 1004.000000
965.000000 1696.000000 1090.000000 1907.000000 1127.000000
1104.000000 1712.000000 1222.000000 1925.000000 1261.000000
1109.000000 1693.000000 920.000000 1901.000000 954.000000
1111.000000 1850.000000 1445.000000 2085.000000 1488.000000
855.000000 1688.000000 663.000000 1892.000000 693.000000
1122.000000 1461.000000 1164.000000 1637.000000 1213.000000
1233.000000 1487.000000 1193.000000 1683.000000 1241.000000
1215.000000 480.000000 1240.000000 483.000000 1329.000000
1299.000000 470.000000 1211.000000 474.000000 1303.000000
1197.000000 1693.000000 391.000000 1892.000000 417.000000
1141.000000 1640.000000 1381.000000 1848.000000 1424.000000
1231.000000 355.000000 771.000000 359.000000 936.000000
188.000000 1194.000000 914.000000 1293.954590 1003.347534
867.000000 1709.000000 1070.000000 1920.000000 1106.000000
707.000000 1852.000000 1143.000000 2080.000000 1173.000000
994.000000 1676.000000 635.000000 1878.000000 666.000000
1314.000000 2442.000000 907.000000 2621.000000 882.000000
685.000000 1490.000000 1546.000000 1690.000000 1593.000000
1068.000000 1237.000000 1351.000000 1355.000000 1403.000000
1559.000000 847.000000 735.000000 869.000000 863.000000
1328.000000 1832.000000 1171.000000 2063.000000 1203.000000
1440.000000 2417.000000 1218.000000 2604.000000 1229.000000
1188.000000 2490.000000 1114.000000 2681.000000 1110.000000
1389.000000 1182.000000 384.000000 1302.000000 490.000000
1548.000000 564.000000 1094.000000 547.000000 1199.000000
1031.000000 1259.000000 996.000000 1377.000000 1064.000000
1066.000000 328.000000 1423.000000 341.000000 1487.000000
1517.000000 299.000000 1468.000000 310.000000 1525.000000
651.000000 1683.000000 1059.000000 1892.000000 1096.000000
1035.000000 1488.000000 727.000000 1677.000000 779.000000
755.000000 654.000000 1089.000000 629.000000 1191.000000
620.000000 371.000000 871.000000 380.000000 1019.000000
708.000000 362.000000 656.000000 361.000000 840.000000
1246.000000 1175.000000 570.000000 1260.000000 669.000000
1204.000000 407.000000 1218.000000 410.000000 1312.000000
987.000000 866.000000 752.000000 892.000000 873.000000
1276.000000 388.000000 1514.000000 401.000000 1563.000000
803.000000 2613.000000 1017.000000 2799.000000 993.000000
947.000000 342.000000 951.000000 347.000000 1089.000000
764.000000 516.000000 124.000000 499.000000 372.000000
1265.000000 1053.000000 1200.000000 1036.000000 1273.000000
1051.000000 1265.000000 780.000000 1381.000000 857.000000
1297.000000 389.000000 389.000000 389.000000 611.000000
743.000000 1689.000000 1416.000000 1905.000000 1460.000000
1445.000000 778.000000 426.000000 801.000000 591.000000
784.000000 715.000000 432.000000 725.000000 604.000000
968.000000 1676.000000 665.000000 1879.000000 696.000000
1424.000000 426.000000 548.000000 423.000000 742.000000
1358.000000 1354.000000 646.000000 1490.000000 717.000000
1192.000000 868.000000 762.000000 890.000000 883.000000
776.000000 1462.000000 1398.000000 1652.000000 1445.000000
1251.000000 719.000000 949.000000 741.000000 1061.000000
828.000000 1649.000000 1393.000000 1862.000000 1437.000000
636.000000 1626.000000 384.000000 1823.000000 420.000000
1551.000000 1701.000000 1394.000000 1917.000000 1438.000000
1557.000000 1723.000000 677.000000 1925.000000 704.000000
1164.000000 1622.000000 354.000000 1816.000000 391.000000
1012.000000 2428.000000 650.000000 2599.000000 599.000000
843.000000 2127.000000 837.000000 2319.000000 831.000000
1406.000000 1652.000000 774.000000 1856.000000 810.000000
1174.000000 602.000000 633.000000 604.000000 797.000000
1534.000000 519.000000 1618.000000 497.000000 1654.000000
1513.000000 2531.000000 1096.000000 2724.000000 1087.000000
483.000000 401.000000 242.000000 399.530914 488.722015
1281.000000 360.000000 566.000000 358.000000 764.000000
1193.000000 1265.000000 723.000000 1381.000000 803.000000
1456.000000 1518.000000 936.000000 1715.000000 985.000000
821.000000 755.000000 983.000000 782.000000 1089.000000
1149.000000 1704.000000 794.000000 1910.000000 825.000000
969.000000 1653.000000 806.000000 1857.000000 842.000000
1238.000000 396.000000 1056.000000 397.000000 1175.000000
960.000000 2203.000000 1168.000000 2401.000000 1183.000000
667.000000 1645.000000 1086.000000 1852.000000 1126.000000
899.000000 1687.000000 618.000000 1891.000000 647.000000
760.000000 1217.000000 764.000000 1322.000000 847.000000
903.000000 2677.000000 1401.000000 2880.000000 1428.000000
1552.000000 1566.000000 1396.000000 1784.000000 1441.000000
631.000000 1926.000000 1504.000000 2152.000000 1549.000000
896.000000 706.000000 583.000000 717.000000 739.000000
737.000000 1388.000000 1325.000000 1542.000000 1375.000000
1316.000000 1426.000000 678.000000 1585.000000 739.000000
1443.000000 1192.000000 1196.000000 1289.000000 1259.000000
975.000000 1688.000000 632.000000 1891.000000 663.000000
862.000000 312.000000 1060.000000 315.000000 1182.000000
1395.000000 1913.000000 887.000000 2126.000000 913.000000
712.000000 339.000000 1165.000000 342.000000 1270.000000
671.000000 348.000000 649.000000 347.000000 836.000000
1136.000000 832.000000 728.000000 854.000000 855.000000
1102.000000 2646.000000 1208.000000 2841.000000 1208.000000
1511.000000 2150.000000 1266.000000 2348.000000 1292.000000
654.000000 2344.000000 1387.000000 2536.000000 1419.000000
819.000000 1427.000000 593.000000 1551.000000 659.000000
1399.000000 1475.000000 1166.000000 1666.000000 1215.000000
770.000000 728.000000 855.000000 751.000000 977.000000
753.000000 2126.000000 815.000000 2317.000000 807.000000
768.000000 703.000000 894.000000 723.000000 1014.000000
1533.000000 751.000000 1516.000000 755.000000 1564.000000
1046.000000 1676.000000 892.000000 1879.000000 927.000000
1146.000000 517.000000 616.000000 516.000000 790.000000
598.000000 686.000000 994.000000 706.000000 1103.000000
1318.000000 1730.000000 971.000000 1936.000000 1004.000000
1468.000000 474.000000 995.000000 477.000000 1118.000000
1266.000000 1280.000000 1211.000000 1400.000000 1269.000000
710.000000 1662.000000 668.000000 1865.000000 702.000000
926.000000 2390.000000 1568.000000 2587.000000 1620.000000
1378.000000 640.000000 656.000000 639.000000 812.000000
825.000000 1698.000000 1208.000000 1911.000000 1247.000000
164.000000 2254.000000 1336.000000 2450.792725 1369.951904
1173.000000 396.000000 299.000000 396.000000 535.000000
1376.000000 2674.000000 1382.000000 2876.000000 1406.000000
1049.000000 888.000000 1084.000000 819.000000 1176.000000
1036.000000 1678.000000 406.000000 1868.000000 435.000000
1341.000000 2463.000000 762.000000 2646.000000 719.000000
1485.000000 1544.000000 1364.000000 1757.000000 1410.000000
677.000000 1665.000000 818.000000 1870.000000 854.000000
665.000000 1698.000000 1226.000000 1912.000000 1265.000000
693.000000 479.000000 1058.000000 482.000000 1172.000000
210.000000 1034.000000 1125.000000 1098.110229 1196.653320
1208.000000 2511.000000 1232.000000 2700.000000 1241.000000
932.000000 1252.000000 1065.000000 1372.000000 1131.000000
684.000000 1681.000000 938.000000 1888.000000 957.000000
877.000000 339.000000 1045.000000 341.000000 1169.000000
1272.000000 1848.000000 1421.000000 2083.000000 1461.000000
1563.000000 1686.000000 1212.000000 1897.000000 1252.000000
810.000000 1642.000000 917.000000 1846.000000 954.000000
1156.000000 2325.000000 1072.000000 2508.000000 1072.000000
1333.000000 1532.000000 725.000000 1729.000000 772.000000
1519.000000 1701.000000 645.000000 1905.000000 674.000000
1530.000000 1678.000000 1045.000000 1884.000000 1082.000000
1033.000000 2551.000000 1151.000000 2738.000000 1148.000000
661.000000 2398.000000 654.000000 2570.000000 607.000000
1580.000000 1526.000000 1609.000000 1657.000000 1654.000000
1212.000000 502.000000 1122.000000 505.000000 1226.000000
939.000000 14.000000 558.000000 33.000000 795.000000
1095.000000 712.000000 742.000000 723.000000 879.000000
957.000000 303.000000 1180.000000 307.000000 1284.000000
1124.000000 1710.000000 1104.000000 1921.000000 1140.000000
1115.000000 2119.000000 1147.000000 2320.000000 1164.000000
1347.000000 698.000000 1620.000000 610.000000 1656.000000
762.000000 2146.000000 855.000000 2335.000000 850.000000
991.000000 951.000000 1001.000000 997.000000 1091.000000
686.000000 1813.000000 912.000000 2035.000000 935.000000
719.000000 691.000000 199.000000 746.000000 400.000000
827.000000 1503.000000 1465.000000 1705.000000 1511.000000
670.000000 1706.000000 932.000000 1915.000000 966.000000
1093.000000 652.000000 630.000000 650.000000 788.000000
996.000000 1090.000000 615.000000 1157.000000 722.000000
1348.000000 933.000000 1444.000000 981.000000 1498.000000
689.000000 394.000000 1425.000000 407.000000 1488.000000
1082.000000 741.000000 970.000000 765.000000 1079.000000
802.000000 2122.000000 561.000000 2333.000000 536.000000
267.000000 1294.000000 604.000000 1406.552246 693.330627
1433.000000 1668.000000 959.000000 1874.000000 995.000000
1116.000000 346.000000 1659.000000 353.000000 1687.000000
1438.000000 710.000000 512.000000 720.000000 676.000000
723.000000 1629.000000 1000.000000 1830.000000 1040.000000
750.000000 1491.000000 1492.000000 1689.000000 1539.000000
1540.000000 1244.000000 1021.000000 1359.000000 1090.000000
771.000000 1638.000000 658.000000 1839.000000 693.000000
1249.000000 686.000000 1172.000000 619.000000 1263.000000
1496.000000 1409.000000 739.000000 1563.000000 801.000000
1437.000000 1499.000000 1117.000000 1698.000000 1166.000000
1078.000000 1694.000000 966.000000 1902.000000 1001.000000
683.000000 152.000000 238.000000 157.000000 519.000000
815.000000 58.000000 470.000000 72.000000 718.000000
717.000000 707.000000 206.000000 766.000000 404.000000
1147.000000 473.000000 421.000000 478.000000 628.000000
791.000000 1218.000000 638.000000 1323.000000 728.000000
840.000000 1690.000000 1434.000000 1906.000000 1478.000000
907.000000 1896.000000 889.000000 2113.000000 906.000000
745.000000 433.000000 926.000000 441.000000 1062.000000
1490.000000 1500.000000 814.000000 1693.000000 864.000000
1166.000000 2410.000000 798.000000 2587.000000 765.000000
1338.000000 888.000000 765.000000 921.000000 883.000000
1543.000000 1393.000000 730.000000 1542.000000 794.000000
1317.000000 659.000000 618.000000 660.000000 777.000000
679.000000 1488.000000 836.000000 1679.000000 887.000000
1230.000000 755.000000 1427.000000 759.000000 1485.000000
1312.000000 1642.000000 949.000000 1848.000000 987.000000
1411.000000 1499.000000 1144.000000 1698.000000 1191.000000
824.000000 639.000000 1118.000000 558.000000 1220.000000
859.000000 691.000000 174.000000 747.000000 376.000000
1514.000000 437.000000 766.000000 449.000000 923.000000
1447.000000 569.000000 868.000000 572.000000 1003.000000
916.000000 1640.000000 792.000000 1843.000000 829.000000
1244.000000 1123.000000 1761.000000 903.000000 1791.000000
714.000000 1667.000000 943.000000 1874.000000 979.000000
1573.000000 868.000000 1103.000000 807.000000 1196.000000
1096.000000 2675.000000 1307.000000 2883.000000 1304.000000
1524.000000 1687.000000 1246.000000 1898.000000 1286.000000
1007.000000 2581.000000 1235.000000 2772.000000 1242.000000
924.000000 2028.000000 1459.000000 2236.000000 1501.000000
1110.000000 1648.000000 386.000000 1844.000000 419.000000
792.000000 2161.000000 1115.000000 2360.000000 1128.000000
1045.000000 937.000000 1629.000000 1000.000000 1669.000000
1385.000000 742.000000 945.000000 767.000000 1056.000000
913.000000 315.000000 1035.000000 318.000000 1162.000000
923.000000 671.000000 943.000000 691.000000 1060.000000
1158.000000 1690.000000 782.000000 1897.000000 814.000000
1038.000000 1870.000000 1142.000000 2093.000000 1171.000000
999.000000 1676.000000 650.000000 1879.000000 681.000000
1475.000000 2123.000000 762.000000 2314.000000 752.000000
1377.000000 2487.000000 1084.000000 2679.000000 1076.000000
898.000000 1707.000000 948.000000 1915.000000 982.000000
1387.000000 850.000000 852.000000 871.000000 966.000000
1121.000000 1297.000000 1341.000000 1424.000000 1394.000000

1.000000 1422.198486 582.306885 381.466125 70.352875 1547.353882 647.203247 3.836102 267.953766
3.000000 1157.114624 1701.445801 3.240293 1725.545288 1103.364624 1734.594360 3.326799 1736.954956
6.000000 1267.420532 1710.156494 320.862213 1752.573853 1103.506592 1747.650269 323.604614 1765.312622
4.000000 287.931183 1793.561157 1227.193604 1743.151489 206.930817 1801.714233 1123.632446 1772.822021
5.000000 1217.313843 1735.219971 284.250183 1774.895386 1100.143799 1766.674072 287.044495 1784.197876
9.000000 1287.336670 1662.282959 387.468445 1711.366211 1110.166382 1709.892578 390.206970 1728.157837
7.000000 320.825256 1769.994873 1187.182617 1727.083496 333.601257 1779.322144 1103.540039 1757.194336
8.000000 357.370453 1745.331543 1153.583374 1708.781494 356.933441 1759.647583 1100.067261 1739.099365
10.000000 1373.563232 649.952209 1369.666748 1446.681396 1514.536987 720.028381 1518.210693 1426.676025
14.000000 1381.310791 1446.674072 1385.747803 656.624084 1530.154785 1369.999146 1526.602173 723.333679
13.000000 3069.710938 431.842529 2300.195557 581.008667 3069.502686 325.244110 2453.538818 540.588074
17.000000 2307.574707 634.140747 3070.774170 497.620728 2474.179443 599.278381 3070.855713 405.974884
15.000000 148.425430 259.512512 71.875046 1030.186279 154.389664 536.428162 88.006477 1170.140381
16.000000 124.464722 1026.776855 198.196136 269.824280 136.836807 1163.350830 201.517212 533.146912
18.000000 247.183273 1053.379639 312.537170 323.859253 252.490097 1179.920410 310.063141 570.005981
11.000000 413.761169 1722.637695 1120.160400 1690.155762 393.513062 1740.341553 1066.830933 1723.073120
12.000000 1090.269409 1662.276001 413.513885 1682.661133 1070.182495 1696.736328 416.822021 1708.574463
25.000000 367.231110 98.834610 940.162537 376.331085 426.761536 396.281189 943.314087 523.411560
21.000000 1053.506470 1643.245728 446.821350 1659.211304 1006.819092 1679.956543 450.129852 1688.480347
26.000000 581.576477 426.542694 539.235352 1026.612671 581.378723 619.856384 543.167053 1139.987793
44.000000 237.235931 65.467209 757.186279 312.238556 370.290802 402.145752 750.354980 495.217194
24.000000 1094.228149 616.774353 1079.707642 1186.744141 1162.657104 723.479187 1149.672241 1256.739868
23.000000 936.510315 383.656097 425.366028 136.017975 946.186584 531.952393 413.119537 400.869446
33.000000 1033.878052 1186.010254 501.013458 1146.374878 990.164490 1265.996582 503.908020 1246.014893
29.000000 1165.222778 1203.302490 1176.617188 669.998962 1254.799683 1266.634033 1263.601196 763.338013
32.000000 1766.443237 735.464783 2287.038330 638.666016 1990.497070 758.171204 2453.907471 605.071472
19.000000 228.859543 826.562500 276.658203 303.332550 216.809143 1163.347168 275.602020 556.563538
40.000000 264.403900 520.093689 218.909210 1039.904541 265.251373 743.201294 225.415405 1170.194214
30.000000 1323.356689 703.368286 1317.974976 1220.013672 1448.888428 776.669861 1448.175415 1276.668823
20.000000 1779.575073 1283.417969 1768.016479 770.119751 2015.075928 1323.531372 1992.542236 763.231079
31.000000 2266.853027 587.624817 1766.961914 684.851135 2418.779785 546.380249 1947.295288 705.309631
34.000000 2298.462646 643.220703 2330.256104 1150.192993 2471.837646 616.518494 2510.572021 1096.889282
35.000000 1397.708130 733.338806 1395.098022 1230.009277 1547.713501 809.996033 1549.494507 1283.335205
37.000000 1744.421143 759.976562 1755.055054 1253.296265 1958.404297 829.803345 1976.252808 1290.015991
38.000000 1427.622803 1233.317993 1430.807251 739.983704 1594.561890 1283.349976 1590.934570 823.325989
52.000000 16.607542 10.705805 456.498108 213.122314 156.453201 380.821899 467.138824 461.515411
36.000000 1354.241699 1220.005981 1357.406494 736.649658 1495.347290 1276.667847 1494.944214 806.665283
28.000000 1533.953003 786.649170 1536.016602 1253.321411 1731.832153 796.628113 1742.428711 1299.948853
27.000000 623.488708 1696.128662 1086.687866 1670.380859 523.478882 1721.415405 1036.738647 1705.681885
51.000000 524.686523 157.242493 936.899170 359.526245 590.036987 423.185028 903.033630 501.202301
22.000000 2337.147461 1050.430420 2307.574707 634.140747 2530.163086 1166.371826 2483.484375 612.758484
42.000000 643.515564 1673.671631 1046.847900 1653.650024 586.636475 1702.342773 1006.652466 1689.534302
43.000000 1050.251587 1171.463379 664.733337 1119.594482 1006.703064 1249.486816 596.402588 1220.390991
87.000000 682.642151 1586.807251 703.036987 1203.494873 618.221741 1519.887817 632.716125 1290.171387
49.000000 746.036560 1206.330444 728.505554 1586.751465 670.396057 1292.987061 651.598572 1633.421631
54.000000 160.496582 573.381409 124.390305 946.446350 167.015701 796.702881 135.581589 1099.887451
47.000000 3.106836 1709.352905 376.747742 1688.091553 3.244670 1723.863159 370.071533 1712.261963
74.000000 1024.127930 475.598480 1352.750000 624.619690 1239.513672 642.218384 1487.419678 696.565186
88.000000 2900.656250 439.846191 2549.779053 512.262695 3070.551025 311.602661 2855.167969 385.640381
45.000000 1108.850464 829.972778 1100.565186 1180.013428 1183.001465 873.325745 1174.445801 1246.692139
55.000000 300.306976 1226.912598 276.888489 1573.573486 304.856903 1323.442383 284.325043 1610.309570
96.000000 2506.136963 517.305908 2170.014648 583.407593 2665.932617 451.305054 2463.750732 524.486633
46.000000 722.765686 1140.684204 1042.966797 1185.927612 632.958435 1235.438477 1000.177856 1260.753418
69.000000 356.529510 506.868622 376.341736 193.312805 354.478790 713.405212 371.003510 450.062958
53.000000 974.019104 1576.837524 987.349060 1263.362305 939.481995 1619.988037 946.629395 1310.076050
48.000000 1095.362915 1096.633789 1103.169800 786.662537 1167.719238 1246.760498 1175.567139 879.976501
79.000000 82.625069 1020.245972 111.369095 713.461609 97.149086 1163.383423 122.087036 923.203918
60.000000 492.720764 1029.941528 521.696655 726.510376 495.290924 1149.865967 521.863159 877.173035
137.000000 385.086853 203.464355 362.417786 506.847321 374.984955 539.850525 359.566071 713.294739
61.000000 3.239657 1157.487915 299.849579 1191.318848 26.616116 1277.524048 299.981812 1293.641724
57.000000 296.842041 1198.413086 3.044681 1165.945312 300.009399 1299.832520 23.278948 1284.302490
76.000000 776.811523 1620.006836 790.442383 1329.864136 799.624390 1659.978149 813.957825 1413.176025
119.000000 759.809204 353.103973 1020.626160 471.959290 770.988098 532.061707 953.773621 571.281372
68.000000 290.365021 1179.837769 6.989021 1150.246338 293.613770 1284.613403 26.802567 1270.722900
75.000000 687.464233 620.031921 698.810730 336.619049 694.507141 780.048462 704.974976 526.596802
70.000000 3.491892 1224.894775 283.339020 1249.936279 29.915442 1331.926514 289.999634 1343.341919
56.000000 3.271625 1617.797852 283.331940 1609.949951 3.323296 1649.377441 286.636719 1644.809570
64.000000 512.169006 1503.484619 531.478699 1226.537354 503.543488 1596.682251 523.619690 1326.687988
62.000000 3.175212 1336.034546 280.063843 1352.242798 13.306554 1420.896729 286.694733 1429.060669
58.000000 3.255184 1391.980957 276.688965 1402.768188 6.675218 1466.207520 283.370087 1471.360718
97.000000 1032.979858 1081.668945 767.624756 1025.475586 993.051392 1165.741333 779.908203 1140.783813
50.000000 912.294617 836.745239 921.541016 566.719421 949.184082 1026.371094 956.001465 699.986084
59.000000 3.290378 1448.270142 273.364441 1455.505249 3.311189 1511.584961 280.016998 1515.450928
63.000000 3.327412 1504.469971 270.004211 1505.859253 3.331842 1557.378174 276.670959 1557.951050
156.000000 263.183472 1768.075195 3.202353 1788.317749 166.715958 1781.585327 3.333286 1786.665161
183.000000 512.529541 559.959290 525.208008 298.758301 515.898499 669.957703 524.164795 519.862183
91.000000 705.364197 353.433136 692.750732 610.135132 712.157227 536.776855 700.754456 760.038513
83.000000 958.770508 460.072205 950.076111 713.450317 998.647095 600.069031 990.510925 833.467346
94.000000 1201.859741 910.167725 1193.678101 1163.452148 1293.954590 1003.347534 1288.928955 1223.385010
114.000000 571.255615 1213.042114 557.782898 1463.393433 554.048523 1329.889282 546.003784 1520.112915
78.000000 1032.061401 1563.292725 1040.038330 1313.228271 1096.246216 1609.986450 1104.074707 1366.583252
124.000000 308.515686 1030.168457 330.688080 786.729309 313.468414 1136.679321 330.605225 953.389893
67.000000 339.750244 767.259705 317.283569 1010.365051 343.769684 866.974060 322.037903 1133.499512
216.000000 1561.486450 1010.008118 1562.542114 1250.018188 1775.729980 1103.351318 1778.285156 1236.699585
104.000000 514.689575 316.530273 498.344025 553.449036 516.897217 536.682983 502.490234 740.176331
111.000000 15.562739 946.562805 37.526672 713.100647 35.632465 1106.558472 55.515438 916.546204
100.000000 807.319092 659.894531 816.501648 426.529022 828.596069 796.607178 837.358276 589.888000
205.000000 739.871033 1021.062195 506.721558 1034.300049 763.716187 1139.993042 623.984802 1131.977295
98.000000 1020.095398 1560.002441 1026.107178 1326.566406 1083.942383 1603.347168 1088.806641 1389.972778
118.000000 1115.944946 481.546082 1326.703003 579.922119 1176.686035 596.585510 1359.937622 640.261719
112.000000 268.419220 1576.803833 286.428131 1346.647949 274.891571 1616.805420 291.833801 1426.533203
80.000000 1609.603882 1030.032349 1607.638550 803.296021 1815.007935 1073.366089 1810.266113 833.393921
84.000000 1459.668213 983.344177 1459.279297 1210.010254 1634.088257 1029.932373 1635.556274 1263.277344
141.000000 776.872803 322.889435 979.783691 417.132385 790.277771 505.464844 956.537903 543.890381
90.000000 820.273071 640.014893 832.467041 416.619385 840.541809 796.487488 854.873962 573.218262
93.000000 1045.792969 1113.302734 1053.616943 889.893188 1108.008789 1199.934082 1115.289551 979.954407
101.000000 1016.175842 1339.985352 1009.525879 1563.418457 1081.531494 1403.273071 1074.610718 1610.042725
115.000000 944.592346 830.028442 939.547241 1053.323120 988.642090 966.604675 979.961670 1156.664917
123.000000 72.741486 403.266479 97.577141 183.436203 85.123466 666.492615 105.793938 483.234894
99.000000 1204.457886 576.683655 1201.140015 796.683838 1296.045044 670.012451 1295.066650 883.341309
113.000000 806.276123 439.981750 796.158447 656.642944 829.763367 603.321472 820.229919 793.511963
92.000000 1613.166260 1253.335815 1609.929810 1036.568237 1822.384521 1296.697388 1815.264404 1076.604248
73.000000 983.626404 1207.967773 769.930664 1177.147583 943.395081 1282.352051 690.015808 1266.415039
173.000000 1046.226929 739.993103 1049.535767 529.940186 1106.467773 806.663025 1109.313599 649.987549
102.000000 1459.307373 1353.378296 1457.778442 1556.675049 1637.581543 1396.491577 1642.355835 1603.201904
147.000000 587.375061 826.712402 574.462036 1026.739502 591.317139 966.759033 579.624634 1133.540649
116.000000 1271.303955 1163.324829 1272.138672 963.314453 1388.616577 1223.331543 1388.858276 1033.327637
81.000000 433.129883 1379.985840 419.499207 1576.631958 450.455231 1376.701294 432.465942 1613.520630
110.000000 1056.042236 716.643677 1063.290283 519.998413 1116.294434 826.651001 1124.422363 633.239014
266.000000 125.176880 576.516968 144.576675 383.458282 135.167755 793.173706 147.566833 676.762573
127.000000 1277.979248 816.678589 1279.736572 623.300659 1393.467407 890.000305 1393.851685 706.660767
162.000000 2728.811768 793.014038 2919.587158 766.965149 2915.199951 726.912720 3071.710693 686.539307
131.000000 582.789124 1026.845093 594.946106 836.769836 587.589722 1133.398804 600.113953 956.674744
125.000000 1532.666138 442.480133 1722.767334 430.793549 1738.525757 488.857758 1919.015015 454.782715
176.000000 836.270996 459.977905 825.661194 649.943848 855.261169 643.267944 848.119019 796.734253
130.000000 1041.210693 543.261047 1034.739258 733.267700 1102.445312 659.972473 1096.863647 840.006104
103.000000 1281.448486 1140.028198 1285.155762 949.970520 1401.029907 1223.315186 1402.653809 1016.635132
117.000000 456.646149 1580.724854 266.657898 1582.218994 463.279541 1619.699829 273.321167 1622.511719
227.000000 2936.826660 938.105652 2749.876221 958.887146 3070.234131 891.217285 2943.138184 915.652222
95.000000 2746.414795 963.034973 2765.409668 1149.416016 2939.180176 919.696777 2964.974609 1133.537476
128.000000 2900.210693 601.253906 2717.005859 632.020386 3070.668457 492.252075 2896.822510 543.858276
201.000000 455.262756 1536.574463 467.297089 1353.374756 462.200653 1566.584351 472.367981 1426.596558
186.000000 52.806301 213.273087 32.192982 393.584045 72.268219 516.545959 55.643730 663.217407
136.000000 1539.006226 461.584167 1719.758911 449.673889 1744.958496 508.092590 1916.133423 473.990265
151.000000 532.778076 571.581299 362.682037 511.854828 523.486206 749.151428 360.052917 719.706238
126.000000 1802.067871 1399.944824 1806.875610 1579.994385 2037.943359 1443.278564 2045.813843 1626.703247
134.000000 280.004761 1596.864746 456.729492 1592.607544 283.335876 1633.601807 460.018250 1631.937500
105.000000 1035.599365 1076.642944 1039.532104 899.915405 1098.110229 1196.653320 1096.236938 993.367981
143.000000 1271.725830 636.647461 1269.613525 813.328735 1386.564209 720.000000 1386.536621 890.000000
144.000000 319.508514 1019.508667 491.848206 1049.312988 323.071503 1149.597412 490.781921 1164.581421
72.000000 1390.068848 1634.518555 1563.398315 1624.453125 1586.664917 1676.583618 1846.616821 1671.008301
142.000000 1507.548340 1383.332153 1507.772583 1556.665283 1709.427856 1433.340698 1711.605835 1603.355469
140.000000 490.575958 1036.845337 320.170410 1005.733337 493.341797 1153.243408 323.278076 1137.254272
192.000000 416.757904 840.007507 402.723999 1010.224609 424.335022 990.082581 412.507294 1133.540039
194.000000 472.883850 856.630859 459.344177 1026.614380 479.797485 1003.317078 468.318451 1146.531860
153.000000 528.442017 543.219055 540.914429 373.155914 526.103271 743.288696 539.045776 579.924377
187.000000 387.518097 1006.164978 402.174286 836.279114 398.252838 1136.261963 409.923981 989.728455
159.000000 361.990601 523.658752 521.623535 582.242737 362.512726 730.794312 521.510132 762.403992
167.000000 602.751099 274.487549 754.468872 351.023438 603.449829 486.243439 757.069885 528.535278
121.000000 1517.822266 1186.726807 1513.216797 1020.095337 1721.497559 1250.031860 1718.259521 1063.363525
177.000000 1515.467896 896.603943 1510.573730 729.983154 1707.261963 933.315430 1702.645386 779.920410
289.000000 2926.900635 952.143799 2763.692871 969.959717 3070.472168 905.802734 2960.046875 926.911621
155.000000 469.535400 1258.080200 306.459290 1242.118896 473.162048 1343.616333 309.879272 1335.882080
226.000000 2086.373535 1037.350586 2093.113281 1200.010376 2286.808594 1087.050537 2291.847412 1216.464966
180.000000 270.208984 1095.418091 110.227089 1068.643066 273.525085 1214.626587 123.596382 1200.534668
146.000000 2566.903564 658.112976 2406.829102 684.325745 2740.516846 591.747681 2579.789062 639.287048
200.000000 637.861206 593.672485 649.909607 432.827179 642.474182 756.593811 654.378174 616.190002
145.000000 2422.811768 835.726990 2582.868896 816.194824 2598.871094 805.153687 2762.635498 767.004700
152.000000 2887.053955 615.668335 2730.278564 641.678833 3070.763428 505.910339 2913.118408 552.607788
129.000000 2714.059814 636.601318 2728.811768 793.014038 2894.033203 546.587280 2915.199951 726.912720
208.000000 454.739349 373.441101 442.725067 530.208862 458.052734 590.110840 447.110016 726.968628
154.000000 1945.609375 1210.041992 1939.378540 1053.225586 2161.544678 1239.828125 2143.429932 1077.026855
190.000000 393.597473 229.407074 536.737915 293.173370 390.271118 478.804260 533.065308 511.182098
233.000000 182.020691 359.862701 165.941071 513.606079 185.639648 616.557739 172.207947 743.213989
175.000000 310.116180 1248.901978 463.495728 1265.132080 313.416931 1341.880493 466.817688 1350.709106
139.000000 2585.195068 813.453125 2572.705078 660.051147 2763.906006 763.610168 2746.828613 593.317078
209.000000 429.732422 523.311951 441.976288 369.891693 433.821106 726.432373 445.065247 589.868164
165.000000 1804.151733 1066.643921 1808.425049 1220.043823 2031.759644 1096.587891 2039.274170 1256.922607
172.000000 2072.048828 743.268494 2076.896729 896.448425 2262.470215 736.529846 2271.927490 892.112000
184.000000 356.586700 700.281067 503.676270 742.127930 356.427948 878.263550 503.300385 900.220459
206.000000 2900.364746 755.932251 2750.050781 777.028320 3071.080811 670.787415 2936.512939 706.080444
257.000000 2466.571289 1172.185303 2616.642090 1159.705811 2687.423828 1169.701416 2806.532471 1155.537476
138.000000 1030.330322 923.344116 1025.440308 1073.401978 1093.061768 1026.658081 1087.596313 1200.134277
178.000000 1503.404419 739.999207 1505.097656 890.017700 1695.842529 790.024719 1700.439209 943.320190
222.000000 547.631226 1023.401550 558.002441 876.761108 551.587952 1140.116455 561.126038 1010.082581
207.000000 2221.222168 724.101318 2077.391846 747.744202 2398.547119 703.001648 2266.008545 742.345154
238.000000 662.441528 1020.093811 667.953796 876.588074 677.007935 1126.704956 677.477173 999.990662
195.000000 879.368958 896.642334 873.837769 1040.019409 911.300781 1006.579102 905.124146 1149.933594
212.000000 253.607849 1065.001831 113.032829 1041.822510 259.954407 1190.514648 126.487206 1178.692749
283.000000 1630.804443 856.629028 1624.254150 716.623596 1827.762451 866.612244 1822.134277 753.227417
191.000000 2556.814697 670.896606 2420.021973 693.465942 2730.220215 607.411804 2590.589844 648.663269
211.000000 2583.642334 989.598022 2446.392090 1004.062439 2765.335449 957.298767 2632.579590 986.582886
202.000000 1933.800537 906.497437 1928.336060 770.078674 2143.354248 919.997498 2126.719727 780.790283
255.000000 1043.388916 1474.406372 1180.054932 1477.766235 1109.972290 1524.887573 1229.993530 1527.030884
287.000000 1043.333496 1513.240479 1179.999878 1513.430908 1109.997925 1561.206177 1223.334351 1561.094849
198.000000 2563.920410 804.056335 2430.014893 823.436829 2743.600830 754.347778 2606.777100 790.418762
230.000000 491.788879 750.024475 362.037170 714.733826 492.696442 907.760315 366.249115 889.569031
221.000000 2079.661621 887.853760 2212.837646 866.855896 2271.927490 892.112000 2398.292480 855.773071
148.000000 1183.355103 1296.468140 1049.798340 1281.841064 1280.085571 1355.113892 1113.373779 1345.932983
182.000000 373.642944 1380.266724 363.877930 1513.617310 386.322876 1450.239380 374.301727 1600.344482
260.000000 1809.713989 1223.013062 1943.013428 1212.579224 2039.274170 1256.922607 2156.404541 1241.405273
267.000000 742.460266 626.787720 749.019714 493.449097 761.795959 773.586304 767.559570 656.710693
248.000000 1046.672119 1436.519531 1180.069214 1441.467285 1109.999390 1490.214355 1233.341797 1490.593384
204.000000 1776.616699 1616.475952 1779.147705 1483.127319 2031.595947 1669.948853 2027.106079 1529.985962
170.000000 1237.042969 549.191345 1116.730957 493.195282 1330.036987 643.177124 1176.618042 606.872375
164.000000 1186.784668 1285.752808 1056.376343 1268.915771 1280.158813 1344.319702 1120.214111 1333.500732
262.000000 1803.044678 924.630188 1933.800537 906.497437 2025.775024 949.823059 2139.397705 920.961731
278.000000 1936.970215 1049.475220 1806.690796 1063.556641 2146.858887 1071.008789 2033.820923 1092.557861
234.000000 449.785217 1272.129517 319.763092 1259.015503 453.339111 1356.556152 326.496185 1349.930542
166.000000 1050.072266 1322.511108 1180.238770 1333.949341 1116.647827 1383.751465 1276.623779 1390.952026
213.000000 1650.239868 1546.409424 1655.094238 1676.725220 1863.489868 1592.909058 1869.078369 1726.705200
284.000000 1049.945435 1360.767090 1179.999146 1370.011597 1116.571289 1419.064453 1229.990356 1423.575439
215.000000 1797.350830 793.319885 1799.902222 923.335266 2019.516235 813.353821 2025.167480 946.730164
270.000000 1003.263977 593.330872 998.691223 723.287292 1058.413940 713.392456 1054.466431 830.038330
242.000000 525.208008 298.758301 405.878632 245.113037 522.542664 516.797546 399.530914 488.722015
252.000000 129.959213 1053.568970 257.422424 1075.634155 139.941162 1187.267578 260.094757 1199.032349
271.000000 988.876587 716.617065 994.471863 589.903076 1044.176636 829.911804 1048.306885 713.273376
282.000000 1933.394897 1394.187134 1806.657593 1396.049683 2156.760498 1431.941650 2043.209229 1437.436035
224.000000 1725.801880 1673.299927 1724.086060 1546.656494 1946.486450 1723.338013 1943.104492 1593.339233
290.000000 1923.432495 767.263550 1800.179321 787.745911 2131.405518 781.145203 2024.779663 814.608337
277.000000 2105.576416 1201.191040 2229.704590 1190.044434 2304.666748 1224.109375 2418.820801 1205.929077
280.000000 1434.477539 486.913208 1316.058228 524.763245 1627.272217 547.918457 1523.934326 597.909119
286.000000 759.475708 496.641235 753.493835 620.007812 779.167786 656.800781 773.098206 769.987366
263.000000 405.813019 258.621429 517.755493 307.506683 403.475311 499.399780 517.523193 526.379272
261.000000 106.747032 1076.101440 227.156601 1093.220703 116.650948 1206.879639 233.664307 1215.515259
259.000000 1197.490479 352.421906 1082.698608 391.467102 1316.468506 456.303253 1211.598877 513.485657
223.000000 713.482300 369.674042 823.380310 419.897247 720.331238 551.938660 846.978516 582.020386
231.000000 485.662354 225.448914 594.802734 277.259766 468.873932 457.713287 592.599182 489.522186
174.000000 1776.843628 1328.302979 1656.640625 1324.075073 2013.341919 1367.797485 1856.664673 1367.187744
245.000000 1740.097168 411.986450 1620.332275 402.509125 1926.883423 432.913696 1802.995850 442.129242
288.000000 1223.220703 1149.927124 1225.759399 1029.980835 1334.159668 1213.305542 1335.415161 1099.986084
279.000000 2204.040771 1021.686707 2086.373535 1037.350586 2393.687012 1024.875977 2281.656982 1050.560547
275.000000 2209.742676 854.838867 2093.503662 871.208679 2396.942627 844.431885 2284.034180 872.790161
107.000000 1630.014038 1633.951172 1513.256226 1636.604004 1840.017334 1680.736816 1643.380615 1685.350830
285.000000 1234.106445 1033.347046 1232.033569 1150.036133 1344.694336 1100.020996 1342.945190 1213.378784
