Keypoint Matches and Line Matches for pairs 3, 8 
3 corresponds to the image ./resources/Data/CastleP30/images/0003.png 
8 corresponds to the image ./resources/Data/CastleP30/images/0008.png 

2.000000 1422.198486 582.306885 2330.032715 502.722656
8.000000 1373.563232 649.952209 2309.382568 570.986267
527.000000 1369.666748 1446.681396 2370.000488 1483.027466
11.000000 1385.747803 656.624084 2324.240723 586.601074
30.000000 148.425430 259.512512 842.853882 633.310730
31.000000 71.875046 1030.186279 815.659668 1210.109619
28.000000 124.464722 1026.776855 856.916504 1203.344604
29.000000 198.196136 269.824280 883.286865 619.997925
34.000000 247.183273 1053.379639 958.098083 1209.928711
35.000000 312.537170 323.859253 979.598389 636.651611
50.000000 581.576477 426.542694 1234.593262 643.295654
51.000000 539.235352 1026.612671 1225.440918 1146.644409
57.000000 757.186279 312.238556 1396.654297 493.551178
32.000000 1094.228149 616.774353 1866.185059 656.464355
33.000000 1079.707642 1186.744141 1884.944824 1229.947266
20.000000 936.510315 383.656097 1609.913574 494.848969
73.000000 1033.878052 1186.010254 1656.634399 1243.030884
40.000000 1165.222778 1203.302490 2013.469482 1236.800293
41.000000 1176.617188 669.998962 1990.339722 683.319153
15.000000 1766.443237 735.464783 2974.616211 536.510132
64.000000 228.859543 826.562500 932.539124 1039.969360
65.000000 276.658203 303.332550 948.349365 629.936340
66.000000 264.403900 520.093689 949.085510 796.510315
67.000000 218.909210 1039.904541 934.109924 1203.361938
36.000000 1323.356689 703.368286 2227.485840 666.206177
37.000000 1317.974976 1220.013672 2262.170898 1230.071533
14.000000 1779.575073 1283.417969 3060.927490 1244.033447
177.000000 1395.098022 1230.009277 2400.466309 1233.301025
103.000000 1755.055054 1253.296265 2992.769775 1206.734131
44.000000 1427.622803 1233.317993 2462.959961 1230.027832
1025.000000 1430.807251 739.983704 2431.000000 653.000000
595.000000 16.607542 10.705805 719.977783 486.733856
143.000000 456.498108 213.122314 1106.670654 509.945709
42.000000 1354.241699 1220.005981 2326.232910 1230.028809
43.000000 1357.406494 736.649658 2290.437256 689.971008
48.000000 1533.953003 786.649170 2627.541260 682.625854
1527.000000 1536.016602 1253.321411 2651.000000 1235.000000
58.000000 1050.251587 1171.463379 1660.068237 1228.917603
93.000000 124.390305 946.446350 852.850708 1143.311768
61.000000 376.747742 1688.091553 1090.041992 1709.147461
1467.000000 742.766541 227.788956 1380.000000 426.000000
282.000000 1024.127930 475.598480 1759.640503 543.150513
406.000000 1352.750000 624.619690 2273.310303 567.298584
69.000000 1100.565186 1180.013428 1914.135376 1219.971313
118.000000 300.306976 1226.912598 1012.461731 1343.383301
119.000000 276.888489 1573.573486 1006.919617 1616.671753
72.000000 722.765686 1140.684204 1259.977173 1238.813721
407.000000 356.529510 506.868622 1024.839844 766.719666
221.000000 974.019104 1576.837524 1822.870850 1613.343872
96.000000 1095.362915 1096.633789 1903.218384 1136.670532
97.000000 1103.169800 786.662537 1892.426514 820.030884
164.000000 82.625069 1020.245972 823.568176 1196.677734
324.000000 492.720764 1029.941528 1181.295410 1173.354370
168.000000 385.086853 203.464355 1036.251709 523.384888
169.000000 362.417786 506.847321 1032.013916 763.368896
182.000000 3.239657 1157.487915 769.991882 1310.506348
183.000000 299.849579 1191.318848 1006.651123 1314.302734
170.000000 296.842041 1198.413086 1006.672852 1319.109253
171.000000 3.044681 1165.945312 766.661316 1317.439941
270.000000 759.809204 353.103973 1426.547485 526.827881
212.000000 290.365021 1179.837769 1000.011902 1305.203613
213.000000 6.989021 1150.246338 773.330078 1304.642090
134.000000 687.464233 620.031921 1354.675903 789.984924
135.000000 698.810730 336.619049 1351.757812 529.980286
117.000000 283.331940 1609.949951 1010.007080 1644.124512
38.000000 1152.002319 643.298706 1951.921997 663.387390
216.000000 3.299117 1280.458618 773.332458 1400.222778
217.000000 280.165680 1301.112427 996.675293 1401.073608
196.000000 3.175212 1336.034546 766.665344 1440.765259
197.000000 280.063843 1352.242798 1000.003723 1441.164551
184.000000 3.255184 1391.980957 763.330505 1481.364868
185.000000 276.688965 1402.768188 1000.001465 1481.022461
339.000000 912.294617 836.745239 1626.913330 916.662659
85.000000 921.541016 566.719421 1627.514526 666.632996
187.000000 273.364441 1455.505249 996.669067 1522.074341
422.000000 270.004211 1505.859253 996.663452 1562.266357
52.000000 263.183472 1768.075195 990.011658 1769.815918
228.000000 705.364197 353.433136 1358.731689 543.316589
229.000000 692.750732 610.135132 1360.461426 756.662903
784.000000 958.770508 460.072205 1663.000000 548.000000
181.000000 950.076111 713.450317 1674.145874 796.648743
219.000000 1193.678101 1163.452148 2052.626465 1183.357422
140.000000 571.255615 1213.042114 1232.070679 1310.068481
128.000000 1032.061401 1563.292725 1844.479248 1613.384521
584.000000 1040.038330 1313.228271 1833.300903 1359.146851
262.000000 308.515686 1030.168457 1009.728882 1186.656616
263.000000 330.688080 786.729309 1016.873596 993.341003
298.000000 339.750244 767.259705 1023.336548 976.878052
299.000000 317.283569 1010.365051 1017.532166 1160.027466
138.000000 1194.698853 1323.368042 2061.532227 1353.247070
139.000000 1192.948853 1560.046509 2075.982666 1609.850830
136.000000 15.562739 946.562805 767.186340 1156.454224
985.000000 1026.107178 1326.566406 1821.000000 1371.000000
75.000000 1326.703003 579.922119 2213.364990 536.065918
151.000000 1459.279297 1210.010254 2511.747314 1203.217773
264.000000 776.872803 322.889435 1426.686646 496.203857
205.000000 832.467041 416.619385 1511.134399 553.306152
519.000000 956.019897 710.101807 1676.660278 793.676758
173.000000 1053.616943 889.893188 1827.001221 933.397339
156.000000 72.741486 403.266479 789.426208 756.625183
192.000000 1204.457886 576.683655 2023.201294 573.144409
193.000000 1201.140015 796.683838 2036.979980 806.648193
266.000000 806.276123 439.981750 1488.815430 590.001953
267.000000 796.158447 656.642944 1489.134277 783.334778
122.000000 1613.166260 1253.335815 2782.783691 1230.059570
123.000000 1609.929810 1036.568237 2753.477539 959.623169
120.000000 983.626404 1207.967773 1593.338135 1268.622192
121.000000 769.930664 1177.147583 1319.996460 1267.666870
147.000000 1278.913574 1329.981201 2206.966797 1356.475586
222.000000 1046.226929 739.993103 1819.357300 790.014587
404.000000 1049.535767 529.940186 1799.538086 586.560608
468.000000 210.493073 1033.373657 926.523865 1196.748169
469.000000 227.167801 829.768066 930.445740 1043.259521
148.000000 1459.307373 1353.378296 2525.255859 1359.825439
149.000000 1457.778442 1556.675049 2547.662354 1606.576294
498.000000 587.375061 826.712402 1262.635498 979.991333
230.000000 1271.303955 1163.324829 2182.184570 1169.858398
231.000000 1272.138672 963.314453 2168.576904 959.876221
207.000000 419.499207 1576.631958 1148.659912 1616.630859
223.000000 1063.290283 519.998413 1814.363281 570.052307
226.000000 1258.831055 1363.317261 2186.455322 1393.345459
227.000000 1256.127686 1560.038452 2198.710449 1606.740723
246.000000 1277.979248 816.678589 2162.985840 800.022095
247.000000 1279.736572 623.300659 2150.054932 596.663147
1429.000000 594.946106 836.769836 1267.000000 983.000000
78.000000 1096.816772 1652.435303 1790.002930 1703.566162
79.000000 1286.711792 1640.732056 2136.698486 1699.205688
288.000000 1041.210693 543.261047 1794.494629 603.304749
289.000000 1034.739258 733.267700 1799.086670 790.022461
195.000000 1285.155762 949.970520 2184.738281 940.259277
354.000000 456.646149 1580.724854 1173.320923 1621.493408
355.000000 266.657898 1582.218994 999.995483 1622.668091
474.000000 455.262756 1536.574463 1169.080322 1586.642334
475.000000 467.297089 1353.374756 1173.138916 1433.328247
80.000000 1610.318726 670.035950 2710.008545 510.040649
1018.000000 1443.013916 594.788147 2355.000000 511.000000
251.000000 32.192982 393.584045 769.494507 756.825256
494.000000 532.778076 571.581299 1183.465820 776.876587
495.000000 362.682037 511.854828 1033.311768 770.507141
415.000000 280.004761 1596.864746 1010.000488 1633.449097
416.000000 456.729492 1592.607544 1173.345337 1632.733887
1299.000000 1039.532104 899.915405 1809.000000 947.000000
304.000000 1271.725830 636.647461 2144.546387 616.594727
305.000000 1269.613525 813.328735 2155.225830 796.752075
466.000000 319.508514 1019.508667 1023.251099 1177.046265
467.000000 491.848206 1049.312988 1176.804443 1180.447144
513.000000 15.560108 619.476562 770.023743 912.513184
565.000000 1507.772583 1556.665283 2660.851807 1603.534180
448.000000 490.575958 1036.845337 1176.755615 1168.793823
449.000000 320.170410 1005.733337 1019.953186 1165.721313
582.000000 416.757904 840.007507 1108.729614 1020.048401
583.000000 402.723999 1010.224609 1105.444580 1160.049561
580.000000 472.883850 856.630859 1161.441772 1023.293762
581.000000 459.344177 1026.614380 1158.512207 1163.371948
546.000000 528.442017 543.219055 1188.358887 753.363464
547.000000 540.914429 373.155914 1190.912354 609.956909
596.000000 387.518097 1006.164978 1092.394287 1159.887207
597.000000 402.174286 836.279114 1096.086914 1019.984680
482.000000 361.990601 523.658752 1033.080444 780.907471
483.000000 521.623535 582.242737 1183.737305 789.893616
362.000000 602.751099 274.487549 1246.531250 511.615356
363.000000 754.468872 351.023438 1416.177246 525.837402
1218.000000 1513.216797 1020.095337 2620.000000 958.000000
504.000000 469.535400 1258.080200 1169.960693 1353.873779
505.000000 306.459290 1242.118896 1019.976135 1352.349854
568.000000 637.861206 593.672485 1301.147949 770.041748
569.000000 649.909607 432.827179 1306.242310 629.863464
1479.000000 509.677887 737.797241 1175.000000 920.000000
364.000000 1023.275085 1591.262573 1833.309204 1638.604858
515.000000 1180.005249 1586.854858 2076.678955 1633.810791
888.000000 393.597473 229.407074 1042.000000 535.000000
293.000000 165.941071 513.606079 867.942566 813.393494
554.000000 310.116180 1248.901978 1020.005920 1359.258545
555.000000 463.495728 1265.132080 1163.330078 1360.403809
71.000000 720.026123 1147.457275 1256.668335 1249.810913
302.000000 1503.404419 739.999207 2573.348877 636.665222
303.000000 1505.097656 890.017700 2589.915771 816.674438
500.000000 879.368958 896.642334 1597.523682 986.659607
523.000000 1369.216553 1486.630249 2373.333252 1519.941895
1091.000000 1630.804443 856.629028 2749.000000 739.000000
240.000000 1043.388916 1474.406372 1853.329834 1520.979248
241.000000 1180.054932 1477.766235 2060.000977 1520.669312
238.000000 1043.318604 1551.794189 1856.657837 1598.579590
239.000000 1180.004639 1550.483765 2063.337158 1597.295898
236.000000 1183.355103 1296.468140 2053.336182 1329.679199
237.000000 1049.798340 1281.841064 1846.656128 1327.884399
544.000000 373.642944 1380.266724 1097.261597 1460.012329
242.000000 1046.575195 1398.298828 1850.002075 1444.583618
243.000000 1180.049927 1405.775024 2056.668457 1444.790649
1464.000000 742.460266 626.787720 1426.000000 762.000000
274.000000 1237.042969 549.191345 2056.554443 538.752258
275.000000 1116.730957 493.195282 1866.566162 528.535339
158.000000 1186.784668 1285.752808 2053.325195 1321.838867
159.000000 1056.376343 1268.915771 1809.738159 1308.911743
1456.000000 449.785217 1272.129517 1155.000000 1366.000000
258.000000 1050.072266 1322.511108 1853.341309 1368.280396
259.000000 1180.238770 1333.949341 2050.003662 1369.193726
439.000000 1650.239868 1546.409424 2866.278076 1596.705078
440.000000 1655.094238 1676.725220 2881.769043 1753.487915
358.000000 1797.350830 793.319885 3012.593018 596.343628
359.000000 1799.902222 923.335266 3033.806641 766.607727
1213.000000 405.878632 245.113037 1084.000000 562.000000
284.000000 988.876587 716.617065 1738.593628 786.752930
397.000000 1725.801880 1673.299927 2988.913086 1756.786621
398.000000 1724.086060 1546.656494 2970.863525 1593.238037
395.000000 1379.814697 1583.379883 2403.330322 1632.905518
1552.000000 753.493835 620.007812 1415.000000 764.000000
1468.000000 713.482300 369.674042 1363.000000 550.000000
1234.000000 823.380310 419.897247 1502.000000 559.000000
74.000000 1109.747925 477.214630 1840.011475 516.447754
453.000000 485.662354 225.448914 1123.307739 500.504578
1201.000000 1529.394775 469.946655 2628.000000 301.000000
165.000000 111.988304 706.526306 834.920471 956.741760
178.000000 1776.843628 1328.302979 3066.774658 1303.020630
179.000000 1656.640625 1324.075073 2829.933838 1311.482056
356.000000 1740.097168 411.986450 2833.844238 145.446075
357.000000 1620.332275 402.509125 2669.869873 196.239471
774.000000 1224.449219 1546.682617 2112.000000 1596.000000
84.000000 908.810608 926.938660 1640.916382 1003.959106
1034.000000 318.103455 779.504761 996.000000 987.000000
98.000000 1630.014038 1633.951172 2836.675049 1701.274292
99.000000 1513.256226 1636.604004 2523.311279 1703.349976
1295.000000 1231.187378 800.021179 2075.000000 795.000000
1419.000000 1234.106445 1033.347046 2122.000000 1049.000000
666.000000 1232.033569 1150.036133 2147.000000 1171.000000
819.000000 1653.000000 821.000000 2790.000000 685.000000
836.000000 376.000000 571.000000 1046.000000 813.000000
1291.000000 1251.000000 747.000000 2124.000000 736.000000
1066.000000 1013.000000 693.000000 1769.000000 754.000000
692.000000 774.000000 537.000000 1459.000000 681.000000
1220.000000 1251.000000 718.000000 2070.000000 703.000000
929.000000 706.000000 876.000000 1405.000000 995.000000
673.000000 1693.000000 952.000000 2862.000000 835.000000
943.000000 1252.000000 652.000000 2118.000000 635.000000
618.000000 1696.000000 1107.000000 2883.000000 1031.000000
871.000000 1250.000000 776.000000 2126.000000 766.000000
742.000000 757.000000 957.000000 1468.000000 1059.000000
1293.000000 748.000000 1049.000000 1295.000000 1155.000000
703.000000 1659.000000 1273.000000 2850.000000 1246.000000
870.000000 324.000000 1468.000000 1057.000000 1531.000000
619.000000 1237.000000 1454.000000 2107.000000 1494.000000
682.000000 688.000000 942.000000 1390.000000 1058.000000
791.000000 388.000000 60.000000 1014.000000 411.000000
708.000000 1659.000000 1237.000000 2845.000000 1201.000000
1193.000000 479.000000 333.000000 1141.000000 594.000000
1036.000000 1641.000000 823.000000 2773.000000 692.000000
1095.000000 1643.000000 965.000000 2791.000000 865.000000
674.000000 722.000000 589.000000 1403.000000 741.000000
1473.000000 636.000000 758.000000 1313.000000 911.000000
1445.000000 408.000000 437.000000 1081.000000 697.000000
1150.000000 1653.000000 1527.000000 2860.000000 1568.000000
603.000000 1657.000000 1101.000000 2827.000000 1031.000000
725.000000 1672.000000 1234.000000 2862.000000 1196.000000
604.000000 379.000000 1450.000000 1106.000000 1515.000000
751.000000 1655.000000 962.000000 2808.000000 858.000000
656.000000 538.000000 289.000000 1183.000000 543.000000
743.000000 1003.000000 1045.000000 1780.000000 1099.000000
1080.000000 1647.000000 1258.000000 2829.000000 1229.000000
1125.000000 365.000000 955.000000 1068.000000 1118.000000
1559.000000 969.000000 490.000000 1676.000000 566.000000
763.000000 716.000000 859.000000 1415.000000 980.000000
1000.000000 1477.000000 1243.000000 2562.000000 1233.000000
631.000000 1665.000000 803.000000 2804.000000 659.000000
881.000000 436.000000 885.000000 1130.000000 1051.000000
630.000000 336.000000 1319.000000 1060.000000 1411.000000
887.000000 1016.000000 555.000000 1765.000000 621.000000
877.000000 1691.000000 812.000000 2843.000000 661.000000
688.000000 1004.000000 1012.000000 1779.000000 1067.000000
1216.000000 501.000000 611.000000 1163.000000 816.000000
691.000000 1702.000000 1430.000000 2930.000000 1443.000000
834.000000 1425.000000 548.000000 2460.000000 439.000000
859.000000 962.000000 1003.000000 1723.000000 1065.000000
316.000000 1624.000000 705.000000 2732.810059 553.727722
1048.000000 426.000000 636.000000 1081.000000 855.000000
652.000000 1488.000000 1142.000000 2588.000000 1112.000000
1329.000000 1679.000000 815.000000 2825.000000 669.000000
760.000000 1681.000000 954.000000 2844.000000 842.000000
203.000000 315.000000 1273.000000 1032.535156 1386.642944
1416.000000 1645.000000 1104.000000 2809.000000 1038.000000
764.000000 777.000000 458.000000 1459.000000 609.000000
1068.000000 717.000000 653.000000 1382.000000 802.000000
778.000000 687.000000 967.000000 1391.000000 1081.000000
799.000000 1014.000000 661.000000 1768.000000 723.000000
1129.000000 1213.000000 325.000000 2068.000000 306.000000
872.000000 1488.000000 1115.000000 2586.000000 1081.000000
610.000000 1488.000000 1168.000000 2591.000000 1144.000000
1247.000000 438.000000 791.000000 1131.000000 974.000000
632.000000 946.000000 1444.000000 1733.000000 1494.000000
773.000000 729.000000 438.000000 1403.000000 607.000000
729.000000 1693.000000 936.000000 2860.000000 815.000000
1500.000000 1684.000000 1110.000000 2865.000000 1037.000000
1328.000000 1655.000000 404.000000 2726.000000 176.000000
946.000000 669.000000 1089.000000 1383.000000 1188.000000
1317.000000 1358.000000 1296.000000 2362.000000 1313.000000
925.000000 1631.000000 1159.000000 2788.000000 1109.000000
681.000000 772.000000 572.000000 1459.000000 712.000000
1345.000000 1647.000000 1276.000000 2813.000000 1256.000000
1289.000000 72.000000 450.000000 792.000000 787.000000
1373.000000 1187.000000 369.000000 2053.000000 358.000000
661.000000 1236.000000 1518.000000 2166.000000 1562.000000
1379.000000 1154.000000 560.000000 1950.000000 578.000000
1392.000000 1683.000000 1076.000000 2860.000000 994.000000
723.000000 470.000000 460.000000 1139.000000 699.000000
1209.000000 1017.000000 771.000000 1770.000000 831.000000
823.000000 1650.000000 670.000000 2770.000000 500.000000
896.000000 348.000000 539.000000 1020.000000 794.000000
1046.000000 1488.000000 811.000000 2506.000000 721.000000
1042.000000 1675.000000 1422.000000 2888.000000 1434.000000
955.000000 395.000000 1105.000000 1092.000000 1235.000000
1043.000000 1488.000000 752.000000 2549.000000 655.000000
821.000000 1670.000000 1115.000000 2846.000000 1047.000000
949.000000 95.000000 91.000000 794.000000 522.000000
637.000000 1488.000000 861.000000 2560.000000 783.000000
648.000000 1654.000000 930.000000 2804.000000 819.000000
690.000000 1687.000000 1264.000000 2887.000000 1232.000000
1014.000000 771.000000 606.000000 1459.000000 744.000000
994.000000 1695.000000 1056.000000 2876.000000 967.000000
1283.000000 468.000000 1085.000000 1159.000000 1211.000000
810.000000 1709.000000 1087.000000 2898.000000 1003.000000
1045.000000 1283.000000 860.000000 2176.000000 848.000000
1400.000000 1237.000000 1227.000000 2130.000000 1249.000000
1537.000000 314.000000 1258.000000 1028.000000 1364.000000
204.000000 823.000000 670.000000 1508.288330 783.312134
769.000000 1653.000000 835.000000 2792.000000 703.000000
806.000000 1014.000000 629.000000 1768.000000 693.000000
1442.000000 700.000000 1012.000000 1408.000000 1118.000000
1353.000000 1265.000000 751.000000 2147.000000 736.000000
885.000000 973.000000 678.000000 1715.000000 752.000000
770.000000 1238.000000 1381.000000 2158.000000 1415.000000
1425.000000 1059.000000 366.000000 1811.000000 411.000000
1004.000000 528.000000 599.000000 1190.000000 800.000000
635.000000 1650.000000 655.000000 2768.000000 483.000000
1518.000000 1703.000000 1446.000000 2949.000000 1460.000000
1512.000000 320.000000 1513.000000 1055.000000 1567.000000
1341.000000 1197.000000 893.000000 2040.000000 906.000000
990.000000 1440.000000 459.000000 2464.000000 338.000000
904.000000 418.000000 308.000000 1083.000000 592.000000
761.000000 754.000000 1009.000000 1468.000000 1106.000000
847.000000 332.000000 1062.000000 1032.000000 1208.000000
941.000000 1704.000000 1457.000000 2932.000000 1476.000000
992.000000 1715.000000 1409.000000 2945.000000 1415.000000
926.000000 871.000000 1083.000000 1589.000000 1175.000000
749.000000 949.000000 1361.000000 1731.000000 1413.000000
1405.000000 737.000000 1047.000000 1283.000000 1155.000000
998.000000 411.000000 398.000000 1082.000000 665.000000
1149.000000 685.000000 1089.000000 1396.000000 1188.000000
1188.000000 994.000000 1130.000000 1602.000000 1195.000000
1207.000000 1295.000000 1019.000000 2209.000000 1016.000000
1101.000000 975.000000 614.000000 1713.000000 690.000000
622.000000 374.000000 775.000000 1072.000000 973.000000
641.000000 1657.000000 1118.000000 2829.000000 1053.000000
1122.000000 1647.000000 1240.000000 2827.000000 1207.000000
923.000000 945.000000 1480.000000 1733.000000 1529.000000
813.000000 1462.000000 1464.000000 2550.000000 1495.000000
999.000000 809.000000 892.000000 1512.000000 993.000000
1452.000000 459.000000 665.000000 1128.000000 870.000000
655.000000 1245.000000 993.000000 2136.000000 998.000000
626.000000 1667.000000 927.000000 2821.000000 812.000000
968.000000 1661.000000 1426.000000 2870.000000 1439.000000
1071.000000 1471.000000 1625.000000 2613.000000 1685.000000
667.000000 720.000000 928.000000 1423.000000 1040.000000
820.000000 292.000000 261.000000 958.000000 592.000000
875.000000 1686.000000 1229.000000 2882.000000 1187.000000
1085.000000 467.000000 499.000000 1138.000000 732.000000
606.000000 1653.000000 790.000000 2786.000000 647.000000
890.000000 1699.000000 1261.000000 2905.000000 1226.000000
1161.000000 1657.000000 1084.000000 2825.000000 1009.000000
1115.000000 1325.000000 534.000000 2197.000000 492.000000
809.000000 1641.000000 808.000000 2771.000000 673.000000
639.000000 726.000000 518.000000 1403.000000 678.000000
605.000000 1695.000000 1073.000000 2879.000000 988.000000
522.000000 1295.000000 1477.000000 2226.657227 1520.409546
1520.000000 1671.000000 389.000000 2765.000000 148.000000
702.000000 1650.000000 640.000000 2766.000000 464.000000
232.000000 911.000000 855.000000 1619.793701 942.190796
686.000000 1698.000000 1243.000000 2903.000000 1203.000000
1333.000000 56.000000 549.000000 782.000000 873.000000
948.000000 350.000000 694.000000 1031.000000 915.000000
1404.000000 391.000000 1469.000000 1118.000000 1530.000000
861.000000 402.000000 1323.000000 1121.000000 1411.000000
672.000000 297.000000 1161.000000 1006.000000 1288.000000
613.000000 1413.000000 561.000000 2462.000000 461.000000
1314.000000 1658.000000 1220.000000 2843.000000 1179.000000
664.000000 1654.000000 946.000000 2806.000000 839.000000
848.000000 1670.000000 1098.000000 2844.000000 1025.000000
782.000000 1048.000000 889.000000 1819.000000 938.000000
945.000000 1662.000000 1444.000000 2873.000000 1461.000000
918.000000 1236.000000 1486.000000 2164.000000 1528.000000
614.000000 1706.000000 917.000000 2874.000000 789.000000
669.000000 1051.000000 787.000000 1818.000000 837.000000
1029.000000 317.000000 1559.000000 1055.000000 1603.000000
1198.000000 322.000000 265.000000 982.000000 597.000000
1555.000000 959.000000 924.000000 1720.000000 991.000000
1266.000000 1660.000000 1289.000000 2852.000000 1268.000000
1049.000000 1638.000000 642.000000 2750.000000 472.000000
811.000000 1662.000000 638.000000 2781.000000 457.000000
1094.000000 405.000000 477.000000 1080.000000 730.000000
1024.000000 1661.000000 1407.000000 2868.000000 1416.000000
633.000000 1683.000000 1093.000000 2863.000000 1016.000000
962.000000 1679.000000 799.000000 2823.000000 650.000000
1562.000000 1712.000000 1240.000000 2921.000000 1198.000000
779.000000 974.000000 646.000000 1714.000000 721.000000
967.000000 747.000000 887.000000 1453.000000 998.000000
1062.000000 430.000000 968.000000 1128.000000 1120.000000
1028.000000 1659.000000 1255.000000 2848.000000 1223.000000
1141.000000 707.000000 114.000000 1417.000000 323.000000
1252.000000 1002.000000 935.000000 1776.000000 992.000000
1375.000000 1439.000000 538.000000 2498.000000 427.000000
1529.000000 35.000000 461.000000 764.000000 803.000000
789.000000 1672.000000 1252.000000 2865.000000 1218.000000
933.000000 1671.000000 1217.000000 2859.000000 1175.000000
489.000000 1277.000000 1548.000000 2226.402344 1593.349365
1414.000000 982.000000 1610.000000 1772.000000 1656.000000
1290.000000 950.000000 1326.000000 1730.000000 1379.000000
1498.000000 1656.000000 1067.000000 2822.000000 988.000000
678.000000 1487.000000 1054.000000 2579.000000 1009.000000
1075.000000 861.000000 679.000000 1548.000000 791.000000
1241.000000 1701.000000 407.000000 2791.000000 156.000000
766.000000 1462.000000 826.000000 2489.000000 751.000000
841.000000 29.000000 567.000000 765.000000 880.000000
829.000000 1645.000000 1121.000000 2811.000000 1059.000000
624.000000 1701.000000 660.000000 2837.000000 469.000000
863.000000 1696.000000 1090.000000 2881.000000 1009.000000
677.000000 1712.000000 1222.000000 2918.000000 1175.000000
1210.000000 1693.000000 920.000000 2857.000000 795.000000
1134.000000 1599.000000 794.000000 2710.000000 675.000000
783.000000 1688.000000 663.000000 2821.000000 477.000000
1491.000000 1016.000000 321.000000 2140.000000 330.000000
1138.000000 1461.000000 1164.000000 2521.000000 1142.000000
1320.000000 1487.000000 1193.000000 2593.000000 1175.000000
1214.000000 470.000000 1211.000000 1167.000000 1315.000000
1557.000000 1650.000000 625.000000 2764.000000 446.000000
1583.000000 1693.000000 391.000000 2795.000000 141.000000
1107.000000 1640.000000 1381.000000 2825.000000 1384.000000
202.000000 292.000000 1576.000000 1025.711914 1616.638306
838.000000 1194.000000 914.000000 2486.000000 942.000000
1225.000000 1709.000000 1070.000000 2896.000000 981.000000
1173.000000 1676.000000 635.000000 2800.000000 448.000000
1573.000000 1490.000000 1546.000000 2578.000000 1595.000000
1535.000000 1237.000000 1351.000000 2155.000000 1381.000000
1181.000000 957.000000 1253.000000 1680.000000 1318.000000
1100.000000 1460.000000 1047.000000 2509.000000 1007.000000
1549.000000 404.000000 1280.000000 1122.000000 1375.000000
663.000000 328.000000 1423.000000 1058.000000 1495.000000
317.000000 1723.000000 709.000000 2909.225830 522.318970
1203.000000 1665.000000 788.000000 2802.000000 640.000000
1406.000000 1669.000000 1360.000000 2864.000000 1356.000000
1398.000000 1488.000000 727.000000 2498.000000 625.000000
59.000000 661.000000 1117.000000 1230.170898 1222.275757
1146.000000 654.000000 1089.000000 1368.000000 1190.000000
911.000000 371.000000 871.000000 1070.000000 1050.000000
1078.000000 1175.000000 570.000000 1980.000000 581.000000
1274.000000 388.000000 1514.000000 1118.000000 1567.000000
1053.000000 516.000000 124.000000 1136.000000 419.000000
574.000000 1545.000000 1424.000000 2680.027832 1447.444824
1282.000000 1053.000000 1200.000000 1705.000000 1253.000000
1088.000000 952.000000 753.000000 1680.000000 831.000000
1566.000000 664.000000 1320.000000 1252.000000 1398.000000
1242.000000 778.000000 426.000000 1459.000000 580.000000
1145.000000 1676.000000 665.000000 2804.000000 485.000000
939.000000 426.000000 548.000000 1091.000000 784.000000
1365.000000 1354.000000 646.000000 2278.000000 592.000000
753.000000 1462.000000 1398.000000 2564.000000 1417.000000
855.000000 1649.000000 1393.000000 2843.000000 1410.000000
1530.000000 1246.000000 839.000000 2113.000000 835.000000
1096.000000 1701.000000 1394.000000 2924.000000 1397.000000
269.000000 1723.000000 677.000000 2901.468018 483.379944
953.000000 1236.000000 1548.000000 2168.000000 1596.000000
722.000000 563.000000 146.000000 1183.000000 420.000000
719.000000 360.000000 566.000000 1032.000000 812.000000
718.000000 1518.000000 936.000000 2600.000000 863.000000
984.000000 1527.000000 1689.000000 2547.000000 1764.000000
758.000000 755.000000 983.000000 1468.000000 1082.000000
846.000000 1704.000000 794.000000 2857.000000 635.000000
601.000000 1653.000000 806.000000 2788.000000 666.000000
796.000000 1645.000000 1086.000000 2807.000000 1016.000000
295.000000 1653.000000 1363.000000 2860.058105 1364.257324
1151.000000 1217.000000 764.000000 2073.000000 764.000000
1487.000000 1566.000000 1396.000000 2639.000000 1417.000000
891.000000 1192.000000 1196.000000 2056.000000 1223.000000
602.000000 1688.000000 632.000000 2817.000000 440.000000
1121.000000 312.000000 1060.000000 1015.000000 1208.000000
952.000000 339.000000 1165.000000 1042.000000 1288.000000
1160.000000 348.000000 649.000000 1026.000000 880.000000
693.000000 968.000000 1362.000000 1788.000000 1413.000000
1011.000000 1427.000000 593.000000 2335.000000 511.000000
975.000000 1475.000000 1166.000000 2541.000000 1143.000000
1092.000000 517.000000 616.000000 1180.000000 817.000000
928.000000 686.000000 994.000000 1391.000000 1104.000000
1158.000000 1280.000000 1211.000000 2200.000000 1227.000000
827.000000 1662.000000 668.000000 2785.000000 494.000000
1338.000000 1698.000000 1208.000000 2898.000000 1159.000000
548.000000 1564.000000 1483.000000 2686.641357 1518.825439
1509.000000 888.000000 1084.000000 1602.000000 1172.000000
252.000000 1245.000000 1584.000000 2179.994141 1636.261108
1395.000000 1678.000000 406.000000 2759.000000 166.000000
900.000000 1665.000000 818.000000 2806.000000 678.000000
351.000000 1637.000000 1575.000000 2839.999268 1629.643677
1505.000000 1030.000000 635.000000 1791.000000 693.000000
615.000000 1698.000000 1226.000000 2900.000000 1181.000000
1205.000000 479.000000 1058.000000 1169.000000 1188.000000
1008.000000 659.000000 846.000000 1335.000000 984.000000
1362.000000 1252.000000 1065.000000 2159.000000 1074.000000
697.000000 1691.000000 827.000000 2845.000000 680.000000
695.000000 1681.000000 938.000000 2842.000000 822.000000
852.000000 339.000000 1045.000000 1038.000000 1193.000000
1480.000000 1472.000000 1688.000000 2479.000000 1759.000000
627.000000 1701.000000 645.000000 2835.000000 451.000000
587.000000 1297.000000 1313.000000 2216.655762 1331.029053
600.000000 1702.000000 1412.000000 2927.000000 1420.000000
1199.000000 14.000000 558.000000 753.000000 878.000000
1560.000000 712.000000 742.000000 1390.000000 879.000000
958.000000 1710.000000 1104.000000 2900.000000 1025.000000
1180.000000 484.000000 1087.000000 1174.000000 1211.000000
1443.000000 1813.000000 912.000000 3044.000000 748.000000
759.000000 691.000000 199.000000 1417.000000 400.000000
1426.000000 1706.000000 932.000000 2876.000000 809.000000
585.000000 1010.000000 1310.000000 1693.281250 1357.313599
451.000000 65.000000 428.000000 786.715088 768.715027
788.000000 1059.000000 1186.000000 1819.000000 1223.000000
1204.000000 1090.000000 615.000000 1860.000000 656.000000
1450.000000 1027.000000 1211.000000 1678.000000 1270.000000
1446.000000 933.000000 1444.000000 1709.000000 1494.000000
886.000000 394.000000 1425.000000 1119.000000 1495.000000
200.000000 1294.000000 604.000000 2173.156494 573.338562
1140.000000 1668.000000 959.000000 2825.000000 852.000000
1570.000000 346.000000 1659.000000 1073.000000 1684.000000
638.000000 1491.000000 1492.000000 2573.000000 1528.000000
1367.000000 1244.000000 1021.000000 2138.000000 1029.000000
942.000000 582.000000 1090.000000 1256.000000 1196.000000
1041.000000 1638.000000 658.000000 2751.000000 490.000000
893.000000 1409.000000 739.000000 2402.000000 675.000000
1196.000000 1694.000000 966.000000 2864.000000 854.000000
1563.000000 1128.000000 629.000000 1887.000000 654.000000
1444.000000 152.000000 238.000000 844.000000 614.000000
1306.000000 58.000000 470.000000 782.000000 804.000000
712.000000 707.000000 206.000000 1438.000000 401.000000
816.000000 473.000000 421.000000 1140.000000 667.000000
801.000000 1218.000000 638.000000 2046.000000 633.000000
1311.000000 1690.000000 1434.000000 2911.000000 1448.000000
905.000000 433.000000 926.000000 1129.000000 1086.000000
731.000000 1500.000000 814.000000 2576.000000 725.000000
253.000000 1408.000000 1578.000000 2380.000244 1633.352539
1164.000000 888.000000 765.000000 1601.000000 859.000000
1032.000000 1488.000000 836.000000 2557.000000 753.000000
1490.000000 1642.000000 949.000000 2788.000000 845.000000
1516.000000 691.000000 174.000000 1417.000000 378.000000
993.000000 569.000000 868.000000 1246.000000 1017.000000
802.000000 1640.000000 792.000000 2769.000000 654.000000
740.000000 1667.000000 943.000000 2823.000000 832.000000
1070.000000 868.000000 1103.000000 1501.000000 1189.000000
1259.000000 1475.000000 1113.000000 2535.000000 1080.000000
831.000000 1713.000000 1258.000000 2923.000000 1220.000000
860.000000 723.000000 553.000000 1403.000000 710.000000
1235.000000 1642.000000 856.000000 2770.000000 730.000000
1077.000000 1187.000000 422.000000 2048.000000 411.000000
1168.000000 1687.000000 1246.000000 2884.000000 1209.000000
1384.000000 1648.000000 386.000000 2733.000000 157.000000
1483.000000 937.000000 1629.000000 1558.000000 1662.000000
1534.000000 742.000000 945.000000 1450.000000 1051.000000
828.000000 671.000000 943.000000 1373.000000 1062.000000
715.000000 1690.000000 782.000000 2838.000000 624.000000
1351.000000 1019.000000 939.000000 1798.000000 993.000000
1167.000000 451.000000 92.000000 1073.000000 416.000000
1147.000000 967.000000 1148.000000 1486.000000 1213.000000
814.000000 1548.000000 1620.000000 2629.000000 1685.000000
1488.000000 1461.000000 852.000000 2492.000000 781.000000
714.000000 1662.000000 653.000000 2784.000000 475.000000
1439.000000 1676.000000 650.000000 2802.000000 466.000000
646.000000 1707.000000 948.000000 2878.000000 828.000000
1335.000000 850.000000 852.000000 1548.000000 949.000000
588.000000 1297.000000 1341.000000 2223.336182 1369.701050

1.000000 1422.198486 582.306885 381.466125 70.352875 2330.032715 502.722656 463.366425 402.715912
154.000000 995.939331 451.557892 70.286995 19.385303 1599.900269 525.388672 1420.000244 516.662292
4.000000 1373.563232 649.952209 1369.666748 1446.681396 2309.382568 570.986267 2362.357422 1320.304688
5.000000 1381.310791 1446.674072 1385.747803 656.624084 2377.967529 1330.146851 2324.240723 586.601074
15.000000 148.425430 259.512512 71.875046 1030.186279 842.853882 633.310730 815.659668 1210.109619
14.000000 124.464722 1026.776855 198.196136 269.824280 856.916504 1203.344604 883.286865 619.997925
17.000000 247.183273 1053.379639 312.537170 323.859253 958.098083 1209.928711 979.598389 636.651611
6.000000 367.231110 98.834610 940.162537 376.331085 936.728699 448.898163 1656.698486 489.434906
25.000000 581.576477 426.542694 539.235352 1026.612671 1234.593262 643.295654 1225.440918 1146.644409
28.000000 237.235931 65.467209 757.186279 312.238556 950.099304 468.247040 1396.654297 493.551178
16.000000 1094.228149 616.774353 1079.707642 1186.744141 1866.185059 656.464355 1884.944824 1229.947266
10.000000 936.510315 383.656097 425.366028 136.017975 1609.913574 494.848969 993.351807 459.676392
36.000000 1033.878052 1186.010254 501.013458 1146.374878 1259.977173 1238.813721 1656.634399 1243.030884
20.000000 1165.222778 1203.302490 1176.617188 669.998962 2013.469482 1236.800293 1990.339722 683.319153
32.000000 228.859543 826.562500 276.658203 303.332550 932.539124 1039.969360 948.349365 629.936340
33.000000 264.403900 520.093689 218.909210 1039.904541 949.085510 796.510315 934.109924 1203.361938
18.000000 1323.356689 703.368286 1317.974976 1220.013672 2227.485840 666.206177 2262.170898 1230.071533
7.000000 1779.575073 1283.417969 1768.016479 770.119751 3060.927490 1244.033447 2974.616211 536.510132
88.000000 1397.708130 733.338806 1395.098022 1230.009277 2384.094727 996.614014 2400.466309 1233.301025
51.000000 1744.421143 759.976562 1755.055054 1253.296265 2958.449707 919.786743 2992.769775 1206.734131
22.000000 1427.622803 1233.317993 1430.807251 739.983704 2462.959961 1230.027832 2422.959717 693.361206
71.000000 16.607542 10.705805 456.498108 213.122314 856.564941 491.369202 1106.670654 509.945709
21.000000 1354.241699 1220.005981 1357.406494 736.649658 2326.232910 1230.028809 2290.437256 689.971008
24.000000 1533.953003 786.649170 1536.016602 1253.321411 2627.541260 682.625854 2676.083252 1200.054688
9.000000 524.686523 157.242493 936.899170 359.526245 1020.057312 442.264709 1653.356689 476.230835
29.000000 1050.251587 1171.463379 664.733337 1119.594482 1660.068237 1228.917603 1230.170898 1222.275757
46.000000 160.496582 573.381409 124.390305 946.446350 867.270630 820.026917 852.850708 1143.311768
124.000000 742.766541 227.788956 1068.772217 392.431030 1746.802856 453.556305 1543.275879 444.645355
141.000000 1024.127930 475.598480 1352.750000 624.619690 1759.640503 543.150513 1946.472168 553.507751
34.000000 1108.850464 829.972778 1100.565186 1180.013428 1899.614258 813.347107 1914.135376 1219.971313
59.000000 300.306976 1226.912598 276.888489 1573.573486 1012.461731 1343.383301 1006.919617 1616.671753
204.000000 356.529510 506.868622 376.341736 193.312805 1024.839844 766.719666 1030.590210 603.354126
48.000000 1095.362915 1096.633789 1103.169800 786.662537 1903.218384 1136.670532 1892.426514 820.030884
82.000000 82.625069 1020.245972 111.369095 713.461609 823.568176 1196.677734 834.920471 956.741760
162.000000 492.720764 1029.941528 521.696655 726.510376 1181.295410 1173.354370 1184.162109 996.626038
84.000000 385.086853 203.464355 362.417786 506.847321 1036.251709 523.384888 1032.013916 763.368896
91.000000 3.239657 1157.487915 299.849579 1191.318848 769.991882 1310.506348 1006.651123 1314.302734
85.000000 296.842041 1198.413086 3.044681 1165.945312 1006.672852 1319.109253 766.661316 1317.439941
135.000000 759.809204 353.103973 1020.626160 471.959290 1426.547485 526.827881 1616.780884 533.316833
106.000000 290.365021 1179.837769 6.989021 1150.246338 1000.011902 1305.203613 773.330078 1304.642090
67.000000 687.464233 620.031921 698.810730 336.619049 1354.675903 789.984924 1351.757812 529.980286
58.000000 3.271625 1617.797852 283.331940 1609.949951 729.999695 1646.633545 1010.007080 1644.124512
19.000000 1152.002319 643.298706 1144.717651 923.282654 1951.921997 663.387390 1973.237915 1220.003662
108.000000 3.299117 1280.458618 280.165680 1301.112427 773.332458 1400.222778 996.675293 1401.073608
98.000000 3.175212 1336.034546 280.063843 1352.242798 766.665344 1440.765259 1000.003723 1441.164551
92.000000 3.255184 1391.980957 276.688965 1402.768188 763.330505 1481.364868 1000.001465 1481.022461
112.000000 1032.979858 1081.668945 767.624756 1025.475586 1643.159912 1144.418213 1423.628784 1135.804199
42.000000 912.294617 836.745239 921.541016 566.719421 1640.916382 1003.959106 1627.514526 666.632996
93.000000 3.290378 1448.270142 273.364441 1455.505249 759.998840 1522.348877 996.669067 1522.074341
211.000000 3.327412 1504.469971 270.004211 1505.859253 833.331604 1562.757080 996.663452 1562.266357
117.000000 3.346071 1560.979004 266.634827 1557.553467 756.651428 1604.924316 966.664551 1603.088135
114.000000 705.364197 353.433136 692.750732 610.135132 1358.731689 543.316589 1360.461426 756.662903
90.000000 958.770508 460.072205 950.076111 713.450317 1668.920410 559.950256 1674.145874 796.648743
109.000000 1201.859741 910.167725 1193.678101 1163.452148 2045.112427 963.386414 2052.626465 1183.357422
70.000000 571.255615 1213.042114 557.782898 1463.393433 1232.070679 1310.068481 1234.286987 1566.658447
64.000000 1032.061401 1563.292725 1040.038330 1313.228271 1844.479248 1613.384521 1838.311157 1350.117676
131.000000 308.515686 1030.168457 330.688080 786.729309 1009.728882 1186.656616 1016.873596 993.341003
149.000000 339.750244 767.259705 317.283569 1010.365051 1023.336548 976.878052 1017.532166 1160.027466
212.000000 1561.486450 1010.008118 1562.542114 1250.018188 2713.115967 1000.020630 2728.303467 1160.160889
69.000000 1194.698853 1323.368042 1192.948853 1560.046509 2061.532227 1353.247070 2075.982666 1609.850830
68.000000 15.562739 946.562805 37.526672 713.100647 767.186340 1156.454224 786.552185 899.991333
153.000000 1020.095398 1560.002441 1026.107178 1326.566406 1828.867432 1556.698853 1823.749146 1376.560181
37.000000 1115.944946 481.546082 1326.703003 579.922119 1840.011475 516.447754 2213.364990 536.065918
75.000000 1459.668213 983.344177 1459.279297 1210.010254 2495.430420 956.527954 2511.747314 1203.217773
132.000000 776.872803 322.889435 979.783691 417.132385 1426.686646 496.203857 1619.948608 504.527435
102.000000 820.273071 640.014893 832.467041 416.619385 1508.288330 783.312134 1511.134399 553.306152
86.000000 1045.792969 1113.302734 1053.616943 889.893188 1832.124268 1173.359131 1827.001221 933.397339
110.000000 1016.175842 1339.985352 1009.525879 1563.418457 1817.842651 1393.306519 1822.870850 1613.343872
78.000000 72.741486 403.266479 97.577141 183.436203 789.426208 756.625183 807.020874 513.358948
96.000000 1204.457886 576.683655 1201.140015 796.683838 2023.201294 573.144409 2036.979980 806.648193
133.000000 806.276123 439.981750 796.158447 656.642944 1488.815430 590.001953 1489.134277 783.334778
61.000000 1613.166260 1253.335815 1609.929810 1036.568237 2782.783691 1230.059570 2753.477539 959.623169
60.000000 983.626404 1207.967773 769.930664 1177.147583 1593.338135 1268.622192 1319.996460 1267.666870
52.000000 1522.713867 430.037567 1736.464233 416.745422 2678.410400 197.332596 2961.880859 161.759872
73.000000 1275.227783 1543.308472 1278.913574 1329.981201 2220.129639 1606.835083 2206.966797 1356.475586
202.000000 1046.226929 739.993103 1049.535767 529.940186 1805.576538 750.040283 1799.538086 586.560608
235.000000 210.493073 1033.373657 227.167801 829.768066 926.523865 1196.748169 930.445740 1043.259521
74.000000 1459.307373 1353.378296 1457.778442 1556.675049 2525.255859 1359.825439 2547.662354 1606.576294
250.000000 587.375061 826.712402 574.462036 1026.739502 1262.635498 979.991333 1260.777832 1130.009644
115.000000 1271.303955 1163.324829 1272.138672 963.314453 2182.184570 1169.858398 2168.576904 959.876221
103.000000 433.129883 1379.985840 419.499207 1576.631958 1154.793823 1386.705688 1148.659912 1616.630859
111.000000 1056.042236 716.643677 1063.290283 519.998413 1819.357300 790.014587 1814.363281 570.052307
113.000000 1258.831055 1363.317261 1256.127686 1560.038452 2186.455322 1393.345459 2198.710449 1606.740723
123.000000 1277.979248 816.678589 1279.736572 623.300659 2162.985840 800.022095 2150.054932 596.663147
216.000000 582.789124 1026.845093 594.946106 836.769836 1267.665039 1130.021606 1271.123413 969.952271
94.000000 1532.666138 442.480133 1722.767334 430.793549 2611.891113 268.707458 2829.170898 176.823441
83.000000 836.270996 459.977905 825.661194 649.943848 1518.053345 543.307129 1514.819336 783.308411
39.000000 1096.816772 1652.435303 1286.711792 1640.732056 1790.002930 1703.566162 2136.698486 1699.205688
144.000000 1041.210693 543.261047 1034.739258 733.267700 1794.494629 603.304749 1799.086670 790.022461
97.000000 1281.448486 1140.028198 1285.155762 949.970520 2196.224365 1173.355103 2184.738281 940.259277
177.000000 456.646149 1580.724854 266.657898 1582.218994 1173.320923 1621.493408 999.995483 1622.668091
238.000000 455.262756 1536.574463 467.297089 1353.374756 1169.080322 1586.642334 1173.138916 1433.328247
40.000000 1610.318726 670.035950 1443.013916 594.788147 2710.008545 510.040649 2366.677490 510.909607
125.000000 52.806301 213.273087 32.192982 393.584045 780.717712 556.706909 769.494507 756.825256
76.000000 1539.006226 461.584167 1719.758911 449.673889 2698.637939 234.694031 2942.231445 206.981293
248.000000 532.778076 571.581299 362.682037 511.854828 1183.465820 776.876587 1033.311768 770.507141
208.000000 280.004761 1596.864746 456.729492 1592.607544 1010.000488 1633.449097 1173.345337 1632.733887
152.000000 1271.725830 636.647461 1269.613525 813.328735 2144.546387 616.594727 2155.225830 796.752075
234.000000 319.508514 1019.508667 491.848206 1049.312988 1023.251099 1177.046265 1176.804443 1180.447144
44.000000 1390.068848 1634.518555 1563.398315 1624.453125 2513.322266 1691.074463 2846.663818 1689.424438
283.000000 1507.548340 1383.332153 1507.772583 1556.665283 2649.507812 1463.373169 2660.851807 1603.534180
225.000000 490.575958 1036.845337 320.170410 1005.733337 1176.755615 1168.793823 1019.953186 1165.721313
292.000000 416.757904 840.007507 402.723999 1010.224609 1108.729614 1020.048401 1105.444580 1160.049561
291.000000 472.883850 856.630859 459.344177 1026.614380 1161.441772 1023.293762 1158.512207 1163.371948
274.000000 528.442017 543.219055 540.914429 373.155914 1188.358887 753.363464 1190.912354 609.956909
299.000000 387.518097 1006.164978 402.174286 836.279114 1092.394287 1159.887207 1096.086914 1019.984680
242.000000 361.990601 523.658752 521.623535 582.242737 1033.080444 780.907471 1183.737305 789.893616
181.000000 602.751099 274.487549 754.468872 351.023438 1246.531250 511.615356 1416.177246 525.837402
104.000000 1517.822266 1186.726807 1513.216797 1020.095337 2646.043701 1183.392090 2624.649902 956.542542
130.000000 1515.467896 896.603943 1510.573730 729.983154 2609.973389 800.002197 2593.848877 606.623657
253.000000 469.535400 1258.080200 306.459290 1242.118896 1169.960693 1353.873779 1019.976135 1352.349854
285.000000 637.861206 593.672485 649.909607 432.827179 1301.147949 770.041748 1306.242310 629.863464
167.000000 552.958435 224.096298 409.793121 153.754364 1116.700195 499.497589 943.471069 487.936615
182.000000 1023.275085 1591.262573 1180.005249 1586.854858 1833.309204 1638.604858 2003.316040 1635.665649
146.000000 182.020691 359.862701 165.941071 513.606079 876.592712 629.996521 867.942566 813.393494
278.000000 310.116180 1248.901978 463.495728 1265.132080 1020.005920 1359.258545 1163.330078 1360.403809
215.000000 1030.330322 923.344116 1025.440308 1073.401978 1834.258911 1013.306641 1838.869995 1173.365845
151.000000 1503.404419 739.999207 1505.097656 890.017700 2573.348877 636.665222 2589.915771 816.674438
251.000000 879.368958 896.642334 873.837769 1040.019409 1597.523682 986.659607 1598.764160 1136.676880
120.000000 1043.388916 1474.406372 1180.054932 1477.766235 1853.329834 1520.979248 2060.000977 1520.669312
119.000000 1043.318604 1551.794189 1180.004639 1550.483765 1856.657837 1598.579590 2063.337158 1597.295898
118.000000 1183.355103 1296.468140 1049.798340 1281.841064 2053.336182 1329.679199 1846.656128 1327.884399
273.000000 373.642944 1380.266724 363.877930 1513.617310 1097.261597 1460.012329 1094.288086 1603.422241
121.000000 1046.575195 1398.298828 1180.049927 1405.775024 1850.002075 1444.583618 2056.668457 1444.790649
137.000000 1237.042969 549.191345 1116.730957 493.195282 2056.554443 538.752258 1866.566162 528.535339
79.000000 1186.784668 1285.752808 1056.376343 1268.915771 2053.325195 1321.838867 1809.738159 1308.911743
129.000000 1050.072266 1322.511108 1180.238770 1333.949341 1853.341309 1368.280396 2050.003662 1369.193726
220.000000 1650.239868 1546.409424 1655.094238 1676.725220 2866.278076 1596.705078 2881.769043 1753.487915
179.000000 1797.350830 793.319885 1799.902222 923.335266 3012.593018 596.343628 3033.806641 766.607727
142.000000 988.876587 716.617065 994.471863 589.903076 1738.593628 786.752930 1735.193970 599.966125
199.000000 1725.801880 1673.299927 1724.086060 1546.656494 2988.913086 1756.786621 2970.863525 1593.238037
227.000000 485.662354 225.448914 594.802734 277.259766 1279.909424 508.450745 1123.307739 500.504578
89.000000 1776.843628 1328.302979 1656.640625 1324.075073 3066.774658 1303.020630 2829.933838 1311.482056
178.000000 1740.097168 411.986450 1620.332275 402.509125 2833.844238 145.446075 2669.869873 196.239471
49.000000 1630.014038 1633.951172 1513.256226 1636.604004 2836.675049 1701.274292 2523.311279 1703.349976
