Keypoint Matches and Line Matches for pairs 4, 27 
4 corresponds to the image ./resources/Data/CastleP30/images/0004.png 
27 corresponds to the image ./resources/Data/CastleP30/images/0027.png 

1343.000000 3070.947510 49.917713 1379.000000 494.000000
1376.000000 2633.351074 373.404083 236.000000 502.000000
18.000000 2406.877930 450.859772 103.607231 485.507111
14.000000 2416.959717 507.953888 73.422752 542.940063
48.000000 2400.258057 511.108612 53.530125 542.407166
825.000000 2373.820068 458.649506 70.000000 506.000000
24.000000 2412.075439 523.402527 65.986900 546.577148
23.000000 2448.713135 940.290527 9.298622 977.013306
834.000000 3069.875977 266.169220 618.000000 589.000000
84.000000 2726.305664 351.886017 503.060638 557.813477
158.000000 2810.060059 1593.151489 243.325882 1738.918091
62.000000 2820.578125 1543.538086 281.695312 1686.842651
63.000000 2803.451172 1313.076904 304.882263 1463.494141
186.000000 2857.831787 657.131958 477.204681 863.692200
187.000000 3062.715088 623.024109 637.390259 892.666260
212.000000 3043.587891 444.537842 646.773132 739.494629
213.000000 2846.561035 486.166656 493.233856 707.138672
129.000000 2874.322998 839.915161 459.821533 1029.983398
130.000000 2891.185303 1036.565063 443.230469 1213.087402
200.000000 3070.281494 808.735168 623.601440 1048.037964
201.000000 2876.899658 835.046631 466.229401 1026.533325
61.000000 2858.571289 1576.486938 343.842987 1686.722290
242.000000 3065.801514 623.418945 640.837219 890.066467
243.000000 3048.324707 446.832458 652.494629 743.266724
296.000000 3067.074951 823.066162 613.055786 1058.737671
297.000000 2893.272461 846.209229 476.606384 1040.449707
310.000000 3030.107666 460.515106 636.272888 748.556519
311.000000 2860.540039 495.919891 503.162476 720.819946
143.000000 2536.245850 714.036255 153.838791 807.322083
144.000000 2706.163086 686.852966 330.503204 840.667419
131.000000 2690.644287 519.771667 349.718719 677.966431
132.000000 2523.562500 554.437988 169.502380 638.966125
206.000000 2843.801514 489.963959 489.056610 706.899536
204.000000 2706.036621 683.378174 334.563660 836.805420
205.000000 2694.412598 520.160522 352.259125 679.878845
337.000000 3040.351074 611.986877 623.340881 876.625183
338.000000 2880.056641 640.320129 496.029572 853.508850
220.000000 2061.674805 1113.145874 1150.293945 1276.676147
331.000000 3070.115723 1004.515625 596.414978 1212.642944
332.000000 2913.318848 1019.852234 466.639557 1200.284790
705.000000 2580.191162 1065.308228 108.000000 1180.000000
342.000000 2736.681641 1050.155518 299.817780 1198.467896
355.000000 3069.093994 1153.169189 591.839722 1349.963989
294.000000 2921.921387 1172.687378 460.123322 1335.625244
198.000000 2676.912354 534.521912 336.011383 686.469055
199.000000 2533.502930 564.154053 179.893280 653.843994
17.000000 3070.003174 283.346771 716.595886 630.299683
236.000000 2684.289551 675.237915 313.481659 822.508728
237.000000 2543.504395 700.937317 166.765701 796.116089
441.000000 3069.163086 1186.635986 537.258850 1359.695190
478.000000 2928.854980 1204.170410 428.353210 1382.972778
298.000000 2703.474854 871.066711 299.525818 1016.734985
299.000000 2566.564941 889.233154 163.185196 997.729309
1438.000000 2923.392578 1013.638489 467.000000 1189.000000
451.000000 2716.276855 1570.312378 739.325195 1706.618652
1258.000000 3003.979492 996.605103 536.000000 1195.000000
982.000000 2991.275146 863.211914 544.000000 1068.000000
516.000000 2879.664307 1619.862793 346.447510 1745.604492
517.000000 3006.851807 1626.400146 447.118408 1755.318237
295.000000 2828.813477 1268.934326 348.873657 1417.255493
518.000000 2638.932373 1446.744019 375.515350 1569.895752
585.000000 2917.000000 1525.000000 494.000000 1665.000000
747.000000 2578.000000 1121.000000 119.000000 1241.000000
905.000000 2556.000000 771.000000 164.000000 873.000000
671.000000 2606.000000 344.000000 229.000000 456.000000
605.000000 2934.000000 1482.000000 518.000000 1626.000000
1079.000000 2530.000000 526.000000 183.000000 614.000000
912.000000 2625.000000 1128.000000 170.000000 1256.000000
1503.000000 2885.000000 1568.000000 463.000000 1707.000000
845.000000 2888.000000 846.000000 470.000000 1039.000000
1389.000000 2855.000000 1557.000000 348.000000 1698.000000
693.000000 2627.000000 339.000000 250.000000 461.000000
1136.000000 2559.000000 533.000000 212.000000 635.000000
971.000000 2584.000000 659.000000 202.000000 768.000000
565.000000 2950.000000 618.000000 551.238708 853.440308
1220.000000 2525.000000 675.000000 146.000000 770.000000
1453.000000 2767.000000 1101.000000 318.000000 1252.000000
657.000000 2581.000000 1049.000000 119.000000 1167.000000
836.000000 2583.000000 634.000000 205.000000 742.000000
1244.000000 2594.000000 1037.000000 147.000000 1156.000000
1083.000000 2484.000000 996.000000 34.000000 1088.000000
49.000000 2317.000000 710.000000 19.327850 781.335266
780.000000 2539.000000 674.000000 162.000000 767.000000
491.000000 2608.000000 679.000000 233.246994 799.989380
567.000000 3032.000000 603.000000 613.889343 866.714111
1236.000000 2492.000000 1254.000000 34.000000 1362.000000
737.000000 2674.000000 1154.000000 202.000000 1277.000000
1125.000000 2889.000000 1596.000000 379.000000 1738.000000
1458.000000 2909.000000 1021.000000 461.000000 1201.000000
1336.000000 2667.000000 1042.000000 170.000000 1171.000000
828.000000 3032.000000 925.000000 562.000000 1137.000000
1118.000000 2677.000000 997.000000 238.000000 1133.000000
681.000000 3035.000000 960.000000 560.000000 1167.000000
1498.000000 2554.000000 910.000000 141.000000 1045.000000
1043.000000 2518.000000 534.000000 169.000000 617.000000
670.000000 2586.000000 682.000000 198.000000 792.000000
341.000000 2611.000000 1061.000000 173.099030 1185.649536
1030.000000 2920.000000 597.000000 585.000000 838.000000
1103.000000 2401.000000 446.000000 92.000000 478.000000
741.000000 2216.000000 726.000000 786.000000 896.000000
1005.000000 2512.000000 726.000000 125.000000 812.000000
1314.000000 2557.000000 788.000000 162.000000 891.000000
1464.000000 2981.000000 966.000000 519.000000 1163.000000
1113.000000 2887.000000 128.000000 1188.000000 586.000000
1058.000000 2656.000000 670.000000 273.000000 805.000000
760.000000 2846.000000 1305.000000 356.000000 1457.000000
942.000000 2997.000000 1581.000000 542.000000 1715.000000
1299.000000 2607.000000 655.000000 232.000000 773.000000
933.000000 2519.000000 582.000000 159.000000 666.000000
1483.000000 2733.000000 842.000000 332.000000 996.000000
1403.000000 2649.000000 984.000000 208.000000 1141.000000
1027.000000 2676.000000 616.000000 307.000000 761.000000
915.000000 2502.000000 721.000000 113.000000 802.000000
752.000000 2651.000000 621.000000 279.000000 756.000000
824.000000 2814.000000 1307.000000 326.000000 1456.000000
1323.000000 3002.000000 1403.000000 419.000000 1566.000000
815.000000 2544.000000 517.000000 200.000000 612.000000
1484.000000 3029.000000 1587.000000 543.000000 1732.000000
1239.000000 2996.000000 555.000000 613.000000 819.000000
765.000000 2579.000000 576.000000 211.000000 683.000000
757.000000 2950.000000 935.000000 496.000000 1130.000000
1459.000000 2528.000000 756.000000 142.000000 839.000000
832.000000 2513.000000 711.000000 129.000000 796.000000
1100.000000 2649.000000 968.000000 213.000000 1097.000000
1122.000000 3004.000000 963.000000 536.000000 1165.000000
989.000000 2401.000000 462.000000 90.000000 494.000000
1193.000000 2573.000000 1203.000000 96.000000 1325.000000
1436.000000 2793.000000 1283.000000 311.000000 1432.000000
1139.000000 2750.000000 937.000000 347.000000 1088.000000
679.000000 2604.000000 973.000000 165.000000 1092.000000
1006.000000 2498.000000 587.000000 144.000000 676.000000
865.000000 2654.000000 647.000000 276.000000 781.000000
830.000000 2702.000000 1027.000000 234.000000 1165.000000
913.000000 2552.000000 1214.000000 72.000000 1335.000000
1204.000000 2718.000000 900.000000 307.000000 1049.000000

1.000000 3070.947510 49.917713 2315.710205 270.052246 1231.283081 578.853943 1.444373 226.594910
9.000000 3069.536621 288.112915 2406.877930 450.859772 716.595886 630.299683 103.607231 485.507111
7.000000 2416.959717 507.953888 3070.575684 359.196320 73.422752 542.940063 981.469177 749.562866
25.000000 2412.075439 523.402527 2437.565674 986.800537 53.530125 542.407166 19.327850 781.335266
12.000000 2448.713135 940.290527 2421.402344 505.949707 9.298622 977.013306 65.986900 546.577148
44.000000 3069.875977 266.169220 2726.305664 351.886017 503.060638 557.813477 296.200653 508.626526
81.000000 2566.798096 1588.989990 2810.060059 1593.151489 70.000771 1740.111694 243.325882 1738.918091
33.000000 2820.578125 1543.538086 2803.451172 1313.076904 281.695312 1686.842651 304.882263 1463.494141
97.000000 2857.831787 657.131958 3062.715088 623.024109 477.204681 863.692200 637.390259 892.666260
110.000000 3043.587891 444.537842 2846.561035 486.166656 646.773132 739.494629 493.233856 707.138672
67.000000 2874.322998 839.915161 2891.185303 1036.565063 459.821533 1029.983398 443.230469 1213.087402
104.000000 3070.281494 808.735168 2876.899658 835.046631 623.601440 1048.037964 466.229401 1026.533325
288.000000 1639.226807 342.930786 1832.436401 321.798981 1330.000977 523.584717 1426.666138 523.208740
66.000000 1646.524048 362.133545 1823.074219 341.153198 1254.418091 563.467957 1436.515381 532.445190
32.000000 2841.872559 1399.508789 2858.571289 1576.486938 368.221619 1463.139404 343.842987 1686.722290
125.000000 3065.801514 623.418945 3048.324707 446.832458 640.837219 890.066467 652.494629 743.266724
154.000000 3067.074951 823.066162 2893.272461 846.209229 613.055786 1058.737671 476.606384 1040.449707
84.000000 2896.666016 1039.992920 3070.331543 1023.487488 443.230469 1213.087402 610.517517 1227.573853
161.000000 3030.107666 460.515106 2860.540039 495.919891 636.272888 748.556519 503.162476 720.819946
74.000000 2536.245850 714.036255 2706.163086 686.852966 153.838791 807.322083 330.503204 840.667419
68.000000 2690.644287 519.771667 2523.562500 554.437988 349.718719 677.966431 169.502380 638.966125
107.000000 2843.801514 489.963959 2857.831787 657.131958 489.056610 706.899536 473.807709 863.379578
106.000000 2706.036621 683.378174 2694.412598 520.160522 334.563660 836.805420 352.259125 679.878845
175.000000 3040.351074 611.986877 2880.056641 640.320129 623.340881 876.625183 496.029572 853.508850
79.000000 2061.674805 1113.145874 2043.868408 954.019470 614.627197 1226.762207 627.453491 1053.145264
172.000000 3070.115723 1004.515625 2913.318848 1019.852234 596.414978 1212.642944 466.639557 1200.284790
177.000000 2580.191162 1065.308228 2736.681641 1050.155518 173.099030 1185.649536 299.817780 1198.467896
184.000000 3069.093994 1153.169189 2921.921387 1172.687378 591.839722 1349.963989 467.711975 1332.216431
103.000000 2676.912354 534.521912 2533.502930 564.154053 336.011383 686.469055 179.893280 653.843994
99.000000 2930.072266 316.966949 3070.003174 283.346771 879.772522 670.939819 723.391296 633.093933
122.000000 2684.289551 675.237915 2543.504395 700.937317 313.481659 822.508728 166.765701 796.116089
248.000000 3069.163086 1186.635986 2928.854980 1204.170410 532.231018 1358.629517 428.353210 1382.972778
155.000000 2703.474854 871.066711 2566.564941 889.233154 299.525818 1016.734985 163.185196 997.729309
187.000000 2923.392578 1013.638489 2910.620605 876.608826 532.469788 1076.590698 521.601318 1200.140869
268.000000 2879.664307 1619.862793 3006.851807 1626.400146 346.447510 1745.604492 447.118408 1755.318237
153.000000 2917.622803 1177.686401 2828.813477 1268.934326 460.123322 1335.625244 348.873657 1417.255493
