Keypoint Matches and Line Matches for pairs 4, 8 
4 corresponds to the image ./resources/Data/CastleP30/images/0004.png 
8 corresponds to the image ./resources/Data/CastleP30/images/0008.png 

1463.000000 1320.506714 1606.064087 2119.000000 1760.000000
76.000000 1337.098511 1562.805786 2136.696777 1711.757812
11.000000 1466.477417 566.646240 2324.240723 586.601074
8.000000 1453.242798 566.664673 2309.382568 570.986267
527.000000 1453.726318 1353.333130 2370.000488 1483.027466
2.000000 1491.238281 490.099335 2330.032715 502.722656
30.000000 137.707916 249.813721 842.853882 633.310730
31.000000 78.623390 976.825684 815.659668 1210.109619
28.000000 130.608246 973.381836 856.916504 1203.344604
29.000000 188.297684 249.864273 883.286865 619.997925
13.000000 996.879150 329.436798 1656.698486 489.434906
34.000000 253.758255 993.119141 958.098083 1209.928711
35.000000 304.548187 303.422791 979.598389 636.651611
20.000000 952.756165 321.528107 1609.913574 494.848969
21.000000 349.826111 93.793747 993.351807 459.676392
50.000000 584.880676 383.228943 1234.593262 643.295654
51.000000 551.167725 960.068237 1225.440918 1146.644409
57.000000 757.335327 261.529755 1396.654297 493.551178
32.000000 1140.422485 543.407654 1866.185059 656.464355
33.000000 1129.345337 1103.386353 1884.944824 1229.947266
14.000000 1898.160278 1190.117798 3060.927490 1244.033447
15.000000 1885.552246 636.616150 2974.616211 536.510132
40.000000 1223.640503 1116.671753 2013.469482 1236.800293
41.000000 1232.230225 593.315247 1990.339722 683.319153
36.000000 1396.804932 616.685242 2227.485840 666.206177
37.000000 1394.059692 1130.003906 2262.170898 1230.071533
143.000000 467.963165 192.545013 1106.670654 509.945709
103.000000 1868.674561 1156.622070 2992.769775 1206.734131
177.000000 1481.468018 1139.999878 2400.466309 1233.301025
64.000000 230.815643 779.811890 932.539124 1039.969360
65.000000 267.669952 286.492584 948.349365 629.936340
67.000000 224.865891 983.203613 934.109924 1203.361938
44.000000 1518.201294 1139.995605 2462.959961 1230.027832
1025.000000 1519.394165 649.990417 2431.000000 653.000000
42.000000 1434.762695 1133.329224 2326.232910 1230.028809
43.000000 1435.820801 649.998169 2290.437256 689.971008
73.000000 1046.869751 1100.656250 1656.634399 1243.030884
755.000000 1057.585327 1091.328003 1694.000000 1232.000000
59.000000 647.595581 1047.897583 1230.170898 1222.275757
92.000000 160.343399 496.956116 867.270630 820.026917
93.000000 128.863235 896.839600 852.850708 1143.311768
61.000000 396.680695 1583.635864 1090.041992 1709.147461
68.000000 1159.009155 703.316467 1899.614258 813.347107
69.000000 1152.382446 1093.317139 1914.135376 1219.971313
164.000000 88.693405 966.824219 823.568176 1196.677734
38.000000 1204.589233 566.628052 1951.921997 663.387390
118.000000 310.881500 1153.556519 1012.461731 1343.383301
119.000000 293.764343 1476.865967 1006.919617 1616.671753
96.000000 1146.330322 1016.660278 1903.218384 1136.670532
97.000000 1152.167114 709.977783 1892.426514 820.030884
407.000000 353.436066 473.488647 1024.839844 766.719666
170.000000 306.755157 1128.947388 1006.672852 1319.109253
171.000000 9.944117 1103.998169 766.661316 1317.439941
117.000000 300.019653 1510.770508 1010.007080 1644.124512
324.000000 503.097046 966.646912 1181.295410 1173.354370
182.000000 13.340132 1096.588379 769.991882 1310.506348
183.000000 306.489075 1122.045166 1006.651123 1314.302734
168.000000 376.303070 183.508789 1036.251709 523.384888
169.000000 359.170776 473.481293 1032.013916 763.368896
196.000000 3.333437 1259.997559 766.665344 1440.765259
197.000000 293.371887 1272.434570 1000.003723 1441.164551
184.000000 3.298573 1311.253662 763.330505 1481.364868
185.000000 290.022064 1319.203979 1000.001465 1481.022461
212.000000 300.353485 1112.215698 1000.011902 1305.203613
213.000000 16.691431 1089.688232 773.330078 1304.642090
134.000000 698.821777 573.396057 1354.675903 789.984924
135.000000 707.071350 290.011780 1351.757812 529.980286
186.000000 3.279684 1362.996216 759.998840 1522.348877
187.000000 286.701202 1368.071045 996.669067 1522.074341
422.000000 286.670319 1415.129395 996.663452 1562.266357
140.000000 577.486328 1139.774902 1232.070679 1310.068481
141.000000 566.821655 1416.800903 1234.286987 1566.658447
216.000000 13.373919 1209.271484 773.332458 1400.222778
217.000000 290.110229 1224.687744 996.675293 1401.073608
234.000000 3.325622 1466.000610 756.651428 1604.924316
339.000000 943.239136 766.754639 1626.913330 916.662659
85.000000 950.394165 503.253510 1627.514526 666.632996
282.000000 1060.984253 406.421204 1759.640503 543.150513
491.000000 1308.648193 495.849701 2103.193359 562.470520
250.000000 51.528488 126.502785 780.717712 556.706909
251.000000 27.895096 386.778198 769.494507 756.825256
206.000000 455.887970 1216.622925 1154.793823 1386.705688
207.000000 441.264069 1476.737793 1148.659912 1616.630859
228.000000 713.673157 310.012878 1358.731689 543.316589
75.000000 1400.003540 496.657013 2213.364990 536.065918
219.000000 1254.981934 1073.345337 2052.626465 1183.357422
180.000000 989.266968 396.735687 1668.920410 559.950256
181.000000 982.634888 646.648132 1674.145874 796.648743
128.000000 1081.047852 1466.694580 1844.479248 1613.384521
129.000000 1087.431274 1226.598389 1838.311157 1350.117676
120.000000 986.694031 1126.394531 1593.338135 1268.622192
121.000000 753.039673 1102.923340 1319.996460 1267.666870
292.000000 180.712036 260.060944 876.592712 629.996521
293.000000 160.762375 493.113251 867.942566 813.393494
262.000000 315.129974 970.134766 1009.728882 1186.656616
263.000000 332.396973 739.929749 1016.873596 993.341003
172.000000 1091.357544 1039.940674 1832.124268 1173.359131
173.000000 1098.260742 809.947815 1827.001221 933.397339
205.000000 851.938599 359.932770 1511.134399 553.306152
264.000000 786.633850 273.424683 1426.686646 496.203857
151.000000 1552.871094 1120.000000 2511.747314 1203.217773
192.000000 1262.304443 493.357697 2023.201294 573.144409
193.000000 1259.907715 719.999023 2036.979980 806.648193
307.000000 1073.013550 1239.930176 1823.749146 1376.560181
146.000000 1348.035278 1463.302612 2220.129639 1606.835083
147.000000 1351.525879 1239.971802 2206.966797 1356.475586
1132.000000 1258.466797 1240.010864 2067.000000 1361.000000
139.000000 1257.992432 1463.350342 2075.982666 1609.850830
298.000000 340.493774 723.843506 1023.336548 976.878052
299.000000 324.847137 943.441223 1017.532166 1160.027466
122.000000 1721.613037 1160.035278 2782.783691 1230.059570
123.000000 1717.095581 939.991211 2753.477539 959.623169
136.000000 21.068874 900.082153 767.186340 1156.454224
220.000000 1064.419800 1253.364624 1817.842651 1393.306519
221.000000 1058.184570 1470.043701 1822.870850 1613.343872
434.000000 1016.642029 1249.999512 1704.602295 1389.977417
1299.000000 1082.775513 823.296997 1809.000000 947.000000
194.000000 1352.623291 1076.658203 2196.224365 1173.355103
195.000000 1355.162476 863.315430 2184.738281 940.259277
156.000000 64.989861 393.486145 789.426208 756.625183
266.000000 825.962341 386.638916 1488.815430 590.001953
267.000000 817.820251 593.378784 1489.134277 783.334778
404.000000 1090.999390 459.964600 1799.538086 586.560608
80.000000 1716.173340 568.164856 2710.008545 510.040649
81.000000 1522.936401 504.538818 2366.677490 510.909607
223.000000 1105.415527 446.624725 1814.363281 570.052307
148.000000 1554.186157 1259.973633 2525.255859 1359.825439
149.000000 1555.445190 1459.986694 2547.662354 1606.576294
230.000000 1341.643433 1076.665649 2182.184570 1169.858398
231.000000 1341.768555 876.663574 2168.576904 959.876221
79.000000 1300.287109 1545.783203 2136.698486 1699.205688
1380.000000 981.259827 790.049622 1684.000000 935.000000
188.000000 1639.226807 342.930786 2611.891113 268.707458
189.000000 1832.436401 321.798981 2829.170898 176.823441
226.000000 1331.405640 1270.014404 2186.455322 1393.345459
227.000000 1329.424561 1463.361572 2198.710449 1606.740723
288.000000 1082.993164 469.990723 1794.494629 603.304749
289.000000 1077.716064 663.270996 1799.086670 790.022461
246.000000 1347.675537 733.335876 2162.985840 800.022095
247.000000 1348.158813 539.995422 2150.054932 596.663147
354.000000 476.629761 1483.553467 1173.320923 1621.493408
355.000000 283.323608 1485.845703 999.995483 1622.668091
513.000000 14.666805 599.704346 770.023743 912.513184
468.000000 216.730728 976.670532 926.523865 1196.748169
469.000000 228.261887 786.561218 930.445740 1043.259521
498.000000 597.745850 770.057190 1262.635498 979.991333
423.000000 1671.136963 966.652588 2713.115967 1000.020630
363.000000 768.387451 302.705261 1416.177246 525.837402
271.000000 946.714050 363.192322 1616.780884 533.316833
362.000000 603.224487 236.942200 1246.531250 511.615356
431.000000 595.991577 956.808411 1267.665039 1130.021606
415.000000 296.641449 1498.405518 1010.000488 1633.449097
416.000000 473.369354 1495.611328 1173.345337 1632.733887
466.000000 326.056427 961.253906 1023.251099 1177.046265
467.000000 501.168610 984.548767 1176.804443 1180.447144
494.000000 530.140869 526.150391 1183.465820 776.876587
495.000000 360.069397 479.745667 1033.311768 770.507141
448.000000 500.576294 972.546692 1176.755615 1168.793823
449.000000 326.910797 948.254761 1019.953186 1165.721313
474.000000 473.264526 1443.329346 1169.080322 1586.642334
475.000000 483.316589 1269.999023 1173.138916 1433.328247
167.000000 846.544373 603.327942 1514.819336 783.308411
304.000000 1340.290161 553.335938 2144.546387 616.594727
305.000000 1338.736450 726.685242 2155.225830 796.752075
232.000000 936.527283 787.156982 1619.793701 942.190796
233.000000 770.046997 739.834534 1410.395508 922.467346
482.000000 358.770355 490.944611 1033.080444 780.907471
483.000000 525.107727 538.756775 1183.737305 789.893616
504.000000 483.207092 1181.713135 1169.960693 1353.873779
505.000000 316.463287 1169.426880 1019.976135 1352.349854
565.000000 1612.093994 1460.003296 2660.851807 1603.534180
546.000000 531.344727 499.876495 1188.358887 753.363464
547.000000 541.488708 336.552094 1190.912354 609.956909
209.000000 1623.989136 926.660950 2624.649902 956.542542
582.000000 424.617371 790.084167 1108.729614 1020.048401
583.000000 414.118866 950.269958 1105.444580 1160.049561
496.000000 699.988525 1093.516235 1273.311279 1262.211426
497.000000 859.985168 1103.569458 1423.318970 1259.270264
580.000000 482.228485 803.261353 1161.441772 1023.293762
581.000000 471.803619 963.233643 1158.512207 1163.371948
596.000000 399.200958 946.390503 1092.394287 1159.887207
597.000000 409.889465 786.436523 1096.086914 1019.984680
888.000000 386.415314 207.388382 1042.000000 535.000000
554.000000 320.057312 1175.953247 1020.005920 1359.258545
555.000000 476.783417 1188.547119 1163.330078 1360.403809
454.000000 1108.316162 509.949005 1821.591553 636.621399
222.000000 1103.570312 666.673828 1819.357300 790.014587
302.000000 1606.415039 646.667664 2573.348877 636.665222
303.000000 1607.023193 799.998596 2589.915771 816.674438
236.000000 1246.821045 1208.133911 2053.336182 1329.679199
237.000000 1096.744751 1195.723145 1846.656128 1327.884399
242.000000 1093.401978 1308.328613 1850.002075 1444.583618
243.000000 1243.422607 1314.492798 2056.668457 1444.790649
240.000000 1093.302490 1381.721436 1853.329834 1520.979248
241.000000 1243.373779 1384.412354 2060.000977 1520.669312
500.000000 908.508667 826.724243 1597.523682 986.659607
501.000000 903.923523 973.351807 1598.764160 1136.676880
238.000000 1093.331055 1456.478271 1856.657837 1598.579590
239.000000 1240.016724 1454.741821 2063.337158 1597.295898
274.000000 1296.819580 469.575775 2056.554443 538.752258
275.000000 1159.919800 420.222504 1866.566162 528.535339
158.000000 1246.624634 1197.097900 2053.325195 1321.838867
159.000000 1103.031250 1183.098755 1809.738159 1308.911743
568.000000 647.503784 540.041870 1301.147949 770.041748
569.000000 654.674316 396.733765 1306.242310 629.863464
523.000000 1453.501343 1389.973633 2373.333252 1519.941895
1308.000000 1452.305664 1533.380371 2393.000000 1704.000000
258.000000 1099.881348 1235.082031 1853.341309 1368.280396
259.000000 1240.140259 1244.599609 2050.003662 1369.193726
178.000000 1896.781860 1232.833008 3066.774658 1303.020630
179.000000 1756.707886 1228.626343 2829.933838 1311.482056
1091.000000 1735.288452 756.595825 2749.000000 739.000000
609.000000 234.000076 1.603262 899.000000 415.000000
66.000000 260.795013 480.067810 949.085510 796.510315
1006.000000 469.988556 1568.368774 1187.000000 1703.000000
817.000000 1266.690430 673.333374 2053.000000 764.000000
1456.000000 463.177155 1195.298950 1155.000000 1366.000000
1537.000000 329.890656 1184.709473 1028.000000 1364.000000
1201.000000 1641.574585 370.050964 2628.000000 301.000000
1468.000000 719.646179 320.982849 1363.000000 550.000000
1234.000000 843.701172 365.644989 1502.000000 559.000000
74.000000 1149.651001 404.298889 1840.011475 516.447754
1464.000000 760.279663 570.150452 1426.000000 762.000000
358.000000 1914.271729 689.975952 3012.593018 596.343628
359.000000 1917.604370 820.061401 3033.806641 766.607727
406.000000 1431.023193 537.043579 2273.310303 567.298584
357.000000 1723.872314 298.071289 2669.869873 196.239471
210.000000 1893.357178 1242.485352 3066.675293 1317.094727
211.000000 1766.696899 1238.925659 2839.966553 1321.674438
252.000000 1323.322876 1489.671265 2179.994141 1636.261108
253.000000 1446.743408 1485.747681 2380.000244 1633.352539
284.000000 1028.689331 646.629395 1738.593628 786.752930
592.000000 1553.403442 1475.093384 2549.997070 1621.888428
84.000000 940.328308 860.013306 1640.916382 1003.959106
518.000000 1103.161865 674.024048 1823.338257 796.402954
519.000000 987.033569 645.189026 1676.660278 793.676758
245.000000 1551.522461 803.498352 2482.084473 823.440552
427.000000 703.341858 729.944275 1360.001221 919.929199
849.000000 590.111816 712.603149 1247.000000 928.000000
276.000000 1850.133423 605.922302 2905.796143 515.458557
1419.000000 1301.827515 949.988586 2122.000000 1049.000000
666.000000 1300.969360 1063.365845 2147.000000 1171.000000
1167.000000 438.000000 71.000000 1073.000000 416.000000
604.000000 398.000000 1362.000000 1106.000000 1515.000000
1028.000000 1769.000000 1160.000000 2848.000000 1223.000000
610.000000 1590.000000 1076.000000 2591.000000 1144.000000
871.000000 1318.000000 693.000000 2126.000000 766.000000
664.000000 1763.000000 849.000000 2806.000000 839.000000
836.000000 374.000000 535.000000 1046.000000 813.000000
618.000000 1806.000000 1011.000000 2883.000000 1031.000000
1014.000000 791.000000 549.000000 1459.000000 744.000000
702.000000 1758.000000 539.000000 2766.000000 464.000000
1198.000000 313.000000 246.000000 982.000000 597.000000
796.000000 1753.000000 991.000000 2807.000000 1016.000000
740.000000 1776.000000 846.000000 2823.000000 832.000000
616.000000 1589.000000 718.000000 2555.000000 724.000000
1101.000000 1012.000000 546.000000 1713.000000 690.000000
966.000000 1024.000000 1440.000000 1780.000000 1582.000000
1110.000000 1282.000000 558.000000 2066.000000 633.000000
678.000000 1589.000000 962.000000 2579.000000 1009.000000
708.000000 1768.000000 1142.000000 2845.000000 1201.000000
635.000000 1758.000000 555.000000 2768.000000 483.000000
1283.000000 479.000000 1018.000000 1159.000000 1211.000000
791.000000 371.000000 45.000000 1014.000000 411.000000
626.000000 1776.000000 830.000000 2821.000000 812.000000
1425.000000 1009.000000 269.000000 1811.000000 411.000000
770.000000 1308.000000 1290.000000 2158.000000 1415.000000
685.000000 1782.000000 1174.000000 2867.000000 1240.000000
641.000000 1766.000000 1023.000000 2829.000000 1053.000000
751.000000 1763.000000 865.000000 2808.000000 858.000000
1306.000000 45.000000 444.000000 782.000000 804.000000
852.000000 346.000000 984.000000 1038.000000 1193.000000
847.000000 340.000000 1001.000000 1032.000000 1208.000000
1140.000000 1776.000000 862.000000 2825.000000 852.000000
652.000000 1590.000000 1050.000000 2588.000000 1112.000000
1062.000000 440.000000 909.000000 1128.000000 1120.000000
656.000000 537.000000 255.000000 1183.000000 543.000000
1080.000000 1755.000000 1163.000000 2829.000000 1229.000000
601.000000 1761.000000 707.000000 2788.000000 666.000000
823.000000 1758.000000 570.000000 2770.000000 500.000000
1479.000000 511.000000 688.000000 1175.000000 920.000000
887.000000 1057.000000 487.000000 1765.000000 621.000000
928.000000 707.000000 926.000000 1391.000000 1104.000000
1445.000000 408.000000 405.000000 1081.000000 697.000000
1066.000000 1054.000000 622.000000 1769.000000 754.000000
613.000000 1515.000000 470.000000 2462.000000 461.000000
827.000000 1771.000000 567.000000 2785.000000 494.000000
605.000000 1805.000000 976.000000 2879.000000 988.000000
1174.000000 1046.000000 1000.000000 1781.000000 1133.000000
760.000000 1791.000000 857.000000 2844.000000 842.000000
1400.000000 1304.000000 1139.000000 2130.000000 1249.000000
1095.000000 1751.000000 868.000000 2791.000000 865.000000
860.000000 740.000000 500.000000 1403.000000 710.000000
1193.000000 480.000000 301.000000 1141.000000 594.000000
898.000000 1627.000000 344.000000 2601.000000 279.000000
810.000000 1819.000000 990.000000 2898.000000 1003.000000
1122.000000 1755.000000 1145.000000 2827.000000 1207.000000
670.000000 718.000000 173.000000 1417.000000 419.000000
994.000000 1805.000000 959.000000 2876.000000 967.000000
655.000000 1313.000000 908.000000 2136.000000 998.000000
675.000000 1243.000000 359.000000 2049.000000 434.000000
872.000000 1590.000000 1023.000000 2586.000000 1081.000000
673.000000 1803.000000 854.000000 2862.000000 835.000000
1241.000000 1807.000000 299.000000 2791.000000 156.000000
1035.000000 1797.000000 545.000000 2819.000000 458.000000
1004.000000 532.000000 554.000000 1190.000000 800.000000
1559.000000 1000.000000 424.000000 1676.000000 566.000000
759.000000 718.000000 155.000000 1417.000000 400.000000
1220.000000 1282.000000 625.000000 2070.000000 703.000000
788.000000 1077.000000 1092.000000 1819.000000 1223.000000
948.000000 351.000000 652.000000 1031.000000 915.000000
1151.000000 1281.000000 683.000000 2073.000000 764.000000
795.000000 1593.000000 1306.000000 2616.000000 1418.000000
1034.000000 324.000000 723.000000 996.000000 987.000000
819.000000 1761.000000 723.000000 2790.000000 685.000000
1388.000000 1782.000000 1303.000000 2885.000000 1411.000000
924.000000 1788.000000 684.000000 2821.000000 631.000000
351.000000 1687.000000 1493.000000 2839.999268 1629.643677
875.000000 1796.000000 1133.000000 2882.000000 1187.000000
1258.000000 999.000000 468.000000 1689.000000 618.000000
1141.000000 730.000000 71.000000 1417.000000 323.000000
859.000000 1003.000000 927.000000 1723.000000 1065.000000
969.000000 1277.000000 901.000000 2083.000000 996.000000
918.000000 1308.000000 1392.000000 2164.000000 1528.000000
648.000000 1763.000000 833.000000 2804.000000 819.000000
764.000000 796.000000 404.000000 1459.000000 609.000000
703.000000 1769.000000 1178.000000 2850.000000 1246.000000
692.000000 793.000000 481.000000 1459.000000 681.000000
877.000000 1801.000000 712.000000 2843.000000 661.000000
1563.000000 1156.000000 545.000000 1887.000000 654.000000
1011.000000 1502.000000 503.000000 2335.000000 511.000000
1032.000000 1589.000000 743.000000 2557.000000 753.000000
1373.000000 1257.000000 290.000000 2053.000000 358.000000
1045.000000 1353.000000 776.000000 2176.000000 848.000000
923.000000 1035.000000 1388.000000 1733.000000 1529.000000
1169.000000 1801.000000 697.000000 2840.000000 642.000000
984.000000 1606.000000 1592.000000 2547.000000 1764.000000
1002.000000 1746.000000 573.000000 2753.000000 508.000000
1171.000000 1034.000000 1455.000000 1793.000000 1598.000000
846.000000 1814.000000 694.000000 2857.000000 635.000000
1043.000000 1589.000000 658.000000 2549.000000 655.000000
829.000000 1753.000000 1026.000000 2811.000000 1059.000000
743.000000 1047.000000 967.000000 1780.000000 1099.000000
686.000000 1809.000000 1147.000000 2903.000000 1203.000000
1444.000000 140.000000 231.000000 844.000000 614.000000
782.000000 1092.000000 813.000000 1819.000000 938.000000
806.000000 1055.000000 559.000000 1768.000000 693.000000
1328.000000 1759.000000 298.000000 2726.000000 176.000000
615.000000 1809.000000 1130.000000 2900.000000 1181.000000
1247.000000 447.000000 741.000000 1131.000000 974.000000
863.000000 1806.000000 994.000000 2881.000000 1009.000000
885.000000 1010.000000 609.000000 1715.000000 752.000000
779.000000 1011.000000 577.000000 1714.000000 721.000000
802.000000 1748.000000 694.000000 2769.000000 654.000000
1094.000000 406.000000 443.000000 1080.000000 730.000000
1320.000000 1590.000000 1101.000000 2593.000000 1175.000000
1416.000000 1753.000000 1009.000000 2809.000000 1038.000000
896.000000 345.000000 506.000000 1020.000000 794.000000
890.000000 1809.000000 1165.000000 2905.000000 1226.000000
667.000000 742.000000 862.000000 1423.000000 1040.000000
1116.000000 1750.000000 836.000000 2787.000000 826.000000
778.000000 708.000000 900.000000 1391.000000 1081.000000
773.000000 744.000000 387.000000 1403.000000 607.000000
1107.000000 1748.000000 1286.000000 2825.000000 1384.000000
661.000000 1307.000000 1423.000000 2166.000000 1562.000000
809.000000 1748.000000 710.000000 2771.000000 673.000000
627.000000 1810.000000 542.000000 2835.000000 451.000000
1010.000000 724.000000 617.000000 1379.000000 820.000000
693.000000 1038.000000 1276.000000 1788.000000 1413.000000
1302.000000 937.000000 277.000000 1587.000000 459.000000
620.000000 1282.000000 654.000000 2072.000000 734.000000
848.000000 1779.000000 1002.000000 2844.000000 1025.000000
575.000000 1741.000000 1328.000000 2820.086670 1442.417114
637.000000 1589.000000 769.000000 2560.000000 783.000000
870.000000 343.000000 1379.000000 1057.000000 1531.000000
1555.000000 1000.000000 851.000000 1720.000000 991.000000
1429.000000 601.000000 776.000000 1267.000000 983.000000
619.000000 1270.000000 1361.000000 2107.000000 1494.000000
1133.000000 1045.000000 1031.000000 1781.000000 1164.000000
749.000000 1018.000000 1275.000000 1731.000000 1413.000000
900.000000 1774.000000 720.000000 2806.000000 678.000000
1482.000000 1269.000000 1424.000000 2110.000000 1562.000000
1317.000000 1440.000000 1204.000000 2362.000000 1313.000000
1049.000000 1746.000000 542.000000 2750.000000 472.000000
886.000000 414.000000 1338.000000 1119.000000 1495.000000
1426.000000 1816.000000 834.000000 2876.000000 809.000000
710.000000 1270.000000 1392.000000 2109.000000 1528.000000
1149.000000 770.000000 1021.000000 1396.000000 1188.000000
1161.000000 1765.000000 988.000000 2825.000000 1009.000000
659.000000 1036.000000 1354.000000 1790.000000 1494.000000
631.000000 1774.000000 704.000000 2804.000000 659.000000
774.000000 1270.000000 1453.000000 2112.000000 1596.000000
1500.000000 1794.000000 1014.000000 2865.000000 1037.000000
1338.000000 1808.000000 1112.000000 2898.000000 1159.000000
1322.000000 1622.000000 843.000000 2615.000000 863.000000
1068.000000 729.000000 597.000000 1382.000000 802.000000
1048.000000 412.000000 593.000000 1081.000000 855.000000
1446.000000 1016.000000 1354.000000 1709.000000 1494.000000
1242.000000 797.000000 373.000000 1459.000000 580.000000
668.000000 764.000000 950.000000 1451.000000 1120.000000
1517.000000 882.000000 739.000000 1563.000000 904.000000
688.000000 1048.000000 934.000000 1779.000000 1067.000000
1530.000000 1311.000000 756.000000 2113.000000 835.000000
756.000000 1810.000000 527.000000 2833.000000 433.000000
1395.000000 1783.000000 298.000000 2759.000000 166.000000
1108.000000 600.000000 620.000000 1258.000000 846.000000
1291.000000 1319.000000 665.000000 2124.000000 736.000000
1216.000000 503.000000 567.000000 1163.000000 816.000000
1266.000000 1769.000000 1194.000000 2852.000000 1268.000000
614.000000 1816.000000 818.000000 2874.000000 789.000000
1520.000000 1779.000000 281.000000 2765.000000 148.000000
1535.000000 1308.000000 1260.000000 2155.000000 1381.000000
225.000000 739.000000 957.000000 1423.628784 1135.804199
1562.000000 1822.000000 1144.000000 2921.000000 1198.000000
1549.000000 421.000000 1203.000000 1122.000000 1375.000000
1036.000000 1749.000000 726.000000 2773.000000 692.000000
1125.000000 374.000000 899.000000 1068.000000 1118.000000
1557.000000 1758.000000 524.000000 2764.000000 446.000000
1478.000000 738.000000 199.000000 1366.000000 446.000000
943.000000 1319.000000 570.000000 2118.000000 635.000000
316.000000 1731.000000 606.000000 2732.810059 553.727722
1460.000000 1243.000000 376.000000 2049.000000 455.000000
955.000000 404.000000 1039.000000 1092.000000 1235.000000
904.000000 416.000000 281.000000 1083.000000 592.000000
729.000000 1803.000000 837.000000 2860.000000 815.000000
1158.000000 1352.000000 1122.000000 2200.000000 1227.000000
811.000000 1771.000000 536.000000 2781.000000 457.000000
669.000000 1094.000000 713.000000 1818.000000 837.000000
204.000000 845.000000 609.000000 1508.288330 783.312134
602.000000 1797.000000 530.000000 2817.000000 440.000000
962.000000 1788.000000 700.000000 2823.000000 650.000000
603.000000 1766.000000 1006.000000 2827.000000 1031.000000
763.000000 737.000000 796.000000 1415.000000 980.000000
1406.000000 1776.000000 1265.000000 2864.000000 1356.000000
933.000000 1781.000000 1121.000000 2859.000000 1175.000000
622.000000 381.000000 728.000000 1072.000000 973.000000
799.000000 1054.000000 590.000000 1768.000000 723.000000
742.000000 782.000000 888.000000 1468.000000 1059.000000
1546.000000 1232.000000 332.000000 2029.000000 410.000000
1225.000000 1818.000000 973.000000 2896.000000 981.000000
1210.000000 1803.000000 821.000000 2857.000000 795.000000
1490.000000 1750.000000 852.000000 2788.000000 845.000000
1092.000000 520.000000 571.000000 1180.000000 817.000000
1252.000000 1046.000000 860.000000 1776.000000 992.000000
722.000000 555.000000 115.000000 1183.000000 420.000000
1367.000000 1313.000000 936.000000 2138.000000 1029.000000
929.000000 727.000000 813.000000 1405.000000 995.000000
1452.000000 462.000000 621.000000 1128.000000 870.000000
1473.000000 649.000000 704.000000 1313.000000 911.000000
451.000000 58.000000 416.000000 786.715088 768.715027
1153.000000 907.000000 836.000000 1596.000000 991.000000
999.000000 833.000000 825.000000 1512.000000 993.000000
953.000000 1307.000000 1453.000000 2168.000000 1596.000000
1160.000000 347.000000 611.000000 1026.000000 880.000000
975.000000 1576.000000 1074.000000 2541.000000 1143.000000
1249.000000 1102.000000 697.000000 1826.000000 820.000000
1368.000000 13.000000 962.000000 764.000000 1204.000000
1574.000000 1845.000000 1193.000000 2953.000000 1258.000000
672.000000 306.000000 1093.000000 1006.000000 1288.000000
679.000000 1594.000000 1397.000000 2625.000000 1528.000000
682.000000 709.000000 876.000000 1390.000000 1058.000000
1335.000000 873.000000 784.000000 1548.000000 949.000000
1377.000000 767.000000 594.000000 1420.000000 791.000000
1341.000000 1257.000000 811.000000 2040.000000 906.000000
834.000000 1528.000000 455.000000 2460.000000 439.000000
960.000000 925.000000 1051.000000 1487.000000 1190.000000
1512.000000 340.000000 1422.000000 1055.000000 1567.000000
719.000000 358.000000 531.000000 1032.000000 812.000000
1404.000000 411.000000 1380.000000 1118.000000 1530.000000
949.000000 80.000000 96.000000 794.000000 522.000000
1351.000000 1063.000000 863.000000 1798.000000 993.000000
1484.000000 1592.000000 1279.000000 2613.000000 1385.000000
642.000000 1593.000000 1425.000000 2628.000000 1561.000000
695.000000 1791.000000 841.000000 2842.000000 822.000000
889.000000 1708.000000 256.000000 2676.000000 149.000000
1078.000000 1229.000000 493.000000 1980.000000 581.000000
1037.000000 1798.000000 575.000000 2824.000000 494.000000
1314.000000 1756.000000 1128.000000 2843.000000 1179.000000
639.000000 741.000000 466.000000 1403.000000 678.000000
1041.000000 1746.000000 558.000000 2751.000000 490.000000
1289.000000 65.000000 436.000000 792.000000 787.000000
1329.000000 1788.000000 715.000000 2825.000000 669.000000
905.000000 443.000000 869.000000 1129.000000 1086.000000
651.000000 605.000000 732.000000 1269.000000 944.000000
1207.000000 1368.000000 933.000000 2209.000000 1016.000000
816.000000 475.000000 386.000000 1140.000000 667.000000
1084.000000 1771.000000 583.000000 2787.000000 512.000000
606.000000 1761.000000 691.000000 2786.000000 647.000000
990.000000 1538.000000 366.000000 2464.000000 338.000000
1188.000000 997.000000 1052.000000 1602.000000 1195.000000
1509.000000 878.000000 1009.000000 1602.000000 1172.000000
1145.000000 1785.000000 563.000000 2804.000000 485.000000
821.000000 1779.000000 1019.000000 2846.000000 1047.000000
653.000000 618.000000 1048.000000 1191.000000 1229.000000
1581.000000 997.000000 542.000000 1691.000000 689.000000
1438.000000 402.000000 1574.000000 1092.000000 1704.000000
1298.000000 1067.000000 937.000000 1803.000000 1067.000000
377.000000 1653.000000 1246.000000 2666.887207 1337.014771
958.000000 1820.000000 1007.000000 2900.000000 1025.000000
952.000000 349.000000 1097.000000 1042.000000 1288.000000
1294.000000 603.000000 1020.000000 1268.000000 1196.000000
1392.000000 1793.000000 979.000000 2860.000000 994.000000
1209.000000 1057.000000 699.000000 1770.000000 831.000000
1213.000000 418.000000 246.000000 1084.000000 562.000000
665.000000 377.000000 859.000000 1069.000000 1084.000000
725.000000 1781.000000 1139.000000 2862.000000 1196.000000
1529.000000 29.000000 449.000000 764.000000 803.000000
1204.000000 1136.000000 541.000000 1860.000000 656.000000
1379.000000 1207.000000 484.000000 1950.000000 578.000000
588.000000 1372.000000 1250.000000 2223.336182 1369.701050
1554.000000 1609.000000 1222.000000 2630.000000 1307.000000
842.000000 1735.000000 890.000000 2766.000000 894.000000
784.000000 984.000000 390.000000 1663.000000 548.000000
911.000000 380.000000 819.000000 1070.000000 1050.000000
1570.000000 365.000000 1556.000000 1073.000000 1684.000000
677.000000 1822.000000 1127.000000 2918.000000 1175.000000
1491.000000 1200.000000 275.000000 2140.000000 330.000000
925.000000 1738.000000 1064.000000 2788.000000 1109.000000
1498.000000 1765.000000 970.000000 2822.000000 988.000000
993.000000 579.000000 810.000000 1246.000000 1017.000000
1168.000000 1796.000000 1150.000000 2884.000000 1209.000000
1459.000000 1601.000000 964.000000 2600.000000 1009.000000
1293.000000 730.000000 979.000000 1295.000000 1155.000000
1070.000000 799.000000 1023.000000 1501.000000 1189.000000
1439.000000 1785.000000 548.000000 2802.000000 466.000000
1205.000000 491.000000 992.000000 1169.000000 1188.000000
1000.000000 1574.000000 1150.000000 2562.000000 1233.000000
202.000000 311.000000 1479.000000 1025.711914 1616.638306
1442.000000 723.000000 943.000000 1408.000000 1118.000000
814.000000 1614.000000 1526.000000 2629.000000 1685.000000
1580.000000 1718.000000 949.000000 2755.000000 970.000000
1345.000000 1756.000000 1181.000000 2813.000000 1256.000000
1026.000000 739.000000 180.000000 1397.000000 418.000000
891.000000 1253.000000 1110.000000 2056.000000 1223.000000
967.000000 770.000000 821.000000 1453.000000 998.000000
712.000000 737.000000 161.000000 1438.000000 401.000000
630.000000 352.000000 1240.000000 1060.000000 1411.000000
646.000000 1817.000000 850.000000 2878.000000 828.000000
396.000000 1568.000000 1483.000000 2569.989014 1631.750122
910.000000 1277.000000 871.000000 2082.000000 965.000000
1121.000000 319.000000 999.000000 1015.000000 1208.000000
1059.000000 711.000000 807.000000 1388.000000 994.000000
865.000000 739.000000 1020.000000 1305.000000 1190.000000
1277.000000 1576.000000 1047.000000 2538.000000 1111.000000
786.000000 1766.000000 1039.000000 2832.000000 1074.000000
624.000000 1810.000000 557.000000 2837.000000 469.000000
1521.000000 987.000000 957.000000 1701.000000 1098.000000
1019.000000 1809.000000 1182.000000 2908.000000 1248.000000
1008.000000 671.000000 786.000000 1335.000000 984.000000
1274.000000 408.000000 1422.000000 1118.000000 1567.000000
1333.000000 52.000000 530.000000 782.000000 873.000000
684.000000 1779.000000 985.000000 2841.000000 1003.000000
1077.000000 1244.000000 338.000000 2048.000000 411.000000
674.000000 738.000000 534.000000 1403.000000 741.000000
1523.000000 774.000000 839.000000 1458.000000 1015.000000
820.000000 246.000000 230.000000 958.000000 592.000000
1211.000000 1035.000000 1423.000000 1791.000000 1564.000000
705.000000 944.000000 1042.000000 1591.000000 1194.000000
1384.000000 1732.000000 279.000000 2733.000000 157.000000
989.000000 422.000000 532.000000 1097.000000 803.000000
1129.000000 1281.000000 245.000000 2068.000000 306.000000
869.000000 1340.000000 1122.000000 2184.000000 1227.000000
489.000000 1351.000000 1453.000000 2226.402344 1593.349365
1217.000000 1298.000000 751.000000 2094.000000 833.000000
1311.000000 1803.000000 1348.000000 2911.000000 1448.000000
841.000000 26.000000 548.000000 765.000000 880.000000
1196.000000 1803.000000 868.000000 2864.000000 854.000000
1362.000000 1323.000000 980.000000 2159.000000 1074.000000
681.000000 792.000000 516.000000 1459.000000 712.000000
1477.000000 724.000000 919.000000 1408.000000 1096.000000
1038.000000 1593.000000 1450.000000 2631.000000 1595.000000
783.000000 1798.000000 561.000000 2821.000000 477.000000
1027.000000 406.000000 1463.000000 1117.000000 1603.000000
1487.000000 1607.000000 1306.000000 2639.000000 1417.000000
663.000000 346.000000 1337.000000 1058.000000 1495.000000
1134.000000 1716.000000 695.000000 2710.000000 675.000000
1489.000000 1625.000000 617.000000 2588.000000 606.000000
861.000000 419.000000 1243.000000 1121.000000 1411.000000
931.000000 1090.000000 1093.000000 1834.000000 1223.000000
717.000000 1527.000000 474.000000 2481.000000 462.000000
1230.000000 859.000000 345.000000 1518.000000 539.000000
1235.000000 1748.000000 757.000000 2770.000000 730.000000
936.000000 1814.000000 709.000000 2859.000000 655.000000
714.000000 1771.000000 552.000000 2784.000000 475.000000
1449.000000 832.000000 990.000000 1501.000000 1155.000000
1197.000000 1471.000000 590.000000 2304.000000 626.000000
881.000000 446.000000 831.000000 1130.000000 1051.000000
1447.000000 1303.000000 1524.000000 2158.000000 1675.000000
1018.000000 1514.000000 507.000000 2355.000000 511.000000
1047.000000 1593.000000 1370.000000 2623.000000 1495.000000
1221.000000 911.000000 1037.000000 1565.000000 1194.000000
633.000000 1793.000000 997.000000 2863.000000 1016.000000
758.000000 780.000000 913.000000 1468.000000 1082.000000
1214.000000 483.000000 1137.000000 1167.000000 1315.000000
1203.000000 1774.000000 688.000000 2802.000000 640.000000
1173.000000 1785.000000 533.000000 2800.000000 448.000000
1199.000000 11.000000 540.000000 753.000000 878.000000
1501.000000 1241.000000 553.000000 2000.000000 640.000000
584.000000 1082.000000 1225.000000 1833.300903 1359.146851
1232.000000 726.000000 871.000000 1408.000000 1050.000000
691.000000 1804.000000 1333.000000 2930.000000 1443.000000
1457.000000 1262.000000 752.000000 2043.000000 843.000000
753.000000 1561.000000 1304.000000 2564.000000 1417.000000
789.000000 1782.000000 1156.000000 2865.000000 1218.000000
1480.000000 1550.000000 1590.000000 2479.000000 1759.000000
713.000000 1814.000000 679.000000 2855.000000 617.000000

154.000000 1026.078735 384.944550 43.436443 26.384092 1599.900269 525.388672 1420.000244 516.662292
5.000000 1464.900146 1353.336426 1466.477417 566.646240 2377.967529 1330.146851 2324.240723 586.601074
4.000000 1453.242798 566.664673 1453.726318 1353.333130 2309.382568 570.986267 2362.357422 1320.304688
1.000000 1491.238281 490.099335 770.475220 214.131393 2330.032715 502.722656 463.366425 402.715912
15.000000 137.707916 249.813721 78.623390 976.825684 842.853882 633.310730 815.659668 1210.109619
14.000000 130.608246 973.381836 188.297684 249.864273 856.916504 1203.344604 883.286865 619.997925
6.000000 323.783203 75.474365 996.879150 329.436798 936.728699 448.898163 1656.698486 489.434906
17.000000 253.758255 993.119141 304.548187 303.422791 958.098083 1209.928711 979.598389 636.651611
10.000000 952.756165 321.528107 349.826111 93.793747 1609.913574 494.848969 993.351807 459.676392
25.000000 584.880676 383.228943 551.167725 960.068237 1234.593262 643.295654 1225.440918 1146.644409
28.000000 220.329437 62.444733 757.335327 261.529755 950.099304 468.247040 1396.654297 493.551178
16.000000 1140.422485 543.407654 1129.345337 1103.386353 1866.185059 656.464355 1884.944824 1229.947266
7.000000 1898.160278 1190.117798 1885.552246 636.616150 3060.927490 1244.033447 2974.616211 536.510132
20.000000 1223.640503 1116.671753 1232.230225 593.315247 2013.469482 1236.800293 1990.339722 683.319153
35.000000 1033.691040 1107.400635 514.173096 1076.073364 1656.666260 1253.374023 1256.668335 1249.810913
24.000000 1636.100464 639.913574 1643.467407 1159.950928 2627.541260 682.625854 2676.083252 1200.054688
18.000000 1396.804932 616.685242 1394.059692 1130.003906 2227.485840 666.206177 2262.170898 1230.071533
71.000000 0.119175 25.635960 467.963165 192.545013 856.564941 491.369202 1106.670654 509.945709
51.000000 1857.640991 659.904297 1868.674561 1156.622070 2958.449707 919.786743 2992.769775 1206.734131
55.000000 1481.410889 643.332764 1481.468018 1139.999878 2363.398438 713.328613 2383.746094 993.303345
32.000000 230.815643 779.811890 267.669952 286.492584 932.539124 1039.969360 948.349365 629.936340
33.000000 260.152161 493.344299 224.865891 983.203613 949.085510 796.510315 934.109924 1203.361938
22.000000 1518.201294 1139.995605 1519.394165 649.990417 2462.959961 1230.027832 2422.959717 693.361206
21.000000 1434.762695 1133.329224 1435.820801 649.998169 2326.232910 1230.028809 2290.437256 689.971008
36.000000 571.170227 1064.572632 1046.869751 1100.656250 1259.977173 1238.813721 1656.634399 1243.030884
9.000000 511.246094 130.065796 937.010376 292.432129 1020.057312 442.264709 1653.356689 476.230835
29.000000 1057.585327 1091.328003 647.595581 1047.897583 1660.068237 1228.917603 1230.170898 1222.275757
46.000000 160.343399 496.956116 128.863235 896.839600 867.270630 820.026917 852.850708 1143.311768
30.000000 3.111981 1601.895630 396.680695 1583.635864 663.271973 1716.378296 1090.041992 1709.147461
34.000000 1159.009155 703.316467 1152.382446 1093.317139 1899.614258 813.347107 1914.135376 1219.971313
82.000000 88.693405 966.824219 117.211075 600.042358 823.568176 1196.677734 834.920471 956.741760
112.000000 1040.108032 1002.576721 678.903198 951.002930 1643.159912 1144.418213 1423.628784 1135.804199
19.000000 1204.589233 566.628052 1197.898682 926.689575 1951.921997 663.387390 1973.237915 1220.003662
59.000000 310.881500 1153.556519 293.764343 1476.865967 1012.461731 1343.383301 1006.919617 1616.671753
48.000000 1146.330322 1016.660278 1152.167114 709.977783 1903.218384 1136.670532 1892.426514 820.030884
204.000000 353.436066 473.488647 367.153809 170.022018 1024.839844 766.719666 1030.590210 603.354126
85.000000 306.755157 1128.947388 9.944117 1103.998169 1006.672852 1319.109253 766.661316 1317.439941
58.000000 3.290897 1518.335449 300.019653 1510.770508 729.999695 1646.633545 1010.007080 1644.124512
162.000000 503.097046 966.646912 527.652222 673.136902 1181.295410 1173.354370 1184.162109 996.626038
91.000000 13.340132 1096.588379 306.489075 1122.045166 769.991882 1310.506348 1006.651123 1314.302734
84.000000 376.303070 183.508789 359.170776 473.481293 1036.251709 523.384888 1032.013916 763.368896
98.000000 3.333437 1259.997559 293.371887 1272.434570 766.665344 1440.765259 1000.003723 1441.164551
92.000000 3.298573 1311.253662 290.022064 1319.203979 763.330505 1481.364868 1000.001465 1481.022461
106.000000 300.353485 1112.215698 16.691431 1089.688232 1000.011902 1305.203613 773.330078 1304.642090
67.000000 698.821777 573.396057 707.071350 290.011780 1354.675903 789.984924 1351.757812 529.980286
93.000000 3.279684 1362.996216 286.701202 1368.071045 759.998840 1522.348877 996.669067 1522.074341
211.000000 3.330668 1414.458008 286.670319 1415.129395 833.331604 1562.757080 996.663452 1562.266357
70.000000 577.486328 1139.774902 566.821655 1416.800903 1232.070679 1310.068481 1234.286987 1566.658447
108.000000 13.373919 1209.271484 290.110229 1224.687744 773.332458 1400.222778 996.675293 1401.073608
117.000000 3.325622 1466.000610 280.032379 1462.797241 756.651428 1604.924316 966.664551 1603.088135
42.000000 943.239136 766.754639 950.394165 503.253510 1640.916382 1003.959106 1627.514526 666.632996
141.000000 1060.984253 406.421204 1308.648193 495.849701 1759.640503 543.150513 1946.472168 553.507751
125.000000 51.528488 126.502785 27.895096 386.778198 780.717712 556.706909 769.494507 756.825256
103.000000 455.887970 1216.622925 441.264069 1476.737793 1154.793823 1386.705688 1148.659912 1616.630859
114.000000 713.673157 310.012878 703.955566 566.690247 1358.731689 543.316589 1360.461426 756.662903
37.000000 1160.264648 409.274017 1400.003540 496.657013 1840.011475 516.447754 2213.364990 536.065918
109.000000 1256.819946 820.001099 1254.981934 1073.345337 2045.112427 963.386414 2052.626465 1183.357422
90.000000 989.266968 396.735687 982.634888 646.648132 1668.920410 559.950256 1674.145874 796.648743
64.000000 1081.047852 1466.694580 1087.431274 1226.598389 1844.479248 1613.384521 1838.311157 1350.117676
60.000000 986.694031 1126.394531 753.039673 1102.923340 1593.338135 1268.622192 1319.996460 1267.666870
146.000000 180.712036 260.060944 160.762375 493.113251 876.592712 629.996521 867.942566 813.393494
131.000000 315.129974 970.134766 332.396973 739.929749 1009.728882 1186.656616 1016.873596 993.341003
86.000000 1091.357544 1039.940674 1098.260742 809.947815 1832.124268 1173.359131 1827.001221 933.397339
102.000000 841.012939 586.554810 851.938599 359.932770 1508.288330 783.312134 1511.134399 553.306152
132.000000 786.633850 273.424683 999.957703 350.117584 1426.686646 496.203857 1619.948608 504.527435
75.000000 1552.873169 893.333374 1552.871094 1120.000000 2495.430420 956.527954 2511.747314 1203.217773
96.000000 1262.304443 493.357697 1259.907715 719.999023 2023.201294 573.144409 2036.979980 806.648193
153.000000 1068.746460 1463.309448 1073.013550 1239.930176 1828.867432 1556.698853 1823.749146 1376.560181
73.000000 1348.035278 1463.302612 1351.525879 1239.971802 2220.129639 1606.835083 2206.966797 1356.475586
69.000000 1258.466797 1240.010864 1257.992432 1463.350342 2061.532227 1353.247070 2075.982666 1609.850830
149.000000 340.493774 723.843506 324.847137 943.441223 1023.336548 976.878052 1017.532166 1160.027466
61.000000 1721.613037 1160.035278 1717.095581 939.991211 2782.783691 1230.059570 2753.477539 959.623169
68.000000 21.068874 900.082153 37.747013 683.160095 767.186340 1156.454224 786.552185 899.991333
110.000000 1064.419800 1253.364624 1058.184570 1470.043701 1817.842651 1393.306519 1822.870850 1613.343872
217.000000 1012.284668 1466.712646 1016.642029 1249.999512 1707.447144 1549.986084 1704.602295 1389.977417
97.000000 1352.623291 1076.658203 1355.162476 863.315430 2196.224365 1173.355103 2184.738281 940.259277
78.000000 64.989861 393.486145 84.396545 183.123901 789.426208 756.625183 807.020874 513.358948
133.000000 825.962341 386.638916 817.820251 593.378784 1488.815430 590.001953 1489.134277 783.334778
202.000000 1087.863403 666.634216 1090.999390 459.964600 1805.576538 750.040283 1799.538086 586.560608
52.000000 1632.212402 329.804871 1836.013916 307.396576 2678.410400 197.332596 2961.880859 161.759872
40.000000 1716.173340 568.164856 1522.936401 504.538818 2710.008545 510.040649 2366.677490 510.909607
44.000000 1476.516724 1536.813599 1676.700806 1527.393188 2513.322266 1691.074463 2846.663818 1689.424438
111.000000 1098.708984 646.623352 1105.415527 446.624725 1819.357300 790.014587 1814.363281 570.052307
74.000000 1554.186157 1259.973633 1555.445190 1459.986694 2525.255859 1359.825439 2547.662354 1606.576294
115.000000 1341.643433 1076.665649 1341.768555 876.663574 2182.184570 1169.858398 2168.576904 959.876221
39.000000 1103.113403 1555.570190 1300.287109 1545.783203 1790.002930 1703.566162 2136.698486 1699.205688
215.000000 1074.832275 846.620300 1069.859375 1043.329834 1834.258911 1013.306641 1838.869995 1173.365845
94.000000 1639.226807 342.930786 1832.436401 321.798981 2611.891113 268.707458 2829.170898 176.823441
113.000000 1331.405640 1270.014404 1329.424561 1463.361572 2186.455322 1393.345459 2198.710449 1606.740723
144.000000 1082.993164 469.990723 1077.716064 663.270996 1794.494629 603.304749 1799.086670 790.022461
123.000000 1347.675537 733.335876 1348.158813 539.995422 2162.985840 800.022095 2150.054932 596.663147
177.000000 476.629761 1483.553467 283.323608 1485.845703 1173.320923 1621.493408 999.995483 1622.668091
235.000000 216.730728 976.670532 228.261887 786.561218 926.523865 1196.748169 930.445740 1043.259521
250.000000 597.745850 770.057190 587.680664 960.053711 1262.635498 979.991333 1260.777832 1130.009644
212.000000 1671.136963 966.652588 1673.490723 1156.706055 2713.115967 1000.020630 2728.303467 1160.160889
135.000000 768.387451 302.705261 946.714050 363.192322 1426.547485 526.827881 1616.780884 533.316833
76.000000 1646.524048 362.133545 1823.074219 341.153198 2698.637939 234.694031 2942.231445 206.981293
181.000000 603.224487 236.942200 768.387451 302.705261 1246.531250 511.615356 1416.177246 525.837402
216.000000 595.991577 956.808411 605.411499 780.110779 1267.665039 1130.021606 1271.123413 969.952271
208.000000 296.641449 1498.405518 473.369354 1495.611328 1010.000488 1633.449097 1173.345337 1632.733887
234.000000 326.056427 961.253906 501.168610 984.548767 1023.251099 1177.046265 1176.804443 1180.447144
248.000000 530.140869 526.150391 360.069397 479.745667 1183.465820 776.876587 1033.311768 770.507141
225.000000 500.576294 972.546692 326.910797 948.254761 1176.755615 1168.793823 1019.953186 1165.721313
238.000000 473.264526 1443.329346 483.316589 1269.999023 1169.080322 1586.642334 1173.138916 1433.328247
83.000000 854.229736 429.891998 846.544373 603.327942 1518.053345 543.307129 1514.819336 783.308411
152.000000 1340.290161 553.335938 1338.736450 726.685242 2144.546387 616.594727 2155.225830 796.752075
116.000000 936.527283 787.156982 770.046997 739.834534 1619.793701 942.190796 1410.395508 922.467346
242.000000 358.770355 490.944611 525.107727 538.756775 1033.080444 780.907471 1183.737305 789.893616
253.000000 483.207092 1181.713135 316.463287 1169.426880 1169.960693 1353.873779 1019.976135 1352.349854
130.000000 1616.205688 803.343323 1612.593506 636.610474 2609.973389 800.002197 2593.848877 606.623657
283.000000 1611.656372 1293.328979 1612.093994 1460.003296 2649.507812 1463.373169 2660.851807 1603.534180
274.000000 531.344727 499.876495 541.488708 336.552094 1188.358887 753.363464 1190.912354 609.956909
104.000000 1624.222290 1090.003540 1623.989136 926.660950 2646.043701 1183.392090 2624.649902 956.542542
292.000000 424.617371 790.084167 414.118866 950.269958 1108.729614 1020.048401 1105.444580 1160.049561
249.000000 699.988525 1093.516235 859.985168 1103.569458 1273.311279 1262.211426 1423.318970 1259.270264
291.000000 482.228485 803.261353 471.803619 963.233643 1161.441772 1023.293762 1158.512207 1163.371948
299.000000 399.200958 946.390503 409.889465 786.436523 1092.394287 1159.887207 1096.086914 1019.984680
232.000000 1606.608521 950.000854 1608.934814 1110.015503 2637.812012 1029.890137 2652.531494 1183.410156
278.000000 320.057312 1175.953247 476.783417 1188.547119 1020.005920 1359.258545 1163.330078 1360.403809
228.000000 1108.316162 509.949005 1103.570312 666.673828 1821.591553 636.621399 1826.051147 793.350830
151.000000 1606.415039 646.667664 1607.023193 799.998596 2573.348877 636.665222 2589.915771 816.674438
118.000000 1246.821045 1208.133911 1096.744751 1195.723145 2053.336182 1329.679199 1846.656128 1327.884399
121.000000 1093.401978 1308.328613 1243.422607 1314.492798 1850.002075 1444.583618 2056.668457 1444.790649
120.000000 1093.302490 1381.721436 1243.373779 1384.412354 1853.329834 1520.979248 2060.000977 1520.669312
251.000000 908.508667 826.724243 903.923523 973.351807 1597.523682 986.659607 1598.764160 1136.676880
119.000000 1093.331055 1456.478271 1240.016724 1454.741821 1856.657837 1598.579590 2063.337158 1597.295898
137.000000 1296.819580 469.575775 1159.919800 420.222504 2056.554443 538.752258 1866.566162 528.535339
79.000000 1246.624634 1197.097900 1103.031250 1183.098755 2053.325195 1321.838867 1809.738159 1308.911743
285.000000 647.503784 540.041870 654.674316 396.733765 1301.147949 770.041748 1306.242310 629.863464
129.000000 1099.881348 1235.082031 1240.140259 1244.599609 1853.341309 1368.280396 2050.003662 1369.193726
89.000000 1896.781860 1232.833008 1756.707886 1228.626343 3066.774658 1303.020630 2829.933838 1311.482056
227.000000 467.963165 192.545013 596.439758 240.597443 1279.909424 508.450745 1123.307739 500.504578
179.000000 1914.271729 689.975952 1917.604370 820.061401 3012.593018 596.343628 3033.806641 766.607727
203.000000 1308.648193 495.849701 1431.023193 537.043579 2109.829590 561.343079 2273.310303 567.298584
178.000000 1850.032349 301.194275 1723.872314 298.071289 2833.844238 145.446075 2669.869873 196.239471
105.000000 1893.357178 1242.485352 1766.696899 1238.925659 3066.675293 1317.094727 2839.966553 1321.674438
126.000000 1323.322876 1489.671265 1446.743408 1485.747681 2179.994141 1636.261108 2380.000244 1633.352539
142.000000 1028.689331 646.629395 1032.195068 523.300964 1738.593628 786.752930 1735.193970 599.966125
297.000000 1553.403442 1475.093384 1676.640747 1480.581299 2549.997070 1621.888428 2690.003174 1621.614380
260.000000 1103.161865 674.024048 987.033569 645.189026 1823.338257 796.402954 1676.660278 793.676758
122.000000 1555.490723 686.739990 1551.522461 803.498352 2464.604004 619.890869 2482.084473 823.440552
245.000000 1295.534058 1333.352539 1294.518921 1450.010376 2217.293213 1443.295288 2226.402344 1593.349365
158.000000 1850.133423 605.922302 1736.703369 602.211792 2732.810059 553.727722 2909.225830 522.318970
