Keypoint Matches and Line Matches for pairs 5, 12 
5 corresponds to the image ./resources/Data/CastleP30/images/0005.png 
12 corresponds to the image ./resources/Data/CastleP30/images/0012.png 

2.000000 1567.653564 582.957458 2173.456299 377.397125
19.000000 1286.800171 1643.164795 1663.267578 1758.828369
10.000000 1413.615723 1576.593628 1896.663452 1706.278320
48.000000 553.765503 1613.423584 1006.662903 1690.398682
16.000000 1267.008667 1636.597412 1666.630737 1746.848267
17.000000 463.939087 1664.255371 883.311829 1744.766602
22.000000 1243.810303 1620.205688 1639.960327 1730.330566
11.000000 497.130981 1646.512329 943.394897 1714.135742
24.000000 500.466644 1658.694702 913.311096 1737.805664
25.000000 1240.129272 1629.997681 1636.626587 1741.401367
26.000000 527.060852 1640.482300 946.643127 1721.281250
27.000000 1210.180298 1614.794678 1609.959106 1724.668091
401.000000 1553.757324 1336.660767 2273.340332 1376.916626
15.000000 1544.374878 656.652283 2215.303711 449.515717
8.000000 1532.372803 653.297607 2199.952393 453.526306
419.000000 1541.654785 1270.025269 2240.029785 1294.122192
56.000000 305.868347 473.281433 883.995667 773.365417
57.000000 265.979187 1086.838623 860.587219 1256.695068
37.000000 1180.244263 1600.101807 1583.315186 1707.604614
54.000000 414.654694 1096.743652 957.684143 1253.238403
55.000000 449.049866 506.611298 977.901123 760.050598
104.000000 381.818298 1079.908691 935.046387 1243.262573
1457.000000 1156.933594 1576.572510 1590.000000 1689.000000
52.000000 1126.847046 1560.783325 1536.666382 1663.807861
53.000000 610.079773 1573.295654 1036.663330 1663.563232
78.000000 1029.532349 471.744415 1453.328613 529.971069
79.000000 532.815247 338.599396 1007.030029 602.243835
42.000000 1219.800659 656.682983 1721.513672 639.895813
43.000000 1217.164673 1163.353271 1728.859131 1216.596313
86.000000 696.938416 553.345093 1165.707642 729.973572
465.000000 1722.461060 713.042542 2403.111816 448.532471
31.000000 1737.866089 1196.628418 2663.454102 1150.272339
44.000000 1309.434204 1173.331421 1859.139404 1213.354248
45.000000 1311.084106 696.658875 1845.164673 639.955383
38.000000 1475.584106 706.616638 2104.666992 583.127502
39.000000 1479.796631 1176.668457 2131.285400 1186.609985
91.000000 546.654297 1596.398804 993.348694 1678.742920
32.000000 1562.018066 726.582458 2262.171143 563.398682
33.000000 1569.256592 1186.625854 2296.830322 1179.990845
34.000000 1607.576538 1186.699585 2375.688477 1173.394897
778.000000 1601.372925 729.981323 2333.000000 544.000000
109.000000 1100.082153 1174.329468 1386.889526 1247.288940
40.000000 1521.728882 1180.021729 2207.028320 1183.482788
41.000000 1515.682007 733.346680 2176.996094 586.482422
99.000000 1954.761841 1196.610229 2960.206055 1099.977417
122.000000 440.300751 325.537292 990.078064 613.830383
123.000000 856.727905 436.436737 1276.995972 568.763184
317.000000 413.946136 669.846008 956.618958 899.998047
484.000000 390.537903 1083.363770 942.521118 1246.638550
49.000000 1123.341187 1570.217163 1559.995728 1690.954590
102.000000 1126.918701 1159.980347 1403.038940 1232.375000
162.000000 654.028870 1520.158936 1112.716919 1609.982300
149.000000 1034.826294 633.342041 1497.657349 686.665161
146.000000 696.120544 1209.903687 1133.815308 1330.051270
147.000000 688.589355 1513.381104 1130.095093 1606.757568
207.000000 182.342606 1513.258789 810.907715 1596.687500
321.000000 166.654221 1542.897583 803.330261 1620.760010
322.000000 459.938751 1534.521973 990.007324 1621.514648
93.000000 1233.338989 806.666687 1744.236694 800.036560
287.000000 44.331467 720.291626 733.026611 1016.651672
306.000000 24.804806 1010.323486 733.594482 1223.349976
315.000000 81.879532 293.466492 753.979309 706.522461
336.000000 62.024696 573.712952 753.937500 896.706665
193.000000 466.817474 1230.134033 995.820435 1363.415039
194.000000 456.179596 1506.776123 988.158813 1596.715698
325.000000 322.782166 325.305786 896.292969 653.885925
326.000000 587.778748 399.353577 1080.774292 629.095825
217.000000 488.792694 786.928284 1008.898376 986.739929
218.000000 475.861298 1056.787842 1001.677185 1206.721680
177.000000 1056.599365 1256.665527 1498.813354 1339.998535
281.000000 509.616882 396.790192 1020.891785 660.026123
282.000000 499.149048 646.770630 1015.036011 860.049866
124.000000 1166.706055 1574.206421 1606.611938 1689.892944
125.000000 1416.648071 1562.921143 1896.698120 1694.816650
95.000000 1281.307251 1003.341492 1814.206665 1013.316895
435.000000 460.072479 1208.659424 990.000549 1343.346924
436.000000 213.226212 1195.314697 829.994324 1349.860962
241.000000 196.386398 1019.985962 829.177185 1216.613037
457.000000 206.694916 1325.490479 826.622681 1451.384644
458.000000 453.379425 1331.413452 983.359985 1447.848877
463.000000 196.631485 1498.032715 820.000000 1586.685059
464.000000 443.338470 1493.620605 976.666565 1586.556519
441.000000 199.987915 1454.665161 819.994507 1552.645630
442.000000 446.665710 1453.175171 980.010925 1551.369263
459.000000 203.326080 1411.609619 823.321533 1518.894897
460.000000 450.002747 1412.720947 980.005920 1517.220581
274.000000 806.492920 463.331085 1260.065063 610.000366
479.000000 453.454193 1194.230103 983.412537 1331.612183
480.000000 216.708618 1182.487549 829.958313 1339.151245
497.000000 219.976349 1240.574097 833.252869 1384.316284
498.000000 453.325714 1250.185303 983.305237 1379.179688
519.000000 216.672897 1283.140137 833.274292 1418.076416
520.000000 450.085785 1290.676147 980.007324 1413.571289
173.000000 1339.871582 1130.000854 1901.058350 1153.321167
1557.000000 621.681519 833.166382 1109.000000 993.000000
187.000000 1072.173706 536.699707 1533.504761 569.977844
188.000000 1068.778809 760.032104 1535.694092 805.658569
221.000000 1056.837280 1190.627686 1340.126709 1275.897217
222.000000 836.661621 1176.746216 1123.330811 1286.615601
164.000000 1174.882080 1493.305786 1682.306519 1600.002197
165.000000 1178.222534 1276.639282 1681.755249 1343.336670
235.000000 881.062927 1054.395142 1296.829468 1155.281250
227.000000 839.266907 1539.981323 1321.201782 1639.958740
228.000000 844.710938 1326.616821 1325.397461 1423.308716
1550.000000 1640.610229 953.220215 2427.000000 827.000000
343.000000 1642.884644 1166.600342 2439.250732 1129.435303
179.000000 1179.072266 1109.986938 1677.686157 1163.333496
180.000000 1182.025513 899.981628 1677.668457 920.000183
154.000000 1438.387817 1486.667847 2076.637695 1600.000977
155.000000 1438.233521 1280.001343 2067.282471 1329.978638
248.000000 941.924072 509.947662 1392.672974 603.322021
191.000000 1338.531860 603.317322 1880.043823 519.997742
470.000000 1340.276489 806.664307 1893.161377 758.619080
1522.000000 1164.959839 1289.994385 1665.000000 1361.000000
542.000000 479.183258 876.617676 1000.412292 1063.346924
518.000000 1346.359131 1283.238403 1913.437256 1339.143433
224.000000 1349.248169 1476.727661 1931.417358 1573.375244
1046.000000 1168.202637 913.337646 1659.000000 938.000000
1205.000000 1154.745117 1493.410034 1664.000000 1586.000000
299.000000 812.422607 483.318756 1267.432983 620.012756
273.000000 809.382080 673.323425 1258.948975 813.345886
168.000000 1436.288330 1126.663696 2058.912598 1136.701294
169.000000 1437.789795 936.649231 2050.842041 883.412720
263.000000 249.615692 605.378662 847.908630 889.885681
591.000000 1171.218628 770.002014 1669.914673 786.054077
206.000000 1184.734985 569.955322 1672.157227 553.338745
579.000000 1425.957642 1130.004272 2040.210449 1130.131958
183.000000 1070.278076 889.902893 1540.232910 943.282227
242.000000 229.346344 757.990845 843.087219 1003.100159
1292.000000 52.880714 733.225098 733.000000 1021.000000
404.000000 1426.972290 816.662659 2047.716309 733.298279
593.000000 1424.662354 640.026184 2026.474243 505.501038
208.000000 193.318130 1230.450928 816.031372 1373.165894
257.000000 492.833649 643.309204 1010.010010 860.000183
100.000000 1233.143311 534.071533 1703.652832 498.620575
817.000000 20.114332 1230.592896 724.000000 1392.000000
1127.000000 1162.056274 766.695068 1654.000000 778.000000
389.000000 867.360596 470.356506 1319.808228 592.282043
390.000000 1030.382446 508.359344 1486.991333 561.779419
1197.000000 1162.085327 943.317078 1660.000000 984.000000
920.000000 1159.914062 1110.085693 1660.000000 1155.000000
225.000000 1436.666626 793.333313 2041.072266 710.059326
226.000000 1436.666626 626.666687 2035.387695 493.366882
386.000000 1543.567017 1443.316406 2256.673340 1544.662964
393.000000 883.213989 443.806580 1310.109375 563.975952
394.000000 1043.131348 484.134338 1476.494141 535.653076
215.000000 10.408878 1210.166382 714.939392 1376.752197
1501.000000 1714.617554 979.979065 2591.000000 832.000000
189.000000 1704.020874 866.643127 2583.631104 666.893555
466.000000 1698.660645 709.931824 2556.474121 425.390106
589.000000 712.916199 424.750031 1176.546875 609.031372
590.000000 861.787842 468.582489 1310.713501 592.434570
167.000000 866.599487 460.264801 1316.626831 583.091431
320.000000 499.727600 651.401672 1026.597900 863.330688
253.000000 1333.380249 1255.785156 1900.043945 1307.748535
254.000000 1186.596802 1247.979858 1689.984497 1316.283813
494.000000 1702.468750 1153.354858 2597.711670 1099.924194
537.000000 944.285706 580.024414 1397.301758 673.351868
538.000000 940.522522 726.680054 1393.121216 816.660461
305.000000 66.343437 748.811829 745.728882 1033.273438
1545.000000 176.607971 1244.799316 808.000000 1389.000000
297.000000 1396.660767 1609.786865 1873.336060 1749.924561
298.000000 1253.344482 1613.739746 1680.017334 1742.859863
574.000000 1696.785034 863.329651 2562.621826 670.056641
506.000000 1330.019897 1384.257568 1903.339233 1466.969604
327.000000 1141.932983 538.651062 1617.254028 543.839111
328.000000 1280.408081 575.116882 1800.380859 515.822571
588.000000 1369.475830 578.711853 1913.022583 471.399841
296.000000 1233.216187 543.790405 1710.297607 508.504364
269.000000 1333.403198 1245.613037 1899.937378 1294.947998
270.000000 1193.135498 1236.318115 1696.509644 1302.355347
512.000000 181.854843 291.594604 816.384521 671.338806
129.000000 1846.663574 1264.563965 2782.894043 1237.530029
1343.000000 763.324158 549.563049 1223.000000 703.000000
335.000000 106.057671 322.456848 766.056580 713.513489
1400.000000 436.893341 1127.549316 971.000000 1280.000000
1447.000000 520.337952 1490.015991 1076.000000 1586.000000
445.000000 1001.582214 926.622864 1462.129150 999.995239
446.000000 998.162964 1063.287354 1461.496094 1159.992676
437.000000 1186.666626 633.333313 1676.125000 623.343140
438.000000 1186.666626 770.000000 1679.024048 783.351013
319.000000 520.019897 416.587128 1033.781860 676.555725
1001.000000 200.726990 778.595154 812.000000 1032.000000
1161.000000 1860.021118 1304.062134 2816.000000 1293.000000
141.000000 1856.673828 1272.784790 2792.847656 1249.784790
214.000000 337.228027 550.038574 908.785950 826.612915
569.000000 1105.539917 1483.272949 1610.980347 1590.004883
570.000000 1107.164185 1363.294922 1610.690796 1450.005493
279.000000 505.888733 815.043823 1026.732666 1006.923340
407.000000 1110.832153 1099.960571 1561.122192 1173.330200
1401.000000 1124.574585 760.010254 1633.000000 782.000000
289.000000 820.223999 489.118896 1281.262573 636.595276
1027.000000 933.045776 517.797974 1386.000000 607.000000
540.000000 1032.684814 949.867798 1497.760010 1020.015259
105.000000 414.454254 656.743896 950.317444 893.347168
1180.000000 1890.000000 1023.000000 2836.000000 832.000000
695.000000 842.000000 613.000000 1307.000000 735.000000
1508.000000 80.000000 622.000000 751.000000 935.000000
664.000000 1330.000000 477.000000 1978.000000 357.000000
1074.000000 1136.000000 1072.000000 1639.000000 1125.000000
710.000000 500.000000 280.000000 990.000000 562.000000
1172.000000 652.000000 445.000000 1127.000000 647.000000
1089.000000 487.000000 674.000000 1005.000000 889.000000
1005.000000 1399.000000 1423.000000 2026.000000 1514.000000
628.000000 818.000000 976.000000 1295.000000 1087.000000
822.000000 48.000000 596.000000 733.000000 921.000000
1527.000000 1857.000000 1198.000000 2813.000000 1129.000000
639.000000 523.000000 940.000000 1047.000000 1106.000000
1082.000000 1831.000000 788.000000 2735.000000 482.000000
693.000000 827.000000 337.000000 1374.000000 467.000000
673.000000 581.000000 947.000000 1091.000000 1103.000000
946.000000 1097.000000 695.000000 1581.000000 727.000000
857.000000 1139.000000 732.000000 1633.000000 751.000000
1336.000000 809.000000 332.000000 1356.000000 470.000000
835.000000 385.000000 133.000000 960.000000 480.000000
706.000000 885.000000 983.000000 1360.000000 1082.000000
1146.000000 1690.000000 1399.000000 2591.000000 1470.000000
908.000000 1826.000000 629.000000 2712.000000 240.000000
1105.000000 1094.000000 1038.000000 1585.000000 1096.000000
1395.000000 1889.000000 1007.000000 2835.000000 807.000000
955.000000 1361.000000 1395.000000 1964.000000 1479.000000
632.000000 579.000000 981.000000 1090.000000 1133.000000
1413.000000 47.000000 697.000000 733.000000 995.000000
1330.000000 1399.000000 781.000000 1997.000000 702.000000
783.000000 834.000000 211.000000 1351.000000 350.000000
644.000000 1362.000000 721.000000 1937.000000 646.000000
992.000000 1855.000000 782.000000 2797.000000 451.000000
1359.000000 1870.000000 1211.000000 2869.000000 1155.000000
702.000000 1134.000000 946.000000 1639.000000 986.000000
814.000000 1682.000000 1074.000000 2485.000000 988.000000
915.000000 1855.000000 767.000000 2756.000000 441.000000
831.000000 1361.000000 973.000000 1947.000000 953.000000
637.000000 1132.000000 1392.000000 1642.000000 1483.000000
1512.000000 1424.000000 1156.000000 2037.000000 1167.000000
737.000000 1361.000000 1423.000000 1965.000000 1515.000000
846.000000 818.000000 997.000000 1295.000000 1108.000000
1016.000000 1094.000000 1009.000000 1585.000000 1064.000000
650.000000 1891.000000 1056.000000 2839.000000 859.000000
634.000000 1361.000000 659.000000 1935.000000 572.000000
757.000000 831.000000 384.000000 1258.000000 528.000000
675.000000 541.000000 616.000000 1056.000000 826.000000
1072.000000 582.000000 870.000000 1096.000000 1034.000000
1425.000000 1863.000000 604.000000 2755.000000 176.000000
1409.000000 1838.000000 626.000000 2725.000000 229.000000
692.000000 840.000000 674.000000 1306.000000 793.000000
1028.000000 1399.000000 729.000000 1993.000000 638.000000
1014.000000 841.000000 643.000000 1306.000000 764.000000
652.000000 499.000000 1422.000000 1033.000000 1524.000000
1272.000000 1880.000000 744.000000 2792.000000 385.000000
1284.000000 1087.000000 1453.000000 1588.000000 1552.000000
1086.000000 1098.000000 600.000000 1581.000000 626.000000
1453.000000 211.000000 1076.000000 826.000000 1256.000000
264.000000 255.000000 346.000000 859.200439 683.289612
772.000000 1362.000000 747.000000 1938.000000 678.000000
696.000000 1888.000000 626.000000 2773.000000 207.000000
797.000000 1398.000000 1329.000000 2021.000000 1393.000000
1177.000000 1913.000000 1326.000000 2900.000000 1336.000000
1113.000000 1137.000000 1043.000000 1638.000000 1093.000000
661.000000 1361.000000 1092.000000 1952.000000 1100.000000
1017.000000 461.000000 1178.000000 990.000000 1316.000000
1132.000000 1137.000000 1013.000000 1638.000000 1060.000000
689.000000 1893.000000 755.000000 2805.000000 399.000000
1407.000000 1140.000000 610.000000 1652.000000 616.000000
1230.000000 191.000000 1075.000000 814.000000 1257.000000
793.000000 1399.000000 1478.000000 2029.000000 1587.000000
1558.000000 642.000000 720.000000 1122.000000 891.000000
935.000000 62.000000 619.000000 741.000000 935.000000
1193.000000 1362.000000 774.000000 1940.000000 710.000000
1494.000000 1620.000000 544.000000 2468.000000 248.000000
754.000000 892.000000 555.000000 1356.000000 662.000000
1467.000000 1188.000000 1583.000000 1614.000000 1703.000000
1504.000000 1830.000000 758.000000 2731.000000 437.000000
820.000000 1093.000000 1067.000000 1585.000000 1129.000000
1114.000000 1399.000000 1451.000000 2027.000000 1550.000000
906.000000 1824.000000 599.000000 2709.000000 198.000000
1429.000000 223.000000 759.000000 833.000000 1011.000000
761.000000 1852.000000 1395.000000 2807.000000 1472.000000
796.000000 855.000000 899.000000 1329.000000 1006.000000
1390.000000 869.000000 1039.000000 1344.000000 1140.000000
1403.000000 1874.000000 1339.000000 2846.000000 1363.000000
731.000000 164.000000 812.000000 810.000000 1060.000000
701.000000 598.000000 627.000000 1099.000000 820.000000
1152.000000 1072.000000 792.000000 1540.000000 840.000000
1438.000000 664.000000 324.000000 1116.000000 540.000000
1554.000000 634.000000 801.000000 1075.000000 969.000000
767.000000 835.000000 263.000000 1366.000000 396.000000
621.000000 196.000000 394.000000 828.000000 739.000000
1579.000000 892.000000 527.000000 1357.000000 634.000000
940.000000 1838.000000 640.000000 2714.000000 262.000000
674.000000 505.000000 1302.000000 1037.000000 1420.000000
786.000000 1340.000000 413.000000 1973.000000 277.000000
1011.000000 85.000000 928.000000 765.000000 1158.000000
736.000000 524.000000 862.000000 1052.000000 1039.000000
1470.000000 885.000000 1005.000000 1360.000000 1103.000000
1376.000000 1079.000000 939.000000 1566.000000 993.000000
1258.000000 1131.000000 1453.000000 1643.000000 1553.000000
867.000000 924.000000 409.000000 1295.000000 522.000000
1262.000000 1399.000000 1395.000000 2024.000000 1477.000000
869.000000 1885.000000 876.000000 2813.000000 595.000000
1546.000000 1467.000000 557.000000 2101.000000 385.000000
617.000000 133.000000 1291.000000 793.000000 1427.000000
646.000000 844.000000 544.000000 1309.000000 668.000000
875.000000 974.000000 423.000000 1398.000000 505.000000
1183.000000 1724.000000 1359.000000 2822.000000 1469.000000
1159.000000 1827.000000 657.000000 2696.000000 294.000000
1424.000000 590.000000 766.000000 1082.000000 945.000000
1148.000000 544.000000 551.000000 1058.000000 769.000000
1332.000000 1853.000000 1068.000000 2794.000000 919.000000
743.000000 501.000000 1386.000000 1034.000000 1493.000000
1297.000000 1637.000000 586.000000 2426.000000 307.000000
1036.000000 1361.000000 1452.000000 1966.000000 1552.000000
653.000000 122.000000 460.000000 786.000000 806.000000
1563.000000 1857.000000 1215.000000 2817.000000 1156.000000
1083.000000 64.000000 599.000000 743.000000 921.000000
1175.000000 1675.000000 732.000000 2514.000000 487.000000
989.000000 889.000000 683.000000 1354.000000 787.000000
1382.000000 1097.000000 723.000000 1581.000000 757.000000
1572.000000 1416.000000 1243.000000 2034.000000 1272.000000
792.000000 1909.000000 1182.000000 2876.000000 1093.000000
1226.000000 635.000000 821.000000 1117.000000 983.000000
1465.000000 1697.000000 1124.000000 2591.000000 1072.000000
844.000000 832.000000 1035.000000 1309.000000 1141.000000
1150.000000 890.000000 624.000000 1355.000000 728.000000
1456.000000 471.000000 1097.000000 997.000000 1247.000000
930.000000 548.000000 476.000000 1060.000000 705.000000
1228.000000 850.000000 771.000000 1297.000000 885.000000
683.000000 1893.000000 741.000000 2803.000000 376.000000
1259.000000 844.000000 516.000000 1310.000000 642.000000
1310.000000 948.000000 498.000000 1399.000000 586.000000
987.000000 1682.000000 1099.000000 2556.000000 1019.000000
1099.000000 1902.000000 1019.000000 2848.000000 824.000000
784.000000 870.000000 699.000000 1353.000000 816.000000
1000.000000 50.000000 1422.000000 746.000000 1528.000000
1372.000000 1576.000000 730.000000 2312.000000 547.000000
1166.000000 1645.000000 725.000000 2449.000000 496.000000
913.000000 546.000000 1129.000000 1035.000000 1273.000000
782.000000 1898.000000 888.000000 2827.000000 611.000000
1428.000000 1178.000000 812.000000 1655.000000 829.000000
726.000000 498.000000 695.000000 1013.000000 904.000000
746.000000 834.000000 919.000000 1309.000000 1029.000000
791.000000 1000.000000 932.000000 1462.000000 1006.000000
1009.000000 1434.000000 855.000000 2042.000000 782.000000
728.000000 1139.000000 675.000000 1632.000000 690.000000
395.000000 1657.000000 1258.000000 2436.918213 1272.504028
1418.000000 1133.000000 1321.000000 1641.000000 1403.000000
1422.000000 1122.000000 1469.000000 1631.000000 1571.000000
1496.000000 1850.000000 623.000000 2734.000000 220.000000
656.000000 1139.000000 703.000000 1632.000000 720.000000
1123.000000 557.000000 673.000000 1055.000000 872.000000
1057.000000 542.000000 583.000000 1057.000000 797.000000
606.000000 158.000000 898.000000 805.000000 1155.000000
1503.000000 1843.000000 770.000000 2680.000000 466.000000
732.000000 1677.000000 836.000000 2459.000000 643.000000
608.000000 82.000000 966.000000 763.000000 1186.000000
749.000000 827.000000 315.000000 1374.000000 446.000000
755.000000 199.000000 360.000000 829.000000 713.000000
1486.000000 1155.000000 1073.000000 1660.000000 1124.000000
1540.000000 765.000000 718.000000 1223.000000 848.000000
924.000000 1398.000000 668.000000 1991.000000 563.000000
552.000000 1678.000000 858.000000 2503.035156 676.688232
1274.000000 1521.000000 573.000000 2146.000000 377.000000
708.000000 1680.000000 1016.000000 2479.000000 904.000000
243.000000 480.000000 1255.000000 1008.682373 1383.416382
324.000000 1098.000000 574.000000 1556.572266 610.000305
246.000000 1351.000000 797.000000 1906.865479 749.995056
1050.000000 1668.000000 1122.000000 2490.000000 1061.000000
973.000000 599.000000 594.000000 1100.000000 792.000000
1025.000000 655.000000 1541.000000 1057.000000 1635.000000
722.000000 521.000000 975.000000 1046.000000 1136.000000
1010.000000 1178.000000 1155.000000 1679.000000 1211.000000
1185.000000 153.000000 973.000000 804.000000 1183.000000
819.000000 497.000000 1458.000000 1032.000000 1556.000000
891.000000 1066.000000 853.000000 1535.000000 906.000000
1229.000000 1319.000000 453.000000 1955.000000 336.000000
1511.000000 1416.000000 1422.000000 2052.000000 1513.000000
1308.000000 746.000000 746.000000 1218.000000 888.000000
1251.000000 1709.000000 944.000000 2592.000000 772.000000
723.000000 549.000000 446.000000 1061.000000 679.000000
1196.000000 494.000000 800.000000 1011.000000 993.000000
919.000000 983.000000 928.000000 1442.000000 1007.000000
1469.000000 498.000000 1180.000000 969.000000 1325.000000
1085.000000 1093.000000 1086.000000 1294.000000 1167.000000
631.000000 1131.000000 1422.000000 1642.000000 1518.000000
1206.000000 833.000000 1013.000000 1309.000000 1121.000000
1238.000000 1157.000000 1149.000000 1586.000000 1219.000000
1473.000000 1607.000000 559.000000 2446.000000 278.000000
604.000000 127.000000 1383.000000 748.000000 1498.000000
1276.000000 871.000000 974.000000 1344.000000 1076.000000
1227.000000 1397.000000 1004.000000 2007.000000 982.000000
1231.000000 966.000000 888.000000 1443.000000 969.000000
1103.000000 1132.000000 1482.000000 1643.000000 1586.000000
870.000000 20.000000 1061.000000 718.000000 1263.000000
1463.000000 1875.000000 600.000000 2768.000000 163.000000
581.000000 1726.000000 1222.000000 2933.293945 1145.999512
898.000000 1893.000000 770.000000 2797.000000 431.000000
1249.000000 185.000000 545.000000 822.000000 855.000000
1459.000000 70.000000 84.000000 839.000000 546.000000
1240.000000 813.000000 885.000000 1274.000000 1001.000000
276.000000 1082.000000 748.000000 1549.607666 796.678406
585.000000 964.000000 925.000000 1416.666626 1016.666687
1133.000000 717.000000 894.000000 1187.000000 1031.000000
1416.000000 1108.000000 840.000000 1598.000000 879.000000
880.000000 1386.000000 1544.000000 1602.000000 1665.000000
816.000000 237.000000 649.000000 842.000000 923.000000
1499.000000 1885.000000 1584.000000 2907.000000 1779.000000
932.000000 740.000000 856.000000 1225.000000 989.000000
709.000000 1875.000000 925.000000 2786.000000 689.000000
1570.000000 1896.000000 1565.000000 2922.000000 1749.000000
1281.000000 135.000000 597.000000 782.000000 906.000000
1562.000000 1849.000000 608.000000 2731.000000 198.000000
773.000000 60.000000 1289.000000 752.000000 1429.000000
1168.000000 94.000000 802.000000 770.000000 1064.000000
1106.000000 501.000000 289.000000 1034.000000 566.000000
1417.000000 1416.000000 1394.000000 2050.000000 1477.000000
561.000000 1711.000000 1307.000000 2616.732178 1328.689941
1042.000000 48.000000 1047.000000 782.000000 1248.000000
818.000000 875.000000 925.000000 1348.000000 1026.000000
1104.000000 1088.000000 1422.000000 1588.000000 1518.000000
1327.000000 1120.000000 1182.000000 1610.000000 1240.000000
684.000000 1865.000000 647.000000 2743.000000 250.000000
799.000000 187.000000 510.000000 824.000000 828.000000
855.000000 1415.000000 1329.000000 2047.000000 1392.000000
1167.000000 1413.000000 671.000000 2014.000000 560.000000
1208.000000 88.000000 890.000000 766.000000 1129.000000
945.000000 1850.000000 1346.000000 2876.000000 1378.000000
1487.000000 1869.000000 762.000000 2778.000000 421.000000
937.000000 190.000000 474.000000 825.000000 801.000000
1361.000000 560.000000 1387.000000 1079.000000 1492.000000
1120.000000 1850.000000 651.000000 2709.000000 283.000000
704.000000 890.000000 654.000000 1354.000000 758.000000
1523.000000 1690.000000 790.000000 2548.000000 562.000000
667.000000 1091.000000 940.000000 1587.000000 991.000000
267.000000 1810.000000 676.000000 2682.729980 321.278595
949.000000 1097.000000 666.000000 1581.000000 696.000000
1537.000000 1898.000000 919.000000 2818.000000 666.000000
1466.000000 870.000000 1018.000000 1344.000000 1119.000000
1426.000000 842.000000 951.000000 1312.000000 1060.000000
687.000000 1361.000000 1065.000000 1951.000000 1066.000000
1257.000000 698.000000 924.000000 1171.000000 1063.000000
619.000000 604.000000 489.000000 1103.000000 698.000000
1244.000000 911.000000 1129.000000 1313.000000 1227.000000
1220.000000 100.000000 372.000000 769.000000 808.000000
260.000000 1336.000000 1413.000000 1903.338867 1507.288696
1015.000000 1703.000000 1260.000000 2595.000000 1247.000000
1588.000000 558.000000 296.000000 1081.000000 547.000000
1341.000000 527.000000 1096.000000 1038.000000 1241.000000
927.000000 495.000000 1493.000000 1031.000000 1586.000000
1307.000000 1001.000000 895.000000 1462.000000 969.000000
1352.000000 1155.000000 1044.000000 1660.000000 1090.000000
1568.000000 596.000000 659.000000 1099.000000 848.000000
779.000000 1406.000000 1556.000000 2008.000000 1690.000000
1214.000000 492.000000 1632.000000 937.000000 1704.000000
1391.000000 1091.000000 1189.000000 1522.000000 1274.000000
1440.000000 911.000000 560.000000 1375.000000 659.000000
1081.000000 502.000000 859.000000 1035.000000 1040.000000
999.000000 1352.000000 840.000000 1911.000000 797.000000
1225.000000 141.000000 620.000000 785.000000 921.000000
1300.000000 124.000000 1422.000000 787.000000 1527.000000
680.000000 1362.000000 1037.000000 1950.000000 1032.000000
1502.000000 846.000000 359.000000 1374.000000 484.000000
1053.000000 1339.000000 1165.000000 1903.000000 1196.000000
1058.000000 1646.000000 781.000000 2454.000000 575.000000
1479.000000 1559.000000 662.000000 2251.000000 470.000000
1170.000000 732.000000 1106.000000 1164.000000 1213.000000
900.000000 507.000000 1267.000000 1038.000000 1390.000000
1410.000000 1883.000000 1566.000000 2901.000000 1748.000000
373.000000 516.000000 644.000000 1035.001221 860.054626
909.000000 706.000000 1541.000000 1101.000000 1636.000000
410.000000 1837.000000 1500.000000 2799.991943 1631.764893
1468.000000 1859.000000 901.000000 2776.000000 651.000000
1044.000000 1416.000000 1451.000000 2053.000000 1550.000000
266.000000 1335.000000 1349.000000 1900.029541 1427.888306
397.000000 85.000000 563.000000 762.806519 893.303467
685.000000 1897.000000 873.000000 2824.000000 587.000000
431.000000 1689.000000 1373.000000 2561.484863 1433.226440
640.000000 122.000000 1462.000000 786.000000 1558.000000
1187.000000 1415.000000 757.000000 2019.000000 667.000000
1306.000000 1851.000000 1414.000000 2808.000000 1490.000000
361.000000 1461.000000 1477.000000 2086.658203 1587.852905
1339.000000 53.000000 963.000000 745.000000 1187.000000
776.000000 1888.000000 580.000000 2776.000000 135.000000
1478.000000 218.000000 646.000000 831.000000 925.000000
956.000000 47.000000 1462.000000 744.000000 1558.000000
1351.000000 1391.000000 840.000000 1973.000000 779.000000
830.000000 1121.000000 1218.000000 769.000000 1327.000000
921.000000 830.000000 731.000000 1276.000000 854.000000
1357.000000 1235.000000 657.000000 1741.000000 630.000000
1213.000000 1329.000000 496.000000 1979.000000 380.000000
1373.000000 1880.000000 729.000000 2790.000000 363.000000
703.000000 519.000000 1009.000000 1045.000000 1166.000000
1552.000000 817.000000 1020.000000 1295.000000 1129.000000
400.000000 1542.000000 1414.000000 2250.042969 1503.027100
1094.000000 1344.000000 481.000000 2000.000000 354.000000
507.000000 1177.000000 1500.000000 1686.668335 1605.236450
209.000000 1361.000000 946.000000 1914.470703 916.643555
1380.000000 1151.000000 1392.000000 1664.000000 1483.000000
1233.000000 125.000000 134.000000 856.000000 555.000000
988.000000 1853.000000 1084.000000 2760.000000 967.000000
933.000000 884.000000 1027.000000 1359.000000 1125.000000
977.000000 1306.000000 603.000000 1805.000000 540.000000
1547.000000 1108.000000 1246.000000 1593.000000 1322.000000
1366.000000 440.000000 147.000000 978.000000 474.000000
884.000000 163.000000 55.000000 866.000000 488.000000
931.000000 1825.000000 615.000000 2710.000000 218.000000
1296.000000 605.000000 873.000000 1109.000000 1034.000000
890.000000 700.000000 904.000000 1173.000000 1044.000000
758.000000 1620.000000 562.000000 2470.000000 274.000000

1.000000 1567.653564 582.957458 2.488669 166.507874 2173.456299 377.397125 616.053284 639.691162
0.000000 1600.185669 479.160461 138.269699 -1.541801 2658.537109 122.283691 583.492188 515.672546
3.000000 1213.594727 1608.576904 3.207529 1629.328979 1596.409546 1700.238892 583.310547 1684.829590
9.000000 400.305603 1680.574829 1286.800171 1643.164795 879.977722 1752.994263 1663.267578 1758.828369
5.000000 1413.615723 1576.593628 553.765503 1613.423584 1896.663452 1706.278320 943.394897 1714.135742
8.000000 1267.008667 1636.597412 463.939087 1664.255371 1666.630737 1746.848267 883.311829 1744.766602
11.000000 1243.810303 1620.205688 497.130981 1646.512329 1639.960327 1730.330566 909.958252 1727.525635
12.000000 500.466644 1658.694702 1240.129272 1629.997681 913.311096 1737.805664 1636.626587 1741.401367
13.000000 527.060852 1640.482300 1210.180298 1614.794678 946.643127 1721.281250 1609.959106 1724.668091
7.000000 1553.757324 1336.660767 1544.374878 656.652283 2261.852539 1279.709229 2215.303711 449.515717
32.000000 450.345154 308.712341 1066.519043 473.884033 997.600342 592.380005 1452.468872 518.043884
4.000000 1532.372803 653.297607 1541.654785 1270.025269 2199.952393 453.526306 2257.406738 1460.147949
28.000000 305.868347 473.281433 265.979187 1086.838623 883.995667 773.365417 860.587219 1256.695068
18.000000 566.867493 1622.232178 1180.244263 1600.101807 976.659912 1706.161255 1583.315186 1707.604614
27.000000 414.654694 1096.743652 449.049866 506.611298 957.684143 1253.238403 977.901123 760.050598
52.000000 381.818298 1079.908691 417.195587 493.164246 935.046387 1243.262573 950.317444 893.347168
23.000000 1156.933594 1576.572510 577.084961 1592.194092 1566.649292 1681.057373 996.644653 1679.775024
6.000000 1987.277710 1220.107788 1966.559448 696.670898 3065.774658 1117.148193 2970.821533 283.999481
26.000000 1126.847046 1560.783325 610.079773 1573.295654 1536.666382 1663.807861 1036.663330 1663.563232
39.000000 1029.532349 471.744415 532.815247 338.599396 1453.328613 529.971069 1007.030029 602.243835
21.000000 1219.800659 656.682983 1217.164673 1163.353271 1721.513672 639.895813 1728.859131 1216.596313
43.000000 696.938416 553.345093 675.107300 1056.598999 1165.707642 729.973572 1153.862671 1160.014526
15.000000 1722.461060 713.042542 1737.866089 1196.628418 2610.033691 519.997131 2663.454102 1150.272339
22.000000 1309.434204 1173.331421 1311.084106 696.658875 1859.139404 1213.354248 1845.164673 639.955383
19.000000 1475.584106 706.616638 1479.796631 1176.668457 2104.666992 583.127502 2131.285400 1186.609985
45.000000 86.557457 1617.633667 546.654297 1596.398804 583.328491 1673.731079 993.348694 1678.742920
16.000000 1562.018066 726.582458 1569.256592 1186.625854 2262.171143 563.398682 2296.830322 1179.990845
17.000000 1607.576538 1186.699585 1601.372925 729.981323 2375.688477 1173.394897 2337.309082 563.292908
20.000000 1521.728882 1180.021729 1515.682007 733.346680 2207.028320 1183.482788 2176.996094 586.482422
55.000000 443.474457 1659.852905 3.451780 1679.341064 903.494629 1726.311523 580.050964 1712.167603
49.000000 1937.512329 759.703430 1954.761841 1196.610229 2919.924072 732.975830 2960.206055 1099.977417
61.000000 440.300751 325.537292 856.727905 436.436737 990.078064 613.830383 1276.995972 568.763184
159.000000 413.946136 669.846008 390.537903 1083.363770 956.618958 899.998047 948.963806 1086.760864
48.000000 723.502136 1584.669556 1123.341187 1570.217163 1043.306885 1673.549927 1416.669189 1676.334717
51.000000 1126.918701 1159.980347 743.995605 1131.191406 1403.038940 1232.375000 1049.995117 1256.596436
54.000000 786.367004 1147.723389 1113.330566 1170.040161 1063.268799 1265.520508 1386.889526 1247.288940
58.000000 773.538025 1513.428223 781.937622 1200.051880 1352.449219 1616.751831 1357.110962 1300.006592
81.000000 654.028870 1520.158936 666.264343 1210.115723 1112.716919 1609.982300 1120.070068 1353.335327
74.000000 1036.280273 940.065063 1034.826294 633.342041 1498.079224 960.002991 1497.657349 686.665161
73.000000 696.120544 1209.903687 688.589355 1513.381104 1133.815308 1330.051270 1130.095093 1606.757568
104.000000 182.342606 1513.258789 204.438400 1219.581543 810.907715 1596.687500 816.031372 1373.165894
161.000000 166.654221 1542.897583 459.938751 1534.521973 803.330261 1620.760010 990.007324 1621.514648
46.000000 1232.237061 1099.995850 1233.338989 806.666687 1750.302490 1203.378906 1744.236694 800.036560
144.000000 44.331467 720.291626 24.804806 1010.323486 733.026611 1016.651672 723.424805 1213.337769
33.000000 1240.932861 800.004089 1239.679443 1086.679810 1750.919922 740.036194 1757.818604 1200.032715
158.000000 81.879532 293.466492 62.024696 573.712952 753.979309 706.522461 743.955017 893.366699
97.000000 466.817474 1230.134033 456.179596 1506.776123 995.820435 1363.415039 988.158813 1596.715698
163.000000 322.782166 325.305786 587.778748 399.353577 896.292969 653.885925 1080.774292 629.095825
109.000000 488.792694 786.928284 475.861298 1056.787842 1008.898376 986.739929 1001.677185 1206.721680
268.000000 632.346985 1063.268188 649.926514 796.881775 1121.133057 1163.368164 1125.535400 1019.965271
88.000000 1285.824341 576.795471 1542.695312 639.289124 2086.438721 458.690582 1843.506836 500.996063
89.000000 1056.599365 1256.665527 1052.322144 1509.982910 1498.813354 1339.998535 1498.979370 1583.333984
141.000000 509.616882 396.790192 499.149048 646.770630 1020.891785 660.026123 1015.036011 860.049866
62.000000 1166.706055 1574.206421 1416.648071 1562.921143 1606.611938 1689.892944 1896.698120 1694.816650
47.000000 1282.868530 753.330444 1281.307251 1003.341492 1806.936157 626.724304 1814.206665 1013.316895
218.000000 460.072479 1208.659424 213.226212 1195.314697 990.000549 1343.346924 829.994324 1349.860962
121.000000 196.386398 1019.985962 209.107193 771.739136 829.177185 1216.613037 843.087219 1003.100159
229.000000 206.694916 1325.490479 453.379425 1331.413452 826.622681 1451.384644 983.359985 1447.848877
232.000000 196.631485 1498.032715 443.338470 1493.620605 820.000000 1586.685059 976.666565 1586.556519
221.000000 199.987915 1454.665161 446.665710 1453.175171 819.994507 1552.645630 980.010925 1551.369263
230.000000 203.326080 1411.609619 450.002747 1412.720947 823.321533 1518.894897 980.005920 1517.220581
137.000000 803.403320 703.334229 806.492920 463.331085 1258.948975 813.345886 1260.065063 610.000366
240.000000 453.454193 1194.230103 216.708618 1182.487549 983.412537 1331.612183 829.958313 1339.151245
249.000000 219.976349 1240.574097 453.325714 1250.185303 833.252869 1384.316284 983.305237 1379.179688
260.000000 216.672897 1283.140137 450.085785 1290.676147 833.274292 1418.076416 980.007324 1413.571289
86.000000 1338.359497 899.988892 1339.871582 1130.000854 1898.185059 903.315857 1901.058350 1153.321167
278.000000 274.944489 1076.764893 288.769409 849.924988 891.814697 1200.080688 898.040161 1060.061035
94.000000 1072.173706 536.699707 1068.778809 760.032104 1533.504761 569.977844 1535.694092 805.658569
111.000000 1056.837280 1190.627686 836.661621 1176.746216 1340.126709 1275.897217 1123.330811 1286.615601
82.000000 1174.882080 1493.305786 1178.222534 1276.639282 1682.306519 1600.002197 1681.755249 1343.336670
118.000000 1093.766602 1079.690186 881.062927 1054.395142 1296.829468 1155.281250 1082.762451 1173.166626
114.000000 839.266907 1539.981323 844.710938 1326.616821 1321.201782 1639.958740 1325.397461 1423.308716
66.000000 1640.610229 953.220215 1642.884644 1166.600342 2425.312256 849.905823 2438.952148 1136.557861
90.000000 1179.072266 1109.986938 1182.025513 899.981628 1677.686157 1163.333496 1677.668457 920.000183
77.000000 1438.387817 1486.667847 1438.233521 1280.001343 2076.637695 1600.000977 2067.282471 1329.978638
124.000000 934.375427 713.248230 941.924072 509.947662 1389.025635 816.650024 1392.672974 603.322021
96.000000 1338.531860 603.317322 1340.276489 806.664307 1880.043823 519.997742 1891.988892 753.231445
271.000000 467.378967 1073.376099 479.183258 876.617676 995.693726 1206.634644 1000.412292 1063.346924
75.000000 1346.359131 1283.238403 1349.248169 1476.727661 1908.474854 1329.816528 1918.115234 1599.948242
231.000000 1168.668945 1106.669922 1168.202637 913.337646 1683.333374 1003.333313 1683.333374 1160.000000
150.000000 812.422607 483.318756 809.382080 673.323425 1267.432983 620.012756 1264.207764 813.347900
84.000000 1436.288330 1126.663696 1437.789795 936.649231 2058.912598 1136.701294 2050.842041 883.412720
103.000000 1180.493530 753.344727 1184.734985 569.955322 1673.198608 780.000610 1672.157227 553.338745
290.000000 1425.957642 1130.004272 1424.865723 946.677368 2040.210449 1130.131958 2034.434937 993.427612
132.000000 246.390915 599.978638 260.354675 419.769196 847.908630 889.885681 859.200439 683.289612
92.000000 1070.278076 889.902893 1064.556885 1069.932983 1540.232910 943.282227 1536.276489 1183.381836
207.000000 1764.345215 1019.972107 1769.216553 1196.688232 2721.874512 896.797974 2736.565430 1060.009155
202.000000 1426.972290 816.662659 1424.662354 640.026184 2042.154907 566.705994 2047.716309 733.298279
129.000000 492.833649 643.309204 501.190674 470.057434 1010.010010 860.000183 1013.650085 650.005493
50.000000 1233.143311 534.071533 1399.912720 577.005554 1703.652832 498.620575 2066.547363 439.270660
195.000000 867.360596 470.356506 1030.382446 508.359344 1319.808228 592.282043 1486.991333 561.779419
113.000000 1436.666626 793.333313 1436.666626 626.666687 2041.072266 710.059326 2035.387695 493.366882
197.000000 883.213989 443.806580 1043.131348 484.134338 1310.109375 563.975952 1476.494141 535.653076
108.000000 10.408878 1210.166382 3.152872 1373.325317 714.939392 1376.752197 703.220398 1596.660645
78.000000 1717.225098 1139.990845 1714.617554 979.979065 2620.812012 1096.600098 2598.924805 829.814758
99.000000 1035.890625 1413.476685 1044.698975 1256.369507 1466.996094 1546.671753 1470.602783 1313.394165
95.000000 1704.020874 866.643127 1698.660645 709.931824 2583.631104 666.893555 2566.177734 433.369873
295.000000 712.916199 424.750031 861.787842 468.582489 1176.546875 609.031372 1310.713501 592.434570
83.000000 1016.264404 498.251648 866.599487 460.264801 1569.689697 541.447998 1316.626831 583.091431
154.000000 76.500061 1496.897583 87.730064 1342.924683 722.910767 1599.976196 733.594971 1410.014771
175.000000 109.550339 1009.480469 120.737991 856.233826 742.308838 1223.278198 751.808044 1046.584717
127.000000 1333.380249 1255.785156 1186.596802 1247.979858 1900.043945 1307.748535 1689.984497 1316.283813
247.000000 1698.805786 1006.613281 1702.468750 1153.354858 2586.838623 949.987549 2597.711670 1099.924194
269.000000 944.285706 580.024414 940.522522 726.680054 1397.301758 673.351868 1393.121216 816.660461
149.000000 1396.660767 1609.786865 1253.344482 1613.739746 1873.336060 1749.924561 1680.017334 1742.859863
287.000000 1692.325439 720.031372 1696.785034 863.329651 2551.728760 533.195740 2562.621826 670.056641
253.000000 1186.668823 1383.073975 1330.019897 1384.257568 1753.331543 1469.908203 1903.339233 1466.969604
164.000000 1141.932983 538.651062 1280.408081 575.116882 1617.254028 543.839111 1800.380859 515.822571
148.000000 1369.475830 578.711853 1233.216187 543.790405 1903.424438 477.229431 1710.297607 508.504364
135.000000 1333.403198 1245.613037 1193.135498 1236.318115 1899.937378 1294.947998 1696.509644 1302.355347
64.000000 1986.668213 1264.359009 1846.663574 1264.563965 3069.934570 1215.802856 2782.894043 1237.530029
223.000000 1001.582214 926.622864 998.162964 1063.287354 1462.129150 999.995239 1461.496094 1159.992676
219.000000 1186.666626 633.333313 1186.666626 770.000000 1676.125000 623.343140 1679.024048 783.351013
256.000000 10.090943 252.979431 140.876999 286.587097 670.283630 692.005249 816.384521 671.338806
187.000000 582.509644 526.790833 575.920166 659.963074 1035.001221 860.054626 1040.572510 690.018738
70.000000 1983.362305 1274.427124 1856.673828 1272.784790 3070.015625 1230.223022 2792.847656 1249.784790
107.000000 296.104614 729.961548 304.311340 610.066956 899.039673 1046.624146 908.785950 826.612915
285.000000 1105.539917 1483.272949 1107.164185 1363.294922 1610.980347 1590.004883 1610.690796 1450.005493
204.000000 1110.832153 1099.960571 1112.673950 983.270325 1561.122192 1173.330200 1560.650513 1006.664856
270.000000 1028.914307 1063.407959 1032.684814 949.867798 1495.756104 1163.367188 1497.760010 1020.015259
133.000000 1199.997437 1350.107910 1313.346313 1352.781250 1693.322388 1432.882568 1900.029541 1427.888306
