Keypoint Matches and Line Matches for pairs 5, 23 
5 corresponds to the image ./resources/Data/CastleP30/images/0005.png 
23 corresponds to the image ./resources/Data/CastleP30/images/0023.png 

214.000000 2851.050781 689.343445 105.804008 640.211853
211.000000 3043.164551 647.934692 57.270279 640.054077
145.000000 2869.427246 866.382507 585.045166 843.434387
118.000000 2889.175781 1057.494629 576.652588 1066.284668
153.000000 3060.419189 829.130798 786.687683 844.631653
154.000000 2873.490723 860.925964 589.973145 842.600464
161.000000 3020.416016 474.942780 323.302704 452.846527
150.000000 2837.255371 522.277893 646.623779 456.596375
119.000000 3069.713867 1034.492065 779.995667 1065.515747
212.000000 3024.477295 476.917145 74.024811 453.096588
284.000000 3050.203857 844.555603 773.339111 859.128784
299.000000 2886.961670 871.768860 93.337563 852.650757
270.000000 2834.306152 526.574951 377.677032 456.497375
302.000000 3006.991211 491.273499 563.313660 469.027039
307.000000 2850.310059 531.216370 139.984192 464.394623
314.000000 3063.474609 1021.108154 243.339066 1045.582153
340.000000 3020.248291 637.760498 293.305267 627.204163
341.000000 2870.403076 671.775269 129.980515 626.019775
408.000000 2997.226318 1023.642822 429.929535 1033.328735
409.000000 2981.918213 886.452637 439.410126 886.628540
298.000000 2710.155518 900.936646 263.331024 853.704590
549.000000 2920.824463 1033.591064 609.633972 1039.979370
395.000000 2907.094482 899.956055 108.565483 883.208130
1426.000000 2574.000000 807.000000 147.000000 768.000000
974.000000 2630.000000 1087.000000 63.000000 1063.000000
931.000000 2323.000000 1376.000000 349.000000 1328.000000
1088.000000 2342.000000 1376.000000 215.000000 1328.000000
1228.000000 2341.000000 1415.000000 211.000000 1382.000000
843.000000 2907.000000 1491.000000 620.000000 1538.000000
1297.000000 2775.000000 1122.000000 589.000000 1125.000000
787.000000 3022.000000 945.000000 133.000000 993.000000
1230.000000 2394.000000 1306.000000 280.000000 1243.000000
615.000000 2846.000000 531.000000 134.000000 464.000000
394.000000 2616.000000 1064.000000 95.446098 1033.517700
1352.000000 2201.000000 1408.000000 105.000000 1347.000000
1331.000000 2343.000000 1452.000000 120.000000 1431.000000
319.000000 2601.000000 1076.000000 330.006134 1047.397217
1254.000000 2647.000000 999.000000 247.000000 957.000000
109.000000 2801.000000 1203.000000 756.638855 1243.581909
713.000000 2690.000000 992.000000 218.000000 957.000000
1138.000000 2711.000000 1152.000000 422.000000 1137.000000
1412.000000 2975.000000 986.000000 162.000000 994.000000
800.000000 2374.000000 1066.000000 69.000000 981.000000
682.000000 2469.000000 314.000000 131.000000 96.000000
1253.000000 3050.000000 941.000000 166.000000 957.000000
743.000000 2914.000000 652.000000 462.000000 618.000000
1041.000000 2977.000000 1019.000000 156.000000 1031.000000
1487.000000 2672.000000 246.000000 1138.000000 115.000000
712.000000 2684.000000 573.000000 57.000000 464.000000
1020.000000 2520.000000 772.000000 329.000000 686.000000
293.000000 2905.000000 1042.000000 593.321533 1049.538818
458.000000 2556.000000 714.000000 380.918335 596.734924
879.000000 2308.000000 1211.000000 181.000000 1139.000000
779.000000 2673.000000 885.000000 84.000000 828.000000
1193.000000 2345.000000 1473.000000 204.000000 1458.000000
926.000000 2762.000000 857.000000 130.000000 773.000000
1354.000000 2339.000000 1401.000000 462.000000 1360.000000
630.000000 2192.000000 1418.000000 587.000000 1380.000000
1371.000000 2992.000000 949.000000 434.000000 997.000000
740.000000 2456.000000 1141.000000 131.000000 1105.000000
1489.000000 2683.000000 924.000000 142.000000 873.000000

9.000000 1567.653564 582.957458 2.488669 166.507874 856.637390 305.090118 16.648674 291.078705
12.000000 3069.665283 312.211487 2423.793701 504.876831 1400.028931 311.141724 893.318604 304.449005
1.000000 2440.411621 558.149902 3070.893799 383.221863 890.674988 379.754486 2316.684814 402.203644
4.000000 2436.999023 573.309692 2466.885498 993.554810 878.385925 383.260803 819.347351 1696.936890
72.000000 2851.050781 689.343445 3043.164551 647.934692 110.035553 639.700195 310.049011 641.657532
75.000000 2869.427246 866.382507 2889.175781 1057.494629 585.045166 843.434387 573.438293 1040.006226
79.000000 3060.419189 829.130798 2873.490723 860.925964 786.687683 844.631653 589.973145 842.600464
83.000000 3020.416016 474.942780 2837.255371 522.277893 323.302704 452.846527 126.622948 450.730957
60.000000 2889.175781 1057.494629 3069.713867 1034.492065 576.652588 1066.284668 779.995667 1065.515747
108.000000 3043.164551 647.934692 3024.477295 476.917145 57.270279 640.054077 74.024811 453.096588
142.000000 3050.203857 844.555603 2886.961670 871.768860 513.338684 855.213928 339.995422 854.575439
109.000000 2834.306152 526.574951 2851.050781 689.343445 121.837051 453.205048 105.804008 640.211853
158.000000 3006.991211 491.273499 2850.310059 531.216370 306.663513 466.877563 139.984192 464.394623
206.000000 2602.691895 1091.405518 2760.267822 1072.197388 370.001678 1066.584106 520.007568 1069.627441
151.000000 3063.474609 1021.108154 2910.086426 1040.677490 763.327271 1049.861328 593.321533 1049.538818
175.000000 3020.248291 637.760498 2870.403076 671.775269 293.305267 627.204163 129.980515 626.019775
209.000000 2997.226318 1023.642822 2981.918213 886.452637 429.929535 1033.328735 439.410126 886.628540
154.000000 2710.155518 900.936646 2576.629883 923.112183 263.331024 853.704590 93.337563 852.650757
202.000000 2920.824463 1033.591064 2907.094482 899.956055 95.446098 1033.517700 108.565483 883.208130
