Keypoint Matches and Line Matches for pairs 5, 8 
5 corresponds to the image ./resources/Data/CastleP30/images/0005.png 
8 corresponds to the image ./resources/Data/CastleP30/images/0008.png 

2.000000 1567.653564 582.957458 2330.032715 502.722656
76.000000 1413.615723 1576.593628 2136.696777 1711.757812
1402.000000 1553.757324 1336.660767 2384.000000 1424.000000
11.000000 1544.374878 656.652283 2324.240723 586.601074
13.000000 1066.519043 473.884033 1656.698486 489.434906
9.000000 1541.654785 1270.025269 2362.357422 1320.304688
30.000000 305.868347 473.281433 842.853882 633.310730
31.000000 265.979187 1086.838623 815.659668 1210.109619
28.000000 310.168884 1080.010742 856.916504 1203.344604
29.000000 348.531433 476.573303 883.286865 619.997925
34.000000 414.654694 1096.743652 958.098083 1209.928711
35.000000 449.049866 506.611298 979.598389 636.651611
468.000000 381.818298 1079.908691 926.523865 1196.748169
65.000000 417.195587 493.164246 948.349365 629.936340
14.000000 1987.277710 1220.107788 3060.927490 1244.033447
15.000000 1966.559448 696.670898 2974.616211 536.510132
20.000000 1029.532349 471.744415 1609.913574 494.848969
32.000000 1219.800659 656.682983 1866.185059 656.464355
33.000000 1217.164673 1163.353271 1884.944824 1229.947266
50.000000 696.938416 553.345093 1234.593262 643.295654
51.000000 675.107300 1056.598999 1225.440918 1146.644409
40.000000 1309.434204 1173.331421 2013.469482 1236.800293
41.000000 1311.084106 696.658875 1990.339722 683.319153
36.000000 1475.584106 706.616638 2227.485840 666.206177
37.000000 1479.796631 1176.668457 2262.170898 1230.071533
60.000000 86.557457 1617.633667 663.271973 1716.378296
61.000000 546.654297 1596.398804 1090.041992 1709.147461
177.000000 1569.256592 1186.625854 2400.466309 1233.301025
44.000000 1607.576538 1186.699585 2462.959961 1230.027832
1025.000000 1601.372925 729.981323 2431.000000 653.000000
70.000000 1100.082153 1174.329468 1656.666260 1253.374023
42.000000 1521.728882 1180.021729 2326.232910 1230.028809
43.000000 1515.682007 733.346680 2290.437256 689.971008
52.000000 443.474457 1659.852905 990.011658 1769.815918
103.000000 1954.761841 1196.610229 2992.769775 1206.734131
56.000000 440.300751 325.537292 950.099304 468.247040
57.000000 856.727905 436.436737 1396.654297 493.551178
66.000000 413.946136 669.846008 949.085510 796.510315
67.000000 390.537903 1083.363770 934.109924 1203.361938
755.000000 1126.918701 1159.980347 1694.000000 1232.000000
59.000000 743.995605 1131.191406 1230.170898 1222.275757
72.000000 786.367004 1147.723389 1259.977173 1238.813721
73.000000 1113.330566 1170.040161 1656.634399 1243.030884
84.000000 1036.280273 940.065063 1640.916382 1003.959106
85.000000 1034.826294 633.342041 1627.514526 666.632996
140.000000 696.120544 1209.903687 1232.070679 1310.068481
112.000000 182.342606 1513.258789 743.869080 1619.832764
113.000000 204.438400 1219.581543 760.608093 1339.837036
93.000000 307.111877 1016.694885 852.850708 1143.311768
116.000000 166.654221 1542.897583 729.999695 1646.633545
117.000000 459.938751 1534.521973 1010.007080 1644.124512
97.000000 1233.338989 806.666687 1892.426514 820.030884
132.000000 44.331467 720.291626 612.979553 893.489746
133.000000 24.804806 1010.323486 599.331909 1153.473267
68.000000 1240.932861 800.004089 1899.614258 813.347107
162.000000 81.879532 293.466492 640.415527 510.020264
336.000000 62.024696 573.712952 620.014587 753.334290
118.000000 466.817474 1230.134033 1012.461731 1343.383301
119.000000 456.179596 1506.776123 1006.919617 1616.671753
142.000000 322.782166 325.305786 856.564941 491.369202
143.000000 587.778748 399.353577 1106.670654 509.945709
299.000000 475.861298 1056.787842 1017.532166 1160.027466
324.000000 632.346985 1063.268188 1181.295410 1173.354370
490.000000 1285.824341 576.795471 1953.108398 553.972168
8.000000 1542.695312 639.289124 2309.382568 570.986267
570.000000 1056.599365 1256.665527 1685.410156 1356.729980
168.000000 509.616882 396.790192 1036.251709 523.384888
169.000000 499.149048 646.770630 1032.013916 763.368896
78.000000 1166.706055 1574.206421 1790.002930 1703.566162
79.000000 1416.648071 1562.921143 2136.698486 1699.205688
170.000000 460.072479 1208.659424 1006.672852 1319.109253
171.000000 213.226212 1195.314697 766.661316 1317.439941
182.000000 213.385025 1189.061279 769.991882 1310.506348
183.000000 460.037933 1202.644653 1006.651123 1314.302734
196.000000 206.694916 1325.490479 766.665344 1440.765259
197.000000 453.379425 1331.413452 1000.003723 1441.164551
234.000000 196.631485 1498.032715 756.651428 1604.924316
184.000000 203.355286 1368.282715 763.330505 1481.364868
185.000000 450.024261 1371.435425 1000.001465 1481.022461
422.000000 446.665710 1453.175171 996.663452 1562.266357
186.000000 203.326080 1411.609619 759.998840 1522.348877
187.000000 450.002747 1412.720947 996.669067 1522.074341
134.000000 803.403320 703.334229 1354.675903 789.984924
135.000000 806.492920 463.331085 1351.757812 529.980286
212.000000 453.454193 1194.230103 1000.011902 1305.203613
213.000000 216.708618 1182.487549 773.330078 1304.642090
216.000000 216.672897 1283.140137 773.332458 1400.222778
217.000000 450.085785 1290.676147 996.675293 1401.073608
1341.000000 1338.359497 899.988892 2040.000000 906.000000
219.000000 1339.871582 1130.000854 2052.626465 1183.357422
164.000000 274.944489 1076.764893 823.568176 1196.677734
206.000000 595.823486 1283.297607 1154.793823 1386.705688
207.000000 586.367004 1506.653931 1148.659912 1616.630859
180.000000 1072.173706 536.699707 1668.920410 559.950256
181.000000 1068.778809 760.032104 1674.145874 796.648743
250.000000 233.519989 373.346832 780.717712 556.706909
251.000000 217.601425 593.641724 769.494507 756.825256
120.000000 1056.837280 1190.627686 1593.338135 1268.622192
121.000000 836.661621 1176.746216 1319.996460 1267.666870
254.000000 12.953718 1036.634155 589.497803 1179.965698
255.000000 31.737711 817.100586 602.937317 983.306274
337.000000 70.163216 376.680084 631.611267 580.331421
128.000000 1174.882080 1493.305786 1844.479248 1613.384521
129.000000 1178.222534 1276.639282 1838.311157 1350.117676
225.000000 881.062927 1054.395142 1423.628784 1135.804199
151.000000 1642.884644 1166.600342 2511.747314 1203.217773
172.000000 1179.072266 1109.986938 1832.124268 1173.359131
173.000000 1182.025513 899.981628 1827.001221 933.397339
122.000000 1811.905640 1200.053101 2782.783691 1230.059570
123.000000 1804.210571 993.176697 2753.477539 959.623169
146.000000 1438.387817 1486.667847 2220.129639 1606.835083
147.000000 1438.233521 1280.001343 2206.966797 1356.475586
204.000000 934.375427 713.248230 1508.288330 783.312134
205.000000 941.924072 509.947662 1511.134399 553.306152
192.000000 1338.531860 603.317322 2023.201294 573.144409
193.000000 1340.276489 806.664307 2036.979980 806.648193
307.000000 1164.959839 1289.994385 1823.749146 1376.560181
262.000000 467.378967 1073.376099 1009.728882 1186.656616
263.000000 479.183258 876.617676 1016.873596 993.341003
136.000000 216.928314 1026.681763 767.186340 1156.454224
1005.000000 230.572952 553.367065 767.000000 717.000000
1132.000000 1346.359131 1283.238403 2067.000000 1361.000000
793.000000 1349.248169 1476.727661 2090.000000 1596.000000
1299.000000 1168.202637 913.337646 1809.000000 947.000000
220.000000 1157.815186 1303.351929 1817.842651 1393.306519
221.000000 1154.745117 1493.410034 1822.870850 1613.343872
228.000000 812.422607 483.318756 1358.731689 543.316589
229.000000 809.382080 673.323425 1360.461426 756.662903
194.000000 1436.288330 1126.663696 2196.224365 1173.355103
195.000000 1437.789795 936.649231 2184.738281 940.259277
446.000000 249.615692 605.378662 786.727417 761.623840
447.000000 63.264957 570.363892 629.903442 756.048645
386.000000 213.513351 1031.375122 766.684937 1162.014771
387.000000 26.587774 1014.191528 600.004028 1159.708862
296.000000 189.989944 1519.527710 750.020386 1625.103516
401.000000 3.195066 1523.503052 597.565796 1623.385498
404.000000 1171.528687 583.330322 1799.538086 586.560608
413.000000 26.245382 1028.561890 600.054688 1172.620483
414.000000 210.530945 1043.410522 763.403198 1174.827759
266.000000 919.060120 539.976196 1488.815430 590.001953
267.000000 914.412476 723.360657 1489.134277 783.334778
223.000000 1184.734985 569.955322 1814.363281 570.052307
230.000000 1425.957642 1130.004272 2182.184570 1169.858398
231.000000 1424.865723 946.677368 2168.576904 959.876221
104.000000 1797.356567 392.485168 2678.410400 197.332596
105.000000 1977.672974 409.038391 2961.880859 161.759872
156.000000 246.390915 599.978638 789.426208 756.625183
1380.000000 1070.278076 889.902893 1684.000000 935.000000
450.000000 66.856873 578.969482 630.019592 762.812683
451.000000 243.652771 611.602722 786.715088 768.715027
137.000000 229.346344 757.990845 786.552185 899.991333
689.000000 52.880714 733.225098 618.000000 903.000000
423.000000 1764.345215 1019.972107 2713.115967 1000.020630
409.000000 3.302363 1535.391113 576.642517 1638.346191
410.000000 180.026718 1531.100220 740.038330 1635.959229
226.000000 1420.598511 1309.998047 2186.455322 1393.345459
227.000000 1421.182373 1486.673828 2198.710449 1606.740723
246.000000 1426.972290 816.662659 2162.985840 800.022095
247.000000 1424.662354 640.026184 2150.054932 596.663147
188.000000 1728.538818 431.131073 2611.891113 268.707458
189.000000 1902.103882 402.536926 2829.170898 176.823441
478.000000 193.318130 1230.450928 749.996826 1351.367676
479.000000 19.957174 1224.602905 596.656494 1351.009033
407.000000 492.833649 643.309204 1024.839844 766.719666
408.000000 501.190674 470.057434 1030.590210 603.354126
431.000000 715.141174 1050.072021 1267.665039 1130.021606
432.000000 721.917908 879.943604 1271.123413 969.952271
520.000000 20.114332 1230.592896 600.000916 1356.548584
521.000000 190.096588 1237.684814 746.684448 1357.667969
288.000000 1164.405396 596.635437 1794.494629 603.304749
289.000000 1162.056274 766.695068 1799.086670 790.022461
1201.000000 1735.330444 448.172943 2628.000000 301.000000
270.000000 867.360596 470.356506 1426.547485 526.827881
271.000000 1030.382446 508.359344 1616.780884 533.316833
470.000000 166.801620 1350.009521 734.335449 1466.726562
471.000000 155.059357 1516.788208 725.172485 1619.910645
1351.000000 1162.085327 943.317078 1798.000000 993.000000
354.000000 613.336304 1510.153198 1173.320923 1621.493408
355.000000 446.667206 1513.361938 999.995483 1622.668091
438.000000 3.326595 1543.068481 586.666687 1643.333374
256.000000 1436.666626 793.333313 2173.467285 779.994934
257.000000 1436.666626 626.666687 2166.030518 583.231384
553.000000 1543.567017 1443.316406 2373.334717 1556.817871
512.000000 56.792431 739.164795 623.286987 908.269775
513.000000 219.940216 763.730408 770.023743 912.513184
542.000000 93.309006 310.097229 650.054443 518.999878
543.000000 253.299927 350.133514 793.325928 526.802612
264.000000 883.213989 443.806580 1426.686646 496.203857
265.000000 1043.131348 484.134338 1619.948608 504.527435
498.000000 713.775940 890.016479 1262.635498 979.991333
114.000000 10.408878 1210.166382 590.194214 1340.188232
547.000000 657.567810 513.215576 1190.912354 609.956909
232.000000 1026.237549 888.617310 1619.793701 942.190796
233.000000 869.809082 854.201050 1410.395508 922.467346
209.000000 1714.617554 979.979065 2624.649902 956.542542
304.000000 1419.009644 653.340332 2144.546387 616.594727
305.000000 1420.140747 813.332336 2155.225830 796.752075
415.000000 456.684143 1524.191284 1010.000488 1633.449097
416.000000 613.353699 1520.998169 1173.345337 1632.733887
362.000000 712.916199 424.750031 1246.531250 511.615356
363.000000 861.787842 468.582489 1416.177246 525.837402
308.000000 1016.264404 498.251648 1599.900269 525.388672
309.000000 866.599487 460.264801 1420.000244 516.662292
536.000000 76.500061 1496.897583 656.531128 1603.325562
537.000000 87.730064 1342.924683 664.709656 1459.888428
448.000000 630.167725 1068.250122 1176.755615 1168.793823
449.000000 476.647400 1053.534424 1019.953186 1165.721313
466.000000 477.351410 1065.634521 1023.251099 1177.046265
467.000000 630.657898 1079.269531 1176.804443 1180.447144
540.000000 109.550339 1009.480469 679.665771 1153.135376
541.000000 120.737991 856.233826 687.397278 1009.859558
538.000000 135.493423 860.141418 700.518677 1010.026062
539.000000 125.674141 1010.153198 693.317139 1153.499878
494.000000 647.298706 680.081299 1183.465820 776.876587
495.000000 499.727600 651.401672 1033.311768 770.507141
482.000000 499.582062 661.982239 1033.080444 780.907471
483.000000 645.389526 692.723999 1183.737305 789.893616
236.000000 1333.380249 1255.785156 2053.336182 1329.679199
237.000000 1186.596802 1247.979858 1846.656128 1327.884399
504.000000 619.866516 1249.547852 1169.960693 1353.873779
505.000000 473.205811 1242.752075 1019.976135 1352.349854
474.000000 612.528992 1476.632446 1169.080322 1586.642334
475.000000 618.764648 1329.947510 1173.138916 1433.328247
167.000000 940.522522 726.680054 1514.819336 783.308411
544.000000 539.992310 1353.333008 1097.261597 1460.012329
545.000000 533.841675 1496.688477 1094.288086 1603.422241
1091.000000 1818.293579 829.916199 2749.000000 739.000000
913.000000 176.607971 1244.799316 739.000000 1363.000000
596.000000 542.018799 1053.086792 1092.394287 1159.887207
597.000000 549.619080 909.802979 1096.086914 1019.984680
302.000000 1692.325439 720.031372 2573.348877 636.665222
303.000000 1696.785034 863.329651 2589.915771 816.674438
282.000000 1141.932983 538.651062 1759.640503 543.150513
283.000000 1280.408081 575.116882 1946.472168 553.507751
274.000000 1369.475830 578.711853 2056.554443 538.752258
275.000000 1233.216187 543.790405 1866.566162 528.535339
158.000000 1333.403198 1245.613037 2053.325195 1321.838867
595.000000 181.854843 291.594604 719.977783 486.733856
178.000000 1986.668213 1264.359009 3066.774658 1303.020630
179.000000 1846.663574 1264.563965 2829.933838 1311.482056
568.000000 754.346375 686.732971 1301.147949 770.041748
569.000000 763.324158 549.563049 1306.242310 629.863464
320.000000 106.057671 322.456848 659.005371 529.923584
554.000000 476.554565 1248.808228 1020.005920 1359.258545
555.000000 613.369812 1255.969849 1163.330078 1360.403809
580.000000 613.130676 923.323242 1161.441772 1023.293762
581.000000 606.334351 1060.149048 1158.512207 1163.371948
578.000000 520.337952 1490.015991 1081.173340 1600.028442
579.000000 526.823730 1353.182739 1084.570557 1459.949219
500.000000 1001.582214 926.622864 1597.523682 986.659607
501.000000 998.162964 1063.287354 1598.764160 1136.676880
454.000000 1186.666626 633.333313 1821.591553 636.621399
455.000000 1186.666626 770.000000 1826.051147 793.350830
594.000000 10.090943 252.979431 579.983765 485.819214
582.000000 562.514221 913.457886 1108.729614 1020.048401
583.000000 556.074585 1043.469116 1105.444580 1160.049561
402.000000 30.017763 1342.599976 607.044067 1459.828735
849.000000 706.940491 838.111816 1247.000000 928.000000
294.000000 1733.363892 1307.722046 2676.821045 1375.785522
295.000000 1860.021118 1304.062134 2860.058105 1364.257324
210.000000 1983.362305 1274.427124 3066.675293 1317.094727
211.000000 1856.673828 1272.784790 2839.966553 1321.674438
358.000000 1994.170532 746.836365 3012.593018 596.343628
359.000000 1998.461426 873.258423 3033.806641 766.607727
293.000000 328.746094 673.476196 867.942566 813.393494
453.000000 596.585571 390.312042 1123.307739 500.504578
356.000000 1916.788330 382.503235 2833.844238 145.446075
357.000000 1796.586304 388.347443 2669.869873 196.239471
397.000000 1928.242554 1590.051758 2988.913086 1756.786621
398.000000 1924.802490 1473.290039 2970.863525 1593.238037
1468.000000 820.223999 489.118896 1363.000000 550.000000
1234.000000 933.045776 517.797974 1502.000000 559.000000
1456.000000 599.904175 1261.860474 1155.000000 1366.000000
1464.000000 860.641296 703.353760 1426.000000 762.000000
242.000000 1199.997437 1350.107910 1850.002075 1444.583618
284.000000 1114.811523 756.636719 1738.593628 786.752930
605.000000 1890.000000 1023.000000 2879.000000 988.000000
639.000000 842.000000 613.000000 1403.000000 678.000000
837.000000 80.000000 622.000000 642.000000 800.000000
645.000000 78.000000 690.000000 642.000000 861.000000
841.000000 216.000000 729.000000 765.000000 880.000000
675.000000 1330.000000 477.000000 2049.000000 434.000000
1174.000000 1136.000000 1072.000000 1781.000000 1133.000000
791.000000 500.000000 280.000000 1014.000000 411.000000
1473.000000 761.000000 829.000000 1313.000000 911.000000
656.000000 652.000000 445.000000 1183.000000 543.000000
896.000000 487.000000 674.000000 1020.000000 794.000000
918.000000 1399.000000 1423.000000 2164.000000 1528.000000
682.000000 818.000000 976.000000 1390.000000 1058.000000
819.000000 1843.000000 785.000000 2790.000000 685.000000
804.000000 173.000000 701.000000 725.000000 860.000000
754.000000 48.000000 596.000000 615.000000 780.000000
616.000000 1677.000000 788.000000 2555.000000 724.000000
706.000000 104.000000 1484.000000 680.000000 1591.000000
1028.000000 1857.000000 1198.000000 2848.000000 1223.000000
911.000000 523.000000 940.000000 1070.000000 1050.000000
1500.000000 1879.000000 1059.000000 2865.000000 1037.000000
1036.000000 1831.000000 788.000000 2773.000000 692.000000
796.000000 1839.000000 1039.000000 2807.000000 1016.000000
664.000000 1847.000000 904.000000 2806.000000 839.000000
759.000000 827.000000 337.000000 1417.000000 400.000000
1274.000000 557.000000 1457.000000 1118.000000 1567.000000
881.000000 581.000000 947.000000 1130.000000 1051.000000
779.000000 1097.000000 695.000000 1714.000000 721.000000
1066.000000 1139.000000 732.000000 1769.000000 754.000000
981.000000 809.000000 332.000000 1396.000000 400.000000
950.000000 385.000000 133.000000 1089.000000 306.000000
742.000000 885.000000 983.000000 1468.000000 1059.000000
1047.000000 1690.000000 1399.000000 2623.000000 1495.000000
1291.000000 1399.000000 755.000000 2124.000000 736.000000
1140.000000 1860.000000 916.000000 2825.000000 852.000000
1041.000000 1826.000000 629.000000 2751.000000 490.000000
882.000000 1094.000000 1038.000000 1724.000000 1098.000000
994.000000 1889.000000 1007.000000 2876.000000 967.000000
619.000000 1361.000000 1395.000000 2107.000000 1494.000000
905.000000 579.000000 981.000000 1129.000000 1086.000000
736.000000 47.000000 697.000000 615.000000 871.000000
871.000000 1399.000000 781.000000 2126.000000 766.000000
676.000000 156.000000 936.000000 719.000000 1078.000000
1220.000000 1362.000000 721.000000 2070.000000 703.000000
900.000000 1855.000000 782.000000 2806.000000 678.000000
685.000000 1870.000000 1211.000000 2867.000000 1240.000000
1252.000000 1134.000000 946.000000 1776.000000 992.000000
872.000000 1682.000000 1074.000000 2586.000000 1081.000000
631.000000 1855.000000 767.000000 2804.000000 659.000000
969.000000 1361.000000 973.000000 2083.000000 996.000000
659.000000 1132.000000 1392.000000 1790.000000 1494.000000
1561.000000 1424.000000 1156.000000 2179.000000 1206.000000
710.000000 1361.000000 1423.000000 2109.000000 1528.000000
603.000000 1852.000000 1052.000000 2827.000000 1031.000000
778.000000 818.000000 997.000000 1391.000000 1081.000000
836.000000 513.000000 698.000000 1046.000000 813.000000
827.000000 1850.000000 637.000000 2785.000000 494.000000
1080.000000 1844.000000 1201.000000 2829.000000 1229.000000
859.000000 1094.000000 1009.000000 1723.000000 1065.000000
618.000000 1891.000000 1056.000000 2883.000000 1031.000000
1110.000000 1361.000000 659.000000 2066.000000 633.000000
1003.000000 9.000000 1039.000000 585.000000 1183.000000
1478.000000 831.000000 384.000000 1366.000000 446.000000
1094.000000 541.000000 616.000000 1080.000000 730.000000
695.000000 1873.000000 895.000000 2842.000000 822.000000
604.000000 547.000000 1407.000000 1106.000000 1515.000000
1247.000000 582.000000 870.000000 1131.000000 974.000000
1173.000000 1863.000000 604.000000 2800.000000 448.000000
635.000000 1838.000000 626.000000 2768.000000 483.000000
877.000000 1881.000000 774.000000 2843.000000 661.000000
674.000000 840.000000 674.000000 1403.000000 741.000000
860.000000 841.000000 643.000000 1403.000000 710.000000
870.000000 499.000000 1422.000000 1057.000000 1531.000000
715.000000 1880.000000 744.000000 2838.000000 624.000000
1063.000000 41.000000 1063.000000 614.000000 1203.000000
1258.000000 1098.000000 600.000000 1689.000000 618.000000
1368.000000 211.000000 1076.000000 764.000000 1204.000000
949.000000 255.000000 346.000000 794.000000 522.000000
620.000000 1362.000000 747.000000 2072.000000 734.000000
633.000000 1878.000000 1043.000000 2863.000000 1016.000000
1570.000000 519.000000 1573.000000 1073.000000 1684.000000
1214.000000 617.000000 1211.000000 1167.000000 1315.000000
624.000000 1888.000000 626.000000 2837.000000 469.000000
770.000000 1398.000000 1329.000000 2158.000000 1415.000000
1344.000000 131.000000 188.000000 670.000000 403.000000
1520.000000 1853.000000 366.000000 2765.000000 148.000000
1251.000000 1913.000000 1326.000000 2942.000000 1392.000000
743.000000 1137.000000 1043.000000 1780.000000 1099.000000
1378.000000 1361.000000 1092.000000 2090.000000 1135.000000
672.000000 461.000000 1178.000000 1006.000000 1288.000000
1283.000000 611.000000 1108.000000 1159.000000 1211.000000
688.000000 1137.000000 1013.000000 1779.000000 1067.000000
846.000000 1893.000000 755.000000 2857.000000 635.000000
887.000000 1140.000000 610.000000 1765.000000 621.000000
803.000000 1360.000000 1328.000000 2103.000000 1415.000000
912.000000 191.000000 1075.000000 747.000000 1205.000000
953.000000 1399.000000 1478.000000 2168.000000 1596.000000
1092.000000 642.000000 720.000000 1180.000000 817.000000
1027.000000 555.000000 1493.000000 1117.000000 1603.000000
1032.000000 1677.000000 812.000000 2557.000000 753.000000
655.000000 1398.000000 978.000000 2136.000000 998.000000
694.000000 62.000000 619.000000 627.000000 799.000000
1151.000000 1362.000000 774.000000 2073.000000 764.000000
1416.000000 1839.000000 1055.000000 2809.000000 1038.000000
834.000000 1620.000000 544.000000 2460.000000 439.000000
1095.000000 1835.000000 923.000000 2791.000000 865.000000
764.000000 892.000000 555.000000 1459.000000 609.000000
1236.000000 1188.000000 1583.000000 1802.000000 1723.000000
1011.000000 1571.000000 595.000000 2335.000000 511.000000
1116.000000 1834.000000 892.000000 2787.000000 826.000000
802.000000 1830.000000 758.000000 2769.000000 654.000000
917.000000 202.000000 1067.000000 756.000000 1197.000000
933.000000 1868.000000 1161.000000 2859.000000 1175.000000
861.000000 563.000000 1304.000000 1121.000000 1411.000000
1170.000000 1093.000000 1067.000000 1725.000000 1131.000000
1583.000000 1875.000000 366.000000 2795.000000 141.000000
661.000000 1399.000000 1451.000000 2166.000000 1562.000000
863.000000 1890.000000 1040.000000 2881.000000 1009.000000
938.000000 223.000000 759.000000 770.000000 907.000000
725.000000 1869.000000 1178.000000 2862.000000 1196.000000
610.000000 1683.000000 1123.000000 2591.000000 1144.000000
668.000000 869.000000 1039.000000 1451.000000 1120.000000
1388.000000 1874.000000 1339.000000 2885.000000 1411.000000
1261.000000 824.000000 1530.000000 1405.000000 1663.000000
767.000000 164.000000 812.000000 726.000000 963.000000
1085.000000 598.000000 627.000000 1138.000000 732.000000
748.000000 92.000000 701.000000 654.000000 869.000000
924.000000 1868.000000 747.000000 2821.000000 631.000000
1088.000000 1072.000000 792.000000 1680.000000 831.000000
722.000000 664.000000 324.000000 1183.000000 420.000000
1141.000000 835.000000 263.000000 1417.000000 323.000000
1474.000000 314.000000 227.000000 899.000000 404.000000
810.000000 1903.000000 1036.000000 2898.000000 1003.000000
1111.000000 196.000000 394.000000 748.000000 576.000000
1242.000000 892.000000 527.000000 1459.000000 580.000000
1133.000000 1137.000000 1100.000000 1781.000000 1164.000000
823.000000 1838.000000 640.000000 2770.000000 500.000000
630.000000 505.000000 1302.000000 1060.000000 1411.000000
1373.000000 1340.000000 413.000000 2053.000000 358.000000
1145.000000 1864.000000 633.000000 2804.000000 485.000000
622.000000 524.000000 862.000000 1072.000000 973.000000
758.000000 885.000000 1005.000000 1468.000000 1082.000000
1493.000000 1079.000000 939.000000 1698.000000 991.000000
958.000000 1903.000000 1052.000000 2900.000000 1025.000000
1211.000000 1131.000000 1453.000000 1791.000000 1564.000000
733.000000 924.000000 409.000000 1474.000000 452.000000
1210.000000 1885.000000 876.000000 2857.000000 795.000000
1160.000000 490.000000 763.000000 1026.000000 880.000000
1115.000000 1467.000000 557.000000 2197.000000 492.000000
974.000000 133.000000 1291.000000 704.000000 1410.000000
782.000000 1177.000000 902.000000 1819.000000 938.000000
773.000000 844.000000 544.000000 1403.000000 607.000000
1438.000000 517.000000 1593.000000 1092.000000 1704.000000
990.000000 1624.000000 460.000000 2464.000000 338.000000
1219.000000 974.000000 423.000000 1532.000000 456.000000
1439.000000 1863.000000 618.000000 2802.000000 466.000000
749.000000 1089.000000 1320.000000 1731.000000 1413.000000
677.000000 1908.000000 1165.000000 2918.000000 1175.000000
978.000000 1827.000000 657.000000 2772.000000 519.000000
1452.000000 590.000000 766.000000 1128.000000 870.000000
1338.000000 1894.000000 1152.000000 2898.000000 1159.000000
1002.000000 1826.000000 643.000000 2753.000000 508.000000
998.000000 544.000000 551.000000 1082.000000 665.000000
1515.000000 1349.000000 972.000000 2062.000000 996.000000
641.000000 1853.000000 1068.000000 2829.000000 1053.000000
663.000000 501.000000 1386.000000 1058.000000 1495.000000
792.000000 900.000000 989.000000 1486.000000 1064.000000
1498.000000 1851.000000 1019.000000 2822.000000 988.000000
711.000000 1637.000000 586.000000 2494.000000 488.000000
1482.000000 1361.000000 1452.000000 2110.000000 1562.000000
1329.000000 1869.000000 777.000000 2825.000000 669.000000
611.000000 122.000000 460.000000 684.000000 648.000000
1035.000000 1875.000000 615.000000 2819.000000 458.000000
703.000000 1857.000000 1215.000000 2850.000000 1246.000000
884.000000 64.000000 599.000000 629.000000 781.000000
252.000000 1406.000000 1510.000000 2179.994141 1636.261108
1425.000000 1115.000000 409.000000 1811.000000 411.000000
1043.000000 1675.000000 732.000000 2549.000000 655.000000
1014.000000 889.000000 683.000000 1459.000000 744.000000
885.000000 1097.000000 723.000000 1715.000000 752.000000
729.000000 1885.000000 892.000000 2860.000000 815.000000
323.000000 1416.000000 1243.000000 2179.828125 1312.822632
1562.000000 1909.000000 1182.000000 2921.000000 1198.000000
1479.000000 635.000000 821.000000 1175.000000 920.000000
1442.000000 832.000000 1035.000000 1408.000000 1118.000000
609.000000 383.000000 256.000000 899.000000 415.000000
692.000000 890.000000 624.000000 1459.000000 681.000000
1121.000000 471.000000 1097.000000 1015.000000 1208.000000
904.000000 548.000000 476.000000 1083.000000 592.000000
1131.000000 850.000000 771.000000 1409.000000 840.000000
684.000000 1864.000000 1032.000000 2841.000000 1003.000000
980.000000 1085.000000 307.000000 1730.000000 302.000000
751.000000 1847.000000 919.000000 2808.000000 858.000000
1404.000000 558.000000 1422.000000 1118.000000 1530.000000
713.000000 1893.000000 741.000000 2855.000000 617.000000
1230.000000 948.000000 498.000000 1518.000000 539.000000
652.000000 1682.000000 1099.000000 2588.000000 1112.000000
1225.000000 1902.000000 1019.000000 2896.000000 981.000000
575.000000 1832.000000 1357.000000 2820.086670 1442.417114
798.000000 50.000000 1422.000000 632.000000 1533.000000
893.000000 1576.000000 730.000000 2402.000000 675.000000
818.000000 1645.000000 725.000000 2500.000000 652.000000
955.000000 546.000000 1129.000000 1092.000000 1235.000000
1196.000000 1886.000000 921.000000 2864.000000 854.000000
1426.000000 1898.000000 888.000000 2876.000000 809.000000
669.000000 1178.000000 812.000000 1818.000000 837.000000
719.000000 498.000000 695.000000 1032.000000 812.000000
929.000000 834.000000 919.000000 1405.000000 995.000000
1153.000000 1000.000000 932.000000 1596.000000 991.000000
708.000000 1856.000000 1181.000000 2845.000000 1201.000000
1384.000000 1830.000000 366.000000 2733.000000 157.000000
1045.000000 1434.000000 855.000000 2176.000000 848.000000
801.000000 1349.000000 657.000000 2046.000000 633.000000
1042.000000 1875.000000 1355.000000 2888.000000 1434.000000
821.000000 1865.000000 1065.000000 2846.000000 1047.000000
789.000000 1869.000000 1194.000000 2865.000000 1218.000000
806.000000 1139.000000 675.000000 1768.000000 693.000000
809.000000 1830.000000 773.000000 2771.000000 673.000000
992.000000 1913.000000 1343.000000 2945.000000 1415.000000
693.000000 1133.000000 1321.000000 1788.000000 1413.000000
831.000000 1909.000000 1199.000000 2923.000000 1220.000000
966.000000 1122.000000 1469.000000 1780.000000 1582.000000
1377.000000 864.000000 725.000000 1420.000000 791.000000
714.000000 1850.000000 623.000000 2784.000000 475.000000
799.000000 1139.000000 703.000000 1768.000000 723.000000
939.000000 557.000000 673.000000 1091.000000 784.000000
648.000000 1847.000000 889.000000 2804.000000 819.000000
1445.000000 542.000000 583.000000 1081.000000 697.000000
890.000000 1896.000000 1202.000000 2905.000000 1226.000000
1216.000000 626.000000 717.000000 1163.000000 816.000000
1577.000000 158.000000 898.000000 722.000000 1043.000000
601.000000 1843.000000 770.000000 2788.000000 666.000000
848.000000 1864.000000 1048.000000 2844.000000 1025.000000
1040.000000 1178.000000 572.000000 1807.000000 571.000000
1462.000000 78.000000 1199.000000 692.000000 1320.000000
1549.000000 565.000000 1269.000000 1122.000000 1375.000000
1490.000000 1835.000000 907.000000 2788.000000 845.000000
637.000000 1677.000000 836.000000 2560.000000 783.000000
919.000000 82.000000 966.000000 655.000000 1111.000000
763.000000 843.000000 904.000000 1415.000000 980.000000
1516.000000 827.000000 315.000000 1417.000000 378.000000
874.000000 199.000000 360.000000 750.000000 545.000000
1363.000000 170.000000 313.000000 700.000000 507.000000
943.000000 1398.000000 668.000000 2118.000000 635.000000
678.000000 1680.000000 1016.000000 2579.000000 1009.000000
1455.000000 1770.000000 351.000000 2661.000000 161.000000
673.000000 1885.000000 907.000000 2862.000000 835.000000
1302.000000 1017.000000 436.000000 1587.000000 459.000000
1122.000000 1844.000000 1184.000000 2827.000000 1207.000000
1149.000000 878.000000 1106.000000 1396.000000 1188.000000
829.000000 1840.000000 1072.000000 2811.000000 1059.000000
1537.000000 480.000000 1255.000000 1028.000000 1364.000000
1469.000000 1351.000000 797.000000 2054.000000 793.000000
852.000000 494.000000 1083.000000 1038.000000 1193.000000
975.000000 1668.000000 1122.000000 2541.000000 1143.000000
723.000000 599.000000 594.000000 1139.000000 699.000000
1168.000000 1883.000000 1189.000000 2884.000000 1209.000000
665.000000 521.000000 975.000000 1069.000000 1084.000000
875.000000 1883.000000 1172.000000 2882.000000 1187.000000
931.000000 1178.000000 1155.000000 1834.000000 1223.000000
845.000000 153.000000 973.000000 718.000000 1113.000000
1512.000000 497.000000 1458.000000 1055.000000 1567.000000
1546.000000 1319.000000 453.000000 2029.000000 410.000000
727.000000 121.000000 675.000000 679.000000 843.000000
1099.000000 746.000000 746.000000 1276.000000 824.000000
1300.000000 1709.000000 944.000000 2587.000000 913.000000
1213.000000 549.000000 446.000000 1084.000000 562.000000
948.000000 494.000000 800.000000 1031.000000 915.000000
952.000000 498.000000 1180.000000 1042.000000 1288.000000
632.000000 1131.000000 1422.000000 1733.000000 1494.000000
1477.000000 833.000000 1013.000000 1408.000000 1096.000000
1289.000000 248.000000 633.000000 792.000000 787.000000
613.000000 1607.000000 559.000000 2462.000000 461.000000
847.000000 490.000000 1098.000000 1032.000000 1208.000000
876.000000 58.000000 168.000000 607.000000 399.000000
650.000000 127.000000 1383.000000 700.000000 1496.000000
1129.000000 1360.000000 371.000000 2068.000000 306.000000
712.000000 845.000000 342.000000 1438.000000 401.000000
1463.000000 1402.000000 1613.000000 2119.000000 1760.000000
1534.000000 871.000000 974.000000 1450.000000 1051.000000
1367.000000 1397.000000 1004.000000 2138.000000 1029.000000
1335.000000 966.000000 888.000000 1548.000000 949.000000
1171.000000 1132.000000 1482.000000 1793.000000 1598.000000
1246.000000 20.000000 1061.000000 596.000000 1202.000000
1392.000000 1878.000000 1026.000000 2860.000000 994.000000
889.000000 1786.000000 347.000000 2676.000000 149.000000
602.000000 1875.000000 600.000000 2817.000000 440.000000
960.000000 890.000000 1107.000000 1487.000000 1190.000000
496.000000 785.000000 1171.000000 1273.311279 1262.211426
600.000000 1901.000000 1346.000000 2927.000000 1420.000000
1557.000000 1837.000000 597.000000 2764.000000 446.000000
936.000000 1893.000000 770.000000 2859.000000 655.000000
1521.000000 1078.000000 1037.000000 1701.000000 1098.000000
640.000000 185.000000 545.000000 741.000000 716.000000
1321.000000 90.000000 175.000000 657.000000 400.000000
1446.000000 1088.000000 1391.000000 1709.000000 1494.000000
1429.000000 717.000000 894.000000 1267.000000 983.000000
724.000000 176.000000 149.000000 768.000000 361.000000
690.000000 1884.000000 1206.000000 2887.000000 1232.000000
1241.000000 1878.000000 383.000000 2791.000000 156.000000
1294.000000 773.000000 1105.000000 1268.000000 1196.000000
1306.000000 237.000000 649.000000 782.000000 804.000000
987.000000 1349.000000 1091.000000 2069.000000 1135.000000
1209.000000 1141.000000 802.000000 1770.000000 831.000000
1175.000000 740.000000 856.000000 1288.000000 942.000000
1007.000000 1875.000000 925.000000 2810.000000 877.000000
1413.000000 135.000000 597.000000 689.000000 770.000000
811.000000 1849.000000 608.000000 2781.000000 457.000000
651.000000 720.000000 855.000000 1269.000000 944.000000
1062.000000 577.000000 1015.000000 1128.000000 1120.000000
745.000000 60.000000 1289.000000 640.000000 1410.000000
709.000000 94.000000 802.000000 663.000000 961.000000
626.000000 1859.000000 886.000000 2821.000000 812.000000
1013.000000 1347.000000 1328.000000 2081.000000 1415.000000
1354.000000 48.000000 1047.000000 620.000000 1188.000000
967.000000 875.000000 925.000000 1453.000000 998.000000
1461.000000 1955.000000 1469.000000 3012.000000 1589.000000
599.000000 151.000000 141.000000 746.000000 359.000000
1581.000000 1081.000000 663.000000 1691.000000 689.000000
1517.000000 975.000000 847.000000 1563.000000 904.000000
888.000000 514.000000 411.000000 1042.000000 535.000000
1057.000000 778.000000 369.000000 1307.000000 443.000000
1197.000000 1551.000000 677.000000 2304.000000 626.000000
923.000000 1088.000000 1422.000000 1733.000000 1529.000000
1328.000000 1832.000000 384.000000 2726.000000 176.000000
1207.000000 1451.000000 999.000000 2209.000000 1016.000000
1037.000000 1865.000000 647.000000 2824.000000 494.000000
412.000000 1852.000000 1440.000000 2853.323242 1552.838379
830.000000 187.000000 510.000000 743.000000 683.000000
1585.000000 88.000000 890.000000 659.000000 1041.000000
750.000000 1875.000000 1372.000000 2891.000000 1456.000000
988.000000 123.000000 158.000000 744.000000 382.000000
855.000000 1850.000000 1346.000000 2843.000000 1410.000000
702.000000 1837.000000 611.000000 2766.000000 464.000000
747.000000 1348.000000 1395.000000 2085.000000 1494.000000
1161.000000 1851.000000 1036.000000 2825.000000 1009.000000
1120.000000 176.000000 720.000000 728.000000 877.000000
1304.000000 1121.000000 357.000000 1893.000000 356.000000
962.000000 1869.000000 762.000000 2823.000000 650.000000
1405.000000 803.000000 1068.000000 1283.000000 1155.000000
1226.000000 190.000000 474.000000 744.000000 651.000000
886.000000 560.000000 1387.000000 1119.000000 1495.000000
1084.000000 1850.000000 651.000000 2787.000000 512.000000
681.000000 890.000000 654.000000 1459.000000 712.000000
731.000000 1690.000000 790.000000 2576.000000 725.000000
1555.000000 1091.000000 940.000000 1720.000000 991.000000
316.000000 1810.000000 676.000000 2732.810059 553.727722
1101.000000 1097.000000 666.000000 1713.000000 690.000000
781.000000 1898.000000 919.000000 2880.000000 848.000000
1050.000000 382.000000 115.000000 1103.000000 291.000000
1198.000000 453.000000 464.000000 982.000000 597.000000
1364.000000 816.000000 901.000000 1372.000000 991.000000
653.000000 716.000000 1132.000000 1191.000000 1229.000000
1293.000000 814.000000 1069.000000 1295.000000 1155.000000
1361.000000 1361.000000 1065.000000 2089.000000 1103.000000
1187.000000 1684.000000 895.000000 2554.000000 851.000000
898.000000 1715.000000 433.000000 2601.000000 279.000000
999.000000 930.000000 925.000000 1512.000000 993.000000
993.000000 698.000000 924.000000 1246.000000 1017.000000
1193.000000 604.000000 489.000000 1141.000000 594.000000
1147.000000 911.000000 1129.000000 1486.000000 1213.000000
658.000000 1658.000000 1397.000000 2570.000000 1495.000000
241.000000 1336.000000 1413.000000 2060.000977 1520.669312
1554.000000 1703.000000 1260.000000 2630.000000 1307.000000
1527.000000 1719.000000 1197.000000 2651.000000 1235.000000
1167.000000 558.000000 296.000000 1073.000000 416.000000
1029.000000 495.000000 1493.000000 1055.000000 1603.000000
522.000000 1460.000000 1414.000000 2226.657227 1520.409546
1576.000000 1001.000000 895.000000 1578.000000 950.000000
606.000000 1842.000000 755.000000 2786.000000 647.000000
214.000000 1406.000000 1556.000000 2160.040771 1698.502686
1450.000000 1091.000000 1189.000000 1678.000000 1270.000000
1437.000000 1352.000000 840.000000 2056.000000 843.000000
1179.000000 208.000000 208.000000 822.000000 409.000000
1192.000000 141.000000 620.000000 696.000000 790.000000
866.000000 124.000000 1422.000000 698.000000 1533.000000
842.000000 1820.000000 957.000000 2766.000000 894.000000
1277.000000 1667.000000 1097.000000 2538.000000 1111.000000
865.000000 824.000000 1104.000000 1305.000000 1190.000000
973.000000 1362.000000 1037.000000 2087.000000 1071.000000
1292.000000 203.000000 1052.000000 756.000000 1182.000000
1026.000000 846.000000 359.000000 1397.000000 418.000000
891.000000 1339.000000 1165.000000 2056.000000 1223.000000
1046.000000 1646.000000 781.000000 2506.000000 721.000000
696.000000 1883.000000 1566.000000 2923.000000 1720.000000
1541.000000 90.000000 490.000000 655.000000 679.000000
351.000000 1837.000000 1500.000000 2839.999268 1629.643677
1444.000000 307.000000 455.000000 844.000000 614.000000
740.000000 1859.000000 901.000000 2823.000000 832.000000
1264.000000 1416.000000 1451.000000 2190.000000 1561.000000
243.000000 1335.000000 1349.000000 2056.668457 1444.790649
614.000000 1897.000000 873.000000 2874.000000 789.000000
880.000000 122.000000 1462.000000 695.000000 1570.000000
691.000000 1903.000000 1362.000000 2930.000000 1443.000000
1353.000000 1415.000000 757.000000 2147.000000 736.000000
760.000000 1873.000000 911.000000 2844.000000 842.000000
1169.000000 1881.000000 758.000000 2840.000000 642.000000
1529.000000 218.000000 646.000000 764.000000 803.000000
1072.000000 1873.000000 880.000000 2840.000000 802.000000
957.000000 47.000000 1462.000000 630.000000 1570.000000
1205.000000 621.000000 1086.000000 1169.000000 1188.000000
1530.000000 1391.000000 840.000000 2113.000000 835.000000
805.000000 1121.000000 1218.000000 1759.000000 1298.000000
1068.000000 830.000000 731.000000 1382.000000 802.000000
942.000000 711.000000 1108.000000 1256.000000 1196.000000
1563.000000 1235.000000 657.000000 1887.000000 654.000000
1460.000000 1329.000000 496.000000 2049.000000 455.000000
1203.000000 1854.000000 752.000000 2802.000000 640.000000
1125.000000 519.000000 1009.000000 1068.000000 1118.000000
928.000000 817.000000 1020.000000 1391.000000 1104.000000
523.000000 1542.000000 1414.000000 2373.333252 1519.941895
1513.000000 1177.000000 1500.000000 1848.000000 1618.000000
910.000000 1361.000000 946.000000 2082.000000 965.000000
991.000000 1914.000000 1359.000000 2947.000000 1437.000000
1314.000000 1855.000000 1164.000000 2843.000000 1179.000000
771.000000 125.000000 134.000000 723.000000 358.000000
615.000000 1895.000000 1169.000000 2900.000000 1181.000000
786.000000 1853.000000 1084.000000 2832.000000 1074.000000
761.000000 884.000000 1027.000000 1468.000000 1106.000000
1362.000000 1409.000000 1044.000000 2159.000000 1074.000000
1078.000000 1306.000000 603.000000 1980.000000 581.000000
1550.000000 1108.000000 1246.000000 1745.000000 1330.000000
1056.000000 440.000000 147.000000 1143.000000 307.000000
839.000000 1350.000000 1166.000000 2071.000000 1224.000000
1186.000000 163.000000 55.000000 748.000000 279.000000
1008.000000 795.000000 905.000000 1335.000000 984.000000
820.000000 429.000000 455.000000 958.000000 592.000000
203.000000 483.000000 1266.000000 1032.535156 1386.642944
1049.000000 1825.000000 615.000000 2750.000000 472.000000
906.000000 1363.000000 450.000000 2017.000000 392.000000
1279.000000 700.000000 904.000000 1248.000000 997.000000
1430.000000 899.000000 1032.000000 1486.000000 1110.000000
717.000000 1620.000000 562.000000 2481.000000 462.000000

1.000000 1567.653564 582.957458 2.488669 166.507874 2330.032715 502.722656 463.366425 402.715912
0.000000 1600.185669 479.160461 138.269699 -1.541801 2333.536377 347.179321 270.337952 198.639145
8.000000 1213.594727 1608.576904 3.207529 1629.328979 1086.516113 1723.820435 376.613647 1732.143433
38.000000 1413.615723 1576.593628 553.765503 1613.423584 2136.696777 1711.757812 1786.399292 1717.780762
5.000000 1553.757324 1336.660767 1544.374878 656.652283 2377.967529 1330.146851 2324.240723 586.601074
6.000000 450.345154 308.712341 1066.519043 473.884033 936.728699 448.898163 1656.698486 489.434906
4.000000 1532.372803 653.297607 1541.654785 1270.025269 2309.382568 570.986267 2362.357422 1320.304688
15.000000 305.868347 473.281433 265.979187 1086.838623 842.853882 633.310730 815.659668 1210.109619
14.000000 310.168884 1080.010742 348.531433 476.573303 856.916504 1203.344604 883.286865 619.997925
17.000000 414.654694 1096.743652 449.049866 506.611298 958.098083 1209.928711 979.598389 636.651611
32.000000 381.818298 1079.908691 417.195587 493.164246 932.539124 1039.969360 948.349365 629.936340
7.000000 1987.277710 1220.107788 1966.559448 696.670898 3060.927490 1244.033447 2974.616211 536.510132
9.000000 520.255615 315.709442 1020.209106 449.216858 1020.057312 442.264709 1653.356689 476.230835
10.000000 1029.532349 471.744415 532.815247 338.599396 1609.913574 494.848969 993.351807 459.676392
16.000000 1219.800659 656.682983 1217.164673 1163.353271 1866.185059 656.464355 1884.944824 1229.947266
25.000000 696.938416 553.345093 675.107300 1056.598999 1234.593262 643.295654 1225.440918 1146.644409
24.000000 1722.461060 713.042542 1737.866089 1196.628418 2627.541260 682.625854 2676.083252 1200.054688
20.000000 1309.434204 1173.331421 1311.084106 696.658875 2013.469482 1236.800293 1990.339722 683.319153
18.000000 1475.584106 706.616638 1479.796631 1176.668457 2227.485840 666.206177 2262.170898 1230.071533
30.000000 86.557457 1617.633667 546.654297 1596.398804 663.271973 1716.378296 1090.041992 1709.147461
88.000000 1562.018066 726.582458 1569.256592 1186.625854 2384.094727 996.614014 2400.466309 1233.301025
22.000000 1607.576538 1186.699585 1601.372925 729.981323 2462.959961 1230.027832 2422.959717 693.361206
35.000000 1100.082153 1174.329468 643.745361 1158.283081 1656.666260 1253.374023 1256.668335 1249.810913
21.000000 1521.728882 1180.021729 1515.682007 733.346680 2326.232910 1230.028809 2290.437256 689.971008
26.000000 443.474457 1659.852905 3.451780 1679.341064 990.011658 1769.815918 503.326996 1771.613770
51.000000 1937.512329 759.703430 1954.761841 1196.610229 2958.449707 919.786743 2992.769775 1206.734131
28.000000 440.300751 325.537292 856.727905 436.436737 950.099304 468.247040 1396.654297 493.551178
33.000000 413.946136 669.846008 390.537903 1083.363770 949.085510 796.510315 934.109924 1203.361938
29.000000 1126.918701 1159.980347 743.995605 1131.191406 1660.068237 1228.917603 1230.170898 1222.275757
54.000000 3.269111 160.234100 336.233276 251.579773 473.393555 398.898621 756.609070 414.386383
36.000000 786.367004 1147.723389 1113.330566 1170.040161 1259.977173 1238.813721 1656.634399 1243.030884
42.000000 1036.280273 940.065063 1034.826294 633.342041 1640.916382 1003.959106 1627.514526 666.632996
70.000000 696.120544 1209.903687 688.589355 1513.381104 1232.070679 1310.068481 1234.286987 1566.658447
56.000000 182.342606 1513.258789 204.438400 1219.581543 743.869080 1619.832764 760.608093 1339.837036
46.000000 325.701477 723.272156 307.111877 1016.694885 867.270630 820.026917 852.850708 1143.311768
58.000000 166.654221 1542.897583 459.938751 1534.521973 729.999695 1646.633545 1010.007080 1644.124512
48.000000 1232.237061 1099.995850 1233.338989 806.666687 1903.218384 1136.670532 1892.426514 820.030884
66.000000 44.331467 720.291626 24.804806 1010.323486 612.979553 893.489746 599.331909 1153.473267
34.000000 1240.932861 800.004089 1239.679443 1086.679810 1899.614258 813.347107 1914.135376 1219.971313
81.000000 81.879532 293.466492 62.024696 573.712952 640.415527 510.020264 628.714966 750.099854
59.000000 466.817474 1230.134033 456.179596 1506.776123 1012.461731 1343.383301 1006.919617 1616.671753
71.000000 322.782166 325.305786 587.778748 399.353577 856.564941 491.369202 1106.670654 509.945709
149.000000 488.792694 786.928284 475.861298 1056.787842 1023.336548 976.878052 1017.532166 1160.027466
162.000000 632.346985 1063.268188 649.926514 796.881775 1181.295410 1173.354370 1184.162109 996.626038
246.000000 1285.824341 576.795471 1542.695312 639.289124 1953.108398 553.972168 2103.193359 562.470520
286.000000 1056.599365 1256.665527 1052.322144 1509.982910 1685.410156 1356.729980 1692.457520 1496.710815
84.000000 509.616882 396.790192 499.149048 646.770630 1036.251709 523.384888 1032.013916 763.368896
39.000000 1166.706055 1574.206421 1416.648071 1562.921143 1790.002930 1703.566162 2136.698486 1699.205688
19.000000 1282.868530 753.330444 1281.307251 1003.341492 1951.921997 663.387390 1973.237915 1220.003662
85.000000 460.072479 1208.659424 213.226212 1195.314697 1006.672852 1319.109253 766.661316 1317.439941
68.000000 196.386398 1019.985962 209.107193 771.739136 767.186340 1156.454224 786.552185 899.991333
91.000000 213.385025 1189.061279 460.037933 1202.644653 769.991882 1310.506348 1006.651123 1314.302734
98.000000 206.694916 1325.490479 453.379425 1331.413452 766.665344 1440.765259 1000.003723 1441.164551
117.000000 196.631485 1498.032715 443.338470 1493.620605 756.651428 1604.924316 966.664551 1603.088135
92.000000 203.355286 1368.282715 450.024261 1371.435425 763.330505 1481.364868 1000.001465 1481.022461
211.000000 199.987915 1454.665161 446.665710 1453.175171 833.331604 1562.757080 996.663452 1562.266357
93.000000 203.326080 1411.609619 450.002747 1412.720947 759.998840 1522.348877 996.669067 1522.074341
67.000000 803.403320 703.334229 806.492920 463.331085 1354.675903 789.984924 1351.757812 529.980286
106.000000 453.454193 1194.230103 216.708618 1182.487549 1000.011902 1305.203613 773.330078 1304.642090
108.000000 216.672897 1283.140137 450.085785 1290.676147 773.332458 1400.222778 996.675293 1401.073608
109.000000 1338.359497 899.988892 1339.871582 1130.000854 2045.112427 963.386414 2052.626465 1183.357422
82.000000 274.944489 1076.764893 288.769409 849.924988 823.568176 1196.677734 834.920471 956.741760
103.000000 595.823486 1283.297607 586.367004 1506.653931 1154.793823 1386.705688 1148.659912 1616.630859
90.000000 1072.173706 536.699707 1068.778809 760.032104 1668.920410 559.950256 1674.145874 796.648743
125.000000 233.519989 373.346832 217.601425 593.641724 780.717712 556.706909 769.494507 756.825256
60.000000 1056.837280 1190.627686 836.661621 1176.746216 1593.338135 1268.622192 1319.996460 1267.666870
127.000000 12.953718 1036.634155 31.737711 817.100586 589.497803 1179.965698 602.937317 983.306274
168.000000 52.370369 593.254211 70.163216 376.680084 620.014587 753.334290 631.611267 580.331421
64.000000 1174.882080 1493.305786 1178.222534 1276.639282 1844.479248 1613.384521 1838.311157 1350.117676
112.000000 1093.766602 1079.690186 881.062927 1054.395142 1643.159912 1144.418213 1423.628784 1135.804199
75.000000 1640.610229 953.220215 1642.884644 1166.600342 2495.430420 956.527954 2511.747314 1203.217773
86.000000 1179.072266 1109.986938 1182.025513 899.981628 1832.124268 1173.359131 1827.001221 933.397339
61.000000 1811.905640 1200.053101 1804.210571 993.176697 2782.783691 1230.059570 2753.477539 959.623169
73.000000 1438.387817 1486.667847 1438.233521 1280.001343 2220.129639 1606.835083 2206.966797 1356.475586
102.000000 934.375427 713.248230 941.924072 509.947662 1508.288330 783.312134 1511.134399 553.306152
96.000000 1338.531860 603.317322 1340.276489 806.664307 2023.201294 573.144409 2036.979980 806.648193
153.000000 1164.295776 1490.003174 1164.959839 1289.994385 1828.867432 1556.698853 1823.749146 1376.560181
131.000000 467.378967 1073.376099 479.183258 876.617676 1009.728882 1186.656616 1016.873596 993.341003
69.000000 1346.359131 1283.238403 1349.248169 1476.727661 2061.532227 1353.247070 2075.982666 1609.850830
110.000000 1157.815186 1303.351929 1154.745117 1493.410034 1817.842651 1393.306519 1822.870850 1613.343872
114.000000 812.422607 483.318756 809.382080 673.323425 1358.731689 543.316589 1360.461426 756.662903
97.000000 1436.288330 1126.663696 1437.789795 936.649231 2196.224365 1173.355103 2184.738281 940.259277
224.000000 249.615692 605.378662 63.264957 570.363892 786.727417 761.623840 629.903442 756.048645
193.000000 213.513351 1031.375122 26.587774 1014.191528 766.684937 1162.014771 600.004028 1159.708862
148.000000 189.989944 1519.527710 3.195066 1523.503052 750.020386 1625.103516 566.673035 1627.217651
202.000000 1171.218628 770.002014 1171.528687 583.330322 1805.576538 750.040283 1799.538086 586.560608
207.000000 26.245382 1028.561890 210.530945 1043.410522 600.054688 1172.620483 763.403198 1174.827759
133.000000 919.060120 539.976196 914.412476 723.360657 1488.815430 590.001953 1489.134277 783.334778
111.000000 1180.493530 753.344727 1184.734985 569.955322 1819.357300 790.014587 1814.363281 570.052307
115.000000 1425.957642 1130.004272 1424.865723 946.677368 2182.184570 1169.858398 2168.576904 959.876221
52.000000 1797.356567 392.485168 1977.672974 409.038391 2678.410400 197.332596 2961.880859 161.759872
78.000000 246.390915 599.978638 260.354675 419.769196 789.426208 756.625183 807.020874 513.358948
226.000000 66.856873 578.969482 243.652771 611.602722 630.019592 762.812683 786.715088 768.715027
212.000000 1764.345215 1019.972107 1769.216553 1196.688232 2713.115967 1000.020630 2728.303467 1160.160889
205.000000 3.302363 1535.391113 180.026718 1531.100220 576.642517 1638.346191 740.038330 1635.959229
113.000000 1420.598511 1309.998047 1421.182373 1486.673828 2186.455322 1393.345459 2198.710449 1606.740723
123.000000 1426.972290 816.662659 1424.662354 640.026184 2162.985840 800.022095 2150.054932 596.663147
94.000000 1728.538818 431.131073 1902.103882 402.536926 2611.891113 268.707458 2829.170898 176.823441
240.000000 193.318130 1230.450928 19.957174 1224.602905 749.996826 1351.367676 596.656494 1351.009033
204.000000 492.833649 643.309204 501.190674 470.057434 1024.839844 766.719666 1030.590210 603.354126
37.000000 1233.143311 534.071533 1399.912720 577.005554 1840.011475 516.447754 2213.364990 536.065918
216.000000 715.141174 1050.072021 721.917908 879.943604 1267.665039 1130.021606 1271.123413 969.952271
261.000000 20.114332 1230.592896 190.096588 1237.684814 600.000916 1356.548584 746.684448 1357.667969
144.000000 1164.405396 596.635437 1162.056274 766.695068 1794.494629 603.304749 1799.086670 790.022461
76.000000 1735.330444 448.172943 1902.577515 421.862305 2698.637939 234.694031 2942.231445 206.981293
135.000000 867.360596 470.356506 1030.382446 508.359344 1426.547485 526.827881 1616.780884 533.316833
236.000000 166.801620 1350.009521 155.059357 1516.788208 734.335449 1466.726562 725.172485 1619.910645
215.000000 1162.085327 943.317078 1159.914062 1110.085693 1834.258911 1013.306641 1838.869995 1173.365845
177.000000 613.336304 1510.153198 446.667206 1513.361938 1173.320923 1621.493408 999.995483 1622.668091
219.000000 169.970230 1538.829712 3.326595 1543.068481 746.666687 1643.333374 586.666687 1643.333374
128.000000 1436.666626 793.333313 1436.666626 626.666687 2173.467285 779.994934 2166.030518 583.231384
257.000000 56.792431 739.164795 219.940216 763.730408 623.286987 908.269775 770.023743 912.513184
272.000000 93.309006 310.097229 253.299927 350.133514 650.054443 518.999878 793.325928 526.802612
132.000000 883.213989 443.806580 1043.131348 484.134338 1426.686646 496.203857 1619.948608 504.527435
250.000000 713.775940 890.016479 707.697144 1053.371704 1262.635498 979.991333 1260.777832 1130.009644
57.000000 10.408878 1210.166382 3.152872 1373.325317 590.194214 1340.188232 575.260681 1620.102783
274.000000 649.814575 673.324341 657.567810 513.215576 1188.358887 753.363464 1190.912354 609.956909
116.000000 1026.237549 888.617310 869.809082 854.201050 1619.793701 942.190796 1410.395508 922.467346
104.000000 1717.225098 1139.990845 1714.617554 979.979065 2646.043701 1183.392090 2624.649902 956.542542
152.000000 1419.009644 653.340332 1420.140747 813.332336 2144.546387 616.594727 2155.225830 796.752075
130.000000 1704.020874 866.643127 1698.660645 709.931824 2609.973389 800.002197 2593.848877 606.623657
208.000000 456.684143 1524.191284 613.353699 1520.998169 1010.000488 1633.449097 1173.345337 1632.733887
181.000000 712.916199 424.750031 861.787842 468.582489 1246.531250 511.615356 1416.177246 525.837402
154.000000 1016.264404 498.251648 866.599487 460.264801 1599.900269 525.388672 1420.000244 516.662292
269.000000 76.500061 1496.897583 87.730064 1342.924683 656.531128 1603.325562 664.709656 1459.888428
225.000000 630.167725 1068.250122 476.647400 1053.534424 1176.755615 1168.793823 1019.953186 1165.721313
234.000000 477.351410 1065.634521 630.657898 1079.269531 1023.251099 1177.046265 1176.804443 1180.447144
271.000000 109.550339 1009.480469 120.737991 856.233826 679.665771 1153.135376 687.397278 1009.859558
270.000000 135.493423 860.141418 125.674141 1010.153198 700.518677 1010.026062 693.317139 1153.499878
248.000000 647.298706 680.081299 499.727600 651.401672 1183.465820 776.876587 1033.311768 770.507141
242.000000 499.582062 661.982239 645.389526 692.723999 1033.080444 780.907471 1183.737305 789.893616
118.000000 1333.380249 1255.785156 1186.596802 1247.979858 2053.336182 1329.679199 1846.656128 1327.884399
253.000000 619.866516 1249.547852 473.205811 1242.752075 1169.960693 1353.873779 1019.976135 1352.349854
238.000000 612.528992 1476.632446 618.764648 1329.947510 1169.080322 1586.642334 1173.138916 1433.328247
83.000000 944.285706 580.024414 940.522522 726.680054 1518.053345 543.307129 1514.819336 783.308411
273.000000 539.992310 1353.333008 533.841675 1496.688477 1097.261597 1460.012329 1094.288086 1603.422241
299.000000 542.018799 1053.086792 549.619080 909.802979 1092.394287 1159.887207 1096.086914 1019.984680
136.000000 1396.660767 1609.786865 1253.344482 1613.739746 2036.652466 1752.810303 1846.430786 1757.969360
151.000000 1692.325439 720.031372 1696.785034 863.329651 2573.348877 636.665222 2589.915771 816.674438
141.000000 1141.932983 538.651062 1280.408081 575.116882 1759.640503 543.150513 1946.472168 553.507751
137.000000 1369.475830 578.711853 1233.216187 543.790405 2056.554443 538.752258 1866.566162 528.535339
79.000000 1333.403198 1245.613037 1193.135498 1236.318115 2053.325195 1321.838867 1809.738159 1308.911743
89.000000 1986.668213 1264.359009 1846.663574 1264.563965 3066.774658 1303.020630 2829.933838 1311.482056
285.000000 754.346375 686.732971 763.324158 549.563049 1301.147949 770.041748 1306.242310 629.863464
278.000000 476.554565 1248.808228 613.369812 1255.969849 1020.005920 1359.258545 1163.330078 1360.403809
291.000000 613.130676 923.323242 606.334351 1060.149048 1161.441772 1023.293762 1158.512207 1163.371948
290.000000 520.337952 1490.015991 526.823730 1353.182739 1081.173340 1600.028442 1084.570557 1459.949219
251.000000 1001.582214 926.622864 998.162964 1063.287354 1597.523682 986.659607 1598.764160 1136.676880
228.000000 1186.666626 633.333313 1186.666626 770.000000 1821.591553 636.621399 1826.051147 793.350830
298.000000 10.090943 252.979431 140.876999 286.587097 579.983765 485.819214 719.977783 486.733856
292.000000 562.514221 913.457886 556.074585 1043.469116 1108.729614 1020.048401 1105.444580 1160.049561
147.000000 1733.363892 1307.722046 1860.021118 1304.062134 2676.821045 1375.785522 2860.058105 1364.257324
105.000000 1983.362305 1274.427124 1856.673828 1272.784790 3066.675293 1317.094727 2839.966553 1321.674438
179.000000 1994.170532 746.836365 1998.461426 873.258423 3012.593018 596.343628 3033.806641 766.607727
146.000000 337.228027 550.038574 328.746094 673.476196 876.592712 629.996521 867.942566 813.393494
227.000000 716.299500 421.413300 596.585571 390.312042 1279.909424 508.450745 1123.307739 500.504578
178.000000 1916.788330 382.503235 1796.586304 388.347443 2833.844238 145.446075 2669.869873 196.239471
199.000000 1928.242554 1590.051758 1924.802490 1473.290039 2988.913086 1756.786621 2970.863525 1593.238037
121.000000 1199.997437 1350.107910 1313.346313 1352.781250 1850.002075 1444.583618 2056.668457 1444.790649
142.000000 1114.811523 756.636719 1116.642212 643.279114 1738.593628 786.752930 1735.193970 599.966125
