Keypoint Matches and Line Matches for pairs 6, 27 
6 corresponds to the image ./resources/Data/CastleP30/images/0006.png 
27 corresponds to the image ./resources/Data/CastleP30/images/0027.png 

346.000000 2855.167969 385.640381 73.030106 454.610870
129.000000 2939.180176 919.696777 459.821533 1029.983398
130.000000 2964.974609 1133.537476 443.230469 1213.087402
213.000000 2896.822510 543.858276 493.233856 707.138672
206.000000 2894.033203 546.587280 489.056610 706.899536
186.000000 2915.199951 726.912720 477.204681 863.692200
127.000000 1744.958496 508.092590 1254.418091 563.467957
128.000000 1916.133423 473.990265 1436.515381 532.445190
204.000000 2763.906006 763.610168 334.563660 836.805420
205.000000 2746.828613 593.317078 352.259125 679.878845
143.000000 2598.871094 805.153687 153.838791 807.322083
144.000000 2762.635498 767.004700 330.503204 840.667419
131.000000 2740.516846 591.747681 349.718719 677.966431
132.000000 2579.789062 639.287048 169.502380 638.966125
199.000000 2913.118408 552.607788 179.893280 653.843994
317.000000 2143.429932 1077.026855 1528.500366 1119.957764
477.000000 3065.396729 1291.234131 532.231018 1358.629517
356.000000 3065.767822 1256.957153 467.711975 1332.216431
295.000000 2933.279541 1344.896851 348.873657 1417.255493
265.000000 2262.470215 736.529846 1681.188599 793.353943
1458.000000 3000.775879 1106.967407 461.000000 1201.000000
198.000000 2730.220215 607.411804 336.011383 686.469055
1071.000000 2590.589844 648.663269 175.000000 653.000000
236.000000 2743.600830 754.347778 313.481659 822.508728
319.000000 2126.719727 780.790283 1530.869995 839.837585
237.000000 2936.512939 706.080444 166.765701 796.116089
322.000000 2266.008545 742.345154 1558.593262 834.043579
299.000000 2632.579590 986.582886 163.185196 997.729309
335.000000 2019.516235 813.353821 1443.842896 866.677124
845.000000 2955.808838 929.717224 470.000000 1039.000000
201.000000 2943.138184 915.652222 466.229401 1026.533325
516.000000 2939.991211 1781.623291 346.447510 1745.604492
517.000000 3066.654053 1782.313599 447.118408 1755.318237
963.000000 1926.883423 432.913696 1445.000000 495.000000
24.000000 3014.559570 556.509705 65.986900 546.577148
341.000000 2687.423828 1169.701416 173.099030 1185.649536
342.000000 2806.532471 1155.537476 299.817780 1198.467896
200.000000 2146.858887 1071.008789 623.601440 1048.037964
297.000000 2960.046875 926.911621 476.606384 1040.449707
490.000000 2662.029785 657.330872 245.992905 696.583618
479.000000 2109.135254 1226.708496 1496.169312 1263.328979
480.000000 2103.804688 1116.643799 1497.108154 1156.670532
1244.000000 2671.000000 1145.000000 147.000000 1156.000000
905.000000 2619.000000 865.000000 164.000000 873.000000
821.000000 1823.000000 420.000000 1340.000000 475.000000
723.000000 1844.000000 437.000000 1356.000000 493.000000
583.000000 2065.000000 875.000000 1515.000000 918.000000
1432.000000 1870.000000 854.000000 1367.000000 879.000000
1118.000000 2751.000000 1099.000000 238.000000 1133.000000
886.000000 1853.000000 705.000000 1358.000000 742.000000
1494.000000 1865.000000 702.000000 1370.000000 744.000000
899.000000 1885.000000 848.000000 1380.000000 884.000000
946.000000 1864.000000 671.000000 1370.000000 715.000000
745.000000 1566.000000 662.000000 1020.000000 713.000000
910.000000 1898.000000 845.000000 1392.000000 885.000000
605.000000 2978.000000 1624.000000 518.000000 1626.000000
1024.000000 1839.000000 708.000000 1346.000000 740.000000
737.000000 2731.000000 1223.000000 202.000000 1277.000000
703.000000 2317.000000 807.000000 1632.000000 885.000000
670.000000 2651.000000 769.000000 198.000000 792.000000
682.000000 1905.000000 689.000000 1407.000000 737.000000
928.000000 2777.000000 860.000000 224.000000 945.000000
1500.000000 1865.000000 716.000000 1358.000000 757.000000
895.000000 1852.000000 675.000000 1358.000000 727.000000
1488.000000 2818.000000 1116.000000 215.000000 1155.000000
919.000000 1551.000000 659.000000 1003.000000 708.000000
868.000000 2908.000000 553.000000 499.000000 719.000000
693.000000 2699.000000 405.000000 250.000000 461.000000
1433.000000 2082.000000 1200.000000 1513.000000 1232.000000
1328.000000 2319.000000 831.000000 1721.000000 882.000000
1136.000000 2614.000000 615.000000 212.000000 635.000000
1266.000000 1905.000000 704.000000 1407.000000 751.000000
584.000000 1892.000000 693.000000 1395.000000 750.000000
727.000000 2582.000000 716.000000 157.000000 687.000000
298.000000 2770.000000 962.000000 299.525818 1016.734985
1043.000000 2575.000000 618.000000 169.000000 617.000000
607.000000 2719.000000 752.000000 519.000000 849.000000
1210.000000 2112.000000 885.000000 1516.000000 939.000000
637.000000 2658.000000 1130.000000 81.000000 1121.000000
1202.000000 1891.000000 647.000000 1396.000000 705.000000
1011.000000 1885.000000 1310.000000 1356.000000 1323.000000
627.000000 2623.000000 617.000000 222.000000 642.000000
780.000000 2599.000000 763.000000 162.000000 767.000000
702.000000 1884.000000 817.000000 1381.000000 853.000000
679.000000 2748.000000 1065.000000 165.000000 1092.000000
1124.000000 1641.000000 599.000000 1050.000000 636.000000
1503.000000 2980.000000 1716.000000 463.000000 1707.000000
832.000000 2576.000000 803.000000 129.000000 796.000000
691.000000 1879.000000 696.000000 1383.000000 748.000000
705.000000 2683.000000 1171.000000 108.000000 1180.000000
1241.000000 1891.000000 663.000000 1396.000000 720.000000
1381.000000 1878.000000 666.000000 1384.000000 718.000000
942.000000 3043.000000 1733.000000 542.000000 1715.000000
1004.000000 1879.000000 681.000000 1383.000000 733.000000
581.000000 1897.000000 829.000000 1392.000000 870.000000
1044.000000 2107.000000 811.000000 1516.000000 869.000000
961.000000 2772.000000 1242.000000 264.000000 1259.000000
815.000000 2599.000000 599.000000 200.000000 612.000000
1275.000000 1336.000000 514.000000 704.000000 556.000000
752.000000 2981.000000 657.000000 279.000000 756.000000
1351.000000 2765.000000 985.000000 276.000000 1033.000000
1449.000000 2388.000000 764.000000 1775.000000 823.000000
1336.000000 2738.000000 1148.000000 170.000000 1171.000000
1343.000000 1868.000000 435.000000 1379.000000 494.000000
491.000000 3010.000000 679.000000 233.246994 799.989380
830.000000 2706.000000 1141.000000 234.000000 1165.000000
1483.000000 2797.000000 931.000000 332.000000 996.000000
600.000000 1892.000000 678.000000 1395.000000 735.000000
1193.000000 2651.000000 1324.000000 96.000000 1325.000000
1453.000000 2841.000000 1208.000000 318.000000 1252.000000
1067.000000 1844.000000 419.000000 1362.000000 475.000000
1072.000000 2127.000000 1165.000000 1512.000000 1206.000000
733.000000 1910.000000 825.000000 1404.000000 873.000000
644.000000 1897.000000 814.000000 1393.000000 855.000000
632.000000 1880.000000 711.000000 1383.000000 762.000000
617.000000 1816.000000 391.000000 1343.000000 452.000000
1220.000000 2587.000000 765.000000 146.000000 770.000000
1467.000000 2831.000000 1130.000000 327.000000 1181.000000
1403.000000 2773.000000 1131.000000 208.000000 1141.000000
1163.000000 1972.000000 402.000000 1496.000000 473.000000
1059.000000 2681.000000 1110.000000 161.000000 1125.000000
784.000000 1884.000000 1293.000000 1356.000000 1307.000000
1230.000000 2370.000000 769.000000 1762.000000 826.000000
912.000000 2700.000000 1241.000000 170.000000 1256.000000
743.000000 1896.000000 798.000000 1393.000000 840.000000
1102.000000 1311.000000 474.000000 680.000000 496.000000
1182.000000 1891.000000 385.000000 1413.000000 450.000000
751.000000 1869.000000 418.000000 1387.000000 476.000000
771.000000 2812.000000 935.000000 132.000000 961.000000
1027.000000 2668.000000 713.000000 307.000000 761.000000
585.000000 2963.000000 1671.000000 494.000000 1665.000000
1314.000000 2621.000000 882.000000 162.000000 891.000000
1496.000000 1335.000000 538.000000 703.000000 577.000000
1178.000000 2800.000000 1122.000000 296.000000 1168.000000
1088.000000 2749.000000 925.000000 242.000000 963.000000
630.000000 3007.000000 1634.000000 539.000000 1633.000000
872.000000 1938.000000 392.000000 1476.000000 448.000000
1436.000000 2876.000000 1406.000000 311.000000 1432.000000
898.000000 2123.000000 1103.000000 1512.000000 1147.000000
906.000000 1799.000000 401.000000 1326.000000 461.000000
1359.000000 2882.000000 1347.000000 330.000000 1379.000000
1446.000000 2815.000000 1016.000000 293.000000 1068.000000
652.000000 1874.000000 995.000000 1363.000000 1014.000000
1129.000000 2598.000000 581.000000 202.000000 594.000000
1037.000000 2351.000000 798.000000 1746.000000 851.000000
1064.000000 2314.000000 752.000000 1720.000000 806.000000
1053.000000 2298.000000 835.000000 1704.000000 886.000000
921.000000 1736.000000 503.000000 1243.000000 562.000000
1157.000000 2724.000000 1087.000000 109.000000 1077.000000
36.000000 1804.000000 426.000000 1311.626953 483.861298
1180.000000 1905.000000 674.000000 1407.000000 722.000000
303.000000 1745.000000 515.000000 1252.442017 569.975464
852.000000 2402.000000 741.000000 252.000000 751.000000
1492.000000 2585.000000 586.000000 189.000000 605.000000
1299.000000 2667.000000 740.000000 232.000000 773.000000
916.000000 2519.000000 1209.000000 97.000000 1235.000000
1501.000000 2126.000000 859.000000 1526.000000 915.000000
989.000000 2446.000000 553.000000 90.000000 494.000000

1.000000 1606.344116 538.833069 2.861412 58.241219 1231.283081 578.853943 1.444373 226.594910
6.000000 1514.536987 720.028381 1518.210693 1426.676025 981.469177 749.562866 926.386597 1729.984619
8.000000 1530.154785 1369.999146 1526.602173 723.333679 940.965393 1680.234009 990.884949 763.200073
2.000000 2474.179443 599.278381 3070.855713 405.974884 1960.623047 631.818665 3070.533447 251.556885
12.000000 2530.163086 1166.371826 2483.484375 612.758484 9.298622 977.013306 65.986900 546.577148
10.000000 1990.497070 758.171204 2453.907471 605.071472 1442.937500 812.187988 1947.105347 637.935974
5.000000 2471.837646 616.518494 2510.572021 1096.889282 1956.618652 649.925171 1980.691650 1706.726807
7.000000 1239.513672 642.218384 1487.419678 696.565186 73.422752 542.940063 981.469177 749.562866
81.000000 2663.397461 1742.179688 2910.013916 1745.698730 70.000771 1740.111694 243.325882 1738.918091
179.000000 3070.551025 311.602661 2855.167969 385.640381 196.526596 483.923462 73.030106 454.610870
67.000000 2939.180176 919.696777 2964.974609 1133.537476 459.821533 1029.983398 443.230469 1213.087402
9.000000 2665.932617 451.305054 2463.750732 524.486633 716.595886 630.299683 103.607231 485.507111
288.000000 1738.525757 488.857758 1919.015015 454.782715 1330.000977 523.584717 1426.666138 523.208740
107.000000 2894.033203 546.587280 2915.199951 726.912720 489.056610 706.899536 473.807709 863.379578
66.000000 1744.958496 508.092590 1916.133423 473.990265 1254.418091 563.467957 1436.515381 532.445190
106.000000 2763.906006 763.610168 2746.828613 593.317078 334.563660 836.805420 352.259125 679.878845
74.000000 2598.871094 805.153687 2762.635498 767.004700 153.838791 807.322083 330.503204 840.667419
68.000000 2740.516846 591.747681 2579.789062 639.287048 349.718719 677.966431 169.502380 638.966125
114.000000 2161.544678 1239.828125 2143.429932 1077.026855 1150.293945 1276.676147 1154.125000 1122.650635
248.000000 3065.396729 1291.234131 2940.999512 1396.645386 532.231018 1358.629517 428.353210 1382.972778
97.000000 2915.199951 726.912720 3071.710693 686.539307 477.204681 863.692200 637.390259 892.666260
153.000000 3065.767822 1256.957153 2933.279541 1344.896851 460.123322 1335.625244 348.873657 1417.255493
137.000000 2262.470215 736.529846 2271.927490 892.112000 1681.188599 793.353943 1678.965332 936.950623
103.000000 2730.220215 607.411804 2590.589844 648.663269 336.011383 686.469055 179.893280 653.843994
122.000000 2743.600830 754.347778 2606.777100 790.418762 313.481659 822.508728 166.765701 796.116089
165.000000 2143.354248 919.997498 2126.719727 780.790283 1527.128784 973.346252 1530.869995 839.837585
294.000000 2398.547119 703.001648 2266.008545 742.345154 1647.726196 804.479248 1558.593262 834.043579
155.000000 2765.335449 957.298767 2632.579590 986.582886 299.525818 1016.734985 163.185196 997.729309
174.000000 2019.516235 813.353821 2025.167480 946.730164 1443.842896 866.677124 1441.171387 996.690735
240.000000 2271.927490 892.112000 2398.292480 855.773071 1678.965332 936.950623 1784.510132 909.059082
104.000000 3070.234131 891.217285 2943.138184 915.652222 623.601440 1048.037964 466.229401 1026.533325
51.000000 1496.470215 624.124573 1372.504639 593.336548 886.356262 651.265564 687.679138 602.538513
268.000000 2939.991211 1781.623291 3066.654053 1782.313599 346.447510 1745.604492 447.118408 1755.318237
177.000000 2687.423828 1169.701416 2806.532471 1155.537476 173.099030 1185.649536 299.817780 1198.467896
255.000000 2662.029785 657.330872 2677.738770 766.990601 245.992905 696.583618 233.246994 799.989380
249.000000 2109.135254 1226.708496 2103.804688 1116.643799 1496.169312 1263.328979 1497.108154 1156.670532
