Keypoint Matches and Line Matches for pairs 6, 28 
6 corresponds to the image ./resources/Data/CastleP30/images/0006.png 
28 corresponds to the image ./resources/Data/CastleP30/images/0028.png 

283.000000 3069.502686 325.244110 949.822571 560.993713
18.000000 2453.538818 540.588074 180.165054 425.714142
8.000000 2474.179443 599.278381 162.775696 483.320953
29.000000 2530.163086 1166.371826 118.759956 903.534546
31.000000 2453.907471 605.071472 146.729065 481.813812
344.000000 2510.572021 1096.889282 94.440300 1006.773682
797.000000 2855.167969 385.640381 419.000000 441.000000
157.000000 2939.180176 919.696777 558.545593 936.789490
158.000000 2964.974609 1133.537476 547.002869 1114.075317
864.000000 2463.750732 524.486633 305.000000 419.000000
222.000000 3070.668457 492.252075 740.176392 645.536072
223.000000 2896.822510 543.858276 583.170959 621.040710
257.000000 2894.033203 546.587280 578.580688 623.470398
193.000000 2915.199951 726.912720 569.030029 774.216614
238.000000 2763.906006 763.610168 429.086975 756.591492
239.000000 2746.828613 593.317078 441.719269 603.200439
161.000000 2598.871094 805.153687 253.719879 734.023987
162.000000 2762.635498 767.004700 427.241241 759.405090
151.000000 2740.516846 591.747681 439.525055 599.657715
152.000000 2579.789062 639.287048 263.073059 571.639221
304.000000 2913.118408 552.607788 593.233276 633.989075
396.000000 3065.396729 1291.234131 637.945190 1252.547485
374.000000 2940.999512 1396.645386 459.629883 1315.296631
410.000000 3065.767822 1256.957153 577.436340 1229.848999
455.000000 2933.279541 1344.896851 528.910522 1282.629150
805.000000 3000.775879 1106.967407 572.000000 1091.000000
435.000000 2983.101562 956.693909 634.425659 983.405457
1416.000000 2889.072754 1723.439331 397.000000 1581.000000
234.000000 2730.220215 607.411804 426.344421 608.766479
235.000000 2590.589844 648.663269 273.040649 585.240540
264.000000 2743.600830 754.347778 409.732849 742.051208
265.000000 2606.777100 790.418762 263.378174 722.989014
375.000000 3071.080811 670.787415 716.488525 781.352722
376.000000 2936.512939 706.080444 589.823608 764.672729
1377.000000 2398.547119 703.001648 29.000000 537.000000
306.000000 2632.579590 986.582886 263.392120 916.077576
35.000000 2613.041992 459.165741 293.520782 418.902039
664.000000 2955.808838 929.717224 569.000000 946.000000
986.000000 2970.681641 1059.922119 573.000000 1061.000000
206.000000 3070.234131 891.217285 723.368286 949.648315
207.000000 2943.138184 915.652222 563.294250 933.726074
9.000000 2998.193359 557.556030 1085.345703 637.377686
768.000000 2786.816406 366.386169 1318.000000 470.000000
741.000000 2678.870361 308.783508 1421.000000 356.000000
411.000000 2687.423828 1169.701416 283.195618 1095.118042
412.000000 2806.532471 1155.537476 403.508118 1104.401489
1063.000000 2947.418701 696.609497 592.000000 756.000000
1028.000000 2938.352295 577.298462 622.000000 658.000000
321.000000 3070.472168 905.802734 709.992615 960.077026
322.000000 2960.046875 926.911621 576.609985 947.256531
802.000000 2677.738770 766.990601 344.000000 724.000000
1036.000000 2676.431152 653.355530 348.000000 676.000000
1140.000000 2671.000000 1145.000000 249.000000 1078.000000
670.000000 2619.000000 865.000000 264.000000 797.000000
1064.000000 2536.000000 1419.000000 48.000000 1309.000000
1125.000000 2570.000000 607.000000 256.000000 537.000000
755.000000 2911.000000 1729.000000 529.000000 1603.000000
1439.000000 1840.000000 723.000000 10.000000 515.000000
653.000000 2751.000000 1099.000000 346.000000 1043.000000
572.000000 2978.000000 1624.000000 605.000000 1512.000000
1160.000000 2716.000000 727.000000 375.000000 679.000000
739.000000 2651.000000 769.000000 298.000000 718.000000
902.000000 2576.000000 1667.000000 60.000000 1555.000000
1168.000000 2333.000000 536.000000 20.000000 490.000000
611.000000 2799.000000 993.000000 410.000000 961.000000
1331.000000 2930.000000 1738.000000 513.000000 1604.000000
774.000000 2908.000000 553.000000 588.000000 633.000000
686.000000 2699.000000 405.000000 352.000000 395.000000
715.000000 2603.000000 1241.000000 233.000000 1149.000000
582.000000 2614.000000 615.000000 304.000000 565.000000
745.000000 2554.000000 1262.000000 119.000000 1146.000000
1287.000000 2427.000000 560.000000 146.000000 432.000000
1430.000000 2582.000000 716.000000 252.000000 618.000000
305.000000 2770.000000 962.000000 400.028809 929.711426
813.000000 2575.000000 618.000000 261.000000 550.000000
1467.000000 2468.000000 901.000000 78.000000 777.000000
856.000000 2719.000000 752.000000 371.000000 727.000000
1180.000000 2880.000000 1428.000000 439.000000 1350.000000
669.000000 2623.000000 617.000000 313.000000 572.000000
798.000000 2599.000000 763.000000 259.000000 695.000000
1335.000000 2574.000000 1380.000000 113.000000 1275.000000
750.000000 2748.000000 1065.000000 349.000000 1012.000000
1243.000000 2945.000000 1721.000000 562.000000 1589.000000
1290.000000 2648.000000 745.000000 300.000000 694.000000
703.000000 2668.000000 765.000000 327.000000 722.000000
827.000000 2516.000000 449.000000 71.000000 395.000000
609.000000 2571.000000 1473.000000 92.000000 1364.000000
1451.000000 2926.000000 689.000000 643.000000 740.000000
711.000000 2576.000000 803.000000 228.000000 725.000000
808.000000 2444.000000 776.000000 72.000000 641.000000
1162.000000 2966.000000 1715.000000 609.000000 1584.000000
648.000000 3043.000000 1733.000000 630.000000 1597.000000
1206.000000 2703.000000 1073.000000 303.000000 1008.000000
1284.000000 2772.000000 1242.000000 373.000000 1163.000000
788.000000 2599.000000 599.000000 291.000000 543.000000
834.000000 2981.000000 657.000000 683.000000 744.000000
1024.000000 2388.000000 764.000000 14.000000 547.000000
1050.000000 3010.000000 679.000000 616.000000 759.000000
1070.000000 2706.000000 1141.000000 344.000000 1074.000000
687.000000 2797.000000 931.000000 342.000000 880.000000
821.000000 2702.000000 427.000000 350.000000 417.000000
1289.000000 2841.000000 1208.000000 426.000000 1155.000000
1174.000000 2584.000000 1230.000000 155.000000 1131.000000
1469.000000 2587.000000 765.000000 246.000000 672.000000
1378.000000 2831.000000 1130.000000 430.000000 1087.000000
607.000000 2773.000000 1131.000000 317.000000 1072.000000
874.000000 2681.000000 1110.000000 272.000000 1037.000000
1413.000000 2700.000000 1241.000000 281.000000 1162.000000
1186.000000 2537.000000 348.000000 235.000000 230.000000
1192.000000 2447.000000 536.000000 172.000000 419.000000
1466.000000 2812.000000 935.000000 439.000000 874.000000
1062.000000 2536.000000 1277.000000 90.000000 1172.000000
924.000000 2483.000000 971.000000 85.000000 852.000000
992.000000 3025.000000 1021.000000 667.000000 1038.000000
938.000000 2668.000000 713.000000 331.000000 673.000000
1074.000000 2963.000000 1671.000000 583.000000 1549.000000
749.000000 2424.000000 545.000000 141.000000 402.000000
710.000000 2800.000000 1122.000000 402.000000 1075.000000
1285.000000 2749.000000 925.000000 389.000000 892.000000
631.000000 2646.000000 719.000000 303.000000 669.000000
979.000000 3007.000000 1634.000000 660.000000 1533.000000
1340.000000 2749.000000 1268.000000 328.000000 1193.000000
58.000000 2876.000000 1406.000000 422.453003 1329.446411
633.000000 2679.000000 1076.000000 275.000000 1006.000000
1054.000000 2616.000000 1234.000000 211.000000 1144.000000
1457.000000 2882.000000 1347.000000 440.000000 1277.000000
706.000000 2716.000000 399.000000 372.000000 399.000000
961.000000 2598.000000 581.000000 292.000000 526.000000
883.000000 2658.000000 1113.000000 320.000000 1041.000000
1087.000000 2724.000000 1087.000000 320.000000 1024.000000
1358.000000 2402.000000 741.000000 24.000000 587.000000
1013.000000 2585.000000 586.000000 277.000000 525.000000
1251.000000 2667.000000 740.000000 401.000000 707.000000
667.000000 2519.000000 1209.000000 84.000000 1098.000000
1325.000000 3000.000000 1765.000000 606.000000 1616.000000
976.000000 2446.000000 553.000000 170.000000 435.000000

9.000000 3069.502686 325.244110 2453.538818 540.588074 803.272705 533.683228 180.165054 425.714142
4.000000 2474.179443 599.278381 3070.855713 405.974884 162.775696 483.320953 1085.345703 637.377686
15.000000 2530.163086 1166.371826 2483.484375 612.758484 118.759956 903.534546 159.451584 480.267731
141.000000 1990.497070 758.171204 2453.907471 605.071472 2.871465 456.032257 146.729065 481.813812
16.000000 2471.837646 616.518494 2510.572021 1096.889282 146.729065 481.813812 107.804390 853.453369
30.000000 2663.397461 1742.179688 2910.013916 1745.698730 143.311722 1621.921875 383.306519 1618.248047
21.000000 3070.551025 311.602661 2855.167969 385.640381 660.513000 487.107513 402.502991 441.348572
81.000000 2939.180176 919.696777 2964.974609 1133.537476 558.545593 936.789490 547.002869 1114.075317
18.000000 2665.932617 451.305054 2463.750732 524.486633 293.520782 418.902039 2.886489 369.284027
116.000000 3070.668457 492.252075 2896.822510 543.858276 740.176392 645.536072 583.170959 621.040710
134.000000 2894.033203 546.587280 2915.199951 726.912720 578.580688 623.470398 569.030029 774.216614
124.000000 2763.906006 763.610168 2746.828613 593.317078 429.086975 756.591492 441.719269 603.200439
83.000000 2598.871094 805.153687 2762.635498 767.004700 253.719879 734.023987 427.241241 759.405090
78.000000 2740.516846 591.747681 2579.789062 639.287048 439.525055 599.657715 263.073059 571.639221
158.000000 3070.763428 505.910339 2913.118408 552.607788 729.773315 654.819336 593.233276 633.989075
237.000000 3065.396729 1291.234131 2940.999512 1396.645386 637.945190 1252.547485 528.910522 1282.629150
100.000000 2915.199951 726.912720 3071.710693 686.539307 569.030029 774.216614 733.775940 796.654724
227.000000 3000.775879 1106.967407 2983.101562 956.693909 634.425659 983.405457 626.715088 1100.223267
29.000000 2889.072754 1723.439331 2872.316406 1576.782837 404.799164 1570.107544 422.453003 1329.446411
122.000000 2730.220215 607.411804 2590.589844 648.663269 426.344421 608.766479 273.040649 585.240540
138.000000 2743.600830 754.347778 2606.777100 790.418762 409.732849 742.051208 263.378174 722.989014
197.000000 3071.080811 670.787415 2936.512939 706.080444 716.488525 781.352722 589.823608 764.672729
159.000000 2765.335449 957.298767 2632.579590 986.582886 400.028809 929.711426 263.392120 916.077576
107.000000 3070.234131 891.217285 2943.138184 915.652222 723.368286 949.648315 563.294250 933.726074
145.000000 3029.939209 676.674438 3014.559570 556.509705 736.600586 793.511536 744.433655 649.878235
215.000000 2687.423828 1169.701416 2806.532471 1155.537476 283.195618 1095.118042 403.508118 1104.401489
167.000000 3070.472168 905.802734 2960.046875 926.911621 709.992615 960.077026 576.609985 947.256531
