Keypoint Matches and Line Matches for pairs 6, 29 
6 corresponds to the image ./resources/Data/CastleP30/images/0006.png 
29 corresponds to the image ./resources/Data/CastleP30/images/0029.png 

4.000000 1547.353882 647.203247 1303.524414 631.361755
18.000000 287.044495 1784.197876 437.459106 1768.233032
28.000000 323.604614 1765.312622 463.997192 1746.204102
19.000000 1514.536987 720.028381 1256.558594 686.509399
37.000000 393.513062 1740.341553 490.722076 1739.587158
44.000000 1066.830933 1723.073120 1140.402344 1683.518555
42.000000 416.822021 1708.574463 530.325806 1681.022949
9.000000 2453.538818 540.588074 2066.990479 679.515930
26.000000 1526.602173 723.333679 1266.788818 703.297913
21.000000 154.389664 536.428162 329.689240 296.363831
22.000000 88.006477 1170.140381 267.057251 1050.032471
35.000000 136.836807 1163.350830 308.905731 1046.578003
10.000000 2474.179443 599.278381 2086.576660 729.186829
29.000000 252.490097 1179.920410 403.424347 1073.340210
30.000000 310.063141 570.005981 457.498047 363.396667
31.000000 216.809143 1163.347168 374.143250 1053.136475
32.000000 275.602020 556.563538 429.514191 343.295441
51.000000 2015.075928 1323.531372 1580.966675 1300.060547
52.000000 1992.542236 763.231079 1575.621094 796.677795
46.000000 450.129852 1688.480347 556.852234 1658.283569
63.000000 2530.163086 1166.371826 2110.269287 1196.480469
81.000000 946.186584 531.952393 939.525513 434.060913
85.000000 1162.657104 723.479187 1048.610352 663.299194
84.000000 943.314087 523.411560 940.715210 425.571136
40.000000 543.167053 1139.987793 628.573608 1050.116821
103.000000 523.478882 1721.415405 767.020142 1691.145874
104.000000 1036.738647 1705.681885 1110.319824 1664.052368
61.000000 1731.832153 796.628113 1371.856079 786.667847
62.000000 1742.428711 1299.948853 1371.549438 1270.000977
49.000000 1254.799683 1266.634033 1098.458008 1219.964355
50.000000 1263.601196 763.338013 1110.188477 713.260498
57.000000 1448.888428 776.669861 1218.955444 746.701233
58.000000 1448.175415 1276.668823 1211.554077 1236.690186
53.000000 1990.497070 758.171204 1573.144775 788.377197
54.000000 2453.907471 605.071472 2070.457764 730.608398
74.000000 503.908020 1246.014893 601.080566 1167.255249
77.000000 2471.837646 616.518494 2076.433594 733.344299
154.000000 1549.494507 1283.335205 1269.475098 1243.357178
79.000000 1495.347290 1276.667847 1238.225830 1236.647339
80.000000 1494.944214 806.665283 1243.186890 779.998413
66.000000 1976.252808 1290.015991 1564.270508 1286.626099
75.000000 1594.561890 1283.349976 1291.614502 1246.644653
47.000000 265.251373 743.201294 419.559174 556.388550
48.000000 225.415405 1170.194214 381.942841 1066.809814
121.000000 586.636475 1702.342773 770.214661 1669.752319
122.000000 1006.652466 1689.534302 1073.471680 1648.655029
128.000000 596.402588 1220.390991 784.573303 1146.032715
72.000000 750.354980 495.217194 806.530518 363.547882
143.000000 1183.001465 873.325745 1060.743286 816.685974
193.000000 632.958435 1235.438477 840.760498 1165.900879
56.000000 370.071533 1712.261963 493.077332 1687.020264
461.000000 1175.567139 879.976501 1054.241943 826.693909
166.000000 956.001465 699.986084 920.299255 610.008362
150.000000 135.581589 1099.887451 308.547272 969.886780
109.000000 304.856903 1323.442383 443.002563 1243.323242
152.000000 286.636719 1644.809570 426.603790 1611.976318
185.000000 300.009399 1299.832520 440.355499 1214.151733
186.000000 23.278948 1284.302490 213.047684 1182.020874
177.000000 6.675218 1466.207520 196.743958 1401.648560
178.000000 283.370087 1471.360718 426.718750 1412.197632
179.000000 3.311189 1511.584961 193.326294 1456.949463
180.000000 280.016998 1515.450928 423.349792 1462.671875
210.000000 495.290924 1149.865967 592.583252 1053.278320
1125.000000 521.863159 877.173035 615.000000 757.000000
189.000000 26.616116 1277.524048 216.536865 1174.219238
190.000000 299.981812 1293.641724 443.221161 1207.432251
191.000000 13.306554 1420.896729 203.285797 1347.340576
192.000000 286.694733 1429.060669 430.233978 1363.349854
183.000000 3.331842 1557.378174 189.997055 1511.533447
184.000000 276.670959 1557.951050 420.002594 1511.974976
1169.000000 503.543488 1596.682251 542.000000 1577.000000
201.000000 523.619690 1326.687988 630.060120 1243.336426
181.000000 3.329738 1602.737793 186.597427 1566.968018
182.000000 273.319916 1601.108032 416.629730 1561.715332
113.000000 343.769684 866.974060 481.219727 710.304260
114.000000 322.037903 1133.499512 459.635498 1033.308960
204.000000 293.613770 1284.613403 437.158661 1196.340820
205.000000 26.802567 1270.722900 217.103149 1166.753662
123.000000 354.478790 713.405212 491.289093 540.071594
124.000000 371.003510 450.062958 507.956116 239.886520
216.000000 29.915442 1331.926514 216.658157 1240.075684
217.000000 289.999634 1343.341919 429.920410 1264.041504
218.000000 23.338289 1376.530762 213.299744 1293.696289
219.000000 283.357269 1386.010376 426.656403 1313.444214
1418.000000 1846.616821 1671.008301 1457.000000 1625.000000
384.000000 943.395081 1282.352051 1020.402283 1227.391357
142.000000 1096.246216 1609.986450 996.009766 1566.749634
173.000000 97.149086 1163.383423 276.633118 1039.997437
1421.000000 1810.266113 833.393921 1441.000000 836.000000
155.000000 450.455231 1376.701294 544.703430 1306.554565
156.000000 432.465942 1613.520630 529.289307 1576.626099
175.000000 998.647095 600.069031 949.209290 520.087097
176.000000 990.510925 833.467346 940.875427 763.363342
243.000000 1635.556274 1263.277344 1314.059814 1230.037231
200.000000 618.221741 1519.887817 618.763000 1466.604126
98.000000 632.716125 1290.171387 809.861572 1226.800171
1295.000000 2855.167969 385.640381 2422.000000 627.000000
231.000000 854.873962 573.218262 854.590210 466.570068
268.000000 712.157227 536.776855 758.900757 409.960541
234.000000 1822.384521 1296.697388 1440.429565 1269.995972
235.000000 1815.264404 1076.604248 1438.518188 1066.586670
339.000000 1115.289551 979.954407 1017.574951 923.251892
194.000000 1293.954590 1003.347534 1131.150391 953.755005
195.000000 1288.928955 1223.385010 1118.939819 1180.122559
342.000000 2939.180176 919.696777 2461.833984 1039.855835
343.000000 2964.974609 1133.537476 2475.451660 1200.048828
131.000000 2665.932617 451.305054 2233.218506 639.070679
206.000000 1083.942383 1603.347168 987.425903 1559.936279
207.000000 1088.806641 1389.972778 992.872131 1339.906128
228.000000 1296.045044 670.012451 1133.791382 623.453613
229.000000 1295.066650 883.341309 1127.133667 833.348145
202.000000 828.596069 796.607178 834.447021 696.593994
203.000000 837.358276 589.888000 841.758667 473.281769
220.000000 1081.531494 1403.273071 983.450500 1350.003784
221.000000 1074.610718 1610.042725 976.461792 1563.435791
368.000000 502.490234 740.176331 596.053833 589.962158
372.000000 1096.236938 993.367981 1005.907715 933.275574
314.000000 2321.931396 1433.211182 1900.830566 1403.303223
315.000000 2334.580811 1633.254395 1906.993042 1573.442261
1403.000000 1124.422363 633.239014 1029.000000 553.000000
105.000000 35.632465 1106.558472 220.752014 963.075745
254.000000 829.763367 603.321472 831.727234 486.600311
347.000000 554.048523 1329.889282 665.203247 1259.885864
232.000000 1388.616577 1223.331543 1178.322388 1183.376099
408.000000 463.279541 1619.699829 563.323975 1582.808472
409.000000 273.321167 1622.511719 419.976746 1585.361816
286.000000 1176.686035 596.585510 1075.669800 534.923401
298.000000 1721.497559 1250.031860 1356.978027 1219.996826
115.000000 85.123466 666.492615 268.421356 433.153656
224.000000 313.468414 1136.679321 453.460846 1023.343323
225.000000 330.605225 953.389893 469.922821 813.327271
281.000000 1919.015015 454.782715 1546.677612 502.230316
331.000000 2037.943359 1443.278564 1601.166138 1406.650513
332.000000 2045.813843 1626.703247 1603.466919 1573.331543
270.000000 1393.467407 890.000305 1184.494141 853.347900
271.000000 1393.851685 706.660767 1186.791382 669.959778
377.000000 2896.822510 543.858276 2443.385742 750.500427
440.000000 2894.033203 546.587280 2439.088135 753.157715
361.000000 2915.199951 726.912720 2453.131836 890.902710
272.000000 1102.445312 659.972473 1007.255432 586.685547
273.000000 1096.863647 840.006104 1001.375366 769.937195
278.000000 587.589722 1133.398804 663.081299 1050.161987
456.000000 283.335876 1633.601807 429.865509 1599.232422
457.000000 460.018250 1631.937500 563.383179 1594.853271
267.000000 1916.133423 473.990265 1539.952515 518.272766
130.000000 359.566071 713.294739 496.294617 540.191895
504.000000 1093.061768 1026.658081 996.513794 953.329468
452.000000 2763.906006 763.610168 2326.447998 900.216431
453.000000 2746.828613 593.317078 2318.316406 766.769287
444.000000 493.341797 1153.243408 596.639160 1060.116089
445.000000 323.278076 1137.254272 463.661011 1028.616699
436.000000 790.277771 505.464844 829.812683 380.300537
437.000000 956.537903 543.890381 946.755005 453.191589
579.000000 1711.605835 1603.355469 1345.808594 1553.361206
329.000000 1386.564209 720.000000 1178.925171 683.315674
330.000000 1386.536621 890.000000 1176.182861 849.992065
490.000000 323.071503 1149.597412 462.259338 1041.347778
491.000000 490.781921 1164.581421 587.417053 1070.062866
426.000000 2598.871094 805.153687 2186.490723 914.116272
427.000000 2762.635498 767.004700 2326.513672 904.450439
420.000000 2740.516846 591.747681 2313.455811 764.536438
421.000000 2579.789062 639.287048 2173.213867 778.827576
252.000000 591.317139 966.759033 665.720825 859.948792
253.000000 579.624634 1133.540649 655.421692 1050.113159
392.000000 523.486206 749.151428 628.557007 609.754944
393.000000 360.052917 719.706238 496.105469 547.867737
493.000000 2913.118408 552.607788 2456.611816 759.464905
167.000000 526.103271 743.288696 610.723328 596.698181
337.000000 539.045776 579.924377 633.665649 413.353699
390.000000 2161.544678 1239.828125 1740.983887 1236.857422
391.000000 2143.429932 1077.026855 1737.722046 1090.068481
531.000000 473.162048 1343.616333 573.048889 1272.256958
832.000000 309.879272 1335.882080 448.000000 1257.000000
438.000000 362.512726 730.794312 495.161774 559.735535
439.000000 521.510132 762.403992 618.253906 620.096558
442.000000 2196.490234 1552.878052 1767.207275 1509.879395
443.000000 2207.755859 1713.490723 1771.466064 1646.724731
410.000000 2288.454102 1713.430298 1859.175903 1653.236572
411.000000 2278.422852 1553.432251 1853.649536 1509.987793
1168.000000 1280.158813 1344.319702 1131.000000 1294.000000
412.000000 2031.759644 1096.587891 1609.239502 1100.615479
413.000000 2039.274170 1256.922607 1609.377197 1243.664795
33.000000 603.449829 486.243439 681.460022 326.349854
250.000000 21.756401 946.496582 201.000427 766.467834
251.000000 4.820886 1103.493774 184.495758 960.099060
466.000000 2262.470215 736.529846 1867.391113 813.322144
478.000000 2271.927490 892.112000 1873.170898 945.077332
241.000000 1109.313599 649.987549 1015.439270 576.600281
548.000000 313.416931 1341.880493 453.281433 1263.723999
549.000000 466.817688 1350.709106 570.100464 1279.243896
357.000000 1707.261963 933.315430 1357.177002 929.994812
358.000000 1702.645386 779.920410 1355.589233 773.310486
414.000000 1695.842529 790.024719 1349.887817 783.332214
415.000000 1700.439209 943.320190 1348.448486 926.651062
488.000000 273.525085 1214.626587 423.754944 1114.693604
489.000000 123.596382 1200.534668 297.169708 1087.645752
511.000000 372.082550 1449.621582 481.058624 1389.585571
624.000000 386.322876 1450.239380 511.000000 1392.000000
168.000000 524.164795 519.862183 621.763672 343.119873
525.000000 356.427948 878.263550 487.511108 731.062256
526.000000 503.300385 900.220459 603.074036 774.030762
158.000000 55.643730 663.217407 232.600204 423.261932
258.000000 2183.357422 1685.743896 1753.339600 1621.612793
259.000000 2036.616699 1681.917236 1563.329468 1622.347534
512.000000 390.271118 478.804260 523.863708 275.768280
513.000000 533.065308 511.182098 630.688110 338.834442
533.000000 2730.220215 607.411804 2303.560303 775.536743
534.000000 2590.589844 648.663269 2183.461914 787.913513
891.000000 412.507294 1133.540039 535.000000 1031.000000
323.000000 479.797485 1003.317078 574.877869 879.866943
324.000000 468.318451 1146.531860 562.477661 1046.603027
480.000000 911.300781 1006.579102 888.093018 926.576782
554.000000 2743.600830 754.347778 2310.219238 892.432190
555.000000 2606.777100 790.418762 2193.301025 902.974304
736.000000 723.490784 932.189331 769.000000 834.000000
404.000000 642.474182 756.593811 706.661865 633.513306
405.000000 654.378174 616.190002 714.419373 490.058716
506.000000 2143.354248 919.997498 1735.151123 953.384216
507.000000 2126.719727 780.790283 1730.898193 826.748474
359.000000 2176.736084 1674.573364 1746.671753 1612.544434
360.000000 2036.669067 1669.925781 1590.011597 1611.531372
1491.000000 2027.106079 1529.985962 1583.000000 1485.000000
313.000000 623.984802 1131.977295 677.729797 1046.722900
446.000000 2398.547119 703.001648 2004.058472 804.388855
447.000000 2266.008545 742.345154 1870.649414 816.915649
380.000000 458.052734 590.110840 562.547363 416.615204
381.000000 447.110016 726.968628 552.725525 566.626892
378.000000 433.821106 726.432373 541.789551 560.124146
379.000000 445.065247 589.868164 552.227661 409.691986
565.000000 2632.579590 986.582886 2209.787109 1055.280273
396.000000 259.954407 1190.514648 409.945892 1083.631836
537.000000 1863.489868 1592.909058 1471.231812 1543.141968
538.000000 1869.078369 1726.705200 1476.270020 1663.349976
543.000000 2019.516235 813.353821 1603.757935 843.327698
544.000000 2025.167480 946.730164 1605.343994 963.350830
479.000000 2398.292480 855.773071 2002.838379 931.824524
432.000000 551.587952 1140.116455 635.754578 1046.610474
433.000000 561.126038 1010.082581 644.366516 906.730286
558.000000 1946.486450 1723.338013 1536.167358 1659.999756
559.000000 1943.104492 1593.339233 1536.158081 1543.333374
850.000000 1024.138672 1466.571777 961.000000 1419.000000
366.000000 2943.138184 915.652222 2466.528564 1034.699707
160.000000 492.696442 907.760315 592.140686 783.086060
497.000000 172.207947 743.213989 342.373535 546.585938
1368.000000 453.339111 1356.556152 557.000000 1285.000000
1229.000000 326.496185 1349.930542 454.000000 1272.000000
1480.000000 1030.037354 1596.803955 945.000000 1551.000000
1106.000000 1953.276855 741.522827 1544.000000 763.000000
326.000000 677.007935 1126.704956 715.068420 1046.566528
1221.000000 399.530914 488.722015 526.000000 286.000000
245.000000 1926.883423 432.913696 1560.047241 490.887878
1360.000000 1802.995850 442.129242 1456.000000 469.000000
553.000000 260.094757 1199.032349 410.173157 1094.791382
724.000000 1048.334595 1066.716553 975.000000 1007.000000
1407.000000 2806.532471 1155.537476 2351.000000 1204.000000
588.000000 1316.468506 456.303253 1107.482178 407.279999
552.000000 116.650948 1206.879639 293.272003 1083.997437
498.000000 2025.775024 949.823059 1606.389526 966.923096
499.000000 2139.397705 920.961731 1732.930054 955.523682
570.000000 135.167755 793.173706 312.106354 593.230652
458.000000 761.795959 773.586304 780.909363 670.041016
459.000000 767.559570 656.710693 786.923157 536.678223
1502.000000 1096.811401 1373.617188 992.000000 1335.000000
519.000000 1058.413940 713.392456 978.125366 636.716553
520.000000 1054.466431 830.038330 973.911011 760.019714
539.000000 1044.176636 829.911804 965.940491 753.308472
540.000000 1048.306885 713.273376 970.052490 633.221008
1359.000000 1730.033813 1381.646118 1376.000000 1351.000000
508.000000 2046.713623 1629.957520 1606.653198 1576.265137
509.000000 2163.357666 1631.580688 1733.330200 1575.809448
1177.000000 2396.942627 844.431885 1996.000000 922.000000
556.000000 2304.666748 1224.109375 1892.692627 1230.687256
557.000000 2418.820801 1205.929077 2009.722778 1222.636475
518.000000 2146.858887 1071.008789 1733.760864 1093.318237
1176.000000 2033.820923 1092.557861 1616.000000 1104.000000
576.000000 2281.656982 1050.560547 1876.017700 1086.801880
521.000000 2156.760498 1431.941650 1730.042236 1407.730957
522.000000 2043.209229 1437.436035 1606.676147 1408.405273
341.000000 1822.134277 753.227417 1457.592529 766.652588
574.000000 1344.694336 1100.020996 1147.514893 1060.023926
575.000000 1342.945190 1213.378784 1144.407715 1170.030396
1232.000000 779.167786 656.800781 807.000000 545.000000
1140.000000 773.098206 769.987366 788.000000 663.000000
1366.000000 1334.159668 1213.305542 1141.000000 1173.000000
451.000000 2960.046875 926.911621 2476.792236 1045.116943
535.000000 2131.405518 781.145203 1727.187012 831.780090
536.000000 2024.779663 814.608337 1607.074097 844.003723
1136.000000 2686.784180 763.322266 2257.000000 887.000000
1412.000000 2440.107666 1539.993774 2017.000000 1500.000000
1391.000000 2103.804688 1116.643799 1681.000000 1114.000000
383.000000 1704.298706 1250.026855 1346.556519 1220.000000
1381.000000 392.000000 1510.000000 496.000000 1458.000000
595.000000 1861.000000 983.000000 1479.000000 982.000000
652.000000 444.000000 1027.000000 544.000000 911.000000
630.000000 2110.000000 863.000000 1696.000000 899.000000
703.000000 1870.000000 1278.000000 1481.000000 1255.000000
747.000000 796.000000 691.000000 806.000000 579.000000
756.000000 1902.000000 986.000000 1514.000000 988.000000
606.000000 1871.000000 1314.000000 1481.000000 1288.000000
1024.000000 1075.000000 676.000000 988.000000 600.000000
307.000000 103.000000 408.000000 286.330292 133.897446
770.000000 380.000000 1019.000000 495.000000 897.000000
793.000000 1364.000000 827.000000 1161.000000 787.000000
581.000000 2463.000000 1634.000000 2019.997925 1576.066040
1451.000000 2333.000000 1432.000000 1912.000000 1407.000000
1472.000000 743.000000 680.000000 769.000000 559.000000
1519.000000 2619.000000 865.000000 2199.000000 963.000000
659.000000 727.000000 998.000000 750.000000 905.000000
677.000000 1894.000000 1148.000000 1504.000000 1136.000000
745.000000 1823.000000 420.000000 1459.000000 452.000000
1342.000000 349.000000 850.000000 484.000000 698.000000
609.000000 1051.000000 1499.000000 960.000000 1451.000000
955.000000 379.000000 745.000000 510.000000 582.000000
1047.000000 1847.000000 970.000000 1468.000000 969.000000
1052.000000 414.000000 1401.000000 515.000000 1335.000000
658.000000 1866.000000 1140.000000 1480.000000 1127.000000
730.000000 1877.000000 1488.000000 1482.000000 1447.000000
614.000000 2065.000000 875.000000 1646.000000 904.000000
616.000000 1871.000000 1296.000000 1481.000000 1271.000000
841.000000 350.000000 873.000000 484.000000 725.000000
948.000000 1301.000000 520.000000 1094.000000 471.000000
590.000000 793.000000 753.000000 803.000000 646.000000
1246.000000 2237.000000 1525.000000 1805.000000 1483.000000
1034.000000 1912.000000 1265.000000 1516.000000 1244.000000
725.000000 347.000000 836.000000 483.000000 681.000000
1490.000000 505.000000 896.000000 605.000000 770.000000
1489.000000 2327.000000 1022.000000 1923.000000 1062.000000
1044.000000 472.000000 695.000000 571.000000 536.000000
885.000000 1870.000000 854.000000 1490.000000 863.000000
716.000000 157.000000 519.000000 333.000000 276.000000
739.000000 407.000000 1488.000000 508.000000 1433.000000
1175.000000 2751.000000 1099.000000 2297.000000 1158.000000
752.000000 2383.000000 1545.000000 1950.000000 1501.000000
623.000000 2234.000000 1477.000000 1803.000000 1442.000000
1070.000000 346.000000 743.000000 484.000000 574.000000
996.000000 1853.000000 705.000000 1478.000000 723.000000
1080.000000 335.000000 1184.000000 469.000000 1083.000000
1516.000000 2343.000000 1161.000000 1924.000000 1179.000000
1231.000000 1844.000000 860.000000 1469.000000 866.000000
780.000000 2080.000000 1173.000000 1651.000000 1170.000000
941.000000 361.000000 840.000000 494.000000 688.000000
1367.000000 1865.000000 702.000000 1489.000000 722.000000
1077.000000 1885.000000 848.000000 1503.000000 859.000000
1542.000000 342.000000 1270.000000 474.000000 1183.000000
597.000000 371.000000 831.000000 502.000000 680.000000
880.000000 1874.000000 979.000000 1491.000000 980.000000
1303.000000 1678.000000 804.000000 1344.000000 797.000000
1242.000000 780.000000 1194.000000 771.000000 1114.000000
638.000000 1913.000000 1301.000000 1516.000000 1277.000000
1141.000000 2445.000000 1602.000000 2019.000000 1548.000000
653.000000 1830.000000 1040.000000 1458.000000 1032.000000
1096.000000 1926.000000 1279.000000 1528.000000 1259.000000
847.000000 1898.000000 845.000000 1513.000000 858.000000
666.000000 301.000000 1268.000000 442.000000 1178.000000
1307.000000 2978.000000 1624.000000 2544.000000 1561.000000
1479.000000 2716.000000 727.000000 2278.000000 865.000000
1458.000000 1542.000000 1375.000000 1194.000000 1326.000000
673.000000 2264.000000 1476.000000 1835.000000 1442.000000
675.000000 1857.000000 1300.000000 1470.000000 1274.000000
1027.000000 1905.000000 1460.000000 1506.000000 1422.000000
1557.000000 1027.000000 735.000000 971.000000 664.000000
629.000000 441.000000 1062.000000 541.000000 951.000000
867.000000 1865.000000 1123.000000 1480.000000 1111.000000
613.000000 1064.000000 1098.000000 975.000000 1037.000000
861.000000 422.000000 540.000000 534.000000 350.000000
1282.000000 1906.000000 1109.000000 1515.000000 1102.000000
1497.000000 2396.000000 1122.000000 1978.000000 1151.000000
1555.000000 1852.000000 1144.000000 1470.000000 1130.000000
767.000000 783.000000 1066.000000 788.000000 983.000000
1554.000000 2651.000000 769.000000 2220.000000 891.000000
1409.000000 1322.000000 847.000000 1136.000000 803.000000
763.000000 1049.000000 1565.000000 959.000000 1519.000000
748.000000 2335.000000 850.000000 1932.000000 916.000000
749.000000 723.000000 1014.000000 749.000000 922.000000
644.000000 751.000000 977.000000 767.000000 884.000000
1272.000000 1878.000000 1515.000000 1485.000000 1472.000000
1287.000000 1905.000000 689.000000 1523.000000 716.000000
672.000000 2340.000000 1131.000000 1923.000000 1154.000000
704.000000 1912.000000 1283.000000 1516.000000 1261.000000
836.000000 2360.000000 1128.000000 1942.000000 1153.000000
1118.000000 397.000000 1216.000000 517.000000 1124.000000
1230.000000 458.000000 838.000000 569.000000 699.000000
705.000000 1880.000000 1154.000000 1492.000000 1141.000000
979.000000 2266.000000 1524.000000 1836.000000 1483.000000
1037.000000 1902.000000 970.000000 1514.000000 974.000000
1338.000000 787.000000 847.000000 809.000000 749.000000
754.000000 1852.000000 690.000000 1478.000000 709.000000
649.000000 2333.000000 536.000000 1905.000000 646.000000
688.000000 2293.000000 1532.000000 1869.000000 1490.000000
886.000000 2402.000000 1602.000000 1971.000000 1549.000000
827.000000 1866.000000 1158.000000 1480.000000 1143.000000
1173.000000 1852.000000 675.000000 1478.000000 695.000000
785.000000 72.000000 718.000000 257.000000 501.000000
766.000000 2390.000000 788.000000 1987.000000 872.000000
1006.000000 46.000000 800.000000 234.000000 596.000000
1544.000000 374.000000 1091.000000 489.000000 979.000000
599.000000 1072.000000 803.000000 984.000000 732.000000
585.000000 558.000000 1220.000000 656.683044 1141.169312
783.000000 1911.000000 1247.000000 1515.000000 1229.000000
1218.000000 1889.000000 1448.000000 1494.000000 1411.000000
1447.000000 1862.000000 1437.000000 1472.000000 1401.000000
862.000000 1898.000000 1269.000000 1504.000000 1247.000000
969.000000 354.000000 1796.000000 700.000000 1776.000000
816.000000 2908.000000 553.000000 2450.000000 759.000000
1186.000000 2699.000000 405.000000 2240.000000 604.000000
646.000000 1906.000000 1478.000000 1507.000000 1438.000000
1008.000000 2082.000000 1200.000000 1651.000000 1195.000000
898.000000 2319.000000 831.000000 1913.000000 899.000000
764.000000 646.000000 904.000000 702.000000 789.000000
654.000000 1858.000000 857.000000 1479.000000 865.000000
1038.000000 800.000000 621.000000 809.000000 503.000000
987.000000 1879.000000 1136.000000 1492.000000 1125.000000
641.000000 504.000000 875.000000 604.000000 746.000000
591.000000 1860.000000 967.000000 1479.000000 967.000000
564.000000 2770.000000 962.000000 2323.305420 1052.279907
1105.000000 2575.000000 618.000000 2169.000000 761.000000
945.000000 2468.000000 901.000000 2061.000000 976.000000
691.000000 499.000000 788.000000 601.000000 647.000000
690.000000 2137.000000 1549.000000 1699.000000 1504.000000
1385.000000 2719.000000 752.000000 2279.000000 886.000000
1160.000000 584.000000 603.000000 666.000000 451.000000
1527.000000 341.000000 1169.000000 474.000000 1066.000000
848.000000 632.000000 774.000000 706.000000 651.000000
710.000000 2128.000000 1193.000000 1702.000000 1192.000000
1120.000000 1853.000000 1162.000000 1470.000000 1146.000000
594.000000 2112.000000 885.000000 1696.000000 919.000000
1167.000000 723.000000 802.000000 770.000000 691.000000
953.000000 483.000000 553.000000 581.000000 376.000000
668.000000 771.000000 1004.000000 782.000000 916.000000
888.000000 1015.000000 1124.000000 974.000000 1069.000000
916.000000 1891.000000 647.000000 1511.000000 675.000000
1442.000000 1835.000000 1201.000000 1459.000000 1181.000000
784.000000 1885.000000 1310.000000 1493.000000 1285.000000
935.000000 1874.000000 963.000000 1491.000000 965.000000
642.000000 360.000000 886.000000 491.000000 741.000000
842.000000 2113.000000 906.000000 1697.000000 938.000000
808.000000 534.000000 507.000000 632.000000 335.000000
1154.000000 371.000000 1686.000000 491.000000 1658.000000
999.000000 1843.000000 829.000000 1468.000000 837.000000
633.000000 795.000000 722.000000 804.000000 612.000000
1485.000000 1679.000000 862.000000 1344.000000 852.000000
1337.000000 691.000000 1060.000000 726.000000 969.000000
977.000000 2236.000000 1501.000000 1804.000000 1463.000000
1071.000000 2373.000000 816.000000 1967.000000 894.000000
1067.000000 1860.000000 950.000000 1479.000000 952.000000
118.000000 2060.000000 662.000000 1616.358276 714.002441
741.000000 1857.000000 826.000000 1479.000000 836.000000
625.000000 2748.000000 1065.000000 2295.000000 1132.000000
1089.000000 1641.000000 599.000000 1286.000000 587.000000
839.000000 1360.000000 1062.000000 1154.000000 1020.000000
1196.000000 2648.000000 745.000000 2219.000000 870.000000
755.000000 1907.000000 1144.000000 1515.000000 1134.000000
670.000000 475.000000 661.000000 573.000000 498.000000
913.000000 2668.000000 765.000000 2242.000000 889.000000
973.000000 347.000000 1089.000000 475.000000 975.000000
593.000000 792.000000 773.000000 802.000000 661.000000
626.000000 1861.000000 999.000000 1479.000000 997.000000
610.000000 1071.000000 832.000000 983.000000 761.000000
1030.000000 307.000000 1284.000000 446.000000 1197.000000
1203.000000 2401.000000 1183.000000 1980.000000 1202.000000
937.000000 377.000000 1055.000000 491.000000 937.000000
881.000000 1907.000000 1127.000000 1515.000000 1118.000000
965.000000 2444.000000 776.000000 2044.000000 870.000000
1460.000000 1857.000000 842.000000 1479.000000 850.000000
1449.000000 52.000000 831.000000 240.000000 635.000000
1466.000000 331.000000 1602.000000 448.000000 1562.000000
1055.000000 705.000000 1126.000000 723.000000 1042.000000
846.000000 654.000000 594.000000 720.000000 443.000000
825.000000 1889.000000 1466.000000 1494.000000 1428.000000
1012.000000 1050.000000 1531.000000 959.000000 1485.000000
1377.000000 711.000000 1190.000000 730.000000 1113.000000
1124.000000 997.000000 1091.000000 942.000000 1028.000000
897.000000 1007.000000 761.000000 954.000000 686.000000
843.000000 2703.000000 1073.000000 2257.000000 1134.000000
1438.000000 1363.000000 881.000000 1160.000000 840.000000
435.000000 1590.000000 658.000000 1325.574341 648.391113
927.000000 497.000000 864.000000 599.000000 733.000000
812.000000 722.000000 1120.000000 745.000000 1036.000000
1263.000000 1703.000000 1362.000000 1348.000000 1327.000000
702.000000 708.000000 1058.000000 736.000000 969.000000
598.000000 404.000000 1526.000000 506.000000 1476.000000
1302.000000 1336.000000 514.000000 1110.000000 463.000000
1276.000000 726.000000 1191.000000 742.000000 1113.000000
1095.000000 2981.000000 657.000000 2494.000000 845.000000
1042.000000 2765.000000 985.000000 2313.000000 1071.000000
1558.000000 1112.000000 887.000000 1015.000000 823.000000
1059.000000 604.000000 913.000000 692.000000 802.000000
656.000000 865.000000 888.000000 868.000000 802.000000
771.000000 2375.000000 840.000000 1968.000000 913.000000
982.000000 2078.000000 915.000000 1663.000000 941.000000
1074.000000 1377.000000 1064.000000 1165.000000 1023.000000
1014.000000 2250.000000 1477.000000 1819.000000 1443.000000
998.000000 2251.000000 1500.000000 1820.000000 1464.000000
1139.000000 1865.000000 1105.000000 1480.000000 1095.000000
700.000000 1907.000000 1494.000000 1509.000000 1453.000000
1371.000000 3010.000000 679.000000 2519.000000 864.000000
1275.000000 1381.000000 857.000000 1171.000000 818.000000
1005.000000 2094.000000 889.000000 1678.000000 921.000000
134.000000 1997.000000 608.000000 1576.419678 649.529663
1183.000000 1543.000000 1400.000000 1227.000000 1355.000000
681.000000 336.000000 1797.000000 683.000000 1777.000000
1054.000000 1400.000000 932.000000 1188.000000 895.000000
788.000000 2077.000000 1111.000000 1650.000000 1116.000000
1506.000000 910.000000 1011.000000 885.000000 936.000000
917.000000 1858.000000 1318.000000 1471.000000 1290.000000
1313.000000 747.000000 609.000000 771.000000 481.000000
699.000000 1364.000000 800.000000 1162.000000 759.000000
1301.000000 1418.000000 1084.000000 1196.000000 1046.000000
617.000000 2702.000000 427.000000 2242.000000 624.000000
1290.000000 1892.000000 678.000000 1511.000000 704.000000
933.000000 1235.000000 663.000000 1093.000000 607.000000
864.000000 2099.000000 1487.000000 1662.000000 1449.000000
1408.000000 1354.000000 1189.000000 1157.000000 1146.000000
1271.000000 51.000000 714.000000 240.000000 493.000000
1224.000000 410.000000 683.000000 522.000000 513.000000
894.000000 1356.000000 1504.000000 1157.000000 1459.000000
1533.000000 2402.000000 1545.000000 1970.000000 1502.000000
680.000000 2841.000000 1208.000000 2373.000000 1248.000000
1079.000000 1925.000000 1261.000000 1528.000000 1242.000000
1435.000000 976.000000 1353.000000 938.000000 1297.000000
1063.000000 1901.000000 954.000000 1514.000000 959.000000
721.000000 2353.000000 1504.000000 1925.000000 1468.000000
663.000000 1876.000000 1470.000000 1482.000000 1431.000000
1201.000000 2320.000000 1164.000000 1903.000000 1181.000000
731.000000 85.000000 701.000000 268.000000 482.000000
990.000000 2127.000000 1165.000000 1702.000000 1167.000000
1148.000000 2345.000000 1191.000000 1926.000000 1204.000000
515.000000 2932.000000 709.000000 2466.801025 878.190430
233.000000 1397.000000 1020.000000 1183.573486 979.834229
1354.000000 854.000000 855.000000 853.000000 764.000000
762.000000 1346.000000 1287.000000 1151.000000 1244.000000
1209.000000 1848.000000 1424.000000 1465.000000 1389.000000
1187.000000 516.000000 790.000000 614.000000 652.000000
757.000000 478.000000 628.000000 575.000000 461.000000
1292.000000 1822.000000 743.000000 1457.000000 755.000000
1304.000000 2584.000000 1230.000000 2156.000000 1251.000000
1015.000000 782.000000 825.000000 804.000000 723.000000
926.000000 1897.000000 814.000000 1513.000000 829.000000
768.000000 66.000000 918.000000 250.000000 743.000000
887.000000 2191.000000 1534.000000 1764.000000 1491.000000
835.000000 338.000000 1525.000000 454.000000 1475.000000
1499.000000 2124.000000 787.000000 1720.000000 836.000000
1482.000000 1235.000000 1287.000000 1085.000000 1239.000000
992.000000 396.000000 535.000000 521.000000 343.000000
1523.000000 2831.000000 1130.000000 2369.000000 1188.000000
1123.000000 1535.000000 745.000000 1265.000000 724.000000
900.000000 515.000000 857.000000 612.000000 728.000000
884.000000 2773.000000 1131.000000 2319.000000 1184.000000
615.000000 2067.000000 896.000000 1646.000000 924.000000
1534.000000 2681.000000 1110.000000 2237.000000 1162.000000
1043.000000 1892.000000 417.000000 1519.000000 463.000000
611.000000 438.000000 1097.000000 538.000000 991.000000
878.000000 1884.000000 1293.000000 1493.000000 1269.000000
860.000000 2700.000000 1241.000000 2255.000000 1266.000000
1526.000000 1085.000000 1100.000000 988.000000 1040.000000
1560.000000 2403.000000 1573.000000 1970.000000 1526.000000
1398.000000 1363.000000 854.000000 1161.000000 814.000000
1370.000000 2364.000000 1505.000000 1935.000000 1468.000000
1324.000000 483.000000 1329.000000 582.000000 1255.000000
1090.000000 1896.000000 798.000000 1512.000000 815.000000
1245.000000 1878.000000 1119.000000 1492.000000 1109.000000
1143.000000 999.000000 1019.000000 942.000000 954.000000
1163.000000 2266.000000 1501.000000 1836.000000 1463.000000
857.000000 759.000000 1485.000000 784.000000 1435.000000
1036.000000 1843.000000 845.000000 1468.000000 852.000000
1419.000000 1910.000000 810.000000 1525.000000 827.000000
1254.000000 1016.000000 1021.000000 954.000000 958.000000
795.000000 702.000000 962.000000 745.000000 864.000000
932.000000 1010.000000 663.000000 958.000000 584.000000
1132.000000 903.000000 1791.000000 1236.000000 1744.000000
759.000000 1891.000000 385.000000 1521.000000 433.000000
834.000000 1260.000000 669.000000 1109.000000 618.000000
858.000000 619.000000 1263.000000 795.000000 1194.000000
1372.000000 349.000000 1074.000000 478.000000 953.000000
1423.000000 1869.000000 418.000000 1500.000000 460.000000
596.000000 1073.000000 744.000000 986.000000 671.000000
1223.000000 1761.000000 1590.000000 1375.000000 1540.000000
995.000000 1864.000000 1557.000000 1476.000000 1511.000000
693.000000 3025.000000 1021.000000 2517.000000 1119.000000
1128.000000 1862.000000 1455.000000 1471.000000 1417.000000
939.000000 2083.000000 1461.000000 1644.000000 1428.000000
1204.000000 748.000000 580.000000 773.000000 452.000000
682.000000 401.000000 1563.000000 503.000000 1519.000000
837.000000 2063.000000 824.000000 1645.000000 858.000000
855.000000 349.000000 1399.000000 464.000000 1330.000000
1195.000000 358.000000 764.000000 493.000000 601.000000
1530.000000 68.000000 794.000000 253.000000 592.000000
1133.000000 31.000000 540.000000 205.000000 317.000000
1355.000000 1075.000000 1424.000000 977.000000 1374.000000
845.000000 389.000000 611.000000 515.000000 431.000000
1430.000000 533.000000 1270.000000 660.000000 1195.000000
915.000000 474.000000 1303.000000 573.000000 1227.000000
1495.000000 1302.000000 1151.000000 1128.000000 1108.000000
854.000000 1006.000000 820.000000 953.000000 747.000000
1549.000000 599.000000 931.000000 672.000000 820.000000
1309.000000 1848.000000 987.000000 1468.000000 984.000000
1257.000000 2424.000000 545.000000 2058.000000 679.000000
1233.000000 1585.000000 739.000000 1294.000000 723.000000
1365.000000 1889.000000 1502.000000 1499.000000 1466.000000
1108.000000 2063.000000 1203.000000 1632.000000 1196.000000
1528.000000 1857.000000 1358.000000 1473.000000 1327.000000
1250.000000 1380.000000 739.000000 1173.000000 701.000000
1179.000000 1729.000000 772.000000 1371.000000 769.000000
1069.000000 1869.000000 1261.000000 1481.000000 1239.000000
1249.000000 1625.000000 609.000000 1273.000000 595.000000
1065.000000 385.000000 938.000000 515.000000 809.000000
1066.000000 2646.000000 719.000000 2218.000000 849.000000
1222.000000 832.000000 1004.000000 834.000000 921.000000
800.000000 399.000000 1601.000000 501.000000 1562.000000
868.000000 1054.000000 1424.000000 963.000000 1373.000000
621.000000 2323.000000 540.000000 1890.000000 648.000000
664.000000 2371.000000 793.000000 1966.000000 874.000000
1459.000000 996.000000 1122.000000 941.000000 1059.000000
806.000000 755.000000 323.000000 732.000000 162.000000
1267.000000 1180.000000 724.000000 1060.000000 674.000000
956.000000 2876.000000 1406.000000 2394.000000 1398.000000
978.000000 2679.000000 1076.000000 2236.000000 1135.000000
1323.000000 767.000000 1056.000000 778.000000 971.000000
1382.000000 871.000000 966.000000 868.000000 884.000000
944.000000 2123.000000 1103.000000 1699.000000 1112.000000
651.000000 2102.000000 1549.000000 1717.000000 1504.000000
1000.000000 2126.000000 913.000000 1718.000000 946.000000
1197.000000 1931.000000 864.000000 1545.000000 880.000000
1386.000000 1799.000000 401.000000 1436.000000 427.000000
1277.000000 1054.000000 1391.000000 963.000000 1340.000000
1068.000000 1729.000000 835.000000 1369.000000 828.000000
1308.000000 54.000000 811.000000 241.000000 612.000000
1056.000000 1381.000000 830.000000 1172.000000 791.000000
902.000000 2138.000000 1099.000000 1718.000000 1111.000000
732.000000 423.000000 742.000000 545.000000 585.000000
1501.000000 1827.000000 896.000000 1458.000000 898.000000
661.000000 2716.000000 399.000000 2257.000000 603.000000
1122.000000 1874.000000 995.000000 1491.000000 994.000000
1341.000000 1279.000000 498.000000 1077.000000 439.000000
295.000000 1384.000000 1397.000000 1170.849243 1356.775146
1114.000000 1698.000000 1166.000000 1341.000000 1140.000000
907.000000 1946.000000 780.000000 1553.000000 805.000000
1107.000000 801.000000 591.000000 810.000000 471.000000
912.000000 1905.000000 1092.000000 1514.000000 1086.000000
1256.000000 2463.000000 1410.000000 2037.000000 1392.000000
1315.000000 2658.000000 1113.000000 2218.000000 1163.000000
698.000000 415.000000 616.000000 528.000000 437.000000
1350.000000 2086.000000 1527.000000 1645.000000 1483.000000
758.000000 335.000000 1563.000000 451.000000 1519.000000
1206.000000 895.000000 840.000000 886.000000 753.000000
929.000000 1072.000000 876.000000 966.000000 802.000000
713.000000 2048.000000 901.000000 1627.000000 925.000000
592.000000 66.000000 709.000000 252.000000 489.000000
958.000000 1656.000000 1625.000000 1320.000000 1576.000000
882.000000 634.000000 1260.000000 828.000000 1192.000000
1541.000000 2314.000000 752.000000 1912.000000 832.000000
394.000000 37.000000 841.000000 225.301178 647.013062
612.000000 316.000000 433.000000 459.000000 198.000000
831.000000 424.000000 509.000000 536.000000 316.000000
707.000000 2078.000000 871.000000 1663.000000 903.000000
1461.000000 1757.000000 1410.000000 1418.000000 1374.000000
1374.000000 1071.000000 1564.000000 972.000000 1518.000000
751.000000 1073.000000 774.000000 985.000000 701.000000
1032.000000 2298.000000 835.000000 1892.000000 901.000000
742.000000 1650.000000 1360.000000 1320.000000 1323.000000
972.000000 679.000000 1190.000000 714.000000 1112.000000
1539.000000 1882.000000 1257.000000 1492.000000 1236.000000
773.000000 2385.000000 1574.000000 1951.000000 1525.000000
618.000000 384.000000 679.000000 510.000000 508.000000
1285.000000 40.000000 457.000000 219.000000 175.000000
1112.000000 2389.000000 812.000000 1987.000000 892.000000
1150.000000 2258.000000 1534.000000 1828.000000 1493.000000
582.000000 1100.000000 1632.000000 1000.009827 1590.170288
879.000000 2724.000000 1087.000000 2274.000000 1147.000000
1022.000000 1331.000000 430.000000 1124.000000 380.000000
708.000000 310.000000 1525.000000 440.000000 1475.000000
1351.000000 1745.000000 515.000000 1367.000000 525.000000
876.000000 2279.000000 1530.000000 1855.000000 1489.000000
1369.000000 588.000000 1206.000000 782.000000 1125.000000
1153.000000 2152.000000 1575.000000 1718.000000 1527.000000
1198.000000 1884.000000 1082.000000 1501.000000 1076.000000
1454.000000 497.000000 1654.000000 632.000000 1619.000000
947.000000 316.000000 527.000000 463.000000 318.000000
914.000000 2667.000000 740.000000 2241.000000 868.000000
984.000000 1695.000000 915.000000 1344.000000 900.000000
129.000000 376.000000 453.000000 515.305115 246.794418
1388.000000 1130.000000 1051.000000 1025.000000 994.000000
936.000000 547.000000 1199.000000 664.000000 1116.000000
723.000000 1917.000000 1438.000000 1517.000000 1402.000000
1400.000000 1784.000000 1441.000000 1391.000000 1402.000000
1101.000000 1358.000000 901.000000 1163.000000 860.000000
899.000000 564.000000 1173.000000 681.000000 1091.000000
634.000000 2088.000000 1576.000000 1646.000000 1528.000000
821.000000 2126.000000 859.000000 1714.000000 897.000000
776.000000 869.000000 863.000000 866.000000 771.000000
1113.000000 2141.000000 1219.000000 1721.000000 1214.000000
1376.000000 740.000000 339.000000 725.000000 176.000000
830.000000 2446.000000 553.000000 2013.000000 679.000000
991.000000 1191.000000 1594.000000 1055.000000 1549.000000
706.000000 449.000000 947.000000 544.000000 819.000000

2.000000 1547.353882 647.203247 3.836102 267.953766 1303.524414 631.361755 350.206818 -1.995252
1.000000 1103.364624 1734.594360 3.326799 1736.954956 1174.052979 1691.589355 2.850665 1737.754883
7.000000 206.930817 1801.714233 1123.632446 1772.822021 434.592133 1786.327881 1244.260986 1734.488892
9.000000 1100.143799 1766.674072 287.044495 1784.197876 1234.353638 1725.850952 437.459106 1768.233032
14.000000 1103.506592 1747.650269 323.604614 1765.312622 1204.091431 1708.030762 463.997192 1746.204102
12.000000 333.601257 1779.322144 1103.540039 1757.194336 464.134064 1763.247681 1210.692505 1718.124023
19.000000 356.933441 1759.647583 1100.067261 1739.099365 490.722076 1739.587158 1173.784912 1701.414185
10.000000 1514.536987 720.028381 1518.210693 1426.676025 1256.558594 686.509399 1247.624146 1450.050171
22.000000 393.513062 1740.341553 1066.830933 1723.073120 560.444580 1717.571167 1140.402344 1683.518555
4.000000 3069.502686 325.244110 2453.538818 540.588074 2963.441895 577.620972 2066.990479 679.515930
13.000000 1530.154785 1369.999146 1526.602173 723.333679 1258.548096 1450.020752 1266.788818 703.297913
11.000000 154.389664 536.428162 88.006477 1170.140381 329.689240 296.363831 267.057251 1050.032471
18.000000 136.836807 1163.350830 201.517212 533.146912 308.905731 1046.578003 364.287659 363.140564
15.000000 252.490097 1179.920410 310.063141 570.005981 403.424347 1073.340210 457.498047 363.396667
16.000000 216.809143 1163.347168 275.602020 556.563538 374.143250 1053.136475 429.514191 343.295441
26.000000 2015.075928 1323.531372 1992.542236 763.231079 1580.966675 1300.060547 1575.621094 796.677795
23.000000 1006.819092 1679.956543 450.129852 1688.480347 1113.486450 1637.418823 556.852234 1658.283569
32.000000 2530.163086 1166.371826 2483.484375 612.758484 2110.269287 1196.480469 2085.630371 719.709045
41.000000 946.186584 531.952393 413.119537 400.869446 939.525513 434.060913 562.385620 188.119919
43.000000 1162.657104 723.479187 1149.672241 1256.739868 1048.610352 663.299194 1037.873657 1099.947754
42.000000 426.761536 396.281189 943.314087 523.411560 569.901367 183.484451 940.715210 425.571136
20.000000 581.378723 619.856384 543.167053 1139.987793 665.538269 446.597565 628.573608 1050.116821
52.000000 523.478882 1721.415405 1036.738647 1705.681885 767.020142 1691.145874 1110.319824 1664.052368
31.000000 1731.832153 796.628113 1742.428711 1299.948853 1371.856079 786.667847 1371.549438 1270.000977
25.000000 1254.799683 1266.634033 1263.601196 763.338013 1098.458008 1219.964355 1110.188477 713.260498
29.000000 1448.888428 776.669861 1448.175415 1276.668823 1218.955444 746.701233 1211.554077 1236.690186
30.000000 2418.779785 546.380249 1947.295288 705.309631 2060.648438 682.188416 1576.552612 739.028442
27.000000 1990.497070 758.171204 2453.907471 605.071472 1573.144775 788.377197 2070.457764 730.608398
37.000000 990.164490 1265.996582 503.908020 1246.014893 1064.313843 1206.960205 601.080566 1167.255249
39.000000 2471.837646 616.518494 2510.572021 1096.889282 2076.433594 733.344299 2097.969727 1190.095703
77.000000 1547.713501 809.996033 1549.494507 1283.335205 1271.825684 966.682190 1269.475098 1243.357178
40.000000 1495.347290 1276.667847 1494.944214 806.665283 1238.225830 1236.647339 1243.186890 779.998413
33.000000 1958.404297 829.803345 1976.252808 1290.015991 1559.737183 809.939087 1564.270508 1286.626099
38.000000 1594.561890 1283.349976 1590.934570 823.325989 1291.614502 1246.644653 1297.533569 783.301819
24.000000 265.251373 743.201294 225.415405 1170.194214 419.559174 556.388550 381.942841 1066.809814
61.000000 586.636475 1702.342773 1006.652466 1689.534302 770.214661 1669.752319 1073.471680 1648.655029
64.000000 1006.703064 1249.486816 596.402588 1220.390991 1077.385742 1195.766113 784.573303 1146.032715
36.000000 370.290802 402.145752 750.354980 495.217194 410.616943 112.360931 806.530518 363.547882
72.000000 1183.001465 873.325745 1174.445801 1246.692139 1060.743286 816.685974 1053.376099 1100.001099
97.000000 632.958435 1235.438477 1000.177856 1260.753418 840.760498 1165.900879 1064.313843 1206.960205
28.000000 3.244670 1723.863159 370.071533 1712.261963 2.971967 1729.127197 493.077332 1687.020264
233.000000 1167.719238 1246.760498 1175.567139 879.976501 1050.244873 960.007324 1054.241943 826.693909
83.000000 949.184082 1026.371094 956.001465 699.986084 913.140930 866.475220 920.299255 610.008362
50.000000 590.036987 423.185028 903.033630 501.202301 638.600342 210.409729 933.940186 405.749146
49.000000 939.481995 1619.988037 946.629395 1310.076050 794.956482 1583.401123 809.861572 1226.800171
75.000000 167.015701 796.702881 135.581589 1099.887451 330.103088 693.341370 308.547272 969.886780
55.000000 304.856903 1323.442383 284.325043 1610.309570 443.002563 1243.323242 432.844269 1576.956299
76.000000 3.323296 1649.377441 286.636719 1644.809570 150.067474 1624.789551 426.603790 1611.976318
93.000000 300.009399 1299.832520 23.278948 1284.302490 440.355499 1214.151733 213.047684 1182.020874
89.000000 6.675218 1466.207520 283.370087 1471.360718 196.743958 1401.648560 426.718750 1412.197632
90.000000 3.311189 1511.584961 280.016998 1515.450928 193.326294 1456.949463 423.349792 1462.671875
106.000000 495.290924 1149.865967 521.863159 877.173035 592.583252 1053.278320 608.448425 836.797241
95.000000 26.616116 1277.524048 299.981812 1293.641724 216.536865 1174.219238 443.221161 1207.432251
96.000000 13.306554 1420.896729 286.694733 1429.060669 203.285797 1347.340576 430.233978 1363.349854
92.000000 3.331842 1557.378174 276.670959 1557.951050 189.997055 1511.533447 420.002594 1511.974976
101.000000 503.543488 1596.682251 523.619690 1326.687988 618.763000 1466.604126 630.060120 1243.336426
91.000000 3.329738 1602.737793 273.319916 1601.108032 186.597427 1566.968018 416.629730 1561.715332
57.000000 343.769684 866.974060 322.037903 1133.499512 481.219727 710.304260 459.635498 1033.308960
103.000000 293.613770 1284.613403 26.802567 1270.722900 437.158661 1196.340820 217.103149 1166.753662
62.000000 354.478790 713.405212 371.003510 450.062958 491.289093 540.071594 507.956116 239.886520
109.000000 29.915442 1331.926514 289.999634 1343.341919 216.658157 1240.075684 429.920410 1264.041504
110.000000 23.338289 1376.530762 283.357269 1386.010376 213.299744 1293.696289 426.656403 1313.444214
195.000000 943.395081 1282.352051 690.015808 1266.415039 1020.402283 1227.391357 872.623718 1204.601318
71.000000 1096.246216 1609.986450 1104.074707 1366.583252 1004.797424 1283.275391 996.009766 1566.749634
87.000000 97.149086 1163.383423 122.087036 923.203918 276.633118 1039.997437 295.185638 796.807983
138.000000 1815.007935 1073.366089 1810.266113 833.393921 1438.413696 1030.006714 1438.655151 846.669312
78.000000 450.455231 1376.701294 432.465942 1613.520630 544.703430 1306.554565 529.289307 1576.626099
266.000000 2450.792725 1369.951904 2464.974609 1603.436157 2033.153931 1396.668823 2034.674316 1520.024536
88.000000 998.647095 600.069031 990.510925 833.467346 949.209290 520.087097 940.875427 763.363342
122.000000 1634.088257 1029.932373 1635.556274 1263.277344 1315.895386 1030.023560 1314.059814 1230.037231
297.000000 870.042480 1226.092773 646.699402 1209.557495 766.661499 1139.631836 656.683044 1141.169312
116.000000 840.541809 796.487488 854.873962 573.218262 844.975891 673.254700 854.590210 466.570068
135.000000 712.157227 536.776855 700.754456 760.038513 758.900757 409.960541 752.318237 593.296875
118.000000 1822.384521 1296.697388 1815.264404 1076.604248 1440.429565 1269.995972 1438.518188 1066.586670
171.000000 1108.008789 1199.934082 1115.289551 979.954407 1012.082764 1086.736694 1017.574951 923.251892
98.000000 1293.954590 1003.347534 1288.928955 1223.385010 1131.150391 953.755005 1118.939819 1180.122559
173.000000 2939.180176 919.696777 2964.974609 1133.537476 2461.833984 1039.855835 2475.451660 1200.048828
66.000000 2665.932617 451.305054 2463.750732 524.486633 2233.218506 639.070679 1943.119019 674.932617
104.000000 1083.942383 1603.347168 1088.806641 1389.972778 987.425903 1559.936279 992.872131 1339.906128
115.000000 1296.045044 670.012451 1295.066650 883.341309 1133.791382 623.453613 1127.133667 833.348145
102.000000 828.596069 796.607178 837.358276 589.888000 834.447021 696.593994 841.758667 473.281769
111.000000 1081.531494 1403.273071 1074.610718 1610.042725 983.450500 1350.003784 976.461792 1563.435791
117.000000 1401.029907 1223.315186 1402.653809 1016.635132 1178.322388 1183.376099 1183.573486 979.834229
186.000000 516.897217 536.682983 502.490234 740.176331 605.529175 436.596405 596.053833 589.962158
188.000000 1098.110229 1196.653320 1096.236938 993.367981 1003.742981 1086.672485 1005.907715 933.275574
158.000000 2321.931396 1433.211182 2334.580811 1633.254395 1900.830566 1403.303223 1906.993042 1573.442261
53.000000 35.632465 1106.558472 55.515438 916.546204 220.752014 963.075745 254.348190 626.435303
128.000000 829.763367 603.321472 820.229919 793.511963 831.727234 486.600311 823.880615 676.551575
176.000000 554.048523 1329.889282 546.003784 1520.112915 665.203247 1259.885864 661.391968 1420.112427
133.000000 988.642090 966.604675 979.961670 1156.664917 944.674866 884.177002 930.902161 1069.323242
207.000000 463.279541 1619.699829 273.321167 1622.511719 563.323975 1582.808472 419.976746 1585.361816
144.000000 1176.686035 596.585510 1359.937622 640.261719 1075.669800 534.923401 1226.852783 629.703125
150.000000 1721.497559 1250.031860 1718.259521 1063.363525 1356.978027 1219.996826 1355.153320 1043.383423
58.000000 85.123466 666.492615 105.793938 483.234894 268.421356 433.153656 303.679321 123.372711
113.000000 313.468414 1136.679321 330.605225 953.389893 453.460846 1023.343323 469.922821 813.327271
141.000000 1738.525757 488.857758 1919.015015 454.782715 1366.673218 501.976807 1546.677612 502.230316
167.000000 2037.943359 1443.278564 2045.813843 1626.703247 1601.166138 1406.650513 1603.466919 1573.331543
136.000000 1393.467407 890.000305 1393.851685 706.660767 1184.494141 853.347900 1186.791382 669.959778
223.000000 2894.033203 546.587280 2915.199951 726.912720 2439.088135 753.157715 2449.000977 889.830688
137.000000 1102.445312 659.972473 1096.863647 840.006104 1007.255432 586.685547 1001.375366 769.937195
140.000000 587.589722 1133.398804 600.113953 956.674744 663.081299 1050.161987 672.547668 870.133972
231.000000 283.335876 1633.601807 460.018250 1631.937500 429.865509 1599.232422 563.383179 1594.853271
134.000000 1744.958496 508.092590 1916.133423 473.990265 1356.207886 523.328918 1539.952515 518.272766
65.000000 374.984955 539.850525 359.566071 713.294739 515.305115 246.794418 496.294617 540.191895
256.000000 1093.061768 1026.658081 1087.596313 1200.134277 996.513794 953.329468 993.322083 1079.999756
229.000000 2763.906006 763.610168 2746.828613 593.317078 2326.447998 900.216431 2318.316406 766.769287
225.000000 493.341797 1153.243408 323.278076 1137.254272 596.639160 1060.116089 463.661011 1028.616699
221.000000 790.277771 505.464844 956.537903 543.890381 829.812683 380.300537 946.755005 453.191589
294.000000 1709.427856 1433.340698 1711.605835 1603.355469 1347.049927 1443.337646 1345.808594 1553.361206
166.000000 1386.564209 720.000000 1386.536621 890.000000 1178.925171 683.315674 1176.182861 849.992065
249.000000 323.071503 1149.597412 490.781921 1164.581421 462.259338 1041.347778 587.417053 1070.062866
216.000000 2598.871094 805.153687 2762.635498 767.004700 2186.490723 914.116272 2326.513672 904.450439
213.000000 2740.516846 591.747681 2579.789062 639.287048 2313.455811 764.536438 2173.213867 778.827576
127.000000 591.317139 966.759033 579.624634 1133.540649 665.720825 859.948792 655.421692 1050.113159
199.000000 523.486206 749.151428 360.052917 719.706238 628.557007 609.754944 496.105469 547.867737
250.000000 3070.763428 505.910339 2913.118408 552.607788 2583.652832 746.454224 2456.611816 759.464905
170.000000 526.103271 743.288696 539.045776 579.924377 623.657410 576.686523 633.665649 413.353699
198.000000 2161.544678 1239.828125 2143.429932 1077.026855 1740.983887 1236.857422 1737.722046 1090.068481
270.000000 473.162048 1343.616333 309.879272 1335.882080 573.048889 1272.256958 452.857269 1257.111084
291.000000 3065.396729 1291.234131 2940.999512 1396.645386 2568.829590 1317.512817 2467.695312 1365.102051
222.000000 362.512726 730.794312 521.510132 762.403992 495.161774 559.735535 618.253906 620.096558
224.000000 2196.490234 1552.878052 2207.755859 1713.490723 1767.207275 1509.879395 1771.466064 1646.724731
183.000000 2915.199951 726.912720 3071.710693 686.539307 2453.131836 890.902710 2606.791016 878.166992
208.000000 2288.454102 1713.430298 2278.422852 1553.432251 1859.175903 1653.236572 1853.649536 1509.987793
209.000000 2031.759644 1096.587891 2039.274170 1256.922607 1609.239502 1100.615479 1609.377197 1243.664795
126.000000 21.756401 946.496582 4.820886 1103.493774 201.000427 766.467834 184.495758 960.099060
6.000000 942.879822 561.970032 789.976440 526.768982 976.838562 499.724701 266.855469 56.364330
236.000000 2262.470215 736.529846 2271.927490 892.112000 1867.391113 813.322144 1869.454834 946.623474
121.000000 1106.467773 806.663025 1109.313599 649.987549 1012.527344 776.654907 1015.439270 576.600281
279.000000 313.416931 1341.880493 466.817688 1350.709106 453.281433 1263.723999 570.100464 1279.243896
181.000000 1707.261963 933.315430 1702.645386 779.920410 1357.177002 929.994812 1355.589233 773.310486
210.000000 1695.842529 790.024719 1700.439209 943.320190 1349.887817 783.332214 1348.448486 926.651062
248.000000 273.525085 1214.626587 123.596382 1200.534668 423.754944 1114.693604 297.169708 1087.645752
259.000000 359.693634 1599.699585 372.082550 1449.621582 471.885132 1513.718994 481.058624 1389.585571
84.000000 515.898499 669.957703 524.164795 519.862183 610.723328 596.698181 621.763672 343.119873
267.000000 356.427948 878.263550 503.300385 900.220459 487.511108 731.062256 603.074036 774.030762
79.000000 72.268219 516.545959 55.643730 663.217407 258.580627 156.528412 232.600204 423.261932
130.000000 2183.357422 1685.743896 2036.616699 1681.917236 1753.339600 1621.612793 1563.329468 1622.347534
260.000000 390.271118 478.804260 533.065308 511.182098 523.863708 275.768280 630.688110 338.834442
271.000000 2730.220215 607.411804 2590.589844 648.663269 2303.560303 775.536743 2183.461914 787.913513
163.000000 479.797485 1003.317078 468.318451 1146.531860 574.877869 879.866943 562.477661 1046.603027
243.000000 911.300781 1006.579102 905.124146 1149.933594 888.093018 926.576782 881.958069 1056.758911
282.000000 2743.600830 754.347778 2606.777100 790.418762 2310.219238 892.432190 2193.301025 902.974304
205.000000 642.474182 756.593811 654.378174 616.190002 706.661865 633.513306 714.419373 490.058716
257.000000 2143.354248 919.997498 2126.719727 780.790283 1735.151123 953.384216 1730.898193 826.748474
182.000000 2176.736084 1674.573364 2036.669067 1669.925781 1746.671753 1612.544434 1590.011597 1611.531372
119.000000 2031.595947 1669.948853 2027.106079 1529.985962 1577.163696 1609.652710 1584.583374 1406.590576
245.000000 763.716187 1139.993042 623.984802 1131.977295 733.580322 1052.387817 603.534851 1058.001831
261.000000 3071.080811 670.787415 2936.512939 706.080444 2590.349121 867.292480 2466.801025 878.190430
226.000000 2398.547119 703.001648 2266.008545 742.345154 2004.058472 804.388855 1870.649414 816.915649
193.000000 458.052734 590.110840 447.110016 726.968628 562.547363 416.615204 552.725525 566.626892
192.000000 433.821106 726.432373 445.065247 589.868164 541.789551 560.124146 552.227661 409.691986
287.000000 2765.335449 957.298767 2632.579590 986.582886 2323.305420 1052.279907 2209.787109 1055.280273
201.000000 259.954407 1190.514648 126.487206 1178.692749 409.945892 1083.631836 267.078949 1057.726318
273.000000 1863.489868 1592.909058 1869.078369 1726.705200 1471.231812 1543.141968 1476.270020 1663.349976
276.000000 2019.516235 813.353821 2025.167480 946.730164 1603.757935 843.327698 1605.343994 963.350830
99.000000 1775.729980 1103.351318 1778.285156 1236.699585 1390.628052 1040.000366 1390.493896 1266.666992
242.000000 2271.927490 892.112000 2398.292480 855.773071 1873.170898 945.077332 2002.838379 931.824524
219.000000 551.587952 1140.116455 561.126038 1010.082581 635.754578 1046.610474 644.366516 906.730286
284.000000 1946.486450 1723.338013 1943.104492 1593.339233 1536.167358 1659.999756 1536.158081 1543.333374
293.000000 2286.808594 1087.050537 2291.847412 1216.464966 1876.017700 1086.801880 1879.751953 1196.788208
185.000000 3070.234131 891.217285 2943.138184 915.652222 2620.041504 1023.925232 2466.528564 1034.699707
252.000000 185.639648 616.557739 172.207947 743.213989 353.020325 419.973694 342.373535 546.585938
164.000000 677.007935 1126.704956 677.477173 999.990662 725.525757 879.719543 715.068420 1046.566528
123.000000 1926.883423 432.913696 1802.995850 442.129242 1360.060547 489.253418 1560.047241 490.887878
281.000000 139.941162 1187.267578 260.094757 1199.032349 293.272003 1083.997437 410.173157 1094.791382
114.000000 2073.274170 1715.673096 1953.104614 1722.821899 1763.399536 1654.388794 1553.300659 1656.191406
206.000000 2687.423828 1169.701416 2806.532471 1155.537476 2219.771240 1212.378784 2363.229980 1204.726807
299.000000 1316.468506 456.303253 1211.598877 513.485657 1107.482178 407.279999 999.899048 429.511353
244.000000 2039.274170 1256.922607 2156.404541 1241.405273 1609.377197 1243.664795 1740.983887 1236.857422
253.000000 2025.775024 949.823059 2139.397705 920.961731 1606.389526 966.923096 1732.930054 955.523682
290.000000 135.167755 793.173706 147.566833 676.762573 312.106354 593.230652 321.569702 480.131348
232.000000 761.795959 773.586304 767.559570 656.710693 780.909363 670.041016 786.923157 536.678223
264.000000 1058.413940 713.392456 1054.466431 830.038330 978.125366 636.716553 973.911011 760.019714
274.000000 1044.176636 829.911804 1048.306885 713.273376 965.940491 753.308472 970.052490 633.221008
258.000000 2046.713623 1629.957520 2163.357666 1631.580688 1606.653198 1576.265137 1733.330200 1575.809448
283.000000 2304.666748 1224.109375 2418.820801 1205.929077 1892.692627 1230.687256 2009.722778 1222.636475
263.000000 2146.858887 1071.008789 2033.820923 1092.557861 1733.760864 1093.318237 1609.239502 1100.615479
265.000000 2156.760498 1431.941650 2043.209229 1437.436035 1730.042236 1407.730957 1606.676147 1408.405273
172.000000 1827.762451 866.612244 1822.134277 753.227417 1460.081543 929.998779 1457.592529 766.652588
292.000000 1344.694336 1100.020996 1342.945190 1213.378784 1147.514893 1060.023926 1144.407715 1170.030396
228.000000 3070.472168 905.802734 2960.046875 926.911621 2610.168945 1035.733887 2476.792236 1045.116943
272.000000 2131.405518 781.145203 2024.779663 814.608337 1727.187012 831.780090 1607.074097 844.003723
194.000000 1703.048218 1140.003296 1704.298706 1250.026855 1346.622314 1070.000000 1346.556519 1220.000000
