Keypoint Matches and Line Matches for pairs 7, 23 
7 corresponds to the image ./resources/Data/CastleP30/images/0007.png 
23 corresponds to the image ./resources/Data/CastleP30/images/0023.png 

1251.000000 2290.124023 595.523926 2319.000000 325.000000
7.000000 473.028809 483.049469 878.385925 383.260803
24.000000 500.014221 406.533783 893.318604 304.449005
1357.000000 2326.542969 602.728271 2353.000000 327.000000
59.000000 2897.003906 709.958008 2971.522461 439.891663
843.000000 2832.000000 1756.000000 620.000000 1538.000000
960.000000 1781.000000 480.000000 1845.000000 240.000000
588.000000 653.000000 286.000000 644.000000 108.000000
1487.000000 973.000000 323.000000 1138.000000 115.000000
1242.000000 2927.000000 850.000000 656.000000 632.000000
9.000000 1111.000000 451.000000 1406.704590 291.259186
965.000000 997.000000 327.000000 1161.000000 115.000000
1302.000000 1607.000000 519.000000 1924.000000 315.000000
1467.000000 2297.000000 602.000000 2327.000000 341.000000
1264.000000 2475.000000 537.000000 2446.000000 251.000000
936.000000 2315.000000 603.000000 2351.000000 341.000000
635.000000 1997.000000 539.000000 2003.000000 296.000000
1327.000000 490.000000 414.000000 885.000000 316.000000

10.000000 2290.124023 595.523926 1023.908691 458.034302 2320.004150 329.831329 1523.076050 310.736511
4.000000 473.028809 483.049469 405.903351 1343.273804 878.385925 383.260803 819.347351 1696.936890
3.000000 426.217712 1283.823486 486.972046 513.094666 834.877319 1696.732910 890.674988 379.754486
6.000000 2265.676270 673.657104 2318.829834 1383.421021 2312.317627 400.517761 2371.988770 1670.063232
7.000000 2332.222656 1376.750366 2279.245605 673.390137 2385.709961 1633.054810 2326.054932 410.192444
201.000000 986.871033 478.083771 1639.887329 547.722656 1490.000000 336.666656 1643.333374 336.666656
12.000000 1016.829712 461.809052 500.014221 406.533783 1400.028931 311.141724 893.318604 304.449005
9.000000 460.051056 402.873016 13.335372 353.314941 856.637390 305.090118 16.648674 291.078705
8.000000 3.373063 426.352844 352.836121 470.594208 3.301385 368.999573 870.033752 380.868958
11.000000 1942.954712 627.697571 2233.371338 652.895264 2336.674561 402.850677 2967.808594 413.077209
231.000000 2856.732178 650.141724 3071.815430 550.588928 2967.808594 413.077209 3072.306885 336.449524
122.000000 2159.598877 1436.690918 2172.105713 1643.407593 2613.404785 1296.662109 2625.176270 1480.095581
286.000000 1466.764282 548.924622 1636.576172 564.331238 1710.000000 363.333344 1820.000000 363.333344
270.000000 1629.848022 584.956055 1466.696411 569.681946 1860.000000 386.666656 1746.666626 386.666656
30.000000 2897.003906 709.958008 2917.711426 866.791504 2971.522461 439.891663 2989.088867 686.731506
1.000000 1279.862427 554.341125 1430.245117 574.871460 890.674988 379.754486 2316.684814 402.203644
