Keypoint Matches and Line Matches for pairs 7, 29 
7 corresponds to the image ./resources/Data/CastleP30/images/0007.png 
29 corresponds to the image ./resources/Data/CastleP30/images/0029.png 

4.000000 2290.124023 595.523926 1303.524414 631.361755
19.000000 2265.676270 673.657104 1256.558594 686.509399
26.000000 2279.245605 673.390137 1266.788818 703.297913
84.000000 1639.887329 547.722656 940.715210 425.571136
51.000000 2939.101562 1303.852173 1580.966675 1300.060547
21.000000 876.588074 656.663208 329.689240 296.363831
22.000000 850.653809 1243.362183 267.057251 1050.032471
29.000000 994.493591 1246.592041 403.424347 1073.340210
30.000000 1014.289368 670.032837 457.498047 363.396667
31.000000 961.917053 1233.280762 374.143250 1053.136475
32.000000 983.205994 659.995300 429.514191 343.295441
85.000000 1864.916138 723.143066 1048.610352 663.299194
473.000000 582.691467 683.288330 13.956753 206.434860
81.000000 1633.169556 554.867371 939.525513 434.060913
57.000000 2192.701172 742.939270 1218.955444 746.701233
58.000000 2227.985596 1283.247192 1211.554077 1236.690186
35.000000 892.406738 1236.768311 308.905731 1046.578003
36.000000 915.226501 696.605835 364.287659 363.140564
49.000000 2003.853638 1283.465088 1098.458008 1219.964355
50.000000 1979.014648 753.223328 1110.188477 713.260498
66.000000 2882.724854 1270.073853 1564.270508 1286.626099
79.000000 2285.144775 1283.440796 1238.225830 1236.647339
80.000000 2248.863037 769.844849 1243.186890 779.998413
197.000000 2592.222656 1286.772461 1390.493896 1266.666992
75.000000 2405.317139 1283.438354 1291.614502 1246.644653
18.000000 1056.506958 1816.917480 437.459106 1768.233032
87.000000 1033.381714 1813.430054 413.618164 1766.211426
40.000000 1259.665771 1190.039062 628.573608 1050.116821
28.000000 1086.551880 1798.834473 463.997192 1746.204102
74.000000 1230.022217 1294.776123 601.080566 1167.255249
56.000000 1130.010864 1750.396606 493.077332 1687.020264
47.000000 984.365112 829.921387 419.559174 556.388550
48.000000 970.239380 1243.341553 381.942841 1066.809814
127.000000 1706.745605 1276.532593 1077.385742 1195.766113
42.000000 1173.282715 1745.432129 530.325806 1681.022949
1418.000000 2753.275635 1716.745605 1457.000000 1625.000000
934.000000 1376.834595 1707.063110 673.000000 1616.000000
46.000000 1203.307373 1726.398560 556.852234 1658.283569
561.000000 1069.774658 505.423462 543.398499 203.234238
72.000000 1420.015869 543.186096 806.530518 363.547882
97.000000 1658.405273 1669.963501 794.956482 1583.401123
166.000000 1642.808350 723.356995 920.299255 610.008362
497.000000 902.135498 849.948730 342.373535 546.585938
150.000000 888.150452 1176.730225 308.547272 969.886780
461.000000 1889.881470 883.338196 1054.241943 826.693909
163.000000 1246.670898 1767.063477 770.001343 1694.518188
286.000000 1866.509888 588.210938 1075.669800 534.923401
287.000000 2179.995605 620.042603 1226.852783 629.703125
434.000000 2623.355713 616.172852 1442.856323 722.682068
34.000000 2233.371338 652.895264 1265.274414 688.908569
586.000000 618.851685 1373.613403 10.724294 1196.940674
95.000000 778.788818 1663.266724 169.880875 1586.359253
96.000000 794.561951 1376.367676 203.128464 1213.018188
151.000000 763.335571 1690.141846 150.067474 1624.789551
152.000000 1049.983398 1685.615967 426.603790 1611.976318
109.000000 1049.736694 1380.054810 443.002563 1243.323242
93.000000 641.204102 913.551575 69.217949 553.864868
94.000000 628.223145 1183.408203 34.601486 937.082336
105.000000 801.005554 1189.833496 220.752014 963.075745
106.000000 819.836609 926.654968 254.348190 626.435303
102.000000 650.789795 770.031311 92.191231 370.529114
92.000000 661.235229 506.715668 116.554008 3.324012
384.000000 1643.320557 1313.895264 1020.402283 1227.391357
863.000000 1541.912720 1700.003662 764.000000 1629.000000
210.000000 1214.569946 1203.254150 592.583252 1053.278320
1125.000000 1224.138916 949.904541 615.000000 757.000000
101.000000 669.283020 520.130005 125.109177 26.836752
113.000000 1060.542114 946.680237 481.219727 710.304260
224.000000 1054.272339 1196.690186 453.460846 1023.343323
115.000000 822.629211 779.949646 268.421356 433.153656
116.000000 840.017578 536.667908 303.679321 123.372711
185.000000 1043.322021 1357.227661 440.355499 1214.151733
186.000000 803.285400 1352.368652 213.047684 1182.020874
181.000000 793.293640 1647.073608 186.597427 1566.968018
182.000000 1033.339966 1643.820068 416.629730 1561.715332
189.000000 803.340027 1346.326172 216.536865 1174.219238
190.000000 1043.313232 1351.025635 443.221161 1207.432251
177.000000 796.667114 1520.779541 196.743958 1401.648560
178.000000 1036.666992 1520.637817 426.718750 1412.197632
179.000000 796.665527 1562.381836 193.326294 1456.949463
180.000000 1036.665161 1562.088989 423.349792 1462.671875
201.000000 1331.848267 1359.987061 630.060120 1243.336426
234.000000 2689.363770 1286.735107 1440.429565 1269.995972
235.000000 2663.904785 1049.938599 1438.518188 1066.586670
53.000000 2856.732178 650.141724 1573.144775 788.377197
129.000000 1071.281860 563.355591 515.305115 246.794418
130.000000 1067.171143 800.008789 496.294617 540.191895
191.000000 800.010132 1478.475952 203.285797 1347.340576
192.000000 1036.666260 1480.053223 430.233978 1363.349854
243.000000 2453.164307 1259.622925 1314.059814 1230.037231
204.000000 1036.717529 1343.013916 437.158661 1196.340820
205.000000 806.622925 1339.811035 217.103149 1166.753662
155.000000 1187.919800 1426.693115 544.703430 1306.554565
156.000000 1183.073975 1656.661255 529.289307 1576.626099
339.000000 1830.366211 990.079407 1017.574951 923.251892
175.000000 1681.240601 623.200928 949.209290 520.087097
176.000000 1688.847412 849.246826 940.875427 763.363342
218.000000 806.660400 1437.529419 213.299744 1293.696289
219.000000 1033.339355 1439.173584 426.656403 1313.444214
154.000000 2350.525879 1286.628662 1269.475098 1243.357178
228.000000 2009.131714 649.853455 1133.791382 623.453613
229.000000 2022.421875 873.387512 1127.133667 833.348145
173.000000 858.492859 1236.744019 276.633118 1039.997437
216.000000 809.968018 1395.981567 216.658157 1240.075684
217.000000 1033.349243 1398.677979 429.920410 1264.041504
231.000000 1531.650024 606.667053 854.590210 466.570068
331.000000 2979.749756 1446.281128 1601.166138 1406.650513
332.000000 3007.346436 1666.998413 1603.466919 1573.331543
280.000000 2525.658691 387.384369 1366.673218 501.976807
240.000000 1822.189087 850.026611 1012.527344 776.654907
1403.000000 1817.154297 633.399475 1029.000000 553.000000
268.000000 1387.639526 586.652283 758.900757 409.960541
256.000000 2159.598877 1436.690918 1163.910400 1370.011719
257.000000 2172.105713 1643.407593 1160.069946 1560.001465
1528.000000 2736.628906 1365.232910 1473.000000 1327.000000
232.000000 2155.619141 1226.738892 1178.322388 1183.376099
139.000000 617.939697 1210.084961 21.933460 960.199768
140.000000 631.515564 1006.545410 51.183136 677.133362
378.000000 1136.492188 803.329285 541.789551 560.124146
270.000000 2136.108398 873.370728 1184.494141 853.347900
271.000000 2122.938721 676.693115 1186.791382 669.959778
195.000000 2039.932007 1236.826782 1118.939819 1180.122559
225.000000 1052.955200 1026.653687 469.922821 813.327271
368.000000 1200.436768 810.006348 596.053833 589.962158
254.000000 1509.797607 640.001770 831.727234 486.600311
412.000000 2938.890625 1039.718262 1609.239502 1100.615479
413.000000 2962.530762 1226.346069 1609.377197 1243.664795
302.000000 783.407349 1667.910645 176.664169 1596.513672
203.000000 1515.850708 623.338867 841.758667 473.281769
272.000000 1796.942627 666.658447 1007.255432 586.685547
273.000000 1802.406494 850.027588 1001.375366 769.937195
1168.000000 2040.055786 1364.660767 1131.000000 1294.000000
120.000000 1389.972412 1717.786865 683.300964 1647.090088
329.000000 2116.944824 693.316040 1178.925171 683.315674
330.000000 2127.927490 869.921570 1176.182861 849.992065
364.000000 2340.032959 1724.334229 1240.229858 1629.387451
1404.000000 2156.618408 1670.198486 1155.000000 1582.000000
1220.000000 2333.345947 1667.484253 1274.000000 1573.000000
372.000000 1811.088867 1007.091980 1005.907715 933.275574
345.000000 776.710327 1679.047241 163.448181 1609.389526
408.000000 1209.986328 1661.854492 563.323975 1582.808472
409.000000 1036.636963 1663.456421 419.976746 1585.361816
414.000000 2494.707275 729.868530 1349.887817 783.332214
357.000000 2510.977051 899.906494 1357.177002 929.994812
436.000000 1466.764282 548.924622 829.812683 380.300537
437.000000 1636.576172 564.331238 946.755005 453.191589
248.000000 800.072632 1194.468628 226.578918 977.046936
249.000000 630.037903 1188.852295 36.690765 933.228882
456.000000 1039.979858 1675.053955 429.865509 1599.232422
457.000000 1210.036621 1672.932373 563.383179 1594.853271
278.000000 1301.094727 1180.013672 663.081299 1050.161987
183.000000 793.321167 1604.595093 189.997055 1511.533447
1292.000000 2639.564209 660.214600 1457.000000 755.000000
1106.000000 2806.236328 636.920227 1544.000000 763.000000
1214.000000 629.859192 1202.329712 33.000000 951.000000
261.000000 796.837036 1206.481934 218.860565 991.701782
123.000000 1060.109375 800.003235 491.289093 540.071594
1401.000000 1065.058105 633.384583 498.000000 334.000000
507.000000 3033.604492 653.293457 1730.898193 826.748474
246.000000 820.235535 786.814819 275.348175 449.550385
247.000000 656.564636 774.712952 97.478401 368.224640
292.000000 809.866699 932.931274 243.950867 634.160339
293.000000 646.567932 925.504944 76.602196 573.511230
208.000000 766.266418 1503.311157 151.867157 1369.865723
209.000000 757.390137 1663.373413 131.999054 1586.849731
262.000000 660.069275 782.361084 96.405792 377.244080
263.000000 819.970154 793.751892 267.604553 454.590729
517.000000 633.630554 1503.348877 20.016272 1363.025513
290.000000 783.362000 1386.833252 193.350098 1226.513550
291.000000 623.314758 1385.385864 16.251635 1207.124146
252.000000 1295.779419 1023.320984 665.720825 859.948792
253.000000 1293.556641 1183.336426 655.421692 1050.113159
1491.000000 2966.674805 1550.844482 1583.000000 1485.000000
958.000000 2586.662354 1662.535767 1320.000000 1576.000000
1190.000000 2746.657715 1661.665771 1461.000000 1570.000000
543.000000 2897.003906 709.958008 1603.757935 843.327698
544.000000 2917.711426 866.791504 1605.343994 963.350830
360.000000 2992.909424 1713.762329 1590.011597 1611.531372
490.000000 1056.532471 1213.488770 462.259338 1041.347778
491.000000 1213.607788 1219.528076 587.417053 1070.062866
241.000000 1802.567505 653.074463 1015.439270 576.600281
444.000000 1213.412476 1207.954834 596.639160 1060.116089
445.000000 1056.593628 1201.889648 463.661011 1028.616699
110.000000 1062.985596 1656.662231 432.844269 1576.956299
608.000000 1065.003906 1499.978638 447.000000 1373.000000
308.000000 626.670227 1392.800537 19.903360 1214.153442
309.000000 783.352173 1393.849243 189.899445 1234.186523
995.000000 2756.667969 1590.063477 1476.000000 1511.000000
558.000000 2882.770752 1780.062866 1536.167358 1659.999756
559.000000 2865.817139 1628.250488 1536.158081 1543.333374
33.000000 1279.862427 554.341125 681.460022 326.349854
392.000000 1216.983521 815.968323 628.557007 609.754944
393.000000 1066.602539 804.148804 496.105469 547.867737
1388.000000 1838.260010 1069.943726 1025.000000 994.000000
531.000000 1206.662476 1389.763550 573.048889 1272.256958
532.000000 1056.709106 1392.405640 452.857269 1257.111084
438.000000 1069.527832 814.872986 495.161774 559.735535
439.000000 1217.070190 829.167908 618.253906 620.096558
537.000000 2768.004150 1630.212036 1471.231812 1543.141968
538.000000 2783.601074 1776.992432 1476.270020 1663.349976
306.000000 679.971680 533.618408 137.553528 45.179424
307.000000 826.845581 548.197327 286.330292 133.897446
319.000000 653.273865 931.001892 79.560043 581.181091
320.000000 800.214233 939.724243 236.763275 639.740662
1359.000000 2583.407471 1388.035400 1376.000000 1351.000000
624.000000 1131.561401 1500.027466 511.000000 1392.000000
480.000000 1616.483154 1033.336304 888.093018 926.576782
1379.000000 716.262573 1036.646240 97.000000 734.000000
358.000000 2500.346924 713.652954 1355.589233 773.310486
250.000000 785.531799 1043.280884 201.000427 766.467834
1155.000000 778.898071 1186.769775 200.000000 963.000000
429.000000 658.674194 1039.937012 61.609970 726.807495
336.000000 1221.673950 793.362610 623.657410 576.686523
337.000000 1224.182495 649.956543 633.665649 413.353699
511.000000 1118.640381 1499.972900 481.058624 1389.585571
548.000000 1060.014160 1396.216675 453.281433 1263.723999
549.000000 1199.979980 1400.634644 570.100464 1279.243896
1361.000000 2359.998779 1666.577759 1225.000000 1578.000000
323.000000 1194.394287 1063.362305 574.877869 879.866943
324.000000 1190.574463 1203.258057 562.477661 1046.603027
536.000000 2899.093506 704.540710 1607.074097 844.003723
276.000000 753.535828 636.871216 191.945511 216.857422
277.000000 745.633728 773.466431 174.337830 396.438324
300.000000 732.973267 773.113770 160.752472 387.080811
301.000000 741.093323 636.533508 178.346207 213.503571
525.000000 1070.140991 954.473816 487.511108 731.062256
526.000000 1206.671997 963.249756 603.074036 774.030762
640.000000 3048.680176 1186.842529 1652.000000 1219.000000
512.000000 1083.275269 573.908386 523.863708 275.768280
513.000000 1216.597046 587.357178 630.688110 338.834442
578.000000 2567.469727 1506.596191 1347.049927 1443.337646
579.000000 2579.183350 1640.071655 1345.808594 1553.361206
158.000000 800.396912 780.207336 232.600204 423.261932
728.000000 677.614014 770.052002 112.000000 365.000000
654.000000 2696.000000 782.000000 1479.000000 865.000000
626.000000 2713.000000 944.000000 1479.000000 997.000000
765.000000 612.000000 1318.000000 9.000000 1111.000000
1034.000000 2799.000000 1245.000000 1516.000000 1244.000000
754.000000 2675.000000 594.000000 1478.000000 709.000000
996.000000 2677.000000 611.000000 1478.000000 723.000000
984.000000 2484.000000 866.000000 1344.000000 900.000000
663.000000 2772.000000 1484.000000 1482.000000 1431.000000
1231.000000 2680.000000 788.000000 1469.000000 866.000000
591.000000 2709.000000 907.000000 1479.000000 967.000000
1270.000000 656.000000 819.000000 78.000000 398.000000
755.000000 2783.000000 1106.000000 1515.000000 1134.000000
775.000000 685.000000 1104.000000 88.000000 829.000000
1027.000000 2807.000000 1472.000000 1506.000000 1422.000000
1202.000000 2764.000000 1258.000000 1493.000000 1252.000000
1287.000000 2739.000000 585.000000 1523.000000 716.000000
1079.000000 2815.000000 1240.000000 1528.000000 1242.000000
880.000000 2727.000000 920.000000 1491.000000 980.000000
1114.000000 2508.000000 1146.000000 1341.000000 1140.000000
703.000000 2748.000000 1263.000000 1481.000000 1255.000000
1224.000000 1112.000000 765.000000 522.000000 513.000000
767.000000 1491.000000 1104.000000 788.000000 983.000000
1419.000000 2756.000000 722.000000 1525.000000 827.000000
1353.000000 2133.000000 1458.000000 1158.000000 1390.000000
741.000000 2692.000000 747.000000 1479.000000 836.000000
734.000000 2140.000000 1567.000000 1145.000000 1488.000000
774.000000 644.000000 892.000000 72.000000 527.000000
670.000000 1171.000000 737.000000 573.000000 498.000000
1004.000000 730.000000 1535.000000 108.000000 1418.000000
613.000000 1785.000000 1118.000000 975.000000 1037.000000
1381.000000 1140.000000 1555.000000 496.000000 1458.000000
702.000000 1416.000000 1101.000000 736.000000 969.000000
1398.000000 2053.000000 833.000000 1161.000000 814.000000
677.000000 2767.000000 1112.000000 1504.000000 1136.000000
940.000000 2142.000000 1600.000000 1144.000000 1519.000000
1309.000000 2695.000000 931.000000 1468.000000 984.000000
730.000000 2775.000000 1505.000000 1482.000000 1447.000000
1070.000000 1056.000000 827.000000 484.000000 574.000000
756.000000 2762.000000 924.000000 1514.000000 988.000000
595.000000 2711.000000 925.000000 1479.000000 982.000000
885.000000 2711.000000 777.000000 1490.000000 863.000000
1290.000000 2723.000000 574.000000 1511.000000 704.000000
599.000000 1774.000000 814.000000 984.000000 732.000000
779.000000 684.000000 892.000000 116.000000 540.000000
659.000000 1431.000000 1041.000000 750.000000 905.000000
987.000000 2746.000000 1099.000000 1492.000000 1125.000000
780.000000 3008.000000 1125.000000 1651.000000 1170.000000
1052.000000 1155.000000 1450.000000 515.000000 1335.000000
692.000000 708.000000 733.000000 116.000000 320.000000
629.000000 1162.000000 1123.000000 541.000000 951.000000
999.000000 2676.000000 753.000000 1468.000000 837.000000
1312.000000 3015.000000 1498.000000 1626.000000 1449.000000
1047.000000 2693.000000 913.000000 1468.000000 969.000000
1485.000000 2479.000000 810.000000 1344.000000 852.000000
704.000000 2801.000000 1266.000000 1516.000000 1261.000000
838.000000 728.000000 1573.000000 103.000000 1469.000000
953.000000 1173.000000 632.000000 581.000000 376.000000
1122.000000 2729.000000 938.000000 1491.000000 994.000000
383.000000 2516.000000 1234.000000 1346.556519 1220.000000
1386.000000 2587.000000 279.000000 1436.000000 427.000000
878.000000 2766.000000 1279.000000 1493.000000 1269.000000
935.000000 2725.000000 902.000000 1491.000000 965.000000
770.000000 1103.000000 1087.000000 495.000000 897.000000
827.000000 2733.000000 1125.000000 1480.000000 1143.000000
1314.000000 672.000000 820.000000 108.000000 437.000000
948.000000 2016.000000 493.000000 1094.000000 471.000000
616.000000 2750.000000 1284.000000 1481.000000 1271.000000
1076.000000 710.000000 700.000000 140.000000 284.000000
706.000000 1163.000000 1012.000000 544.000000 819.000000
881.000000 2781.000000 1086.000000 1515.000000 1118.000000
691.000000 1198.000000 855.000000 601.000000 647.000000
1054.000000 2148.000000 916.000000 1188.000000 895.000000
614.000000 2961.000000 776.000000 1646.000000 904.000000
761.000000 796.000000 1371.000000 207.000000 1207.000000
1118.000000 1051.000000 1245.000000 517.000000 1124.000000
835.000000 1091.000000 1571.000000 454.000000 1475.000000
1120.000000 2717.000000 1130.000000 1470.000000 1146.000000
400.000000 772.000000 1400.000000 176.313599 1243.153687
596.000000 1772.000000 753.000000 986.000000 671.000000
731.000000 826.000000 813.000000 268.000000 482.000000
1282.000000 2778.000000 1066.000000 1515.000000 1102.000000
1063.000000 2759.000000 887.000000 1514.000000 959.000000
707.000000 2975.000000 771.000000 1663.000000 903.000000
1121.000000 717.000000 591.000000 134.000000 127.000000
1549.000000 1301.000000 985.000000 672.000000 820.000000
1133.000000 772.000000 705.000000 205.000000 317.000000
1441.000000 755.000000 990.000000 169.000000 692.000000
1544.000000 1101.000000 1155.000000 489.000000 979.000000
1096.000000 2818.000000 1261.000000 1528.000000 1259.000000
647.000000 618.000000 1334.000000 15.000000 1134.000000
1065.000000 1104.000000 1009.000000 515.000000 809.000000
1012.000000 1804.000000 1568.000000 959.000000 1485.000000
764.000000 1343.000000 954.000000 702.000000 789.000000
658.000000 2731.000000 1104.000000 1480.000000 1127.000000
689.000000 671.000000 883.000000 104.000000 524.000000
62.000000 2568.000000 1291.000000 1371.549438 1270.000977
1546.000000 1428.000000 757.000000 767.000000 593.000000
1011.000000 687.000000 1069.000000 92.000000 780.000000
686.000000 658.000000 801.000000 94.000000 405.000000
620.000000 749.000000 1107.000000 157.000000 848.000000
762.000000 2110.000000 1300.000000 1151.000000 1244.000000
656.000000 1505.000000 928.000000 868.000000 802.000000
1347.000000 744.000000 1355.000000 152.000000 1178.000000
1466.000000 1090.000000 1644.000000 448.000000 1562.000000
757.000000 1171.000000 705.000000 575.000000 461.000000
1472.000000 1428.000000 725.000000 769.000000 559.000000
1022.000000 2039.000000 393.000000 1124.000000 380.000000
1245.000000 2744.000000 1079.000000 1492.000000 1109.000000
1037.000000 2761.000000 905.000000 1514.000000 974.000000
698.000000 1114.000000 701.000000 528.000000 437.000000
1018.000000 3027.000000 1155.000000 1669.000000 1194.000000
340.000000 2663.000000 869.000000 1460.081543 929.998779
1300.000000 749.000000 525.000000 209.000000 68.000000
753.000000 676.000000 798.000000 114.000000 409.000000
1555.000000 2714.000000 1110.000000 1470.000000 1130.000000
242.000000 2431.000000 1025.000000 1315.895386 1030.023560
699.000000 2097.000000 778.000000 1162.000000 759.000000
812.000000 1434.000000 1161.000000 745.000000 1036.000000
839.000000 2111.000000 1058.000000 1154.000000 1020.000000
798.000000 683.000000 1140.000000 83.000000 877.000000
936.000000 1260.000000 1249.000000 664.000000 1116.000000
1250.000000 2093.000000 711.000000 1173.000000 701.000000
1077.000000 2728.000000 769.000000 1503.000000 859.000000
820.000000 757.000000 885.000000 195.000000 555.000000
1557.000000 1722.000000 749.000000 971.000000 664.000000
1367.000000 2691.000000 605.000000 1489.000000 722.000000
1187.000000 1215.000000 856.000000 614.000000 652.000000
666.000000 1043.000000 1326.000000 442.000000 1178.000000
862.000000 2782.000000 1250.000000 1504.000000 1247.000000
847.000000 2744.000000 763.000000 1513.000000 858.000000
585.000000 1255.000000 1269.000000 656.683044 1141.169312
725.000000 1062.000000 914.000000 483.000000 681.000000
793.000000 2099.000000 807.000000 1161.000000 787.000000
590.000000 1482.000000 792.000000 803.000000 646.000000
1043.000000 2700.000000 279.000000 1519.000000 463.000000
825.000000 2788.000000 1479.000000 1494.000000 1428.000000
1285.000000 778.000000 597.000000 219.000000 175.000000
808.000000 1216.000000 582.000000 632.000000 335.000000
1369.000000 1483.000000 1231.000000 782.000000 1125.000000
1288.000000 2637.000000 623.000000 1456.000000 725.000000
1041.000000 668.000000 1447.000000 45.000000 1295.000000
1179.000000 2533.000000 706.000000 1371.000000 769.000000
946.000000 643.000000 1234.000000 49.000000 999.000000
1502.000000 1838.000000 1403.000000 992.000000 1335.000000
1495.000000 2050.000000 1158.000000 1128.000000 1108.000000
1178.000000 3021.000000 1656.000000 1617.000000 1565.000000
760.000000 3029.000000 1188.000000 1669.000000 1217.000000
1254.000000 1729.000000 1043.000000 954.000000 958.000000
1255.000000 2506.000000 1790.000000 1330.000000 1683.000000
1436.000000 2181.000000 1352.000000 1183.000000 1303.000000
912.000000 2776.000000 1046.000000 1514.000000 1086.000000
615.000000 2964.000000 801.000000 1646.000000 924.000000
1249.000000 2383.000000 538.000000 1273.000000 595.000000
1434.000000 661.000000 1574.000000 29.000000 1468.000000
1501.000000 2659.000000 832.000000 1458.000000 898.000000
1510.000000 691.000000 987.000000 102.000000 670.000000
784.000000 2769.000000 1299.000000 1493.000000 1285.000000
1460.000000 2694.000000 764.000000 1479.000000 850.000000
783.000000 2796.000000 1225.000000 1515.000000 1229.000000
926.000000 2740.000000 728.000000 1513.000000 829.000000
1074.000000 2132.000000 1059.000000 1165.000000 1023.000000
888.000000 1786.000000 1150.000000 974.000000 1069.000000
1303.000000 2474.000000 746.000000 1344.000000 797.000000
1143.000000 1709.000000 1042.000000 942.000000 954.000000
1089.000000 2418.000000 526.000000 1286.000000 587.000000
747.000000 1482.000000 731.000000 806.000000 579.000000
681.000000 1065.000000 1832.000000 683.000000 1777.000000
652.000000 1162.000000 1089.000000 544.000000 911.000000
1340.000000 1339.000000 897.000000 751.000000 782.000000
705.000000 2749.000000 1119.000000 1492.000000 1141.000000
676.000000 710.000000 1632.000000 81.000000 1549.000000
662.000000 710.000000 865.000000 146.000000 513.000000
1440.000000 747.000000 1143.000000 152.000000 895.000000
633.000000 1482.000000 761.000000 804.000000 612.000000
1390.000000 663.000000 1536.000000 33.000000 1416.000000
1377.000000 1429.000000 1231.000000 730.000000 1113.000000
1206.000000 1587.000000 869.000000 886.000000 753.000000
522.000000 2990.000000 1453.000000 1606.676147 1408.405273
1124.000000 1712.000000 1115.000000 942.000000 1028.000000
1036.000000 2678.000000 771.000000 1468.000000 852.000000
1044.000000 1170.000000 769.000000 571.000000 536.000000
1247.000000 2069.000000 1534.000000 1119.000000 1458.000000
1069.000000 2746.000000 1243.000000 1481.000000 1239.000000
1139.000000 2726.000000 1065.000000 1480.000000 1095.000000
299.000000 2539.000000 1032.000000 1355.153320 1043.383423
606.000000 2752.000000 1304.000000 1481.000000 1288.000000
1334.000000 1158.000000 841.000000 570.000000 618.000000
928.000000 1088.000000 731.000000 512.000000 469.000000
854.000000 1724.000000 840.000000 953.000000 747.000000
645.000000 1113.000000 733.000000 525.000000 475.000000
969.000000 1080.000000 1833.000000 700.000000 1776.000000
864.000000 3061.000000 1498.000000 1662.000000 1449.000000
841.000000 1066.000000 949.000000 484.000000 725.000000
971.000000 727.000000 812.000000 167.000000 445.000000
1339.000000 635.000000 1399.000000 26.000000 1226.000000
194.000000 2034.000000 1003.000000 1131.150391 953.755005
867.000000 2729.000000 1084.000000 1480.000000 1111.000000
646.000000 2810.000000 1492.000000 1507.000000 1438.000000
982.000000 2979.000000 823.000000 1663.000000 941.000000
1271.000000 797.000000 828.000000 240.000000 493.000000
1090.000000 2739.000000 710.000000 1512.000000 815.000000
1161.000000 1414.000000 1218.000000 736.000000 1092.000000
269.000000 1405.000000 755.000000 752.318237 593.296875
1344.000000 2564.000000 1535.000000 1390.000000 1457.000000
1080.000000 1069.000000 1245.000000 469.000000 1083.000000
973.000000 1076.000000 1154.000000 475.000000 975.000000
642.000000 1076.000000 960.000000 491.000000 741.000000
947.000000 1017.000000 628.000000 463.000000 318.000000
611.000000 1161.000000 1157.000000 538.000000 991.000000
630.000000 3015.000000 755.000000 1696.000000 899.000000
749.000000 1427.000000 1057.000000 749.000000 922.000000
1539.000000 2761.000000 1238.000000 1492.000000 1236.000000
1444.000000 1808.000000 1150.000000 987.000000 1071.000000
894.000000 2160.000000 1534.000000 1157.000000 1459.000000
1277.000000 1793.000000 1422.000000 963.000000 1340.000000
932.000000 1719.000000 679.000000 958.000000 584.000000
865.000000 2758.000000 1509.000000 1446.000000 1457.000000
1343.000000 1001.000000 649.000000 447.000000 337.000000
1230.000000 1162.000000 908.000000 569.000000 699.000000
1365.000000 2830.000000 1519.000000 1499.000000 1466.000000
592.000000 809.000000 821.000000 252.000000 489.000000
1558.000000 1821.000000 895.000000 1015.000000 823.000000
811.000000 676.000000 806.000000 113.000000 420.000000
937.000000 1102.000000 1120.000000 491.000000 937.000000
1050.000000 649.000000 867.000000 80.000000 494.000000
486.000000 609.000000 1000.000000 35.946514 656.507385
1195.000000 1068.000000 847.000000 493.000000 601.000000
1267.000000 1887.000000 732.000000 1060.000000 674.000000
1459.000000 1712.000000 1147.000000 941.000000 1059.000000
897.000000 1702.000000 778.000000 954.000000 686.000000
723.000000 2821.000000 1445.000000 1517.000000 1402.000000
1366.000000 2073.000000 1219.000000 1141.000000 1173.000000
233.000000 2150.000000 1011.000000 1183.573486 979.834229
739.000000 1153.000000 1535.000000 508.000000 1433.000000
788.000000 3012.000000 1049.000000 1650.000000 1116.000000
1409.000000 2034.000000 832.000000 1136.000000 803.000000
1335.000000 2091.000000 903.000000 1160.000000 875.000000
1008.000000 3013.000000 1158.000000 1651.000000 1195.000000
1276.000000 1416.000000 1231.000000 742.000000 1113.000000
1337.000000 1400.000000 1105.000000 726.000000 969.000000
1154.000000 1129.000000 1725.000000 491.000000 1658.000000
1173.000000 2673.000000 577.000000 1478.000000 695.000000
831.000000 1116.000000 598.000000 536.000000 316.000000
1160.000000 1268.000000 668.000000 666.000000 451.000000
1233.000000 2353.000000 688.000000 1294.000000 723.000000
738.000000 2770.000000 1463.000000 1482.000000 1414.000000
1075.000000 2803.000000 1429.000000 1517.000000 1386.000000
1199.000000 1475.000000 1163.000000 775.000000 1044.000000
855.000000 1095.000000 1450.000000 464.000000 1330.000000
1323.000000 1434.000000 1094.000000 778.000000 971.000000
638.000000 2804.000000 1287.000000 1516.000000 1277.000000
682.000000 1152.000000 1607.000000 503.000000 1519.000000
394.000000 791.000000 945.000000 225.301178 647.013062
900.000000 1217.000000 921.000000 612.000000 728.000000
911.000000 1395.000000 858.000000 763.000000 699.000000
675.000000 2733.000000 1289.000000 1470.000000 1274.000000
1328.000000 2184.000000 671.000000 1218.000000 678.000000
575.000000 2118.000000 1224.000000 1144.407715 1170.030396
1442.000000 2677.000000 1176.000000 1459.000000 1181.000000
877.000000 1814.000000 1002.000000 992.000000 934.000000
1302.000000 2053.000000 483.000000 1110.000000 463.000000
1537.000000 703.000000 1221.000000 116.000000 993.000000
1382.000000 1572.000000 997.000000 868.000000 884.000000
735.000000 1479.000000 1209.000000 792.000000 1092.000000
791.000000 654.000000 787.000000 92.000000 384.000000
806.000000 1428.000000 375.000000 732.000000 162.000000
917.000000 2736.000000 1309.000000 1471.000000 1290.000000
1499.000000 3024.000000 663.000000 1720.000000 836.000000
1234.000000 1693.000000 885.000000 942.000000 790.000000
1209.000000 2731.000000 1433.000000 1465.000000 1389.000000
668.000000 1476.000000 1043.000000 782.000000 916.000000
740.000000 661.000000 893.000000 91.000000 533.000000
1218.000000 2785.000000 1458.000000 1494.000000 1411.000000
1279.000000 614.000000 1213.000000 17.000000 964.000000
1057.000000 1604.000000 699.000000 894.000000 578.000000
568.000000 1032.000000 1022.000000 460.018921 803.331909
1518.000000 1761.000000 1422.000000 977.000000 1342.000000
134.000000 2856.000000 478.000000 1576.419678 649.529663
124.000000 1075.000000 568.000000 507.956116 239.886520
955.000000 1085.000000 826.000000 510.000000 582.000000
1527.000000 1052.000000 1226.000000 474.000000 1066.000000
1101.000000 2097.000000 886.000000 1163.000000 860.000000
1176.000000 2949.000000 1044.000000 1616.000000 1104.000000
1266.000000 2390.000000 490.000000 1259.000000 570.000000
641.000000 1208.000000 938.000000 604.000000 746.000000
1128.000000 2754.000000 1467.000000 1471.000000 1417.000000
598.000000 1152.000000 1571.000000 506.000000 1476.000000
805.000000 2824.000000 1467.000000 1517.000000 1419.000000
648.000000 2310.000000 1788.000000 1347.000000 1677.000000
1015.000000 1474.000000 865.000000 804.000000 723.000000
785.000000 815.000000 829.000000 257.000000 501.000000
795.000000 1403.000000 1006.000000 745.000000 864.000000
962.000000 1472.000000 950.000000 799.000000 815.000000
1432.000000 1406.000000 1410.000000 719.000000 1304.000000
1380.000000 2676.000000 976.000000 1457.000000 1020.000000
618.000000 1087.000000 763.000000 510.000000 508.000000
700.000000 2811.000000 1523.000000 1509.000000 1453.000000
1107.000000 1480.000000 631.000000 810.000000 471.000000
1408.000000 2116.000000 1196.000000 1157.000000 1146.000000
837.000000 2953.000000 718.000000 1645.000000 858.000000
1513.000000 1596.000000 968.000000 858.000000 852.000000
1013.000000 2240.000000 585.000000 1272.000000 612.000000
1360.000000 2670.000000 302.000000 1456.000000 469.000000
1423.000000 2672.000000 284.000000 1500.000000 460.000000
574.000000 2112.000000 1105.000000 1147.514893 1060.023926
994.000000 653.000000 1319.000000 56.000000 1119.000000
196.000000 2552.000000 1018.000000 1390.628052 1040.000366
933.000000 1941.000000 650.000000 1093.000000 607.000000
1535.000000 1221.000000 1310.000000 592.000000 1178.000000
1468.000000 1248.000000 616.000000 653.000000 385.000000
1520.000000 649.000000 1219.000000 57.000000 979.000000
736.000000 1416.000000 975.000000 769.000000 834.000000
1542.000000 1079.000000 1326.000000 474.000000 1183.000000
927.000000 1201.000000 928.000000 599.000000 733.000000
297.000000 1227.000000 1285.000000 590.037903 1157.182373
1269.000000 1095.000000 1414.000000 467.000000 1288.000000
1144.000000 2000.000000 1944.000000 2192.000000 1722.000000
1351.000000 2536.000000 417.000000 1367.000000 525.000000
1242.000000 1469.000000 1232.000000 771.000000 1114.000000
1167.000000 1412.000000 847.000000 770.000000 691.000000
1313.000000 1406.000000 654.000000 771.000000 481.000000
759.000000 2696.000000 243.000000 1521.000000 433.000000
916.000000 2719.000000 540.000000 1511.000000 675.000000
1191.000000 1197.000000 634.000000 599.000000 386.000000
567.000000 1038.000000 1365.000000 437.189606 1233.367920
295.000000 2164.000000 1417.000000 1170.849243 1356.775146
433.000000 1279.000000 1057.000000 644.366516 906.730286
1229.000000 1064.000000 1402.000000 454.000000 1272.000000
1006.000000 786.000000 903.000000 234.000000 596.000000
968.000000 656.000000 1235.000000 95.000000 1011.000000
745.000000 2616.000000 295.000000 1459.000000 452.000000
732.000000 1126.000000 819.000000 545.000000 585.000000
852.000000 1112.000000 798.000000 519.000000 551.000000
972.000000 1387.000000 1232.000000 714.000000 1112.000000
1438.000000 2103.000000 866.000000 1160.000000 840.000000
751.000000 1773.000000 784.000000 985.000000 701.000000
1198.000000 2747.000000 1036.000000 1501.000000 1076.000000
593.000000 1482.000000 813.000000 802.000000 661.000000
1400.000000 2558.000000 1463.000000 1391.000000 1402.000000
1024.000000 1769.000000 683.000000 988.000000 600.000000
1275.000000 2121.000000 838.000000 1171.000000 818.000000
1280.000000 3056.000000 1467.000000 1661.000000 1428.000000
758.000000 1091.000000 1608.000000 451.000000 1519.000000
610.000000 1775.000000 843.000000 983.000000 761.000000
1486.000000 1393.000000 1435.000000 702.000000 1330.000000
848.000000 1333.000000 839.000000 706.000000 651.000000
627.000000 790.000000 1229.000000 208.000000 1020.000000
1060.000000 2133.000000 1162.000000 1158.000000 1118.000000
1301.000000 2180.000000 1077.000000 1196.000000 1046.000000
951.000000 2445.000000 1718.000000 1290.000000 1620.000000
1387.000000 1508.000000 1154.000000 797.000000 1041.000000
594.000000 3019.000000 781.000000 1696.000000 919.000000
834.000000 1969.000000 653.000000 1109.000000 618.000000

2.000000 2290.124023 595.523926 1023.908691 458.034302 1303.524414 631.361755 350.206818 -1.995252
1.000000 1563.351807 1779.006592 396.706329 1774.030640 1174.052979 1691.589355 2.850665 1737.754883
10.000000 2265.676270 673.657104 2318.829834 1383.421021 1256.558594 686.509399 1247.624146 1450.050171
13.000000 2332.222656 1376.750366 2279.245605 673.390137 1258.548096 1450.020752 1266.788818 703.297913
42.000000 986.871033 478.083771 1639.887329 547.722656 569.901367 183.484451 940.715210 425.571136
7.000000 950.000854 1831.268555 1580.000854 1831.153076 434.592133 1786.327881 1244.260986 1734.488892
26.000000 2939.101562 1303.852173 2863.924805 690.744934 1580.966675 1300.060547 1575.621094 796.677795
11.000000 876.588074 656.663208 850.653809 1243.362183 329.689240 296.363831 267.057251 1050.032471
15.000000 994.493591 1246.592041 1014.289368 670.032837 403.424347 1073.340210 457.498047 363.396667
16.000000 961.917053 1233.280762 983.205994 659.995300 374.143250 1053.136475 429.514191 343.295441
43.000000 1864.916138 723.143066 1886.336426 1276.550415 1048.610352 663.299194 1037.873657 1099.947754
41.000000 1633.169556 554.867371 1093.271362 497.247162 939.525513 434.060913 562.385620 188.119919
29.000000 2192.701172 742.939270 2227.985596 1283.247192 1218.955444 746.701233 1211.554077 1236.690186
18.000000 892.406738 1236.768311 915.226501 696.605835 308.905731 1046.578003 364.287659 363.140564
25.000000 2003.853638 1283.465088 1979.014648 753.223328 1098.458008 1219.964355 1110.188477 713.260498
33.000000 2819.968262 753.337219 2882.724854 1270.073853 1559.737183 809.939087 1564.270508 1286.626099
40.000000 2285.144775 1283.440796 2248.863037 769.844849 1238.225830 1236.647339 1243.186890 779.998413
31.000000 2543.590576 776.007385 2592.222656 1286.772461 1371.856079 786.667847 1371.549438 1270.000977
38.000000 2405.317139 1283.438354 2365.907227 776.725708 1291.614502 1246.644653 1297.533569 783.301819
9.000000 1563.299561 1822.874512 1056.506958 1816.917480 1234.353638 1725.850952 437.459106 1768.233032
44.000000 1033.381714 1813.430054 530.007385 1820.524658 413.618164 1766.211426 3.347840 1806.813232
20.000000 1266.227051 686.660950 1259.665771 1190.039062 665.538269 446.597565 628.573608 1050.116821
50.000000 1090.191284 478.133209 1580.169189 528.348816 638.600342 210.409729 933.940186 405.749146
14.000000 1559.968872 1803.299438 1086.551880 1798.834473 1204.091431 1708.030762 463.997192 1746.204102
37.000000 1703.341431 1295.661743 1230.022217 1294.776123 1064.313843 1206.960205 601.080566 1167.255249
19.000000 1119.996216 1793.618774 1559.999268 1794.083618 490.722076 1739.587158 1173.784912 1701.414185
28.000000 696.636780 1762.240723 1130.010864 1750.396606 2.971967 1729.127197 493.077332 1687.020264
24.000000 984.365112 829.921387 970.239380 1243.341553 419.559174 556.388550 381.942841 1066.809814
64.000000 1706.745605 1276.532593 1306.573608 1267.420166 1077.385742 1195.766113 784.573303 1146.032715
21.000000 1566.660645 1747.703613 1173.282715 1745.432129 1113.741699 1656.305908 530.325806 1681.022949
97.000000 1323.254517 1279.954834 1703.275757 1289.068115 840.760498 1165.900879 1064.313843 1206.960205
23.000000 1570.008545 1727.886353 1203.307373 1726.398560 1113.486450 1637.418823 556.852234 1658.283569
36.000000 1069.774658 505.423462 1420.015869 543.186096 410.616943 112.360931 806.530518 363.547882
72.000000 1899.381104 923.357178 1912.608643 1266.694580 1060.743286 816.685974 1053.376099 1100.001099
49.000000 1658.405273 1669.963501 1651.475952 1339.899048 794.956482 1583.401123 809.861572 1226.800171
83.000000 1657.558594 1050.710815 1642.808350 723.356995 913.140930 866.475220 920.299255 610.008362
75.000000 902.135498 849.948730 888.150452 1176.730225 330.103088 693.341370 308.547272 969.886780
233.000000 1903.194214 1206.672363 1889.881470 883.338196 1050.244873 960.007324 1054.241943 826.693909
22.000000 1563.336914 1763.671265 1246.670898 1767.063477 560.444580 1717.571167 1140.402344 1683.518555
52.000000 1246.689575 1759.318481 1563.361450 1756.580566 767.020142 1691.145874 1110.319824 1664.052368
176.000000 1273.647461 1350.047363 1276.009888 1666.671509 665.203247 1259.885864 661.391968 1420.112427
144.000000 1866.509888 588.210938 2179.995605 620.042603 1075.669800 534.923401 1226.852783 629.703125
220.000000 2623.355713 616.172852 2326.542969 602.728271 1442.856323 722.682068 1325.574341 648.391113
298.000000 618.851685 1373.613403 604.146301 1663.374634 10.724294 1196.940674 3.314272 1306.665405
48.000000 778.788818 1663.266724 794.561951 1376.367676 169.880875 1586.359253 203.128464 1213.018188
76.000000 763.335571 1690.141846 1049.983398 1685.615967 150.067474 1624.789551 426.603790 1611.976318
112.000000 2869.593994 293.595428 2589.241455 311.367340 1566.648315 478.223846 1353.308716 478.687073
55.000000 1049.736694 1380.054810 1044.800903 1656.692871 443.002563 1243.323242 432.844269 1576.956299
47.000000 641.204102 913.551575 628.223145 1183.408203 69.217949 553.864868 34.601486 937.082336
61.000000 1299.972412 1741.186279 1566.723511 1737.758789 770.214661 1669.752319 1073.471680 1648.655029
35.000000 886.483826 514.812866 1150.318604 547.422485 163.739044 8.058193 562.869873 255.368317
53.000000 801.005554 1189.833496 819.836609 926.654968 220.752014 963.075745 254.348190 626.435303
46.000000 650.789795 770.031311 661.235229 506.715668 84.254578 393.685364 116.554008 3.324012
195.000000 1643.320557 1313.895264 1383.303467 1307.979248 1020.402283 1227.391357 872.623718 1204.601318
106.000000 1214.569946 1203.254150 1224.138916 949.904541 592.583252 1053.278320 608.448425 836.797241
123.000000 2595.877441 325.871490 2845.760498 307.603790 1360.060547 489.253418 1560.047241 490.887878
51.000000 669.283020 520.130005 656.859619 770.175232 125.109177 26.836752 92.191231 370.529114
57.000000 1060.542114 946.680237 1054.272339 1196.690186 481.219727 710.304260 459.635498 1033.308960
58.000000 822.629211 779.949646 840.017578 536.667908 268.421356 433.153656 303.679321 123.372711
148.000000 2192.602295 1643.372559 2179.731201 1403.169067 1178.559082 1533.250610 1170.849243 1356.775146
93.000000 1043.322021 1357.227661 803.285400 1352.368652 440.355499 1214.151733 213.047684 1182.020874
91.000000 793.293640 1647.073608 1033.339966 1643.820068 186.597427 1566.968018 416.629730 1561.715332
95.000000 803.340027 1346.326172 1043.313232 1351.025635 216.536865 1174.219238 443.221161 1207.432251
89.000000 796.667114 1520.779541 1036.666992 1520.637817 196.743958 1401.648560 426.718750 1412.197632
90.000000 796.665527 1562.381836 1036.665161 1562.088989 193.326294 1456.949463 423.349792 1462.671875
101.000000 1329.760498 1599.968872 1331.848267 1359.987061 618.763000 1466.604126 630.060120 1243.336426
118.000000 2689.363770 1286.735107 2663.904785 1049.938599 1440.429565 1269.995972 1438.518188 1066.586670
65.000000 1071.281860 563.355591 1067.171143 800.008789 515.305115 246.794418 496.294617 540.191895
96.000000 800.010132 1478.475952 1036.666260 1480.053223 203.285797 1347.340576 430.233978 1363.349854
122.000000 2439.614258 1026.108765 2453.164307 1259.622925 1315.895386 1030.023560 1314.059814 1230.037231
189.000000 1693.082764 1191.282959 1460.434937 1178.653931 950.241760 1075.213013 801.042786 1050.397217
103.000000 1036.717529 1343.013916 806.622925 1339.811035 437.158661 1196.340820 217.103149 1166.753662
78.000000 1187.919800 1426.693115 1183.073975 1656.661255 544.703430 1306.554565 529.289307 1576.626099
171.000000 1836.517456 1220.004028 1830.366211 990.079407 1012.082764 1086.736694 1017.574951 923.251892
88.000000 1681.240601 623.200928 1688.847412 849.246826 949.209290 520.087097 940.875427 763.363342
297.000000 1563.351196 1258.869141 1336.688477 1255.284790 766.661499 1139.631836 656.683044 1141.169312
110.000000 806.660400 1437.529419 1033.339355 1439.173584 213.299744 1293.696289 426.656403 1313.444214
77.000000 2334.395020 1063.256714 2350.525879 1286.628662 1271.825684 966.682190 1269.475098 1243.357178
115.000000 2009.131714 649.853455 2022.421875 873.387512 1133.791382 623.453613 1127.133667 833.348145
87.000000 858.492859 1236.744019 867.948669 1013.387634 276.633118 1039.997437 295.185638 796.807983
117.000000 2168.874512 1230.065186 2155.958252 1006.900574 1178.322388 1183.376099 1183.573486 979.834229
109.000000 809.968018 1395.981567 1033.349243 1398.677979 216.658157 1240.075684 429.920410 1264.041504
116.000000 1531.699707 830.000366 1531.650024 606.667053 844.975891 673.254700 854.590210 466.570068
167.000000 2979.749756 1446.281128 3007.346436 1666.998413 1601.166138 1406.650513 1603.466919 1573.331543
141.000000 2525.658691 387.384369 2734.032959 315.679626 1366.673218 501.976807 1546.677612 502.230316
121.000000 1822.189087 850.026611 1817.154297 633.399475 1012.527344 776.654907 1015.439270 576.600281
134.000000 2616.674316 360.152466 2829.466309 349.418915 1356.207886 523.328918 1539.952515 518.272766
150.000000 2562.540771 1240.073730 2543.011230 1030.029907 1356.978027 1219.996826 1355.153320 1043.383423
135.000000 1387.639526 586.652283 1390.744873 796.655640 758.900757 409.960541 752.318237 593.296875
129.000000 2159.598877 1436.690918 2172.105713 1643.407593 1163.910400 1370.011719 1160.069946 1560.001465
70.000000 617.939697 1210.084961 631.515564 1006.545410 21.933460 960.199768 51.183136 677.133362
192.000000 1136.492188 803.329285 1141.164551 603.360535 541.789551 560.124146 552.227661 409.691986
136.000000 2136.108398 873.370728 2122.938721 676.693115 1184.494141 853.347900 1186.791382 669.959778
98.000000 2030.669189 1040.125488 2039.932007 1236.826782 1131.150391 953.755005 1118.939819 1180.122559
133.000000 1694.645752 989.986267 1696.701782 1186.701172 944.674866 884.177002 930.902161 1069.323242
113.000000 1046.290405 1219.987061 1052.955200 1026.653687 453.460846 1023.343323 469.922821 813.327271
186.000000 1203.256714 616.665527 1200.436768 810.006348 605.529175 436.596405 596.053833 589.962158
128.000000 1509.797607 640.001770 1511.487305 830.016418 831.727234 486.600311 823.880615 676.551575
209.000000 2938.890625 1039.718262 2962.530762 1226.346069 1609.239502 1100.615479 1609.377197 1243.664795
152.000000 783.407349 1667.910645 596.627808 1670.930786 176.664169 1596.513672 3.213623 1599.352417
102.000000 1517.115112 809.996948 1515.850708 623.338867 834.447021 696.593994 841.758667 473.281769
137.000000 1796.942627 666.658447 1802.406494 850.027588 1007.255432 586.685547 1001.375366 769.937195
285.000000 996.560791 510.921173 1173.192627 531.224609 639.950500 266.741913 543.398499 203.234238
166.000000 2116.944824 693.316040 2127.927490 869.921570 1178.925171 683.315674 1176.182861 849.992065
184.000000 2163.228516 1730.141113 2340.032959 1724.334229 1086.864624 1642.343750 1240.229858 1629.387451
188.000000 1824.519653 1183.242920 1811.088867 1007.091980 1003.742981 1086.672485 1005.907715 933.275574
174.000000 603.313049 1682.228271 776.710327 1679.047241 3.170945 1616.150269 163.448181 1609.389526
207.000000 1209.986328 1661.854492 1036.636963 1663.456421 563.323975 1582.808472 419.976746 1585.361816
210.000000 2494.707275 729.868530 2510.977051 899.906494 1349.887817 783.332214 1348.448486 926.651062
221.000000 1466.764282 548.924622 1636.576172 564.331238 829.812683 380.300537 946.755005 453.191589
256.000000 1810.867920 1053.304565 1816.502930 1223.338745 996.513794 953.329468 993.322083 1079.999756
125.000000 800.072632 1194.468628 630.037903 1188.852295 226.578918 977.046936 36.690765 933.228882
231.000000 1039.979858 1675.053955 1210.036621 1672.932373 429.865509 1599.232422 563.383179 1594.853271
140.000000 1301.094727 1180.013672 1303.226562 1009.998657 663.081299 1050.161987 672.547668 870.133972
92.000000 793.321167 1604.595093 963.334900 1603.594849 189.997055 1511.533447 420.002594 1511.974976
131.000000 629.859192 1202.329712 796.837036 1206.481934 36.617325 943.519958 218.860565 991.701782
62.000000 1060.109375 800.003235 1065.058105 633.384583 491.289093 540.071594 507.956116 239.886520
124.000000 820.235535 786.814819 656.564636 774.712952 275.348175 449.550385 97.478401 368.224640
6.000000 1629.848022 584.956055 1466.696411 569.681946 976.838562 499.724701 266.855469 56.364330
147.000000 809.866699 932.931274 646.567932 925.504944 243.950867 634.160339 76.602196 573.511230
105.000000 766.266418 1503.311157 757.390137 1663.373413 151.867157 1369.865723 131.999054 1586.849731
132.000000 660.069275 782.361084 819.970154 793.751892 96.405792 377.244080 267.604553 454.590729
146.000000 783.362000 1386.833252 623.314758 1385.385864 193.350098 1226.513550 16.251635 1207.124146
127.000000 1295.779419 1023.320984 1293.556641 1183.336426 665.720825 859.948792 655.421692 1050.113159
276.000000 2897.003906 709.958008 2917.711426 866.791504 1603.757935 843.327698 1605.343994 963.350830
119.000000 2992.909424 1713.762329 2974.996094 1556.857422 1577.163696 1609.652710 1584.583374 1406.590576
249.000000 1056.532471 1213.488770 1213.607788 1219.528076 462.259338 1041.347778 587.417053 1070.062866
225.000000 1213.412476 1207.954834 1056.593628 1201.889648 596.639160 1060.116089 463.661011 1028.616699
155.000000 626.670227 1392.800537 783.352173 1393.849243 19.903360 1214.153442 189.899445 1234.186523
284.000000 2882.770752 1780.062866 2865.817139 1628.250488 1536.167358 1659.999756 1536.158081 1543.333374
199.000000 1216.983521 815.968323 1066.602539 804.148804 628.557007 609.754944 496.105469 547.867737
99.000000 2619.724609 1073.359009 2633.686768 1223.300415 1390.628052 1040.000366 1390.493896 1266.666992
270.000000 1206.662476 1389.763550 1056.709106 1392.405640 573.048889 1272.256958 452.857269 1257.111084
222.000000 1069.527832 814.872986 1217.070190 829.167908 495.161774 559.735535 618.253906 620.096558
273.000000 2768.004150 1630.212036 2783.601074 1776.992432 1471.231812 1543.141968 1476.270020 1663.349976
154.000000 679.971680 533.618408 826.845581 548.197327 137.553528 45.179424 286.330292 133.897446
253.000000 2917.711426 866.791504 3057.833496 817.348633 1606.389526 966.923096 1732.930054 955.523682
161.000000 653.273865 931.001892 800.214233 939.724243 79.560043 581.181091 236.763275 639.740662
243.000000 1616.483154 1033.336304 1618.814941 1180.018799 888.093018 926.576782 881.958069 1056.758911
181.000000 2515.664795 856.773865 2500.346924 713.652954 1357.177002 929.994812 1355.589233 773.310486
126.000000 785.531799 1043.280884 778.898071 1186.769775 201.000427 766.467834 184.495758 960.099060
217.000000 651.858948 1183.263184 658.674194 1039.937012 49.380215 866.612427 61.609970 726.807495
170.000000 1221.673950 793.362610 1224.182495 649.956543 623.657410 576.686523 633.665649 413.353699
259.000000 1115.790771 1643.249634 1118.640381 1499.972900 471.885132 1513.718994 481.058624 1389.585571
279.000000 1060.014160 1396.216675 1199.979980 1400.634644 453.281433 1263.723999 570.100464 1279.243896
163.000000 1194.394287 1063.362305 1190.574463 1203.258057 574.877869 879.866943 562.477661 1046.603027
272.000000 3026.716309 650.116272 2899.093506 704.540710 1727.187012 831.780090 1607.074097 844.003723
263.000000 3070.728027 999.346680 2937.282715 1035.600708 1733.760864 1093.318237 1609.239502 1100.615479
139.000000 753.535828 636.871216 745.633728 773.466431 191.945511 216.857422 174.337830 396.438324
151.000000 732.973267 773.113770 741.093323 636.533508 160.752472 387.080811 178.346207 213.503571
267.000000 1070.140991 954.473816 1206.671997 963.249756 487.511108 731.062256 603.074036 774.030762
260.000000 1083.275269 573.908386 1216.597046 587.357178 523.863708 275.768280 630.688110 338.834442
294.000000 2567.469727 1506.596191 2579.183350 1640.071655 1347.049927 1443.337646 1345.808594 1553.361206
79.000000 807.815613 646.730530 800.396912 780.207336 258.580627 156.528412 232.600204 423.261932
