Keypoint Matches and Line Matches for pairs 8, 10 
8 corresponds to the image ./resources/Data/CastleP30/images/0008.png 
10 corresponds to the image ./resources/Data/CastleP30/images/0010.png 

2.000000 2330.032715 502.722656 2273.406738 302.000763
3.000000 463.366425 402.715912 386.592987 371.328308
14.000000 451.286987 483.435425 392.611938 456.612152
15.000000 385.488220 1312.975464 334.179260 1229.812012
21.000000 465.742859 499.661224 407.040497 457.190033
6.000000 2309.382568 570.986267 2270.173096 373.873993
10.000000 2377.967529 1330.146851 2331.385498 1193.254517
11.000000 2324.240723 586.601074 2285.326660 383.409546
137.000000 2974.616211 536.510132 3049.116699 269.548981
33.000000 1653.356689 476.230835 1533.303101 339.194336
48.000000 1609.913574 494.848969 1479.993408 363.124756
49.000000 993.351807 459.676392 886.728149 381.938019
64.000000 324.199371 606.451355 285.346313 573.229797
65.000000 272.678040 1196.900391 242.457428 1120.192749
62.000000 486.911377 613.352112 425.185638 569.894165
63.000000 441.841339 1200.141479 385.869812 1120.181274
80.000000 351.615997 1193.191895 308.580811 1116.558960
60.000000 856.916504 1203.344604 754.605164 1110.058472
61.000000 883.286865 619.997925 780.181152 553.341675
58.000000 842.853882 633.310730 743.138550 563.324036
59.000000 815.659668 1210.109619 716.632812 1120.157104
44.000000 1866.185059 656.464355 1767.553955 509.863434
45.000000 1884.944824 1229.947266 1778.403809 1109.968628
70.000000 958.098083 1209.928711 847.498718 1116.566650
38.000000 2227.485840 666.206177 2172.545166 489.578949
39.000000 2262.170898 1230.071533 2200.445557 1099.979614
56.000000 1951.921997 663.387390 1861.345947 510.046173
57.000000 1973.237915 1220.003662 1874.975830 1096.705933
54.000000 2013.469482 1236.800293 1918.894165 1113.362915
55.000000 1990.339722 683.319153 1903.183228 526.670715
52.000000 2326.232910 1230.028809 2275.152100 1096.742798
53.000000 2290.437256 689.971008 2245.635986 509.884186
50.000000 2462.959961 1230.027832 2437.643555 1093.473877
51.000000 2422.959717 693.361206 2402.426025 503.188599
72.000000 519.201477 1196.610107 452.786530 1113.296753
73.000000 556.544739 669.519043 485.769470 619.494751
74.000000 1234.593262 643.295654 1113.595947 546.593262
69.000000 54.543789 596.431702 62.266644 583.232361
84.000000 950.099304 468.247040 830.024719 394.171844
85.000000 1396.654297 493.551178 1263.374512 381.394653
90.000000 1660.068237 1228.917603 1479.959106 1114.178345
91.000000 1230.170898 1222.275757 1063.295410 1121.023926
118.000000 426.540100 402.129822 350.047638 374.875397
119.000000 6.636343 377.176941 16.723396 385.170135
98.000000 932.539124 1039.969360 824.220093 953.369202
99.000000 948.349365 629.936340 840.398621 553.349426
100.000000 949.085510 796.510315 841.479431 716.590271
101.000000 934.109924 1203.361938 825.258972 1110.079346
86.000000 1899.614258 813.347107 1801.255005 673.307983
87.000000 1914.135376 1219.971313 1809.801758 1096.670654
96.000000 1656.666260 1253.374023 1473.334839 1140.103516
95.000000 1656.634399 1243.030884 1470.050171 1129.513306
79.000000 1840.011475 516.447754 1753.302612 362.564087
103.000000 2213.364990 536.065918 2149.996338 349.889587
4.000000 2136.696777 1711.757812 2009.980225 1612.554077
110.000000 1790.002930 1703.566162 1660.000122 1600.500732
111.000000 2136.698486 1699.205688 2010.001099 1600.395874
82.000000 2710.008545 510.040649 2743.783447 272.371033
83.000000 2366.677490 510.909607 2310.517822 306.561279
112.000000 1640.916382 1003.959106 1521.753418 883.851929
113.000000 1627.514526 666.632996 1511.887451 536.707764
159.000000 2846.663818 1689.424438 2870.050293 1600.595703
303.000000 333.356323 473.038513 293.252625 449.984192
147.000000 852.850708 1143.311768 750.241394 1053.345459
122.000000 1903.218384 1136.670532 1799.874512 1013.395203
123.000000 1892.426514 820.030884 1793.970703 683.321960
92.000000 2836.675049 1701.274292 2856.669678 1612.624268
93.000000 2523.311279 1703.349976 2446.662842 1610.947388
114.000000 2958.449707 919.786743 3007.730469 716.557190
115.000000 2992.769775 1206.734131 3042.367676 1053.089600
162.000000 167.082077 1626.709595 155.372192 1513.211548
163.000000 196.423706 1342.963501 179.530197 1256.309082
1585.000000 590.194214 1340.188232 507.000000 1242.000000
216.000000 1012.461731 1343.383301 897.780579 1243.358887
144.000000 1593.338135 1268.622192 1410.020386 1158.308960
145.000000 1319.996460 1267.666870 1136.646484 1161.702881
34.000000 2782.783691 1230.059570 2808.677979 1073.445557
128.000000 2925.547607 646.800049 2975.938965 403.406189
129.000000 2957.360352 913.648010 3006.670898 710.333313
470.000000 73.684349 733.362183 75.932228 703.265808
150.000000 1844.479248 1613.384521 1729.129517 1506.677734
151.000000 1838.311157 1350.117676 1725.693848 1236.721436
198.000000 612.979553 893.489746 536.110657 826.806702
199.000000 599.331909 1153.473267 523.848206 1070.026001
160.000000 1354.675903 789.984924 1231.206543 679.999390
161.000000 1351.757812 529.980286 1231.074951 419.999451
194.000000 767.186340 1156.454224 672.921204 1066.636475
195.000000 786.552185 899.991333 690.735596 823.143250
140.000000 2061.532227 1353.247070 1971.080444 1233.158691
141.000000 2075.982666 1609.850830 1981.895996 1506.591675
125.000000 1106.670654 509.945709 979.781982 420.675049
220.000000 215.044357 1150.126587 194.696365 1076.756470
221.000000 233.549866 900.015991 209.631470 849.975708
152.000000 2220.129639 1606.835083 2145.027588 1506.725098
153.000000 2206.966797 1356.475586 2135.512451 1239.922241
138.000000 2525.255859 1359.825439 2509.672607 1229.540771
139.000000 2547.662354 1606.576294 2529.751709 1506.684692
142.000000 2495.430420 956.527954 2484.608398 789.940918
143.000000 2511.747314 1203.217773 2497.264404 1063.151245
248.000000 102.991165 489.966858 100.570442 483.114319
249.000000 79.395432 733.597595 83.377823 700.003540
196.000000 789.426208 756.625183 694.154480 693.174316
197.000000 807.020874 513.358948 709.551086 449.971588
1108.000000 2053.325195 1321.838867 1962.000000 1202.000000
258.000000 13.376160 1626.671143 35.352497 1510.178467
259.000000 38.109062 1386.815430 54.221561 1296.745239
214.000000 640.415527 510.020264 561.279297 460.064941
215.000000 628.714966 750.099854 549.601257 690.148926
264.000000 823.568176 1196.677734 723.601440 1110.013916
389.000000 1514.819336 783.308411 1393.544678 666.669922
208.000000 1036.251709 523.384888 924.661621 446.701721
209.000000 1032.013916 763.368896 918.501648 680.048462
252.000000 1006.672852 1319.109253 890.007019 1220.975098
253.000000 766.661316 1317.439941 673.327576 1222.530640
174.000000 1832.124268 1173.359131 1722.004272 1053.337036
175.000000 1827.001221 933.397339 1721.308350 800.005554
43.000000 2400.466309 1233.301025 2362.783203 1096.697021
268.000000 2829.933838 1311.482056 2859.938232 1178.839355
178.000000 1668.920410 559.950256 1555.729858 419.969513
179.000000 1674.145874 796.648743 1558.909790 670.013855
310.000000 769.991882 1310.506348 673.333313 1216.666626
282.000000 64.275848 886.756531 70.046669 853.064941
283.000000 42.018326 1120.192383 53.418747 1056.673584
337.000000 2036.979980 806.648193 1951.514038 656.715515
170.000000 2196.224365 1173.355103 2127.419434 1043.430542
171.000000 2184.738281 940.259277 2117.879150 790.205505
357.000000 2179.949463 803.334839 2116.578857 643.336731
271.000000 1032.535156 1386.642944 920.097595 1283.336426
210.000000 1508.288330 783.312134 1388.445801 666.643982
211.000000 1511.134399 553.306152 1391.854248 433.311737
322.000000 1154.793823 1386.705688 1034.888916 1293.285645
168.000000 2646.043701 1183.392090 2663.835693 1036.625854
169.000000 2624.649902 956.542542 2643.265381 783.338867
287.000000 2839.966553 1321.674438 2866.370117 1184.838989
276.000000 1000.011902 1305.203613 886.612000 1207.000854
277.000000 773.330078 1304.642090 676.620972 1210.826782
134.000000 2160.040771 1698.502686 2033.313843 1599.945312
135.000000 2383.338379 1693.556763 2330.009033 1598.233154
165.000000 2052.626465 1183.357422 1962.802246 1056.722900
228.000000 1817.842651 1393.306519 1707.568726 1279.989380
229.000000 1822.870850 1613.343872 1710.226562 1506.664062
206.000000 1819.357300 790.014587 1714.447144 653.335205
207.000000 1814.363281 570.052307 1714.246826 416.668701
222.000000 2186.455322 1393.345459 2114.881348 1276.602905
223.000000 2198.710449 1606.740723 2124.221924 1503.433960
254.000000 1358.731689 543.316589 1238.842773 433.355408
255.000000 1360.461426 756.662903 1236.645874 649.999817
266.000000 1619.793701 942.190796 1496.652100 823.671387
267.000000 1410.395508 922.467346 1286.611206 814.621460
232.000000 2053.336182 1329.679199 1963.342529 1211.191284
233.000000 1846.656128 1327.884399 1736.663696 1212.949219
429.000000 1856.657837 1598.579590 1736.364990 1490.067993
234.000000 1853.329834 1520.979248 1739.998169 1412.957275
235.000000 2060.000977 1520.669312 1966.675659 1411.855713
224.000000 1850.002075 1444.583618 1736.644287 1334.617310
225.000000 2056.668457 1444.790649 1963.356689 1332.141602
355.000000 2482.084473 823.440552 2469.430176 633.367737
954.000000 1543.275879 444.645355 1464.000000 316.000000
1540.000000 769.494507 756.825256 674.000000 681.000000
218.000000 2179.994141 1636.261108 2096.654297 1534.545166
219.000000 2380.000244 1633.352539 2326.666016 1533.215210
385.000000 602.937317 983.306274 526.352539 909.979980
242.000000 2173.467285 779.994934 2108.536377 616.698669
243.000000 2166.030518 583.231384 2103.725098 396.731018
260.000000 1853.341309 1368.280396 1743.318726 1255.174194
261.000000 2050.003662 1369.193726 1956.664185 1253.084839
238.000000 2609.973389 800.002197 2629.382080 610.040955
239.000000 2593.848877 606.623657 2614.581299 386.804932
328.000000 1009.728882 1186.656616 896.021118 1089.975342
329.000000 1016.873596 993.341003 903.150818 903.326355
78.000000 1426.686646 496.203857 1290.043335 381.082825
383.000000 2901.468018 483.379944 2956.670166 220.003418
296.000000 1426.547485 526.827881 1303.459229 412.453064
297.000000 1616.780884 533.316833 1503.445557 402.187073
272.000000 2056.554443 538.752258 1973.359863 367.408875
273.000000 1866.566162 528.535339 1763.390503 374.928833
246.000000 2905.796143 515.458557 2957.630615 251.985413
247.000000 2718.966309 551.274719 2747.291260 314.170776
244.000000 2350.044189 1707.520264 2253.341553 1611.609497
245.000000 2159.994873 1709.524414 2033.330200 1612.720947
280.000000 1759.640503 543.150513 1650.107178 400.059235
281.000000 1946.472168 553.507751 1856.778198 393.531067
300.000000 1794.494629 603.304749 1693.451172 456.665253
301.000000 1799.086670 790.022461 1695.855713 656.676392
312.000000 2676.821045 1375.785522 2693.610596 1249.805420
313.000000 2860.058105 1364.257324 2886.908203 1232.733765
185.000000 1017.532166 1160.027466 904.215820 1066.691040
284.000000 2573.348877 636.665222 2591.127930 426.576080
285.000000 2589.915771 816.674438 2607.460205 629.936279
131.000000 1420.000244 516.662292 1296.746460 402.311066
530.000000 213.343826 1153.813477 193.330612 1083.243652
531.000000 33.334003 1153.151611 46.596855 1087.702759
262.000000 2732.810059 553.727722 2758.934326 316.205658
263.000000 2909.225830 522.318970 2962.151611 259.126251
358.000000 659.005371 529.923584 577.501831 476.721954
359.000000 645.435059 706.572083 566.241882 646.859131
278.000000 2356.650635 1323.596924 2309.994629 1196.862671
279.000000 2179.828125 1312.822632 2103.209961 1191.084717
566.000000 380.028168 1314.720459 330.002289 1226.891479
567.000000 203.350281 1312.162842 186.649872 1228.357788
480.000000 1116.700195 499.497589 1000.020203 411.280670
481.000000 943.471069 487.936615 846.672424 413.697296
202.000000 620.014587 753.334290 543.638550 686.679138
570.000000 1624.112549 743.320740 1507.924561 616.670105
568.000000 380.028961 1300.714111 330.006592 1215.060913
569.000000 206.679962 1298.797241 186.662628 1215.608276
464.000000 583.336853 1316.345093 513.321289 1225.260498
465.000000 409.987762 1314.456787 356.666107 1226.602417
534.000000 36.708092 1165.902954 43.337566 1100.157959
535.000000 210.057404 1167.655640 189.988205 1096.226562
324.000000 2666.660645 1629.953613 2673.331299 1532.323975
325.000000 2839.999268 1629.643677 2863.330322 1531.927979
418.000000 250.569305 736.716858 223.368134 700.002747
419.000000 265.577606 566.570618 236.115402 539.956116
376.000000 1246.531250 511.615356 1126.666626 412.244781
377.000000 1416.177246 525.837402 1296.666992 412.233582
441.000000 2003.316040 1635.665649 1899.997681 1532.939331
316.000000 2350.002686 1753.630249 2253.335938 1660.747070
317.000000 2180.017578 1755.210815 2060.005371 1661.451904
157.000000 1682.370361 1173.346558 1564.052490 1059.981323
542.000000 409.986633 1307.400513 360.000000 1220.000000
543.000000 576.658752 1310.434204 506.666656 1220.000000
538.000000 766.684937 1162.014771 669.989014 1075.896606
539.000000 600.004028 1159.708862 523.304626 1077.987061
1431.000000 186.667633 1352.156128 170.000000 1265.000000
780.000000 20.001003 1352.231079 35.000000 1267.000000
292.000000 2403.330322 1632.905518 2356.665771 1532.796509
293.000000 2569.989014 1631.750122 2559.998779 1532.482910
320.000000 2988.913086 1756.786621 3020.660645 1679.954712
321.000000 2970.863525 1593.238037 3007.636475 1489.933472
200.000000 1024.839844 766.719666 913.470337 680.037231
338.000000 2689.989502 1556.153687 2703.333496 1450.002563
339.000000 2853.323242 1552.838379 2883.389160 1445.635620
522.000000 600.054688 1172.620483 523.183228 1090.794678
523.000000 763.403198 1174.827759 670.094727 1087.039185
409.000000 1173.345337 1632.733887 1050.000366 1524.124023
327.000000 409.998718 1301.112427 359.960785 1215.939331
510.000000 166.667282 1632.069824 153.331451 1516.401245
332.000000 2713.115967 1000.020630 2752.140381 826.763123
333.000000 2728.303467 1160.160889 2766.684570 1006.665222
452.000000 1360.001221 919.929199 1229.810181 814.618774
453.000000 1520.127686 922.748901 1386.516968 809.091064
392.000000 1834.258911 1013.306641 1725.870728 886.682861
393.000000 1838.869995 1173.365845 1729.264282 1053.348267
458.000000 1267.665039 1130.021606 1143.103760 1026.660889
459.000000 1271.123413 969.952271 1147.065796 870.010071
231.000000 1704.602295 1389.977417 1587.063599 1279.996826
348.000000 2866.278076 1596.705078 2896.947998 1496.637939
349.000000 2881.769043 1753.487915 2914.695557 1670.201538
386.000000 2194.741943 1019.919250 2127.424805 876.635559
387.000000 2203.730225 1176.643921 2134.266846 1043.295044
596.000000 786.727417 761.623840 690.025879 690.812622
597.000000 629.903442 756.048645 549.955505 695.268616
540.000000 1176.755615 1168.793823 1053.333008 1069.958252
541.000000 1019.953186 1165.721313 906.650269 1070.982422
536.000000 1279.909424 508.450745 1153.340088 406.900574
537.000000 1123.307739 500.504578 1006.700439 411.161377
181.000000 1826.051147 793.350830 1718.921997 656.647827
352.000000 2637.812012 1029.890137 2657.223389 863.289673
353.000000 2652.531494 1183.410156 2670.819824 1036.602295
524.000000 1023.251099 1177.046265 906.546326 1083.088379
525.000000 1176.804443 1180.447144 1053.400635 1080.531372
532.000000 926.523865 1196.748169 818.225830 1103.378174
533.000000 930.445740 1043.259521 822.445374 956.641113
1080.000000 226.701965 893.883362 206.000000 846.000000
1252.000000 749.996826 1351.367676 657.000000 1256.000000
610.000000 596.656494 1351.009033 517.000000 1258.000000
572.000000 1033.080444 780.907471 919.994446 694.069214
573.000000 1183.737305 789.893616 1063.294312 695.152893
294.000000 66.094475 1146.610718 76.204063 1079.960327
105.000000 2673.280518 1325.933105 2689.989014 1193.218506
344.000000 2217.293213 1443.295288 2144.434326 1326.615723
366.000000 2226.402344 1593.349365 2156.661865 1492.483765
360.000000 1953.108398 553.972168 1863.447510 393.737671
361.000000 2103.193359 562.470520 2033.492432 388.543488
350.000000 113.351097 496.352509 116.490562 496.650421
1089.000000 263.436707 504.838135 233.000000 480.000000
560.000000 1183.465820 776.876587 1063.370850 681.563293
561.000000 1033.311768 770.507141 919.960144 685.004822
564.000000 1262.635498 979.991333 1139.311157 879.984985
565.000000 1260.777832 1130.009644 1136.181274 1023.322754
444.000000 1597.523682 986.659607 1475.733643 869.992798
445.000000 1598.764160 1136.676880 1475.463013 1029.997925
424.000000 1836.666382 1180.050781 1726.749146 1059.412720
425.000000 1686.670166 1179.294922 1566.593262 1064.221680
550.000000 1169.960693 1353.873779 1046.956543 1249.091187
551.000000 1019.976135 1352.349854 903.450317 1253.667480
390.000000 2223.327637 1612.843262 2150.032715 1509.602295
391.000000 2073.348633 1614.618652 1983.312500 1511.457642
599.000000 623.286987 908.269775 543.360962 834.379211
598.000000 770.023743 912.513184 683.439331 830.680298
378.000000 2223.334961 1630.061523 2150.000000 1530.000000
379.000000 2076.678955 1633.810791 1980.000000 1530.000000
454.000000 2203.322754 1183.745483 2126.675781 1050.500488
455.000000 2056.667480 1179.968628 1969.939697 1053.367798
494.000000 1823.338257 796.402954 1713.356323 660.528687
495.000000 1676.660278 793.676758 1563.205078 667.046509
556.000000 600.000916 1356.548584 520.087097 1264.012939
368.000000 2226.657227 1520.409546 2153.324219 1411.539551
369.000000 2373.333252 1519.941895 2323.336670 1410.666748
342.000000 2690.000977 1611.988892 2703.339355 1511.641113
343.000000 2543.331787 1611.874023 2523.329834 1510.993652
370.000000 2223.334229 1482.806519 2149.990479 1371.431641
371.000000 2370.000488 1483.027466 2320.002930 1370.573364
896.000000 664.709656 1459.888428 583.000000 1356.000000
240.000000 1188.358887 753.363464 1066.201782 659.974487
500.000000 2686.641357 1518.825439 2703.376221 1408.447754
501.000000 2829.979980 1515.737915 2853.369385 1404.832031
472.000000 1686.695068 1190.894897 1566.565918 1075.872192
473.000000 1830.047852 1192.566406 1720.096313 1073.798828
372.000000 2229.983398 1558.036377 2153.324463 1451.565552
373.000000 2373.334717 1556.817871 2323.336914 1450.721802
922.000000 1163.330078 1360.403809 1044.000000 1253.000000
514.000000 2693.328613 1592.803833 2710.008545 1490.853638
515.000000 2836.650146 1591.504639 2859.993408 1489.347290
442.000000 2079.983887 1625.214478 1983.329712 1521.877197
443.000000 2223.299805 1623.634399 2143.336914 1521.484619
318.000000 106.919647 733.357727 108.129974 703.448914
448.000000 2649.507812 1463.373169 2662.430664 1346.727783
449.000000 2660.851807 1603.534180 2673.038574 1503.353271
548.000000 1301.147949 770.041748 1178.382202 670.216003
549.000000 1306.242310 629.863464 1184.534058 526.432800
204.000000 1685.410156 1356.729980 1563.854858 1236.652588
526.000000 2680.027832 1447.444824 2696.742188 1328.600830
527.000000 2820.086670 1442.417114 2843.445312 1322.867432
426.000000 2180.039307 808.850769 2116.637451 648.982788
427.000000 2039.975098 804.059753 1956.577881 653.565002
508.000000 1833.300903 1359.146851 1720.014771 1245.800415
509.000000 1693.281250 1357.313599 1570.020264 1246.701050
396.000000 2356.675293 1332.502197 2310.007568 1207.700562
397.000000 2216.655762 1331.029053 2143.325439 1208.940186
456.000000 2223.336182 1369.701050 2149.975098 1250.609253
406.000000 2549.997070 1621.888428 2533.330322 1522.281250
407.000000 2690.003174 1621.614380 2696.671875 1521.809814
600.000000 2936.000000 1732.000000 2972.000000 1649.000000
639.000000 746.000000 359.000000 685.000000 306.000000
1096.000000 2927.000000 1420.000000 2963.000000 1294.000000
659.000000 2788.000000 666.000000 2823.000000 440.000000
748.000000 2817.000000 440.000000 2857.000000 176.000000
816.000000 2827.000000 1031.000000 2860.000000 854.000000
1160.000000 1106.000000 1515.000000 990.000000 1409.000000
1001.000000 2879.000000 988.000000 2916.000000 802.000000
678.000000 2786.000000 647.000000 2821.000000 418.000000
1087.000000 2487.000000 721.000000 2483.000000 529.000000
1485.000000 1206.000000 1225.000000 1031.000000 1123.000000
1301.000000 2591.000000 1144.000000 2601.000000 993.000000
795.000000 684.000000 648.000000 603.000000 588.000000
777.000000 206.000000 1280.000000 187.000000 1199.000000
917.000000 2462.000000 461.000000 2488.000000 241.000000
730.000000 2874.000000 789.000000 2914.000000 573.000000
706.000000 2900.000000 1181.000000 2938.000000 1022.000000
920.000000 2555.000000 724.000000 2568.000000 527.000000
1357.000000 2883.000000 1031.000000 2921.000000 851.000000
1352.000000 2107.000000 1494.000000 2023.000000 1384.000000
647.000000 2072.000000 734.000000 1997.000000 576.000000
604.000000 228.000000 874.000000 204.000000 827.000000
1136.000000 1072.000000 973.000000 962.000000 881.000000
753.000000 2632.000000 472.000000 2681.000000 235.000000
738.000000 2837.000000 469.000000 2875.000000 210.000000
875.000000 2835.000000 451.000000 2876.000000 187.000000
692.000000 94.000000 783.000000 94.000000 750.000000
725.000000 1060.000000 1411.000000 947.000000 1309.000000
1025.000000 2804.000000 659.000000 2841.000000 430.000000
844.000000 1733.000000 1494.000000 1616.000000 1386.000000
626.000000 2768.000000 483.000000 2804.000000 231.000000
740.000000 2145.000000 1141.000000 2082.000000 1008.000000
1312.000000 2560.000000 783.000000 2573.000000 593.000000
628.000000 2573.000000 1528.000000 2568.000000 1419.000000
934.000000 1403.000000 678.000000 1284.000000 568.000000
1005.000000 741.000000 716.000000 654.000000 650.000000
927.000000 2829.000000 1053.000000 2862.000000 879.000000
620.000000 2628.000000 1561.000000 2635.000000 1456.000000
847.000000 2542.000000 1162.000000 2541.000000 1016.000000
990.000000 2878.000000 828.000000 2915.000000 621.000000
644.000000 125.000000 1536.000000 126.000000 1431.000000
1299.000000 2804.000000 819.000000 2839.000000 613.000000
1098.000000 190.000000 1198.000000 174.000000 1124.000000
815.000000 700.000000 1496.000000 616.000000 1392.000000
709.000000 1269.000000 944.000000 1145.000000 843.000000
677.000000 2588.000000 1112.000000 2599.000000 958.000000
865.000000 2161.000000 848.000000 2093.000000 692.000000
686.000000 2136.000000 998.000000 2066.000000 855.000000
1448.000000 1183.000000 543.000000 1065.000000 449.000000
605.000000 252.000000 329.000000 252.000000 321.000000
1163.000000 2570.000000 1495.000000 2566.000000 1383.000000
985.000000 1790.000000 1494.000000 1677.000000 1386.000000
1070.000000 2508.000000 751.000000 2509.000000 561.000000
1179.000000 2166.000000 1562.000000 2089.000000 1456.000000
1110.000000 108.000000 1032.000000 111.000000 975.000000
602.000000 1058.000000 1495.000000 944.000000 1390.000000
859.000000 2806.000000 839.000000 2840.000000 636.000000
853.000000 1069.000000 1084.000000 956.000000 990.000000
1004.000000 2147.000000 1171.000000 2069.000000 1040.000000
1574.000000 1423.000000 1040.000000 1302.000000 933.000000
938.000000 1451.000000 1120.000000 1330.000000 1012.000000
1355.000000 1417.000000 419.000000 1328.000000 303.000000
669.000000 1006.000000 1288.000000 892.000000 1191.000000
630.000000 2862.000000 835.000000 2900.000000 628.000000
1378.000000 1403.000000 741.000000 1284.000000 632.000000
996.000000 2049.000000 434.000000 1982.000000 256.000000
617.000000 719.000000 1078.000000 634.000000 997.000000
835.000000 2918.000000 1175.000000 2956.000000 1015.000000
813.000000 2579.000000 1009.000000 2590.000000 843.000000
1323.000000 1459.000000 712.000000 1341.000000 598.000000
619.000000 1390.000000 1058.000000 1270.000000 952.000000
880.000000 154.000000 551.000000 147.000000 533.000000
1264.000000 2841.000000 1003.000000 2876.000000 822.000000
767.000000 2867.000000 1240.000000 2898.000000 1092.000000
908.000000 2903.000000 1203.000000 2940.000000 1047.000000
1082.000000 78.000000 782.000000 80.000000 749.000000
1265.000000 1779.000000 1067.000000 1671.000000 944.000000
694.000000 618.000000 903.000000 539.000000 835.000000
1030.000000 1459.000000 681.000000 1342.000000 567.000000
673.000000 1788.000000 1413.000000 1676.000000 1303.000000
736.000000 627.000000 799.000000 548.000000 736.000000
1404.000000 2923.000000 1720.000000 2958.000000 1635.000000
785.000000 2845.000000 680.000000 2884.000000 451.000000
1166.000000 208.000000 1198.000000 189.000000 1123.000000
1344.000000 198.000000 1337.000000 182.000000 1250.000000
1051.000000 2766.000000 464.000000 2802.000000 210.000000
960.000000 2850.000000 1246.000000 2883.000000 1098.000000
1291.000000 680.000000 713.000000 599.000000 651.000000
731.000000 104.000000 1597.000000 108.000000 1486.000000
1085.000000 2845.000000 1201.000000 2878.000000 1048.000000
723.000000 663.000000 961.000000 584.000000 888.000000
1076.000000 2109.000000 1528.000000 2024.000000 1420.000000
890.000000 1438.000000 401.000000 1350.000000 283.000000
946.000000 2855.000000 617.000000 2895.000000 377.000000
645.000000 2784.000000 475.000000 2821.000000 221.000000
621.000000 2838.000000 624.000000 2878.000000 386.000000
1012.000000 2481.000000 462.000000 2511.000000 240.000000
1014.000000 2600.000000 863.000000 2615.000000 679.000000
648.000000 1032.000000 812.000000 918.000000 726.000000
894.000000 583.000000 1285.000000 509.000000 1196.000000
750.000000 1139.000000 699.000000 1025.000000 608.000000
1294.000000 2862.000000 1196.000000 2897.000000 1040.000000
855.000000 679.000000 843.000000 594.000000 774.000000
1491.000000 2526.000000 977.000000 2526.000000 810.000000
701.000000 2860.000000 815.000000 2898.000000 605.000000
657.000000 2894.000000 822.000000 2929.000000 610.000000
762.000000 1474.000000 452.000000 1348.000000 331.000000
1072.000000 615.000000 871.000000 537.000000 805.000000
999.000000 11.000000 1279.000000 29.000000 1201.000000
800.000000 2823.000000 832.000000 2858.000000 627.000000
1026.000000 1468.000000 1059.000000 1348.000000 950.000000
733.000000 1780.000000 1099.000000 1672.000000 979.000000
1287.000000 2085.000000 1494.000000 1997.000000 1384.000000
1506.000000 2891.000000 1456.000000 2921.000000 1337.000000
1208.000000 2808.000000 858.000000 2842.000000 659.000000
671.000000 2564.000000 1417.000000 2560.000000 1297.000000
848.000000 615.000000 780.000000 536.000000 718.000000
926.000000 1694.000000 1232.000000 1524.000000 1117.000000
760.000000 2833.000000 433.000000 2874.000000 166.000000
616.000000 116.000000 949.000000 117.000000 900.000000
1147.000000 1417.000000 400.000000 1328.000000 284.000000
1032.000000 2844.000000 842.000000 2880.000000 637.000000
862.000000 1468.000000 1106.000000 1348.000000 997.000000
634.000000 146.000000 627.000000 141.000000 604.000000
1097.000000 1459.000000 609.000000 1342.000000 494.000000
783.000000 726.000000 963.000000 640.000000 888.000000
933.000000 2792.000000 703.000000 2827.000000 482.000000
882.000000 2158.000000 1415.000000 2082.000000 1299.000000
1041.000000 723.000000 358.000000 664.000000 306.000000
687.000000 2826.000000 871.000000 2860.000000 672.000000
698.000000 1403.000000 607.000000 1286.000000 495.000000
611.000000 205.000000 697.000000 189.000000 665.000000
1460.000000 2716.000000 429.000000 2743.000000 176.000000
1156.000000 1391.000000 1081.000000 1270.000000 974.000000
1383.000000 1714.000000 721.000000 1606.000000 589.000000
761.000000 2880.000000 848.000000 2918.000000 642.000000
1390.000000 1819.000000 938.000000 1711.000000 809.000000
768.000000 2821.000000 477.000000 2861.000000 218.000000
935.000000 1663.000000 548.000000 1551.000000 413.000000
830.000000 2832.000000 1074.000000 2865.000000 903.000000
684.000000 1819.000000 1223.000000 1707.000000 1105.000000
1260.000000 2865.000000 1218.000000 2899.000000 1066.000000
1397.000000 162.000000 828.000000 151.000000 787.000000
712.000000 1014.000000 411.000000 952.000000 331.000000
1094.000000 1486.000000 1064.000000 1366.000000 955.000000
490.000000 2090.000000 1596.000000 2001.077515 1503.622681
965.000000 1768.000000 723.000000 1664.000000 588.000000
959.000000 2046.000000 633.000000 1968.000000 469.000000
918.000000 2103.000000 1415.000000 2021.000000 1300.000000
1211.000000 725.000000 860.000000 636.000000 789.000000
814.000000 1768.000000 693.000000 1664.000000 556.000000
643.000000 218.000000 554.000000 200.000000 532.000000
1237.000000 2898.000000 1003.000000 2937.000000 818.000000
1210.000000 2781.000000 457.000000 2819.000000 200.000000
1416.000000 2629.000000 1685.000000 2627.000000 1592.000000
923.000000 175.000000 1033.000000 165.000000 974.000000
889.000000 1140.000000 667.000000 1026.000000 576.000000
1019.000000 2500.000000 652.000000 2502.000000 452.000000
613.000000 2790.000000 685.000000 2825.000000 461.000000
623.000000 2846.000000 1047.000000 2878.000000 872.000000
632.000000 2770.000000 500.000000 2806.000000 252.000000
884.000000 2785.000000 494.000000 2819.000000 244.000000
1359.000000 1373.000000 1062.000000 1252.000000 957.000000
1165.000000 156.000000 339.000000 188.000000 338.000000
1139.000000 2460.000000 439.000000 2486.000000 217.000000
1000.000000 1046.000000 813.000000 932.000000 726.000000
609.000000 642.000000 800.000000 561.000000 736.000000
826.000000 2071.000000 1224.000000 1983.000000 1099.000000
829.000000 1710.000000 1238.000000 1538.000000 1124.000000
680.000000 765.000000 880.000000 671.000000 806.000000
932.000000 2766.000000 894.000000 2792.000000 701.000000
1295.000000 2576.000000 978.000000 2587.000000 809.000000
627.000000 718.000000 1113.000000 632.000000 1030.000000
879.000000 2857.000000 635.000000 2897.000000 398.000000
1029.000000 2844.000000 1025.000000 2878.000000 846.000000
707.000000 1247.000000 928.000000 1119.000000 827.000000
915.000000 172.000000 485.000000 157.000000 471.000000
1527.000000 1038.000000 1193.000000 922.000000 1098.000000
798.000000 2843.000000 1410.000000 2872.000000 1285.000000
949.000000 171.000000 1069.000000 163.000000 1007.000000
670.000000 1723.000000 1065.000000 1612.000000 946.000000
622.000000 1403.000000 710.000000 1284.000000 600.000000
700.000000 1121.000000 1411.000000 1005.000000 1308.000000
641.000000 2881.000000 1009.000000 2919.000000 826.000000
714.000000 1305.000000 1190.000000 1122.000000 1086.000000
839.000000 2756.000000 603.000000 2784.000000 372.000000
788.000000 2184.000000 1227.000000 2112.000000 1099.000000
944.000000 1057.000000 1531.000000 943.000000 1425.000000
655.000000 2126.000000 766.000000 2058.000000 607.000000
710.000000 2586.000000 1081.000000 2596.000000 923.000000
646.000000 65.000000 762.000000 70.000000 732.000000
1444.000000 750.000000 545.000000 662.000000 485.000000
754.000000 2843.000000 661.000000 2882.000000 429.000000
1060.000000 77.000000 1696.000000 82.000000 1574.000000
649.000000 1130.000000 1051.000000 1015.000000 956.000000
970.000000 1724.000000 1098.000000 1612.000000 980.000000
903.000000 102.000000 1103.000000 105.000000 1040.000000
775.000000 629.000000 781.000000 549.000000 719.000000
1045.000000 1715.000000 752.000000 1607.000000 622.000000
1478.000000 1119.000000 1495.000000 1003.000000 1390.000000
744.000000 1765.000000 621.000000 1663.000000 481.000000
878.000000 2905.000000 1226.000000 2942.000000 1073.000000
1479.000000 2056.000000 1223.000000 1974.000000 1091.000000
940.000000 221.000000 864.000000 198.000000 818.000000
980.000000 2949.000000 1744.000000 2985.000000 1663.000000
870.000000 1020.000000 794.000000 907.000000 708.000000
861.000000 80.000000 763.000000 83.000000 732.000000
914.000000 2806.000000 678.000000 2840.000000 454.000000
1062.000000 29.000000 965.000000 42.000000 918.000000
802.000000 2477.000000 841.000000 2465.000000 663.000000
1123.000000 1083.000000 592.000000 972.000000 506.000000
1225.000000 1129.000000 1086.000000 1014.000000 989.000000
1141.000000 49.000000 1196.000000 59.000000 1126.000000
1572.000000 2392.000000 1533.000000 2344.000000 1424.000000
1053.000000 60.000000 1498.000000 72.000000 1397.000000
902.000000 1070.000000 1050.000000 957.000000 957.000000
1245.000000 747.000000 1205.000000 654.000000 1116.000000
1521.000000 739.000000 1363.000000 647.000000 1268.000000
640.000000 2510.000000 781.000000 2511.000000 594.000000
1285.000000 756.000000 1197.000000 662.000000 1108.000000
672.000000 2164.000000 1528.000000 2087.000000 1420.000000
681.000000 655.000000 1111.000000 576.000000 1031.000000
1003.000000 104.000000 855.000000 108.000000 801.000000
770.000000 2468.000000 600.000000 2461.000000 396.000000
916.000000 1733.000000 1529.000000 1617.000000 1422.000000
1315.000000 2821.000000 631.000000 2858.000000 396.000000
749.000000 2681.000000 499.000000 2717.000000 261.000000
1428.000000 1391.000000 1104.000000 1269.000000 999.000000
1033.000000 1405.000000 995.000000 1286.000000 890.000000
1115.000000 293.000000 289.000000 283.000000 280.000000
1247.000000 1834.000000 1223.000000 1724.000000 1104.000000
1586.000000 149.000000 1574.000000 145.000000 1465.000000
1556.000000 2859.000000 1175.000000 2894.000000 1017.000000
998.000000 532.000000 393.000000 507.000000 356.000000
663.000000 2859.000000 655.000000 2896.000000 422.000000
708.000000 770.000000 907.000000 677.000000 832.000000
1140.000000 1091.000000 784.000000 974.000000 694.000000
1083.000000 2932.000000 1476.000000 2966.000000 1357.000000
633.000000 2118.000000 635.000000 2052.000000 466.000000
793.000000 2873.000000 1461.000000 2904.000000 1342.000000
1303.000000 1383.000000 1188.000000 1252.000000 1079.000000
901.000000 121.000000 1575.000000 123.000000 1466.000000
858.000000 1031.000000 915.000000 917.000000 826.000000
1503.000000 794.000000 522.000000 699.000000 459.000000
1400.000000 2168.000000 1596.000000 2090.000000 1492.000000
1031.000000 198.000000 1069.000000 183.000000 1006.000000
797.000000 1092.000000 1235.000000 973.000000 1137.000000
792.000000 1487.000000 1190.000000 1357.000000 1081.000000
804.000000 323.000000 250.000000 397.000000 241.000000
1253.000000 1409.000000 1188.000000 1301.000000 1080.000000
1434.000000 2518.000000 1111.000000 2511.000000 960.000000
1047.000000 1780.000000 1582.000000 1665.000000 1476.000000
1224.000000 2870.000000 1439.000000 2902.000000 1317.000000
636.000000 2083.000000 996.000000 2006.000000 856.000000
1256.000000 2542.000000 1385.000000 2533.000000 1262.000000
774.000000 2087.000000 1071.000000 2009.000000 936.000000
778.000000 2541.000000 1143.000000 2539.000000 994.000000
1037.000000 2772.000000 519.000000 2807.000000 272.000000
974.000000 1730.000000 302.000000 1779.000000 150.000000
943.000000 1396.000000 400.000000 1307.000000 285.000000
964.000000 2547.000000 1764.000000 2470.000000 1677.000000
1388.000000 1821.000000 1371.000000 1708.000000 1258.000000
765.000000 57.000000 1697.000000 66.000000 1575.000000
1427.000000 1097.000000 803.000000 980.000000 713.000000
635.000000 2945.000000 1415.000000 2982.000000 1288.000000
1186.000000 1246.000000 1017.000000 1122.000000 917.000000
652.000000 1082.000000 665.000000 970.000000 578.000000
1251.000000 1512.000000 993.000000 1388.000000 881.000000
899.000000 2562.000000 1233.000000 2557.000000 1093.000000
868.000000 168.000000 1104.000000 160.000000 1039.000000
989.000000 2753.000000 508.000000 2788.000000 262.000000
699.000000 585.000000 1183.000000 511.000000 1100.000000
1330.000000 1190.000000 800.000000 1069.000000 705.000000
1377.000000 2810.000000 877.000000 2844.000000 681.000000
1560.000000 1335.000000 984.000000 1228.000000 883.000000
1118.000000 1379.000000 820.000000 1253.000000 713.000000
1408.000000 2335.000000 511.000000 2278.000000 311.000000
978.000000 1459.000000 744.000000 1341.000000 630.000000
1515.000000 2355.000000 511.000000 2302.000000 308.000000
801.000000 129.000000 1498.000000 128.000000 1397.000000
658.000000 2613.000000 848.000000 2631.000000 661.000000
898.000000 682.000000 681.000000 601.000000 620.000000
1554.000000 2868.000000 1416.000000 2899.000000 1292.000000
1213.000000 2848.000000 1223.000000 2880.000000 1072.000000
1446.000000 1055.000000 1603.000000 941.000000 1495.000000
1329.000000 1578.000000 1853.000000 82.000000 1721.000000
745.000000 2557.000000 753.000000 2570.000000 559.000000
697.000000 2819.000000 458.000000 2859.000000 197.000000
1443.000000 2631.000000 1595.000000 2638.000000 1493.000000
682.000000 2860.000000 673.000000 2898.000000 443.000000
1122.000000 2751.000000 490.000000 2787.000000 241.000000
1366.000000 2888.000000 1434.000000 2921.000000 1311.000000
1153.000000 2549.000000 655.000000 2562.000000 450.000000
1064.000000 2176.000000 848.000000 2110.000000 692.000000
836.000000 2506.000000 721.000000 2507.000000 528.000000
717.000000 2623.000000 1495.000000 2630.000000 1382.000000
1203.000000 1081.000000 855.000000 965.000000 765.000000
1558.000000 2750.000000 472.000000 2786.000000 220.000000
863.000000 1136.000000 419.000000 1058.000000 327.000000
711.000000 211.000000 630.000000 194.000000 603.000000
660.000000 1307.000000 443.000000 1179.000000 337.000000
702.000000 143.000000 661.000000 138.000000 635.000000
1204.000000 1388.000000 994.000000 1268.000000 888.000000
958.000000 2959.000000 1323.000000 2994.000000 1183.000000
784.000000 1128.000000 1120.000000 1013.000000 1023.000000
1212.000000 614.000000 1203.000000 535.000000 1118.000000
969.000000 167.000000 1377.000000 159.000000 1287.000000
892.000000 369.000000 1499.000000 321.000000 1396.000000
885.000000 1769.000000 754.000000 1665.000000 620.000000
1501.000000 1382.000000 802.000000 1256.000000 695.000000
1484.000000 408.000000 559.000000 357.000000 523.000000
881.000000 1501.000000 1189.000000 1370.000000 1081.000000
977.000000 2613.000000 1685.000000 2608.000000 1592.000000
1209.000000 2648.000000 687.000000 2704.000000 476.000000
928.000000 1548.000000 791.000000 1426.000000 672.000000
1468.000000 747.000000 335.000000 686.000000 282.000000
1403.000000 2048.000000 411.000000 2003.000000 231.000000
913.000000 2636.000000 943.000000 2657.000000 766.000000
1113.000000 2178.000000 947.000000 2110.000000 798.000000
807.000000 676.000000 1230.000000 590.000000 1142.000000
732.000000 2787.000000 512.000000 2821.000000 264.000000
624.000000 1138.000000 732.000000 1024.000000 640.000000
1222.000000 137.000000 1411.000000 136.000000 1319.000000
1138.000000 1680.000000 831.000000 1565.000000 706.000000
1233.000000 774.000000 577.000000 684.000000 515.000000
1277.000000 1180.000000 817.000000 1060.000000 722.000000
769.000000 1514.000000 1191.000000 1328.000000 1080.000000
828.000000 1080.000000 730.000000 968.000000 642.000000
945.000000 2924.000000 1397.000000 2960.000000 1269.000000
1022.000000 1276.000000 824.000000 1153.000000 725.000000
1353.000000 2509.000000 1007.000000 2503.000000 845.000000
1002.000000 1713.000000 690.000000 1606.000000 557.000000
695.000000 105.000000 1067.000000 108.000000 1008.000000
577.000000 2825.000000 1384.000000 2851.227783 1256.474609
871.000000 2066.000000 633.000000 1993.000000 468.000000
607.000000 748.000000 576.000000 661.000000 515.000000
1579.000000 2481.000000 652.000000 2479.000000 453.000000
1034.000000 2661.000000 1308.000000 2679.000000 1174.000000
1450.000000 2197.000000 492.000000 2132.000000 303.000000
631.000000 2637.000000 1234.000000 2650.000000 1092.000000
771.000000 728.000000 877.000000 639.000000 805.000000
1100.000000 1015.000000 1208.000000 900.000000 1112.000000
650.000000 1505.000000 1836.000000 434.000000 1730.000000
948.000000 1068.000000 1118.000000 955.000000 1024.000000
713.000000 688.000000 573.000000 607.000000 517.000000
893.000000 2068.000000 306.000000 2324.000000 115.000000
513.000000 2067.000000 1361.000000 1976.689575 1242.725830
808.000000 1781.000000 1164.000000 1672.000000 1046.000000
1530.000000 2914.000000 603.000000 2967.000000 365.000000
1074.000000 2521.000000 1142.000000 2514.000000 994.000000
820.000000 577.000000 1324.000000 503.000000 1232.000000
642.000000 2825.000000 852.000000 2858.000000 651.000000
766.000000 1417.000000 323.000000 1325.000000 206.000000
721.000000 653.000000 1147.000000 575.000000 1064.000000
1457.000000 2061.000000 965.000000 1981.000000 824.000000
872.000000 2804.000000 485.000000 2843.000000 229.000000
1024.000000 1368.000000 1190.000000 1219.000000 1093.000000
941.000000 1486.000000 1213.000000 1238.000000 1105.000000
952.000000 238.000000 857.000000 214.000000 810.000000
1054.000000 1396.000000 1188.000000 1315.000000 1079.000000
993.000000 2860.000000 1568.000000 2884.000000 1463.000000
1440.000000 2073.000000 764.000000 1998.000000 609.000000
1528.000000 1596.000000 991.000000 1475.000000 875.000000
1510.000000 2625.000000 1667.000000 2625.000000 1572.000000
799.000000 182.000000 951.000000 171.000000 899.000000
869.000000 221.000000 523.000000 203.000000 503.000000
1270.000000 2200.000000 1227.000000 2129.000000 1098.000000
637.000000 2825.000000 1009.000000 2858.000000 830.000000
841.000000 2560.000000 1163.000000 2563.000000 1016.000000
1278.000000 272.000000 354.000000 267.000000 343.000000
1148.000000 1073.000000 416.000000 1013.000000 330.000000
1362.000000 2840.000000 642.000000 2879.000000 408.000000
900.000000 1725.000000 1131.000000 1613.000000 1014.000000
1379.000000 1793.000000 1598.000000 1679.000000 1492.000000
625.000000 1781.000000 1133.000000 1672.000000 1013.000000
789.000000 1288.000000 942.000000 1162.000000 841.000000
1307.000000 597.000000 1184.000000 522.000000 1100.000000
1088.000000 2554.000000 851.000000 2538.000000 667.000000
854.000000 1602.000000 1195.000000 1420.000000 1082.000000
1230.000000 2543.000000 938.000000 2543.000000 766.000000
1101.000000 696.000000 790.000000 609.000000 723.000000
846.000000 1141.000000 594.000000 1028.000000 504.000000
1350.000000 2559.000000 1594.000000 2547.000000 1492.000000
833.000000 2864.000000 854.000000 2902.000000 650.000000
1206.000000 982.000000 597.000000 873.000000 518.000000
662.000000 1714.000000 1295.000000 1595.000000 1183.000000
755.000000 2802.000000 640.000000 2839.000000 409.000000
962.000000 1860.000000 656.000000 1761.000000 510.000000
1066.000000 1169.000000 1188.000000 1046.000000 1089.000000
1310.000000 49.000000 296.000000 102.000000 314.000000
614.000000 2857.000000 795.000000 2896.000000 582.000000
967.000000 1791.000000 1564.000000 1678.000000 1457.000000
1437.000000 1081.000000 810.000000 965.000000 720.000000
1145.000000 1167.000000 1315.000000 1045.000000 1214.000000
1363.000000 744.000000 1113.000000 655.000000 1029.000000
1382.000000 1163.000000 816.000000 1043.000000 722.000000
1374.000000 2620.000000 958.000000 2637.000000 784.000000
825.000000 1532.000000 456.000000 1408.000000 329.000000
718.000000 2070.000000 703.000000 1996.000000 544.000000
1044.000000 1565.000000 1194.000000 1460.000000 1088.000000
1154.000000 2896.000000 981.000000 2934.000000 793.000000
897.000000 744.000000 651.000000 658.000000 587.000000
651.000000 2573.000000 1162.000000 2578.000000 1015.000000
1193.000000 1408.000000 1050.000000 1288.000000 943.000000
1470.000000 1489.000000 859.000000 1366.000000 746.000000
1038.000000 291.000000 322.000000 281.000000 311.000000
1008.000000 596.000000 1202.000000 520.000000 1118.000000
1079.000000 1131.000000 974.000000 1018.000000 880.000000
1151.000000 69.000000 1411.000000 80.000000 1319.000000
1522.000000 1826.000000 820.000000 1722.000000 685.000000
1571.000000 208.000000 862.000000 188.000000 816.000000
1570.000000 2942.000000 1392.000000 2979.000000 1262.000000
1219.000000 1776.000000 992.000000 1670.000000 868.000000
1582.000000 1068.000000 1299.000000 951.000000 1199.000000
1195.000000 2126.000000 1112.000000 2066.000000 977.000000
972.000000 2535.000000 1080.000000 2534.000000 925.000000
703.000000 1306.000000 854.000000 1178.000000 751.000000
991.000000 646.000000 514.000000 565.000000 463.000000
715.000000 1118.000000 1567.000000 1000.000000 1460.000000
1246.000000 2538.000000 1111.000000 2536.000000 959.000000
1529.000000 1248.000000 997.000000 1126.000000 896.000000
895.000000 1154.000000 1086.000000 1037.000000 989.000000
957.000000 792.000000 787.000000 696.000000 715.000000
812.000000 2124.000000 736.000000 2057.000000 574.000000
1135.000000 1295.000000 1155.000000 1113.000000 1051.000000
1370.000000 1268.000000 1196.000000 1137.000000 1085.000000
1553.000000 151.000000 772.000000 141.000000 737.000000
1176.000000 1809.000000 947.000000 1700.000000 819.000000
1368.000000 2587.000000 913.000000 2598.000000 736.000000
612.000000 1587.000000 459.000000 1464.000000 328.000000
827.000000 1893.000000 356.000000 2168.000000 180.000000
553.000000 2393.000000 1704.000000 2337.120850 1593.315308
759.000000 2063.000000 1202.000000 1974.000000 1076.000000
1321.000000 1165.000000 668.000000 1049.000000 575.000000
1090.000000 2843.000000 1179.000000 2876.000000 1023.000000
1581.000000 1810.000000 1297.000000 1696.000000 1183.000000
1171.000000 2362.000000 1313.000000 2315.000000 1187.000000
1120.000000 2615.000000 863.000000 2633.000000 678.000000
512.000000 2201.000000 1361.000000 2126.678955 1241.464966
1282.000000 725.000000 845.000000 634.000000 775.000000
925.000000 1623.000000 1161.000000 1443.000000 1047.000000
1346.000000 782.000000 873.000000 687.000000 798.000000
1207.000000 1548.000000 949.000000 1423.000000 834.000000
1249.000000 1547.000000 964.000000 1421.000000 850.000000
1202.000000 2898.000000 1159.000000 2935.000000 998.000000
1464.000000 2781.000000 431.000000 2817.000000 181.000000
1551.000000 254.000000 305.000000 253.000000 299.000000
1052.000000 2514.000000 1230.000000 2500.000000 1091.000000
803.000000 2576.000000 1562.000000 2570.000000 1456.000000
809.000000 2143.000000 1109.000000 2081.000000 974.000000
1018.000000 2140.000000 1046.000000 2063.000000 911.000000
1342.000000 1798.000000 993.000000 1695.000000 867.000000
696.000000 716.000000 1147.000000 631.000000 1063.000000
1269.000000 2372.000000 1291.000000 2326.000000 1162.000000
843.000000 146.000000 829.000000 164.000000 789.000000
1333.000000 2089.000000 1103.000000 2010.000000 969.000000
719.000000 2159.000000 1074.000000 2079.000000 940.000000
1539.000000 2278.000000 592.000000 2234.000000 405.000000
1071.000000 764.000000 1204.000000 670.000000 1116.000000
547.000000 2725.000000 439.000000 2754.397949 188.379990
1046.000000 690.000000 542.000000 609.000000 487.000000
1494.000000 1277.000000 271.000000 1265.000000 168.000000
995.000000 2053.000000 358.000000 2004.000000 174.000000
1036.000000 1790.000000 1150.000000 1687.000000 1030.000000
1125.000000 2498.000000 427.000000 2448.000000 201.000000
951.000000 2090.000000 1135.000000 2011.000000 1004.000000
1340.000000 1950.000000 578.000000 1860.000000 420.000000
1241.000000 1684.000000 935.000000 1568.000000 813.000000
1126.000000 762.000000 1335.000000 668.000000 1240.000000
1557.000000 2361.000000 1290.000000 2314.000000 1161.000000
722.000000 633.000000 220.000000 700.000000 182.000000
1392.000000 2885.000000 1411.000000 2918.000000 1284.000000
1236.000000 2159.000000 584.000000 2095.000000 407.000000
845.000000 1558.000000 975.000000 1432.000000 860.000000
1483.000000 1144.000000 1530.000000 1026.000000 1424.000000
1476.000000 2130.000000 1249.000000 2050.000000 1124.000000
1507.000000 1118.000000 1530.000000 1001.000000 1425.000000
1567.000000 1283.000000 1155.000000 1100.000000 1052.000000
887.000000 2864.000000 1356.000000 2891.000000 1223.000000
1199.000000 497.000000 506.000000 434.000000 467.000000
1452.000000 689.000000 770.000000 603.000000 705.000000
203.000000 636.000000 497.000000 553.450867 446.671478
1335.000000 255.000000 247.000000 250.000000 244.000000
693.000000 51.000000 1575.000000 66.000000 1466.000000
685.000000 2876.000000 809.000000 2916.000000 596.000000
1298.000000 81.000000 904.000000 85.000000 860.000000
1289.000000 496.000000 391.000000 476.000000 356.000000
1290.000000 1267.000000 983.000000 1143.000000 882.000000
1068.000000 863.000000 614.000000 760.000000 543.000000
818.000000 208.000000 664.000000 192.000000 634.000000
1472.000000 2056.000000 843.000000 1974.000000 695.000000
1391.000000 1092.000000 1704.000000 952.000000 1593.000000
746.000000 1408.000000 1118.000000 1287.000000 1012.000000
1040.000000 844.000000 614.000000 744.000000 544.000000
1331.000000 1081.000000 697.000000 969.000000 610.000000
1449.000000 2158.000000 1675.000000 2074.000000 1574.000000
1354.000000 1128.000000 870.000000 1008.000000 764.000000
1325.000000 1155.000000 1366.000000 1029.000000 1274.000000
1542.000000 692.000000 1320.000000 605.000000 1226.000000
1426.000000 73.000000 231.000000 748.000000 182.000000
1559.000000 2552.000000 1528.000000 2542.000000 1419.000000
982.000000 228.000000 213.000000 556.000000 189.000000
966.000000 1313.000000 911.000000 1186.000000 808.000000
883.000000 899.000000 404.000000 833.000000 335.000000
921.000000 332.000000 251.000000 407.000000 240.000000
857.000000 1147.000000 1411.000000 1029.000000 1308.000000
1023.000000 1408.000000 1096.000000 1287.000000 989.000000
618.000000 1175.000000 920.000000 1054.000000 824.000000
1524.000000 2479.000000 1759.000000 2404.000000 1669.000000
1220.000000 2110.000000 1562.000000 2026.000000 1457.000000
741.000000 153.000000 1536.000000 148.000000 1431.000000
1239.000000 2588.000000 606.000000 2606.000000 392.000000
1267.000000 2398.000000 1761.000000 2304.000000 1671.000000
1250.000000 1269.000000 1692.000000 205.000000 1568.000000
823.000000 673.000000 1190.000000 587.000000 1104.000000
1578.000000 2865.000000 1037.000000 2901.000000 860.000000
1015.000000 246.000000 526.000000 222.000000 503.000000
1502.000000 241.000000 786.000000 216.000000 745.000000
751.000000 319.000000 229.000000 407.000000 221.000000
817.000000 1055.000000 1567.000000 942.000000 1460.000000
374.000000 1848.000000 1618.000000 1733.337280 1512.261475
1458.000000 2062.000000 996.000000 1981.000000 857.000000
1158.000000 1417.000000 378.000000 1328.000000 261.000000
1487.000000 1563.000000 904.000000 1441.000000 787.000000
849.000000 201.000000 1033.000000 186.000000 974.000000
726.000000 1480.000000 880.000000 1356.000000 768.000000
1545.000000 1458.000000 1015.000000 1338.000000 906.000000
1162.000000 406.000000 569.000000 355.000000 533.000000
1228.000000 2651.000000 1235.000000 2668.000000 1092.000000
691.000000 764.000000 803.000000 671.000000 732.000000
832.000000 2113.000000 835.000000 2038.000000 682.000000
1399.000000 2561.000000 832.000000 2568.000000 648.000000
256.000000 1028.000000 1364.000000 913.665222 1266.801880
435.000000 2530.000000 1364.000000 2516.687500 1238.803223
1332.000000 230.000000 698.000000 209.000000 664.000000
1257.000000 2427.000000 685.000000 2409.000000 494.000000
876.000000 185.000000 916.000000 174.000000 867.000000
757.000000 180.000000 843.000000 165.000000 801.000000
1318.000000 1122.000000 1375.000000 1006.000000 1273.000000
656.000000 1250.000000 1454.000000 672.000000 1366.000000
1152.000000 2630.000000 1307.000000 2640.000000 1174.000000
704.000000 1720.000000 991.000000 1612.000000 869.000000
546.000000 2841.000000 384.000000 2877.746582 111.737907
1402.000000 1676.000000 566.000000 1563.000000 431.000000
1393.000000 1390.000000 879.000000 1265.000000 772.000000
1168.000000 2179.000000 1206.000000 2105.000000 1075.000000
1084.000000 2921.000000 1198.000000 2958.000000 1040.000000
1150.000000 2531.000000 860.000000 2530.000000 681.000000
1191.000000 2434.000000 631.000000 2419.000000 433.000000
1304.000000 1073.000000 1684.000000 953.000000 1573.000000
1525.000000 2578.000000 1595.000000 2573.000000 1493.000000
1117.000000 1578.000000 950.000000 1456.000000 834.000000
1027.000000 722.000000 1043.000000 636.000000 963.000000
1411.000000 770.000000 652.000000 680.000000 586.000000
790.000000 659.000000 1041.000000 580.000000 964.000000

0.000000 2333.536377 347.179321 270.337952 198.639145 2306.636230 132.485291 265.676544 205.751923
1.000000 2330.032715 502.722656 463.366425 402.715912 2273.406738 302.000763 386.592987 371.328308
7.000000 451.286987 483.435425 385.488220 1312.975464 392.611938 456.612152 334.179260 1229.812012
10.000000 405.731140 1253.789429 465.742859 499.661224 350.806824 1213.641113 407.040497 457.190033
3.000000 2309.382568 570.986267 2362.357422 1320.304688 2270.173096 373.873993 2316.371094 1213.532959
5.000000 2377.967529 1330.146851 2324.240723 586.601074 2331.385498 1193.254517 2285.326660 383.409546
13.000000 936.728699 448.898163 1656.698486 489.434906 810.002380 376.739899 1483.274780 354.864380
16.000000 1020.057312 442.264709 1653.356689 476.230835 876.686035 363.849030 1533.303101 339.194336
24.000000 1609.913574 494.848969 993.351807 459.676392 1479.993408 363.124756 886.728149 381.938019
32.000000 324.199371 606.451355 272.678040 1196.900391 285.346313 573.229797 242.457428 1120.192749
31.000000 486.911377 613.352112 441.841339 1200.141479 425.185638 569.894165 385.869812 1120.181274
40.000000 351.615997 1193.191895 399.682648 609.699280 308.580811 1116.558960 342.997742 663.054871
30.000000 856.916504 1203.344604 883.286865 619.997925 754.605164 1110.058472 780.181152 553.341675
29.000000 842.853882 633.310730 815.659668 1210.109619 743.138550 563.324036 716.632812 1120.157104
22.000000 1866.185059 656.464355 1884.944824 1229.947266 1767.553955 509.863434 1778.403809 1109.968628
35.000000 958.098083 1209.928711 979.598389 636.651611 847.498718 1116.566650 868.013245 603.253906
19.000000 2227.485840 666.206177 2262.170898 1230.071533 2172.545166 489.578949 2200.445557 1099.979614
28.000000 1951.921997 663.387390 1973.237915 1220.003662 1861.345947 510.046173 1874.975830 1096.705933
27.000000 2013.469482 1236.800293 1990.339722 683.319153 1918.894165 1113.362915 1903.183228 526.670715
26.000000 2326.232910 1230.028809 2290.437256 689.971008 2275.152100 1096.742798 2245.635986 509.884186
25.000000 2462.959961 1230.027832 2422.959717 693.361206 2437.643555 1093.473877 2402.426025 503.188599
36.000000 519.201477 1196.610107 556.544739 669.519043 452.786530 1113.296753 485.769470 619.494751
23.000000 2627.541260 682.625854 2676.083252 1200.054688 2655.879883 490.060425 2701.696289 1086.792358
37.000000 1234.593262 643.295654 1225.440918 1146.644409 1113.595947 546.593262 1102.120728 1026.717407
34.000000 1.408188 1076.453613 54.543789 596.431702 11.449668 1120.137207 62.266644 583.232361
42.000000 950.099304 468.247040 1396.654297 493.551178 830.024719 394.171844 1263.374512 381.394653
45.000000 1660.068237 1228.917603 1230.170898 1222.275757 1479.959106 1114.178345 1063.295410 1121.023926
59.000000 426.540100 402.129822 6.636343 377.176941 350.047638 374.875397 16.723396 385.170135
49.000000 932.539124 1039.969360 948.349365 629.936340 824.220093 953.369202 840.398621 553.349426
50.000000 949.085510 796.510315 934.109924 1203.361938 841.479431 716.590271 825.258972 1110.079346
43.000000 1899.614258 813.347107 1914.135376 1219.971313 1801.255005 673.307983 1809.801758 1096.670654
48.000000 1656.666260 1253.374023 1256.668335 1249.810913 1473.334839 1140.103516 1069.988159 1145.831421
47.000000 1259.977173 1238.813721 1656.634399 1243.030884 1066.724854 1136.629639 1470.050171 1129.513306
51.000000 1840.011475 516.447754 2213.364990 536.065918 1759.990967 363.067566 2149.996338 349.889587
55.000000 1790.002930 1703.566162 2136.698486 1699.205688 1660.000122 1600.500732 2010.001099 1600.395874
41.000000 2710.008545 510.040649 2366.677490 510.909607 2743.783447 272.371033 2310.517822 306.561279
56.000000 1640.916382 1003.959106 1627.514526 666.632996 1521.753418 883.851929 1511.887451 536.707764
79.000000 2513.322266 1691.074463 2846.663818 1689.424438 2609.954346 1595.826660 2870.050293 1600.595703
151.000000 3.282911 447.313629 333.356323 473.038513 93.289886 445.119232 293.252625 449.984192
73.000000 867.270630 820.026917 852.850708 1143.311768 763.830811 783.358398 750.241394 1053.345459
61.000000 1903.218384 1136.670532 1892.426514 820.030884 1799.874512 1013.395203 1793.970703 683.321960
46.000000 2836.675049 1701.274292 2523.311279 1703.349976 2856.669678 1612.624268 2446.662842 1610.947388
57.000000 2958.449707 919.786743 2992.769775 1206.734131 3007.730469 716.557190 3042.367676 1053.089600
81.000000 167.082077 1626.709595 196.423706 1342.963501 155.372192 1513.211548 179.530197 1256.309082
21.000000 2363.398438 713.328613 2383.746094 993.303345 2329.685303 496.684021 2362.783203 1096.697021
108.000000 1012.461731 1343.383301 1006.919617 1616.671753 897.780579 1243.358887 892.492859 1473.313965
72.000000 1593.338135 1268.622192 1319.996460 1267.666870 1410.020386 1158.308960 1136.646484 1161.702881
17.000000 2782.783691 1230.059570 2753.477539 959.623169 2808.677979 1073.445557 2755.209229 443.740112
64.000000 2925.547607 646.800049 2957.360352 913.648010 2975.938965 403.406189 3006.670898 710.333313
235.000000 73.684349 733.362183 95.335838 469.890625 75.932228 703.265808 90.021065 550.001953
75.000000 1844.479248 1613.384521 1838.311157 1350.117676 1729.129517 1506.677734 1725.693848 1236.721436
99.000000 612.979553 893.489746 599.331909 1153.473267 536.110657 826.806702 523.848206 1070.026001
80.000000 1354.675903 789.984924 1351.757812 529.980286 1231.206543 679.999390 1231.074951 419.999451
97.000000 767.186340 1156.454224 786.552185 899.991333 672.921204 1066.636475 690.735596 823.143250
70.000000 2061.532227 1353.247070 2075.982666 1609.850830 1971.080444 1233.158691 1981.895996 1506.591675
63.000000 1232.070679 1310.068481 1234.286987 1566.658447 1124.920166 1189.905884 1119.171753 1500.108154
62.000000 856.564941 491.369202 1106.670654 509.945709 666.499573 432.073608 979.781982 420.675049
110.000000 215.044357 1150.126587 233.549866 900.015991 194.696365 1076.756470 209.631470 849.975708
76.000000 2220.129639 1606.835083 2206.966797 1356.475586 2145.027588 1506.725098 2135.512451 1239.922241
69.000000 2525.255859 1359.825439 2547.662354 1606.576294 2509.672607 1229.540771 2529.751709 1506.684692
71.000000 2495.430420 956.527954 2511.747314 1203.217773 2484.608398 789.940918 2497.264404 1063.151245
124.000000 102.991165 489.966858 79.395432 733.597595 100.570442 483.114319 83.377823 700.003540
98.000000 789.426208 756.625183 807.020874 513.358948 694.154480 693.174316 709.551086 449.971588
125.000000 2053.325195 1321.838867 1809.738159 1308.911743 1960.034058 1197.976318 1743.305664 1199.565186
129.000000 13.376160 1626.671143 38.109062 1386.815430 35.352497 1510.178467 54.221561 1296.745239
107.000000 640.415527 510.020264 628.714966 750.099854 561.279297 460.064941 549.601257 690.148926
132.000000 823.568176 1196.677734 834.920471 956.741760 723.601440 1110.013916 734.481934 900.059509
194.000000 1518.053345 543.307129 1514.819336 783.308411 1396.123169 499.940033 1393.544678 666.669922
104.000000 1036.251709 523.384888 1032.013916 763.368896 924.661621 446.701721 918.501648 680.048462
126.000000 1006.672852 1319.109253 766.661316 1317.439941 890.007019 1220.975098 673.327576 1222.530640
87.000000 1832.124268 1173.359131 1827.001221 933.397339 1722.004272 1053.337036 1721.308350 800.005554
134.000000 3066.774658 1303.020630 2829.933838 1311.482056 2859.938232 1178.839355 3069.875488 1167.662964
89.000000 1668.920410 559.950256 1674.145874 796.648743 1555.729858 419.969513 1558.909790 670.013855
155.000000 769.991882 1310.506348 1006.651123 1314.302734 673.333313 1216.666626 870.000000 1216.666626
141.000000 64.275848 886.756531 42.018326 1120.192383 70.046669 853.064941 53.418747 1056.673584
168.000000 2023.201294 573.144409 2036.979980 806.648193 1946.682373 476.666260 1951.514038 656.715515
85.000000 2196.224365 1173.355103 2184.738281 940.259277 2127.419434 1043.430542 2117.879150 790.205505
178.000000 2173.156494 573.338562 2179.949463 803.334839 2109.936523 470.130280 2116.578857 643.336731
135.000000 1025.711914 1616.638306 1032.535156 1386.642944 913.526428 1493.339355 920.097595 1283.336426
105.000000 1508.288330 783.312134 1511.134399 553.306152 1388.445801 666.643982 1391.854248 433.311737
161.000000 1154.793823 1386.705688 1148.659912 1616.630859 1034.888916 1293.285645 1029.786865 1483.327637
84.000000 2646.043701 1183.392090 2624.649902 956.542542 2663.835693 1036.625854 2643.265381 783.338867
143.000000 3066.675293 1317.094727 2839.966553 1321.674438 3069.988770 1173.136597 2866.370117 1184.838989
138.000000 1000.011902 1305.203613 773.330078 1304.642090 886.612000 1207.000854 676.620972 1210.826782
67.000000 2160.040771 1698.502686 2383.338379 1693.556763 2033.313843 1599.945312 2330.009033 1598.233154
82.000000 2045.112427 963.386414 2052.626465 1183.357422 1959.063843 800.013611 1962.802246 1056.722900
114.000000 1817.842651 1393.306519 1822.870850 1613.343872 1707.568726 1279.989380 1710.226562 1506.664062
103.000000 1819.357300 790.014587 1814.363281 570.052307 1714.447144 653.335205 1714.246826 416.668701
144.000000 1643.159912 1144.418213 1423.628784 1135.804199 1463.440918 1029.669922 1260.104492 1026.542114
111.000000 2186.455322 1393.345459 2198.710449 1606.740723 2114.881348 1276.602905 2124.221924 1503.433960
127.000000 1358.731689 543.316589 1360.461426 756.662903 1238.842773 433.355408 1236.645874 649.999817
133.000000 1619.793701 942.190796 1410.395508 922.467346 1496.652100 823.671387 1286.611206 814.621460
116.000000 2053.336182 1329.679199 1846.656128 1327.884399 1963.342529 1211.191284 1736.663696 1212.949219
117.000000 1853.329834 1520.979248 2060.000977 1520.669312 1739.998169 1412.957275 1966.675659 1411.855713
112.000000 1850.002075 1444.583618 2056.668457 1444.790649 1736.644287 1334.617310 1963.356689 1332.141602
177.000000 2464.604004 619.890869 2482.084473 823.440552 2458.966309 460.062408 2469.430176 633.367737
109.000000 2179.994141 1636.261108 2380.000244 1633.352539 2096.654297 1534.545166 2326.666016 1533.215210
192.000000 589.497803 1179.965698 602.937317 983.306274 515.728638 1076.606812 526.352539 909.979980
121.000000 2173.467285 779.994934 2166.030518 583.231384 2108.536377 616.698669 2103.725098 396.731018
130.000000 1853.341309 1368.280396 2050.003662 1369.193726 1743.318726 1255.174194 1956.664185 1253.084839
119.000000 2609.973389 800.002197 2593.848877 606.623657 2629.382080 610.040955 2614.581299 386.804932
164.000000 1009.728882 1186.656616 1016.873596 993.341003 896.021118 1089.975342 903.150818 903.326355
39.000000 1426.686646 496.203857 1619.948608 504.527435 1290.043335 381.082825 1753.302612 362.564087
148.000000 1426.547485 526.827881 1616.780884 533.316833 1303.459229 412.453064 1503.445557 402.187073
136.000000 2056.554443 538.752258 1866.566162 528.535339 1973.359863 367.408875 1763.390503 374.928833
123.000000 2905.796143 515.458557 2718.966309 551.274719 2957.630615 251.985413 2747.291260 314.170776
122.000000 2350.044189 1707.520264 2159.994873 1709.524414 2253.341553 1611.609497 2033.330200 1612.720947
140.000000 1759.640503 543.150513 1946.472168 553.507751 1650.107178 400.059235 1856.778198 393.531067
154.000000 1738.593628 786.752930 1735.193970 599.966125 1580.478149 660.022339 1578.937866 463.315552
150.000000 1794.494629 603.304749 1799.086670 790.022461 1693.451172 456.665253 1695.855713 656.676392
156.000000 2676.821045 1375.785522 2860.058105 1364.257324 2693.610596 1249.805420 2886.908203 1232.733765
92.000000 1023.336548 976.878052 1017.532166 1160.027466 911.110168 816.789246 904.215820 1066.691040
142.000000 2573.348877 636.665222 2589.915771 816.674438 2591.127930 426.576080 2607.460205 629.936279
65.000000 1599.900269 525.388672 1420.000244 516.662292 1599.948242 391.835968 1296.746460 402.311066
265.000000 213.343826 1153.813477 33.334003 1153.151611 193.330612 1083.243652 46.596855 1087.702759
131.000000 2732.810059 553.727722 2909.225830 522.318970 2758.934326 316.205658 2962.151611 259.126251
179.000000 659.005371 529.923584 645.435059 706.572083 577.501831 476.721954 566.241882 646.859131
139.000000 2356.650635 1323.596924 2179.828125 1312.822632 2309.994629 1196.862671 2103.209961 1191.084717
283.000000 380.028168 1314.720459 203.350281 1312.162842 330.002289 1226.891479 186.649872 1228.357788
240.000000 1116.700195 499.497589 943.471069 487.936615 1000.020203 411.280670 846.672424 413.697296
101.000000 620.014587 753.334290 631.611267 580.331421 543.638550 686.679138 553.450867 446.671478
285.000000 1624.112549 743.320740 1626.913330 916.662659 1507.924561 616.670105 1507.534790 760.002380
284.000000 380.028961 1300.714111 206.679962 1298.797241 330.006592 1215.060913 186.662628 1215.608276
232.000000 583.336853 1316.345093 409.987762 1314.456787 513.321289 1225.260498 356.666107 1226.602417
267.000000 36.708092 1165.902954 210.057404 1167.655640 43.337566 1100.157959 189.988205 1096.226562
162.000000 2666.660645 1629.953613 2839.999268 1629.643677 2673.331299 1532.323975 2863.330322 1531.927979
209.000000 250.569305 736.716858 265.577606 566.570618 223.368134 700.002747 236.115402 539.956116
188.000000 1246.531250 511.615356 1416.177246 525.837402 1126.666626 412.244781 1296.666992 412.233582
220.000000 1833.309204 1638.604858 2003.316040 1635.665649 1739.983765 1533.867188 1899.997681 1532.939331
158.000000 2350.002686 1753.630249 2180.017578 1755.210815 2253.335938 1660.747070 2060.005371 1661.451904
96.000000 1196.714966 939.808167 1186.970337 1106.684448 1057.735107 1053.230347 1068.948608 806.618835
78.000000 1680.074463 1006.619751 1682.370361 1173.346558 1557.218872 796.738892 1564.052490 1059.981323
271.000000 409.986633 1307.400513 576.658752 1310.434204 360.000000 1220.000000 506.666656 1220.000000
269.000000 766.684937 1162.014771 600.004028 1159.708862 669.989014 1075.896606 523.304626 1077.987061
146.000000 2403.330322 1632.905518 2569.989014 1631.750122 2356.665771 1532.796509 2559.998779 1532.482910
160.000000 2988.913086 1756.786621 2970.863525 1593.238037 3020.660645 1679.954712 3007.636475 1489.933472
100.000000 1024.839844 766.719666 1030.590210 603.354126 913.470337 680.037231 916.081055 436.660370
169.000000 2689.989502 1556.153687 2853.323242 1552.838379 2703.333496 1450.002563 2883.389160 1445.635620
261.000000 600.054688 1172.620483 763.403198 1174.827759 523.183228 1090.794678 670.094727 1087.039185
163.000000 573.335693 1301.299561 409.998718 1301.112427 546.803223 1205.865845 359.960785 1215.939331
255.000000 166.667282 1632.069824 3.333996 1631.989258 153.331451 1516.401245 3.338959 1517.462036
166.000000 2713.115967 1000.020630 2728.303467 1160.160889 2752.140381 826.763123 2766.684570 1006.665222
226.000000 1360.001221 919.929199 1520.127686 922.748901 1229.810181 814.618774 1386.516968 809.091064
196.000000 1834.258911 1013.306641 1838.869995 1173.365845 1725.870728 886.682861 1729.264282 1053.348267
229.000000 1267.665039 1130.021606 1271.123413 969.952271 1143.103760 1026.660889 1147.065796 870.010071
115.000000 1707.447144 1549.986084 1704.602295 1389.977417 1588.898071 1506.675537 1587.063599 1279.996826
170.000000 2909.991699 1512.391724 3070.008545 1510.968750 2889.947510 1401.008301 3070.006348 1396.948608
174.000000 2866.278076 1596.705078 2881.769043 1753.487915 2896.947998 1496.637939 2914.695557 1670.201538
193.000000 2194.741943 1019.919250 2203.730225 1176.643921 2127.424805 876.635559 2134.266846 1043.295044
298.000000 786.727417 761.623840 629.903442 756.048645 690.025879 690.812622 549.955505 695.268616
270.000000 1176.755615 1168.793823 1019.953186 1165.721313 1053.333008 1069.958252 906.650269 1070.982422
268.000000 1279.909424 508.450745 1123.307739 500.504578 1153.340088 406.900574 1006.700439 411.161377
90.000000 1821.591553 636.621399 1826.051147 793.350830 1723.291992 406.665955 1718.921997 656.647827
176.000000 2637.812012 1029.890137 2652.531494 1183.410156 2657.223389 863.289673 2670.819824 1036.602295
262.000000 1023.251099 1177.046265 1176.804443 1180.447144 906.546326 1083.088379 1053.400635 1080.531372
266.000000 926.523865 1196.748169 930.445740 1043.259521 818.225830 1103.378174 822.445374 956.641113
286.000000 1033.080444 780.907471 1183.737305 789.893616 919.994446 694.069214 1063.294312 695.152893
147.000000 66.094475 1146.610718 80.769058 996.416138 76.204063 1079.960327 93.327942 879.999512
172.000000 2217.293213 1443.295288 2226.402344 1593.349365 2144.434326 1326.615723 2152.606445 1503.366943
180.000000 1953.108398 553.972168 2103.193359 562.470520 1863.447510 393.737671 2033.492432 388.543488
280.000000 1183.465820 776.876587 1033.311768 770.507141 1063.370850 681.563293 919.960144 685.004822
282.000000 1262.635498 979.991333 1260.777832 1130.009644 1139.311157 879.984985 1136.181274 1023.322754
222.000000 1597.523682 986.659607 1598.764160 1136.676880 1475.733643 869.992798 1475.463013 1029.997925
212.000000 1836.666382 1180.050781 1686.670166 1179.294922 1726.749146 1059.412720 1566.593262 1064.221680
275.000000 1169.960693 1353.873779 1019.976135 1352.349854 1046.956543 1249.091187 903.450317 1253.667480
195.000000 2223.327637 1612.843262 2073.348633 1614.618652 2150.032715 1509.602295 1983.312500 1511.457642
299.000000 623.286987 908.269775 770.023743 912.513184 683.439331 830.680298 543.360962 834.379211
189.000000 2223.334961 1630.061523 2076.678955 1633.810791 2150.000000 1530.000000 1980.000000 1530.000000
227.000000 2203.322754 1183.745483 2056.667480 1179.968628 2126.675781 1050.500488 1969.939697 1053.367798
247.000000 1823.338257 796.402954 1676.660278 793.676758 1713.356323 660.528687 1563.205078 667.046509
278.000000 600.000916 1356.548584 746.684448 1357.667969 520.087097 1264.012939 663.484741 1268.720337
184.000000 2226.657227 1520.409546 2373.333252 1519.941895 2153.324219 1411.539551 2323.336670 1410.666748
171.000000 2690.000977 1611.988892 2543.331787 1611.874023 2703.339355 1511.641113 2523.329834 1510.993652
185.000000 2223.334229 1482.806519 2370.000488 1483.027466 2149.990479 1371.431641 2320.002930 1370.573364
120.000000 1188.358887 753.363464 1190.912354 609.956909 1066.201782 659.974487 1078.285034 439.905823
250.000000 2686.641357 1518.825439 2829.979980 1515.737915 2703.376221 1408.447754 2853.369385 1404.832031
236.000000 1686.695068 1190.894897 1830.047852 1192.566406 1566.565918 1075.872192 1720.096313 1073.798828
186.000000 2229.983398 1558.036377 2373.334717 1556.817871 2153.324463 1451.565552 2323.336914 1450.721802
257.000000 2693.328613 1592.803833 2836.650146 1591.504639 2710.008545 1490.853638 2859.993408 1489.347290
221.000000 2079.983887 1625.214478 2223.299805 1623.634399 1983.329712 1521.877197 2143.336914 1521.484619
159.000000 106.919647 733.357727 120.456253 593.055725 108.129974 703.448914 123.150009 513.318848
224.000000 2649.507812 1463.373169 2660.851807 1603.534180 2662.430664 1346.727783 2673.038574 1503.353271
167.000000 624.068359 1153.371582 631.357971 1013.230591 553.471375 850.009155 541.562134 1029.882690
274.000000 1301.147949 770.041748 1306.242310 629.863464 1178.382202 670.216003 1184.534058 526.432800
102.000000 1685.410156 1356.729980 1692.457520 1496.710815 1563.854858 1236.652588 1570.243774 1473.326782
263.000000 2680.027832 1447.444824 2820.086670 1442.417114 2696.742188 1328.600830 2843.445312 1322.867432
213.000000 2180.039307 808.850769 2039.975098 804.059753 2116.637451 648.982788 1956.577881 653.565002
254.000000 1833.300903 1359.146851 1693.281250 1357.313599 1720.014771 1245.800415 1570.020264 1246.701050
198.000000 2356.675293 1332.502197 2216.655762 1331.029053 2310.007568 1207.700562 2143.325439 1208.940186
228.000000 2223.336182 1369.701050 2363.355225 1371.041504 2149.975098 1250.609253 2306.689697 1249.170044
181.000000 2223.330811 1407.546631 2363.339355 1407.961548 2149.985352 1331.601562 2320.001465 1330.171875
203.000000 2549.997070 1621.888428 2690.003174 1621.614380 2533.330322 1522.281250 2696.671875 1521.809814
