Keypoint Matches and Line Matches for pairs 8, 14 
8 corresponds to the image ./resources/Data/CastleP30/images/0008.png 
14 corresponds to the image ./resources/Data/CastleP30/images/0014.png 

1.000000 463.366425 402.715912 1735.103027 756.665161
10.000000 451.286987 483.435425 1767.516357 829.973267
31.000000 465.742859 499.661224 1779.765991 826.469055
5.000000 376.613647 1732.143433 1813.262451 1825.710205
76.000000 324.199371 606.451355 1721.196899 939.876770
77.000000 272.678040 1196.900391 1733.713135 1399.989624
61.000000 441.841339 1200.141479 1813.222412 1386.670410
74.000000 351.615997 1193.191895 1769.008179 1390.028687
75.000000 399.682648 609.699280 1755.698120 929.931580
48.000000 842.853882 633.310730 1989.200317 843.191650
49.000000 815.659668 1210.109619 2018.284058 1363.242920
29.000000 1884.944824 1229.947266 2988.307617 1203.100952
58.000000 958.098083 1209.928711 2108.863281 1346.740723
64.000000 1951.921997 663.387390 2998.117432 430.291565
433.000000 1990.339722 683.319153 3053.196533 429.511536
82.000000 519.201477 1196.610107 1851.906006 1380.055420
83.000000 556.544739 669.519043 1834.970215 943.399109
106.000000 1234.593262 643.295654 2255.399170 733.200806
87.000000 54.543789 596.431702 1609.957764 986.667297
52.000000 1660.068237 1228.917603 2657.853760 1258.914307
291.000000 663.271973 1716.378296 1959.869995 1814.853394
154.000000 932.539124 1039.969360 2076.534424 1183.341431
502.000000 949.085510 796.510315 2070.540039 973.301758
372.000000 934.109924 1203.361938 2093.969971 1339.953369
62.000000 1899.614258 813.347107 2949.125244 652.973999
380.000000 1656.666260 1253.374023 2660.024658 1302.596802
103.000000 1656.634399 1243.030884 2509.084717 1291.234619
564.000000 1840.011475 516.447754 2847.212402 294.509552
507.000000 343.375214 1719.711792 1789.941284 1811.457275
101.000000 1627.514526 666.632996 2610.666992 599.912476
120.000000 339.998291 1733.133301 1786.756470 1819.693237
365.000000 3.282911 447.313629 1583.597046 893.973938
366.000000 333.356323 473.038513 1720.409424 837.661438
192.000000 1903.218384 1136.670532 3002.297363 1080.152832
168.000000 2678.410400 197.332596 1400.344482 611.508972
188.000000 167.082077 1626.709595 1711.095337 1733.384888
189.000000 196.423706 1342.963501 1706.337158 1526.750977
144.000000 743.869080 1619.832764 2001.791138 1730.239868
145.000000 760.608093 1339.837036 1989.989990 1490.328369
162.000000 590.194214 1340.188232 1900.689697 1503.300537
163.000000 575.260681 1620.102783 1911.447876 1729.931274
281.000000 729.999695 1646.633545 2003.332275 1755.592041
282.000000 1010.007080 1644.124512 2179.998779 1755.417480
136.000000 1012.461731 1343.383301 2157.487549 1463.271851
143.000000 1006.919617 1616.671753 2189.670654 1726.688354
150.000000 1593.338135 1268.622192 2463.207275 1329.207275
151.000000 1319.996460 1267.666870 2233.196045 1365.803345
104.000000 1844.479248 1613.384521 2992.085205 1726.831421
105.000000 1838.311157 1350.117676 2947.235840 1387.031494
411.000000 379.999146 1719.931885 1816.623901 1811.281982
412.000000 643.290833 1716.621216 1953.360718 1815.845947
210.000000 612.979553 893.489746 1880.260010 1113.496948
209.000000 599.331909 1153.473267 1901.064941 1333.295166
171.000000 1354.675903 789.984924 2378.635742 819.858093
571.000000 1351.757812 529.980286 2334.325928 573.218567
166.000000 767.186340 1156.454224 1985.015259 1313.397095
167.000000 786.552185 899.991333 1976.396362 1090.139160
309.000000 856.564941 491.369202 1983.721436 714.290283
310.000000 1106.670654 509.945709 2140.315186 650.776917
226.000000 215.044357 1150.126587 1702.821655 1366.802246
242.000000 2698.637939 234.694031 1409.818604 645.853943
318.000000 79.395432 733.597595 1635.721680 1076.691895
395.000000 807.020874 513.358948 1958.361572 756.728577
519.000000 1809.738159 1308.911743 2957.611084 1327.557495
293.000000 13.376160 1626.671143 1656.437988 1733.405884
294.000000 38.109062 1386.815430 1652.908813 1560.008667
223.000000 628.714966 750.099854 1878.160034 986.590088
130.000000 1518.053345 543.307129 2485.998047 516.441101
128.000000 1514.819336 783.308411 2503.198975 783.345703
207.000000 1032.013916 763.368896 2131.229736 906.588379
347.000000 1006.672852 1319.109253 2149.883789 1442.366455
348.000000 766.661316 1317.439941 2000.043579 1460.363159
110.000000 1832.124268 1173.359131 2910.943115 1143.640869
111.000000 1827.001221 933.397339 2871.954590 840.606262
357.000000 763.330505 1481.364868 2010.009521 1606.827515
358.000000 1000.001465 1481.022461 2159.876465 1597.921143
351.000000 759.998840 1522.348877 2010.037109 1644.169067
352.000000 996.669067 1522.074341 2160.037354 1637.505859
375.000000 766.665344 1440.765259 2010.023804 1570.319092
376.000000 1000.003723 1441.164551 2156.620117 1559.375610
508.000000 380.003418 1650.462402 1816.669067 1755.737671
509.000000 613.323914 1648.732544 1933.334961 1756.033936
152.000000 1025.711914 1616.638306 2200.844727 1730.181396
153.000000 1032.535156 1386.642944 2184.067871 1499.946533
129.000000 1511.134399 553.306152 2480.135986 533.320801
384.000000 1000.011902 1305.203613 2143.256348 1429.429199
385.000000 773.330078 1304.642090 1999.831055 1448.745361
400.000000 773.332458 1400.222778 2009.738037 1533.741211
401.000000 996.675293 1401.073608 2150.104736 1521.170654
146.000000 1817.842651 1393.306519 2763.949707 1446.580078
1374.000000 1822.870850 1613.343872 2968.000000 1722.000000
116.000000 1819.357300 790.014587 2843.013428 660.471191
117.000000 1814.363281 570.052307 2808.528076 393.093262
90.000000 1643.159912 1144.418213 2672.004395 1169.680908
176.000000 1358.731689 543.316589 2344.752441 586.532593
177.000000 1360.461426 756.662903 2364.904785 799.851562
512.000000 1619.793701 942.190796 2626.165527 924.141418
359.000000 756.651428 1604.924316 2016.632202 1718.056396
475.000000 1846.656128 1327.884399 2949.936523 1346.140381
574.000000 1853.341309 1368.280396 2966.508545 1398.496094
431.000000 1619.948608 504.527435 2559.930664 426.514313
1313.000000 1488.815430 590.001953 2466.000000 570.000000
869.000000 1489.134277 783.334778 2485.000000 783.000000
190.000000 1426.547485 526.827881 2397.325195 538.103210
191.000000 1616.780884 533.316833 2584.407471 452.343384
126.000000 2056.554443 538.752258 3069.895264 209.766220
127.000000 1866.566162 528.535339 2839.823242 312.939453
186.000000 336.643311 1771.653320 1786.949829 1849.180054
122.000000 1759.640503 543.150513 2733.256104 390.778259
123.000000 1946.472168 553.507751 2971.432861 286.609558
345.000000 1738.593628 786.752930 2758.672119 690.171875
157.000000 1735.193970 599.966125 2673.805420 486.607391
1169.000000 1799.086670 790.022461 2822.000000 667.000000
582.000000 750.020386 1625.103516 2010.057861 1735.543701
583.000000 566.673035 1627.217651 1906.708130 1738.250977
141.000000 1017.532166 1160.027466 2145.736816 1286.736206
109.000000 1420.000244 516.662292 2387.471924 531.793091
236.000000 659.005371 529.923584 1880.467773 803.192749
835.000000 645.435059 706.572083 1883.000000 957.000000
1396.000000 573.338196 1441.501099 1873.000000 1545.000000
1337.000000 193.333359 1482.751465 1712.000000 1624.000000
1240.000000 999.995483 1622.668091 2171.000000 1736.000000
812.000000 2669.869873 196.239471 1368.000000 616.000000
264.000000 250.569305 736.716858 1693.913574 1053.528564
390.000000 1246.531250 511.615356 2248.760010 596.850769
391.000000 1416.177246 525.837402 2382.377930 544.239990
588.000000 1833.309204 1638.604858 2863.333252 1760.000000
1339.000000 199.995621 1441.246216 1731.000000 1590.000000
349.000000 1186.970337 1106.684448 2257.672119 1213.495361
194.000000 1680.074463 1006.619751 2706.654541 979.200562
195.000000 1682.370361 1173.346558 2731.161133 1183.193848
1466.000000 573.335693 1359.198975 1872.000000 1510.000000
498.000000 20.001003 1352.231079 1640.994385 1536.534058
198.000000 597.565796 1623.385498 1931.654541 1733.410156
504.000000 1024.839844 766.719666 2113.482666 909.989990
353.000000 833.331604 1562.757080 2013.256470 1680.755005
354.000000 996.663452 1562.266357 2163.321777 1676.281860
182.000000 1834.258911 1013.306641 2890.579102 937.047852
183.000000 1838.869995 1173.365845 2919.599365 1146.722168
367.000000 1267.665039 1130.021606 2326.035889 1200.046753
368.000000 1271.123413 969.952271 2315.140625 1053.199219
113.000000 1704.602295 1389.977417 2798.210449 1443.141602
212.000000 1821.591553 636.621399 2823.936523 466.583160
213.000000 1826.051147 793.350830 2851.213379 663.626831
546.000000 77.667152 1616.432007 1682.906616 1723.385498
547.000000 93.069527 1463.306763 1681.380493 1613.360474
369.000000 926.523865 1196.748169 2086.632568 1336.669067
370.000000 930.445740 1043.259521 2076.159180 1190.036255
461.000000 734.335449 1466.726562 1968.137695 1593.279175
227.000000 226.701965 893.883362 1696.010376 1173.591553
388.000000 73.336052 896.564697 1636.227417 1199.741577
538.000000 1033.080444 780.907471 2122.124023 925.902100
539.000000 1183.737305 789.893616 2228.037354 894.644470
327.000000 66.094475 1146.610718 1650.752197 1379.981079
317.000000 113.351097 496.352509 1631.263306 909.966248
265.000000 263.436707 504.838135 1688.139404 873.499939
490.000000 1183.465820 776.876587 2227.029297 881.098694
491.000000 1033.311768 770.507141 2113.916992 918.434631
1301.000000 1273.311279 1262.211426 2193.000000 1367.000000
244.000000 1597.523682 986.659607 2615.851807 993.423096
248.000000 1836.666382 1180.050781 2913.582764 1154.598022
249.000000 1686.670166 1179.294922 2733.362549 1190.148071
1362.000000 1169.960693 1353.873779 2272.000000 1462.000000
208.000000 623.286987 908.269775 1893.902466 1133.193604
260.000000 1823.338257 796.402954 2843.208008 669.646667
261.000000 1676.660278 793.676758 2673.304443 729.918518
1472.000000 600.000916 1356.548584 1911.000000 1512.000000
341.000000 389.937042 394.361023 1665.716187 788.512878
459.000000 656.531128 1603.325562 1964.718018 1716.763550
460.000000 664.709656 1459.888428 1958.581543 1593.403931
457.000000 700.518677 1010.026062 1945.788208 1199.862061
458.000000 693.317139 1153.499878 1952.717163 1323.180664
530.000000 679.665771 1153.135376 1943.068604 1316.859009
531.000000 687.397278 1009.859558 1937.009033 1203.493164
793.000000 1097.261597 1460.012329 2259.000000 1572.000000
262.000000 1686.695068 1190.894897 2734.879395 1205.678223
263.000000 1830.047852 1192.566406 2910.322510 1164.714966
355.000000 106.919647 733.357727 1643.215698 1073.336792
258.000000 624.068359 1153.371582 1910.994385 1330.278442
392.000000 1301.147949 770.041748 2318.130859 836.572327
393.000000 1306.242310 629.863464 2308.903809 693.403992
1139.000000 1685.410156 1356.729980 2753.000000 1390.000000
1160.000000 1084.570557 1459.949219 2273.000000 1572.000000
287.000000 1833.300903 1359.146851 2940.330078 1389.965210
288.000000 1693.281250 1357.313599 2766.733887 1407.338745
540.000000 579.983765 485.819214 1797.592285 798.934875
541.000000 719.977783 486.733856 1899.641479 757.289795
407.000000 1092.394287 1159.887207 2169.153564 1283.398438
408.000000 1096.086914 1019.984680 2158.651367 1146.770386
1420.000000 1206.000000 1225.000000 2168.000000 1326.000000
1046.000000 899.000000 415.000000 2060.000000 603.000000
627.000000 684.000000 648.000000 1909.000000 893.000000
1043.000000 206.000000 1280.000000 1706.000000 1478.000000
1187.000000 1072.000000 973.000000 2180.000000 1097.000000
1564.000000 1060.000000 1411.000000 2190.000000 1527.000000
767.000000 1733.000000 1494.000000 2850.000000 1574.000000
1224.000000 1403.000000 678.000000 2406.000000 705.000000
989.000000 700.000000 1496.000000 1982.000000 1622.000000
1275.000000 1269.000000 944.000000 2310.000000 1025.000000
1226.000000 1191.000000 1229.000000 2141.000000 1343.000000
1359.000000 1183.000000 543.000000 2205.000000 651.000000
1205.000000 108.000000 1032.000000 1662.000000 1293.000000
873.000000 1069.000000 1084.000000 2185.000000 1206.000000
1527.000000 1818.000000 837.000000 2849.000000 721.000000
908.000000 1417.000000 419.000000 2466.000000 394.000000
1219.000000 1006.000000 1288.000000 2147.000000 1412.000000
623.000000 1403.000000 741.000000 2412.000000 772.000000
598.000000 2049.000000 434.000000 1221.000000 773.000000
1007.000000 719.000000 1078.000000 1943.000000 1258.000000
760.000000 1459.000000 712.000000 2461.000000 720.000000
934.000000 1390.000000 1058.000000 2439.000000 1116.000000
1100.000000 78.000000 782.000000 1629.000000 1114.000000
932.000000 1779.000000 1067.000000 2846.000000 1023.000000
918.000000 1459.000000 681.000000 2457.000000 686.000000
1035.000000 1788.000000 1413.000000 2908.000000 1465.000000
1542.000000 627.000000 799.000000 1879.000000 1033.000000
693.000000 680.000000 713.000000 1912.000000 949.000000
617.000000 663.000000 961.000000 1920.000000 1163.000000
994.000000 1032.000000 812.000000 2123.000000 955.000000
1496.000000 583.000000 1285.000000 1892.000000 1456.000000
635.000000 1139.000000 699.000000 2199.000000 816.000000
749.000000 768.000000 361.000000 1977.000000 616.000000
756.000000 1474.000000 452.000000 2413.000000 434.000000
1088.000000 1468.000000 1059.000000 2512.000000 1100.000000
1044.000000 1780.000000 1099.000000 2852.000000 1065.000000
1075.000000 640.000000 1410.000000 1942.000000 1549.000000
896.000000 1731.000000 1413.000000 2838.000000 1471.000000
1325.000000 1694.000000 1232.000000 2588.000000 1268.000000
794.000000 116.000000 949.000000 1661.000000 1231.000000
676.000000 1468.000000 1082.000000 2514.000000 1124.000000
607.000000 1417.000000 400.000000 2465.000000 383.000000
1212.000000 1468.000000 1106.000000 2517.000000 1150.000000
1547.000000 1459.000000 609.000000 2451.000000 608.000000
903.000000 723.000000 358.000000 1963.000000 622.000000
643.000000 1403.000000 607.000000 2400.000000 629.000000
1130.000000 1391.000000 1081.000000 2443.000000 1140.000000
338.000000 1819.000000 938.000000 2859.783936 855.920532
714.000000 1663.000000 548.000000 2631.000000 447.000000
906.000000 1819.000000 1223.000000 2902.000000 1214.000000
1509.000000 1456.000000 420.000000 2424.000000 413.000000
613.000000 632.000000 1533.000000 1946.000000 1656.000000
1172.000000 1768.000000 723.000000 2787.000000 600.000000
1288.000000 1768.000000 693.000000 2782.000000 563.000000
965.000000 1140.000000 667.000000 2196.000000 784.000000
1306.000000 1373.000000 1062.000000 2424.000000 1124.000000
1537.000000 743.000000 683.000000 1911.000000 920.000000
1048.000000 1803.000000 837.000000 2829.000000 728.000000
964.000000 2071.000000 1224.000000 2760.000000 1238.000000
998.000000 1710.000000 1238.000000 2600.000000 1271.000000
479.000000 1247.000000 928.000000 2279.378174 1014.059143
1162.000000 428.000000 1216.000000 1806.000000 1418.000000
1397.000000 314.000000 545.000000 1710.000000 892.000000
1426.000000 171.000000 1069.000000 1677.000000 1316.000000
877.000000 1723.000000 1065.000000 2779.000000 1039.000000
1265.000000 1403.000000 710.000000 2409.000000 739.000000
1490.000000 1121.000000 1411.000000 2254.000000 1522.000000
800.000000 1305.000000 1190.000000 2214.000000 1289.000000
889.000000 698.000000 1533.000000 1983.000000 1654.000000
697.000000 695.000000 1570.000000 1985.000000 1687.000000
692.000000 1130.000000 1051.000000 2226.000000 1163.000000
1102.000000 1724.000000 1098.000000 2784.000000 1079.000000
1284.000000 1119.000000 1495.000000 2260.000000 1605.000000
827.000000 1765.000000 621.000000 2770.000000 476.000000
216.000000 1042.000000 535.000000 2103.208252 693.342834
1062.000000 2676.000000 149.000000 1398.000000 584.000000
780.000000 1083.000000 592.000000 2150.000000 730.000000
1510.000000 1129.000000 1086.000000 2229.000000 1196.000000
1569.000000 2017.000000 392.000000 1199.000000 741.000000
885.000000 60.000000 1498.000000 1669.000000 1640.000000
1283.000000 1070.000000 1050.000000 2182.000000 1172.000000
1064.000000 739.000000 1363.000000 1985.000000 1504.000000
1037.000000 795.000000 370.000000 1986.000000 612.000000
922.000000 655.000000 1111.000000 1927.000000 1292.000000
1500.000000 1733.000000 1529.000000 2855.000000 1618.000000
1435.000000 1589.000000 1175.000000 2435.000000 1222.000000
734.000000 1391.000000 1104.000000 2445.000000 1165.000000
941.000000 1405.000000 995.000000 2448.000000 1046.000000
1227.000000 293.000000 289.000000 1735.000000 697.000000
1121.000000 1834.000000 1223.000000 2923.000000 1211.000000
938.000000 2859.000000 655.000000 1494.000000 989.000000
1127.000000 1383.000000 1188.000000 2468.000000 1255.000000
1181.000000 1031.000000 915.000000 2131.000000 1053.000000
1520.000000 455.000000 410.000000 1729.000000 770.000000
1115.000000 1092.000000 1235.000000 2148.000000 1359.000000
865.000000 630.000000 1570.000000 1948.000000 1688.000000
1555.000000 348.000000 1731.000000 1791.000000 1820.000000
1390.000000 1487.000000 1190.000000 2536.000000 1243.000000
1348.000000 1409.000000 1188.000000 2407.000000 1252.000000
699.000000 1780.000000 1582.000000 2922.000000 1686.000000
1554.000000 1453.000000 998.000000 2489.000000 1035.000000
1518.000000 704.000000 1410.000000 1978.000000 1546.000000
959.000000 29.000000 1195.000000 1632.000000 1419.000000
781.000000 1396.000000 400.000000 2447.000000 391.000000
386.000000 1821.000000 1371.000000 2930.100098 1407.729858
1481.000000 744.000000 382.000000 1977.000000 635.000000
733.000000 1246.000000 1017.000000 2300.000000 1107.000000
704.000000 1082.000000 665.000000 2155.000000 800.000000
1245.000000 168.000000 1104.000000 1678.000000 1343.000000
1253.000000 767.000000 717.000000 1947.000000 937.000000
1338.000000 1335.000000 984.000000 2385.000000 1051.000000
993.000000 1459.000000 744.000000 2464.000000 754.000000
731.000000 2355.000000 511.000000 1239.000000 845.000000
1491.000000 129.000000 1498.000000 1683.000000 1639.000000
1024.000000 682.000000 681.000000 1894.000000 898.000000
1250.000000 1117.000000 1603.000000 2222.000000 1716.000000
975.000000 996.000000 987.000000 2114.000000 1128.000000
330.000000 1807.000000 571.000000 2800.062744 400.143677
851.000000 1344.000000 1168.000000 2240.000000 1260.000000
930.000000 1307.000000 443.000000 2223.000000 524.000000
899.000000 1620.000000 937.000000 2619.000000 921.000000
1244.000000 369.000000 1499.000000 1791.000000 1633.000000
991.000000 1769.000000 754.000000 2728.000000 660.000000
1429.000000 1382.000000 802.000000 2382.000000 847.000000
925.000000 747.000000 335.000000 1975.000000 596.000000
771.000000 2048.000000 411.000000 1221.000000 757.000000
804.000000 676.000000 1230.000000 1938.000000 1393.000000
799.000000 1987.000000 664.000000 3046.000000 408.000000
701.000000 1138.000000 732.000000 2202.000000 847.000000
1544.000000 137.000000 1411.000000 1682.000000 1575.000000
980.000000 1680.000000 831.000000 2685.000000 772.000000
824.000000 1180.000000 817.000000 2229.000000 921.000000
1436.000000 1080.000000 730.000000 2160.000000 862.000000
671.000000 1713.000000 690.000000 2719.000000 586.000000
696.000000 105.000000 1067.000000 1663.000000 1319.000000
947.000000 1258.000000 846.000000 2291.000000 928.000000
1051.000000 1015.000000 1208.000000 2147.000000 1333.000000
1254.000000 1341.000000 962.000000 2373.000000 1027.000000
709.000000 688.000000 573.000000 1906.000000 829.000000
605.000000 2068.000000 306.000000 1251.000000 683.000000
621.000000 1409.000000 840.000000 2411.000000 878.000000
1267.000000 1781.000000 1164.000000 2864.000000 1148.000000
1135.000000 190.000000 1306.000000 1773.000000 1493.000000
1036.000000 1417.000000 323.000000 2443.000000 305.000000
1182.000000 1594.000000 1283.000000 2676.000000 1342.000000
724.000000 653.000000 1147.000000 1929.000000 1320.000000
1342.000000 1486.000000 1213.000000 2245.000000 1306.000000
1282.000000 1396.000000 1188.000000 2349.000000 1260.000000
1463.000000 221.000000 523.000000 1640.000000 914.000000
876.000000 1725.000000 1131.000000 2790.000000 1120.000000
1109.000000 1781.000000 1133.000000 2858.000000 1106.000000
856.000000 1680.000000 1318.000000 2750.000000 1362.000000
1070.000000 1651.000000 1208.000000 2747.000000 1230.000000
1163.000000 748.000000 279.000000 1961.000000 551.000000
1089.000000 696.000000 790.000000 1937.000000 1017.000000
879.000000 1141.000000 594.000000 2191.000000 713.000000
939.000000 2628.000000 301.000000 1349.000000 680.000000
1001.000000 1770.000000 831.000000 2781.000000 728.000000
1208.000000 1791.000000 1564.000000 2934.000000 1662.000000
1144.000000 1084.000000 562.000000 2149.000000 703.000000
1413.000000 1167.000000 1315.000000 2266.000000 1422.000000
1300.000000 1163.000000 816.000000 2216.000000 925.000000
1570.000000 1565.000000 1194.000000 2616.000000 1243.000000
1361.000000 1408.000000 1050.000000 2454.000000 1103.000000
1198.000000 1502.000000 559.000000 2472.000000 538.000000
1204.000000 596.000000 1202.000000 1893.000000 1375.000000
753.000000 69.000000 1411.000000 1668.000000 1576.000000
822.000000 1826.000000 820.000000 2857.000000 697.000000
658.000000 1776.000000 992.000000 2839.000000 930.000000
1330.000000 1306.000000 854.000000 2305.000000 925.000000
1168.000000 581.000000 976.000000 1868.000000 1190.000000
1512.000000 1414.000000 887.000000 2402.000000 940.000000
1106.000000 172.000000 1366.000000 1701.000000 1538.000000
222.000000 646.000000 514.000000 1868.243652 793.252441
1406.000000 165.000000 1280.000000 1690.000000 1481.000000
1123.000000 1248.000000 997.000000 2300.000000 1083.000000
1176.000000 1705.000000 1253.000000 2837.000000 1257.000000
1290.000000 1695.000000 945.000000 2717.000000 904.000000
387.000000 1730.000000 1379.000000 2786.780762 1421.213013
1373.000000 1803.000000 1067.000000 2872.000000 1018.000000
415.000000 1809.000000 947.000000 2850.251953 867.458801
1203.000000 782.000000 804.000000 1968.000000 1005.000000
1252.000000 1165.000000 668.000000 2210.000000 780.000000
423.000000 1664.000000 1441.000000 2716.537109 1520.015747
1180.000000 98.000000 760.000000 1670.000000 1095.000000
1513.000000 1093.000000 1657.000000 2316.000000 1769.000000
1008.000000 1623.000000 1161.000000 2486.000000 1202.000000
836.000000 254.000000 305.000000 1713.000000 724.000000
1314.000000 1798.000000 993.000000 2860.000000 925.000000
1148.000000 1694.000000 832.000000 2701.000000 768.000000
1536.000000 690.000000 542.000000 1904.000000 803.000000
311.000000 1925.000000 471.000000 2893.415039 203.511154
1323.000000 1684.000000 935.000000 2701.000000 895.000000
776.000000 2733.000000 157.000000 1436.000000 589.000000
1326.000000 2759.000000 166.000000 1434.000000 602.000000
926.000000 1144.000000 1530.000000 2279.000000 1642.000000
1525.000000 1863.000000 638.000000 2876.000000 446.000000
60.000000 488.000000 596.000000 1796.465820 890.006775
1385.000000 2908.000000 552.000000 1532.000000 909.000000
1459.000000 497.000000 506.000000 1795.000000 824.000000
1213.000000 689.000000 770.000000 1912.000000 997.000000
1171.000000 636.000000 497.000000 1861.000000 780.000000
616.000000 634.000000 1496.000000 1944.000000 1624.000000
670.000000 51.000000 1575.000000 1670.000000 1697.000000
743.000000 1267.000000 983.000000 2312.000000 1067.000000
521.000000 379.000000 1577.000000 1806.046509 1689.804932
1456.000000 208.000000 664.000000 1668.000000 1011.000000
1551.000000 844.000000 614.000000 1985.000000 823.000000
689.000000 1081.000000 697.000000 2157.000000 831.000000
1238.000000 1128.000000 870.000000 2196.000000 988.000000
1340.000000 655.000000 1198.000000 1924.000000 1367.000000
874.000000 2661.000000 161.000000 1384.000000 588.000000
1331.000000 1155.000000 1366.000000 2266.000000 1474.000000
494.000000 1426.000000 762.000000 2434.774658 783.515320
810.000000 1363.000000 550.000000 2348.000000 589.000000
820.000000 1147.000000 1411.000000 2270.000000 1521.000000
786.000000 1175.000000 920.000000 2235.000000 1025.000000
1178.000000 153.000000 1536.000000 1699.000000 1667.000000
1239.000000 676.000000 1316.000000 1935.000000 1472.000000
1308.000000 673.000000 1190.000000 1946.000000 1355.000000
1538.000000 1602.000000 1172.000000 2464.000000 1216.000000
1575.000000 1055.000000 1567.000000 2217.000000 1644.000000
200.000000 1848.000000 1618.000000 3000.002930 1730.354370
1095.000000 1480.000000 880.000000 2462.000000 920.000000
1158.000000 1458.000000 1015.000000 2494.000000 1053.000000
1061.000000 764.000000 803.000000 1957.000000 1008.000000
1047.000000 786.000000 321.000000 1943.000000 592.000000
142.000000 1028.000000 1364.000000 2173.805176 1486.415405
1271.000000 655.000000 679.000000 1895.000000 926.000000
1345.000000 185.000000 916.000000 1673.000000 1202.000000
1353.000000 1122.000000 1375.000000 2266.000000 1486.000000
708.000000 1415.000000 764.000000 2403.000000 795.000000
722.000000 1720.000000 991.000000 2773.000000 947.000000
909.000000 1676.000000 566.000000 2646.000000 461.000000
1096.000000 1373.000000 1418.000000 2402.000000 1527.000000
798.000000 1073.000000 1684.000000 2174.000000 1800.000000
422.000000 1662.000000 1333.000000 2700.800293 1390.307373
1040.000000 659.000000 1041.000000 1924.000000 1232.000000
832.000000 1611.000000 1161.000000 2474.000000 1204.000000
1508.000000 1816.000000 1563.000000 2962.000000 1661.000000

0.000000 2330.032715 502.722656 463.366425 402.715912 3070.291504 130.621628 1735.103027 756.665161
5.000000 451.286987 483.435425 385.488220 1312.975464 1767.516357 829.973267 1798.454956 1813.486816
15.000000 405.731140 1253.789429 465.742859 499.661224 1801.998901 1550.245728 1779.765991 826.469055
40.000000 936.728699 448.898163 1656.698486 489.434906 2097.046875 614.165833 2509.606445 425.804657
2.000000 1086.516113 1723.820435 376.613647 1732.143433 2879.576660 1857.524536 1813.262451 1825.710205
149.000000 1020.057312 442.264709 1653.356689 476.230835 2206.768799 550.220337 2363.705811 477.469971
36.000000 1609.913574 494.848969 993.351807 459.676392 2519.910889 429.804443 2090.846924 625.193298
38.000000 324.199371 606.451355 272.678040 1196.900391 1721.196899 939.876770 1733.713135 1399.989624
30.000000 486.911377 613.352112 441.841339 1200.141479 1796.465820 890.006775 1813.222412 1386.670410
37.000000 351.615997 1193.191895 399.682648 609.699280 1769.008179 1390.028687 1755.698120 929.931580
24.000000 842.853882 633.310730 815.659668 1210.109619 1989.200317 843.191650 2018.284058 1363.242920
14.000000 1866.185059 656.464355 1884.944824 1229.947266 2886.409668 483.369720 2988.307617 1203.100952
29.000000 958.098083 1209.928711 979.598389 636.651611 2108.863281 1346.740723 2076.485107 850.011841
32.000000 1951.921997 663.387390 1973.237915 1220.003662 2998.117432 430.291565 3072.355713 909.635132
41.000000 519.201477 1196.610107 556.544739 669.519043 1851.906006 1380.055420 1834.970215 943.399109
53.000000 1234.593262 643.295654 1225.440918 1146.644409 2255.399170 733.200806 2276.312500 1059.167236
43.000000 1.408188 1076.453613 54.543789 596.431702 1616.425781 1416.720459 1609.957764 986.667297
229.000000 950.099304 468.247040 1396.654297 493.551178 2076.464844 642.867615 2190.117920 593.605347
26.000000 1660.068237 1228.917603 1230.170898 1222.275757 2657.853760 1258.914307 2153.431641 1333.994019
146.000000 663.271973 1716.378296 1090.041992 1709.147461 1959.869995 1814.853394 2133.436035 1819.502319
77.000000 932.539124 1039.969360 948.349365 629.936340 2076.534424 1183.341431 2062.403564 953.390503
186.000000 949.085510 796.510315 934.109924 1203.361938 2083.233643 1193.340576 2093.969971 1339.953369
31.000000 1899.614258 813.347107 1914.135376 1219.971313 2949.125244 652.973999 3019.820068 1136.692993
190.000000 1656.666260 1253.374023 1256.668335 1249.810913 2513.299561 1297.669800 2660.024658 1302.596802
23.000000 1259.977173 1238.813721 1656.634399 1243.030884 2721.460938 1293.909546 2182.612305 1345.854248
256.000000 3.302010 1724.389404 343.375214 1719.711792 1673.329590 1806.759277 1789.941284 1811.457275
50.000000 1640.916382 1003.959106 1627.514526 666.632996 2657.880371 959.570374 2610.666992 599.912476
183.000000 3.282911 447.313629 333.356323 473.038513 1583.597046 893.973938 1720.409424 837.661438
96.000000 1903.218384 1136.670532 1892.426514 820.030884 3002.297363 1080.152832 2972.300049 876.819092
84.000000 2678.410400 197.332596 2961.880859 161.759872 1400.344482 611.508972 1620.697388 626.224487
94.000000 167.082077 1626.709595 196.423706 1342.963501 1711.095337 1733.384888 1706.337158 1526.750977
72.000000 743.869080 1619.832764 760.608093 1339.837036 2001.791138 1730.239868 1989.989990 1490.328369
81.000000 590.194214 1340.188232 575.260681 1620.102783 1900.689697 1503.300537 1911.447876 1729.931274
141.000000 729.999695 1646.633545 1010.007080 1644.124512 2003.332275 1755.592041 2179.998779 1755.417480
68.000000 1012.461731 1343.383301 1006.919617 1616.671753 2157.487549 1463.271851 2175.734863 1706.736450
75.000000 1593.338135 1268.622192 1319.996460 1267.666870 2463.207275 1329.207275 2233.196045 1365.803345
52.000000 1844.479248 1613.384521 1838.311157 1350.117676 2992.085205 1726.831421 2947.235840 1387.031494
207.000000 379.999146 1719.931885 643.290833 1716.621216 1816.623901 1811.281982 1953.360718 1815.845947
105.000000 612.979553 893.489746 599.331909 1153.473267 1880.260010 1113.496948 1890.899902 1313.285400
289.000000 1354.675903 789.984924 1351.757812 529.980286 2346.289551 676.710266 2334.325928 573.218567
83.000000 767.186340 1156.454224 786.552185 899.991333 1985.015259 1313.397095 1976.396362 1090.139160
172.000000 1232.070679 1310.068481 1234.286987 1566.658447 2228.852539 1427.204224 2247.032959 1578.756470
155.000000 856.564941 491.369202 1106.670654 509.945709 1983.721436 714.290283 2140.315186 650.776917
113.000000 215.044357 1150.126587 233.549866 900.015991 1702.821655 1366.802246 1696.010376 1173.591553
121.000000 2698.637939 234.694031 2942.231445 206.981293 1409.818604 645.853943 1594.116455 659.120972
159.000000 102.991165 489.966858 79.395432 733.597595 1631.263306 909.966248 1635.721680 1076.691895
198.000000 789.426208 756.625183 807.020874 513.358948 1963.773315 899.983398 1958.361572 756.728577
263.000000 2053.325195 1321.838867 1809.738159 1308.911743 3070.842529 1313.408447 2957.611084 1327.557495
147.000000 13.376160 1626.671143 38.109062 1386.815430 1656.437988 1733.405884 1652.908813 1560.008667
111.000000 640.415527 510.020264 628.714966 750.099854 1868.243652 793.252441 1878.160034 986.590088
65.000000 1518.053345 543.307129 1514.819336 783.308411 2485.998047 516.441101 2506.895020 763.314026
108.000000 1036.251709 523.384888 1032.013916 763.368896 2103.208252 693.342834 2118.172119 890.138977
174.000000 1006.672852 1319.109253 766.661316 1317.439941 2149.883789 1442.366455 2000.043579 1460.363159
55.000000 1832.124268 1173.359131 1827.001221 933.397339 2910.943115 1143.640869 2871.954590 840.606262
82.000000 1668.920410 559.950256 1674.145874 796.648743 2646.393311 490.029510 2670.543457 713.634644
179.000000 763.330505 1481.364868 1000.001465 1481.022461 2010.009521 1606.827515 2159.876465 1597.921143
176.000000 759.998840 1522.348877 996.669067 1522.074341 2010.037109 1644.169067 2160.037354 1637.505859
195.000000 64.275848 886.756531 42.018326 1120.192383 1636.227417 1199.741577 1642.181152 1343.242798
188.000000 766.665344 1440.765259 1000.003723 1441.164551 2010.023804 1570.319092 2156.620117 1559.375610
257.000000 380.003418 1650.462402 613.323914 1648.732544 1816.669067 1755.737671 1933.334961 1756.033936
76.000000 1025.711914 1616.638306 1032.535156 1386.642944 2200.844727 1730.181396 2184.067871 1499.946533
64.000000 1508.288330 783.312134 1511.134399 553.306152 2503.198975 783.345703 2480.135986 533.320801
193.000000 1000.011902 1305.203613 773.330078 1304.642090 2143.256348 1429.429199 1999.831055 1448.745361
201.000000 773.332458 1400.222778 996.675293 1401.073608 2009.738037 1533.741211 2150.104736 1521.170654
73.000000 1817.842651 1393.306519 1822.870850 1613.343872 2763.949707 1446.580078 2797.179443 1683.261353
58.000000 1819.357300 790.014587 1814.363281 570.052307 2843.013428 660.471191 2808.528076 393.093262
45.000000 1643.159912 1144.418213 1423.628784 1135.804199 2672.004395 1169.680908 2245.485596 1211.200439
88.000000 1358.731689 543.316589 1360.461426 756.662903 2344.752441 586.532593 2364.904785 799.851562
259.000000 1619.793701 942.190796 1410.395508 922.467346 2626.165527 924.141418 2513.308350 946.540833
180.000000 756.651428 1604.924316 966.664551 1603.088135 2016.632202 1718.056396 2166.644043 1715.394653
240.000000 2053.336182 1329.679199 1846.656128 1327.884399 3070.198975 1331.651733 2949.936523 1346.140381
268.000000 780.717712 556.706909 769.494507 756.825256 1930.066772 859.822632 1935.989014 973.368652
86.000000 1009.728882 1186.656616 1016.873596 993.341003 2145.308350 1063.039673 2157.490967 1283.287720
217.000000 1426.686646 496.203857 1619.948608 504.527435 2443.165527 479.631042 2559.930664 426.514313
220.000000 1488.815430 590.001953 1489.134277 783.334778 2435.008545 663.168396 2447.519775 790.244202
95.000000 1426.547485 526.827881 1616.780884 533.316833 2397.325195 538.103210 2584.407471 452.343384
63.000000 2056.554443 538.752258 1866.566162 528.535339 3069.895264 209.766220 2839.823242 312.939453
61.000000 1759.640503 543.150513 1946.472168 553.507751 2733.256104 390.778259 2971.432861 286.609558
78.000000 1738.593628 786.752930 1735.193970 599.966125 2702.290039 713.464355 2673.805420 486.607391
295.000000 750.020386 1625.103516 566.673035 1627.217651 2010.057861 1735.543701 1906.708130 1738.250977
70.000000 1023.336548 976.878052 1017.532166 1160.027466 2127.760254 1046.584839 2145.736816 1286.736206
54.000000 1599.900269 525.388672 1420.000244 516.662292 2669.346436 405.211151 2387.471924 531.793091
118.000000 659.005371 529.923584 645.435059 706.572083 1880.467773 803.192749 1887.375732 989.973755
132.000000 250.569305 736.716858 265.577606 566.570618 1693.913574 1053.528564 1688.139404 873.499939
196.000000 1246.531250 511.615356 1416.177246 525.837402 2248.760010 596.850769 2382.377930 544.239990
298.000000 1833.309204 1638.604858 2003.316040 1635.665649 2863.333252 1760.000000 2966.666748 1760.000000
175.000000 1196.714966 939.808167 1186.970337 1106.684448 2257.672119 1213.495361 2247.232422 1063.526001
97.000000 1680.074463 1006.619751 1682.370361 1173.346558 2706.654541 979.200562 2731.161133 1183.193848
99.000000 597.565796 1623.385498 607.044067 1459.828735 1931.654541 1733.410156 1922.348999 1530.045044
255.000000 1024.839844 766.719666 1030.590210 603.354126 2113.482666 909.989990 2105.659180 793.400940
177.000000 833.331604 1562.757080 996.663452 1562.266357 2013.256470 1680.755005 2163.321777 1676.281860
91.000000 1834.258911 1013.306641 1838.869995 1173.365845 2890.579102 937.047852 2919.599365 1146.722168
184.000000 1267.665039 1130.021606 1271.123413 969.952271 2326.035889 1200.046753 2315.140625 1053.199219
56.000000 1707.447144 1549.986084 1704.602295 1389.977417 2833.021240 1723.372070 2798.210449 1443.141602
106.000000 1821.591553 636.621399 1826.051147 793.350830 2823.936523 466.583160 2851.213379 663.626831
277.000000 77.667152 1616.432007 93.069527 1463.306763 1682.906616 1723.385498 1681.380493 1613.360474
185.000000 926.523865 1196.748169 930.445740 1043.259521 2086.632568 1336.669067 2076.159180 1190.036255
273.000000 1033.080444 780.907471 1183.737305 789.893616 2122.124023 925.902100 2228.037354 894.644470
164.000000 66.094475 1146.610718 80.769058 996.416138 1650.752197 1379.981079 1646.717773 1219.998657
248.000000 1183.465820 776.876587 1033.311768 770.507141 2227.029297 881.098694 2113.916992 918.434631
122.000000 1597.523682 986.659607 1598.764160 1136.676880 2615.851807 993.423096 2636.040039 1176.735718
124.000000 1836.666382 1180.050781 1686.670166 1179.294922 2913.582764 1154.598022 2733.362549 1190.148071
130.000000 1823.338257 796.402954 1676.660278 793.676758 2843.208008 669.646667 2673.304443 729.918518
270.000000 2807.023682 135.001465 2950.340088 145.238510 1497.616089 585.810791 1607.271973 610.662659
232.000000 656.531128 1603.325562 664.709656 1459.888428 1964.718018 1716.763550 1958.581543 1593.403931
231.000000 700.518677 1010.026062 693.317139 1153.499878 1945.788208 1199.862061 1952.717163 1323.180664
269.000000 679.665771 1153.135376 687.397278 1009.859558 1943.068604 1316.859009 1937.009033 1203.493164
117.000000 1188.358887 753.363464 1190.912354 609.956909 2141.388916 903.228760 2127.338867 716.616028
131.000000 1686.695068 1190.894897 1830.047852 1192.566406 2734.879395 1205.678223 2910.322510 1164.714966
129.000000 624.068359 1153.371582 631.357971 1013.230591 1910.994385 1330.278442 1902.149292 1150.058105
197.000000 1301.147949 770.041748 1306.242310 629.863464 2318.130859 836.572327 2308.903809 693.403992
144.000000 1833.300903 1359.146851 1693.281250 1357.313599 2940.330078 1389.965210 2766.733887 1407.338745
274.000000 579.983765 485.819214 719.977783 486.733856 1797.592285 798.934875 1899.641479 757.289795
205.000000 1092.394287 1159.887207 1096.086914 1019.984680 2169.153564 1283.398438 2158.651367 1146.770386
