Keypoint Matches and Line Matches for pairs 8, 23 
8 corresponds to the image ./resources/Data/CastleP30/images/0008.png 
23 corresponds to the image ./resources/Data/CastleP30/images/0023.png 

19.000000 2330.032715 502.722656 2320.004150 329.831329
1445.000000 463.366425 402.715912 890.000000 299.000000
7.000000 451.286987 483.435425 878.385925 383.260803
11.000000 2309.382568 570.986267 2312.317627 400.517761
13.000000 2377.967529 1330.146851 2385.709961 1633.054810
14.000000 2324.240723 586.601074 2326.054932 410.192444
17.000000 426.540100 402.129822 856.637390 305.090118
101.000000 2495.430420 956.527954 2763.140137 866.452515
269.000000 2036.979980 806.648193 2408.908447 666.717712
239.000000 2186.455322 1393.345459 2613.404785 1296.662109
220.000000 2198.710449 1606.740723 2288.543213 1480.053223
534.000000 1360.461426 756.662903 1460.000000 623.333313
500.000000 2589.915771 816.674438 2493.547852 646.653931
59.000000 3012.593018 596.343628 2971.522461 439.891663
374.000000 246.759384 743.505676 816.663269 631.145447
370.000000 786.727417 761.623840 1339.992554 637.698120
371.000000 1033.311768 770.507141 1183.310059 636.573303
350.000000 2223.327637 1612.843262 2300.002197 1486.276001
337.000000 389.937042 394.361023 773.333313 296.666656
583.000000 693.317139 1153.499878 1276.666626 1036.666626
238.000000 2660.851807 1603.534180 2959.954102 1483.610107
843.000000 2936.000000 1732.000000 620.000000 1538.000000
775.000000 899.000000 415.000000 1047.000000 293.000000
1280.000000 2874.000000 789.000000 2902.000000 620.000000
590.000000 2555.000000 724.000000 2871.000000 592.000000
886.000000 2628.000000 1561.000000 2922.000000 1437.000000
751.000000 2588.000000 1112.000000 2896.000000 978.000000
937.000000 1788.000000 1413.000000 2164.000000 1315.000000
753.000000 680.000000 713.000000 964.000000 594.000000
1146.000000 2956.000000 438.000000 1410.000000 82.000000
588.000000 330.000000 230.000000 644.000000 108.000000
866.000000 354.000000 385.000000 441.000000 284.000000
1497.000000 2564.000000 1417.000000 2835.000000 1321.000000
1378.000000 2832.000000 1074.000000 3055.000000 927.000000
1337.000000 1486.000000 1064.000000 1792.000000 889.000000
730.000000 2053.000000 764.000000 2430.000000 615.000000
272.000000 739.000000 1363.000000 1340.014893 1262.085693
1256.000000 1733.000000 1529.000000 2167.000000 1432.000000
1487.000000 1089.000000 306.000000 1138.000000 115.000000
1327.000000 455.000000 410.000000 885.000000 316.000000
1212.000000 198.000000 1069.000000 758.000000 962.000000
1389.000000 348.000000 1731.000000 815.000000 1640.000000
853.000000 2495.000000 809.000000 2509.000000 644.000000
1307.000000 2518.000000 1111.000000 2873.000000 1014.000000
629.000000 1780.000000 1582.000000 2781.000000 1488.000000
815.000000 2542.000000 1385.000000 2885.000000 1288.000000
1009.000000 2541.000000 1143.000000 2822.000000 1013.000000
1447.000000 2069.000000 1135.000000 2445.000000 974.000000
1467.000000 2335.000000 511.000000 2327.000000 341.000000
936.000000 2355.000000 511.000000 2351.000000 341.000000
1408.000000 1397.000000 418.000000 1501.000000 283.000000
1076.000000 2631.000000 1595.000000 2925.000000 1473.000000
9.000000 1136.000000 419.000000 1406.704590 291.259186
965.000000 1143.000000 307.000000 1161.000000 115.000000
601.000000 1128.000000 1120.000000 1584.000000 1004.000000
1197.000000 291.000000 381.000000 521.000000 285.000000
37.000000 2825.000000 1384.000000 3038.753906 1276.501099
1302.000000 2197.000000 492.000000 1924.000000 315.000000
124.000000 2067.000000 1361.000000 2440.000244 1251.863159
1453.000000 653.000000 1147.000000 1308.000000 1037.000000
628.000000 2073.000000 764.000000 2532.000000 616.000000
1264.000000 2566.000000 455.000000 2446.000000 251.000000
1266.000000 2559.000000 1594.000000 2903.000000 1473.000000
1428.000000 1223.000000 1810.000000 1845.000000 1796.000000
820.000000 2126.000000 1112.000000 2523.000000 975.000000
1471.000000 2190.000000 1561.000000 2616.000000 1435.000000
1173.000000 1154.000000 1086.000000 1614.000000 968.000000
1353.000000 2075.000000 795.000000 2458.000000 645.000000
1450.000000 1803.000000 1067.000000 2187.000000 972.000000
1267.000000 1587.000000 459.000000 1747.000000 311.000000
1363.000000 1893.000000 356.000000 2146.000000 245.000000
1469.000000 2512.000000 810.000000 2800.000000 647.000000
1049.000000 2072.000000 1166.000000 2879.000000 1050.000000
1167.000000 2548.000000 1464.000000 2471.000000 1367.000000
960.000000 1811.000000 411.000000 1845.000000 240.000000
1242.000000 3044.000000 748.000000 656.000000 632.000000
1368.000000 2088.000000 1563.000000 2559.000000 1435.000000
1127.000000 73.000000 231.000000 64.000000 72.000000
1361.000000 2552.000000 1528.000000 2554.000000 1400.000000
690.000000 228.000000 213.000000 207.000000 73.000000
1321.000000 2140.000000 330.000000 1924.000000 109.000000
1225.000000 1791.000000 693.000000 2174.000000 582.000000
1207.000000 2155.000000 1381.000000 2576.000000 1285.000000
1404.000000 655.000000 679.000000 935.000000 565.000000
791.000000 192.000000 1123.000000 157.000000 1012.000000

10.000000 2330.032715 502.722656 463.366425 402.715912 2320.004150 329.831329 1523.076050 310.736511
4.000000 451.286987 483.435425 385.488220 1312.975464 878.385925 383.260803 819.347351 1696.936890
3.000000 405.731140 1253.789429 465.742859 499.661224 834.877319 1696.732910 890.674988 379.754486
6.000000 2309.382568 570.986267 2362.357422 1320.304688 2312.317627 400.517761 2371.988770 1670.063232
7.000000 2377.967529 1330.146851 2324.240723 586.601074 2385.709961 1633.054810 2326.054932 410.192444
201.000000 936.728699 448.898163 1656.698486 489.434906 1490.000000 336.666656 1643.333374 336.666656
40.000000 351.615997 1193.191895 399.682648 609.699280 785.671936 1066.636230 792.293884 849.968262
9.000000 426.540100 402.129822 6.636343 377.176941 856.637390 305.090118 16.648674 291.078705
8.000000 3.282911 447.313629 333.356323 473.038513 3.301385 368.999573 870.033752 380.868958
12.000000 473.393555 398.898621 756.609070 414.386383 1400.028931 311.141724 893.318604 304.449005
134.000000 2023.201294 573.144409 2036.979980 806.648193 2088.990234 483.262238 2095.625977 663.487427
112.000000 2186.455322 1393.345459 2198.710449 1606.740723 2281.711670 1293.270752 2288.543213 1480.053223
272.000000 1358.731689 543.316589 1360.461426 756.662903 1460.000000 510.000000 1460.000000 623.333313
64.000000 1856.657837 1598.579590 2063.337158 1597.295898 2116.676514 1504.026855 2320.007080 1504.790894
286.000000 1426.686646 496.203857 1619.948608 504.527435 1710.000000 363.333344 1820.000000 363.333344
255.000000 2573.348877 636.665222 2589.915771 816.674438 2486.623535 530.002563 2493.547852 646.653931
270.000000 1599.900269 525.388672 1420.000244 516.662292 1860.000000 386.666656 1746.666626 386.666656
225.000000 1116.700195 499.497589 943.471069 487.936615 1066.666626 373.333344 930.000000 373.333344
30.000000 3012.593018 596.343628 3033.806641 766.607727 2971.522461 439.891663 2989.088867 686.731506
192.000000 246.759384 743.505676 80.040611 738.615540 816.663269 631.145447 659.988037 630.679382
176.000000 766.684937 1162.014771 600.004028 1159.708862 1056.620972 1053.077515 893.323608 1050.653076
61.000000 83.196541 751.088074 243.558685 756.049316 363.324524 644.221619 566.662476 643.911621
190.000000 786.727417 761.623840 629.903442 756.048645 1339.992554 637.698120 1183.310059 636.573303
200.000000 1183.465820 776.876587 1033.311768 770.507141 1623.267578 643.458130 1469.926270 640.541687
180.000000 2223.327637 1612.843262 2073.348633 1614.618652 2300.002197 1486.276001 2139.988281 1485.352051
185.000000 2690.000977 1611.988892 2543.331787 1611.874023 2979.995605 1490.771118 2820.020264 1489.846802
173.000000 246.529236 385.577118 389.937042 394.361023 610.000000 296.666656 773.333313 296.666656
277.000000 2649.507812 1463.373169 2660.851807 1603.534180 2873.540527 1373.316650 2882.426270 1483.406494
281.000000 624.068359 1153.371582 631.357971 1013.230591 904.852173 1043.375244 907.888794 933.275085
205.000000 2180.039307 808.850769 2039.975098 804.059753 2266.678955 652.081726 2116.627686 650.597473
