Keypoint Matches and Line Matches for pairs 8, 25 
8 corresponds to the image ./resources/Data/CastleP30/images/0008.png 
25 corresponds to the image ./resources/Data/CastleP30/images/0025.png 

17.000000 2330.032715 502.722656 654.313171 604.284546
4.000000 2309.382568 570.986267 614.673035 673.693298
5.000000 2362.357422 1320.304688 531.473389 1753.703613
7.000000 2324.240723 586.601074 627.553894 680.067444
19.000000 2974.616211 536.510132 1099.682495 785.126953
247.000000 2227.485840 666.206177 666.036255 751.245728
128.000000 2326.232910 1230.028809 505.497894 1243.785278
561.000000 2710.008545 510.040649 954.973389 706.470703
303.000000 2366.677490 510.909607 720.074219 636.483826
56.000000 2836.675049 1701.274292 793.309753 1749.579834
945.000000 2992.769775 1206.734131 1006.000000 1364.000000
829.000000 2363.398438 713.328613 664.000000 819.000000
1312.000000 2925.547607 646.800049 1121.000000 864.000000
149.000000 2495.430420 956.527954 652.039001 1080.151367
368.000000 2511.747314 1203.217773 640.607361 1265.979736
436.000000 2698.637939 234.694031 978.597778 477.778931
150.000000 2400.466309 1233.301025 638.427612 1263.464111
139.000000 1674.145874 796.648743 47.266315 730.077515
378.000000 2611.891113 268.707458 850.256042 474.235352
78.000000 2829.170898 176.823441 1082.334961 458.839966
188.000000 2036.979980 806.648193 380.844177 827.787964
571.000000 2646.043701 1183.392090 756.116333 1270.081909
106.000000 2052.626465 1183.357422 343.516968 1220.017334
398.000000 2482.084473 823.440552 650.439392 908.491150
546.000000 2162.985840 800.022095 506.381958 846.645813
249.000000 2150.054932 596.663147 548.888000 709.714783
1341.000000 2901.468018 483.379944 1082.000000 718.000000
813.000000 1738.593628 786.752930 95.000000 722.000000
409.000000 1735.193970 599.966125 163.908707 617.314880
441.000000 1799.086670 790.022461 133.993851 736.356018
285.000000 2589.915771 816.674438 776.200745 943.314697
516.000000 2155.225830 796.752075 447.471436 826.737793
438.000000 2469.940674 376.921722 652.018433 478.134827
277.000000 2833.844238 145.446075 1113.594727 444.962616
278.000000 2669.869873 196.239471 966.349182 422.353912
293.000000 3012.593018 596.343628 1248.899780 816.684448
294.000000 3033.806641 766.607727 1248.572754 963.180847
424.000000 2833.554688 1327.029663 936.088196 1429.972046
763.000000 2106.591309 474.984497 294.000000 439.000000
344.000000 2988.913086 1756.786621 1032.801758 1789.981201
345.000000 2970.863525 1593.238037 1037.509155 1656.578735
22.000000 2273.310303 567.298584 619.618042 664.320679
359.000000 2866.278076 1596.705078 935.570923 1656.642578
360.000000 2881.769043 1753.487915 932.714661 1786.726318
548.000000 2652.531494 1183.410156 693.216248 1253.541382
232.000000 1836.666382 1180.050781 176.874176 1178.678589
233.000000 1686.670166 1179.294922 19.890995 1154.027466
365.000000 2203.322754 1183.745483 489.817963 1227.834717
237.000000 1823.338257 796.402954 222.823318 768.320068
238.000000 1676.660278 793.676758 72.711777 722.014954
527.000000 2690.000977 1611.988892 723.338318 1684.459595
528.000000 2543.331787 1611.874023 616.673767 1684.932983
642.000000 2807.023682 135.001465 1081.000000 421.000000
265.000000 1686.695068 1190.894897 23.264685 1163.791138
266.000000 1830.047852 1192.566406 173.388000 1186.302124
942.000000 2693.328613 1592.803833 810.000000 1623.000000
69.000000 2820.086670 1442.417114 882.125305 1513.269653
430.000000 2180.039307 808.850769 519.996765 856.677429
1129.000000 2039.975098 804.059753 396.000000 822.000000
940.000000 2363.339355 1407.961548 552.000000 1432.000000
653.000000 2936.000000 1732.000000 983.000000 1766.000000
791.000000 2927.000000 1420.000000 1014.000000 1511.000000
610.000000 2788.000000 666.000000 998.000000 833.000000
590.000000 2817.000000 440.000000 1046.000000 682.000000
592.000000 2827.000000 1031.000000 984.000000 1146.000000
853.000000 2786.000000 647.000000 999.000000 816.000000
1081.000000 2591.000000 1144.000000 740.000000 1226.000000
730.000000 2900.000000 1181.000000 1021.000000 1314.000000
1250.000000 2520.000000 404.000000 864.000000 573.000000
711.000000 2883.000000 1031.000000 1027.000000 1176.000000
750.000000 2072.000000 734.000000 423.000000 765.000000
943.000000 2837.000000 469.000000 1059.000000 702.000000
613.000000 2821.000000 812.000000 1006.000000 966.000000
619.000000 2835.000000 451.000000 1059.000000 686.000000
612.000000 2804.000000 659.000000 1011.000000 837.000000
688.000000 2863.000000 1016.000000 1014.000000 1155.000000
705.000000 2768.000000 483.000000 1004.000000 686.000000
875.000000 2145.000000 1141.000000 448.000000 1175.000000
598.000000 2829.000000 1053.000000 983.000000 1164.000000
1150.000000 2628.000000 1561.000000 634.000000 1627.000000
785.000000 2542.000000 1162.000000 668.000000 1245.000000
803.000000 2878.000000 828.000000 1048.000000 978.000000
622.000000 2804.000000 819.000000 992.000000 963.000000
777.000000 2570.000000 1495.000000 641.000000 1536.000000
699.000000 2508.000000 751.000000 728.000000 863.000000
625.000000 2806.000000 839.000000 992.000000 980.000000
1210.000000 2147.000000 1171.000000 445.000000 1209.000000
127.000000 1818.000000 837.000000 238.179382 788.262146
783.000000 2862.000000 835.000000 1034.000000 1008.000000
744.000000 2918.000000 1175.000000 1035.000000 1317.000000
998.000000 2841.000000 1003.000000 998.000000 1132.000000
751.000000 2867.000000 1240.000000 990.000000 1342.000000
593.000000 2903.000000 1203.000000 1020.000000 1332.000000
737.000000 2887.000000 1232.000000 1006.000000 1329.000000
1087.000000 2930.000000 1443.000000 1013.000000 1528.000000
624.000000 2842.000000 822.000000 1021.000000 988.000000
589.000000 2923.000000 1720.000000 976.000000 1777.000000
793.000000 2845.000000 680.000000 1038.000000 878.000000
709.000000 2766.000000 464.000000 1005.000000 670.000000
586.000000 2850.000000 1246.000000 976.000000 1339.000000
792.000000 2845.000000 1201.000000 978.000000 1303.000000
1405.000000 2784.000000 475.000000 1017.000000 689.000000
781.000000 2838.000000 624.000000 1040.000000 829.000000
656.000000 2862.000000 1196.000000 992.000000 1306.000000
1501.000000 2956.000000 438.000000 1084.000000 700.000000
834.000000 2576.000000 725.000000 746.000000 868.000000
1366.000000 2894.000000 822.000000 1075.000000 975.000000
660.000000 2444.000000 461.000000 662.000000 574.000000
964.000000 2823.000000 832.000000 1006.000000 983.000000
1208.000000 2891.000000 1456.000000 982.000000 1519.000000
611.000000 2808.000000 858.000000 991.000000 997.000000
955.000000 2844.000000 842.000000 1020.000000 1005.000000
588.000000 2489.000000 751.000000 662.000000 842.000000
1101.000000 2792.000000 703.000000 997.000000 866.000000
470.000000 2716.000000 429.000000 971.821838 610.077271
1485.000000 1714.000000 721.000000 103.000000 664.000000
859.000000 2880.000000 848.000000 1047.000000 1012.000000
757.000000 2821.000000 477.000000 1045.000000 714.000000
912.000000 2832.000000 1074.000000 983.000000 1180.000000
718.000000 2865.000000 1218.000000 991.000000 1324.000000
775.000000 2807.000000 1016.000000 971.000000 1125.000000
823.000000 2560.000000 427.000000 710.000000 503.000000
767.000000 2769.000000 654.000000 985.000000 813.000000
1495.000000 1768.000000 693.000000 178.000000 688.000000
973.000000 2771.000000 673.000000 985.000000 830.000000
920.000000 2898.000000 1003.000000 1042.000000 1144.000000
801.000000 2781.000000 457.000000 1018.000000 673.000000
1243.000000 2550.000000 1495.000000 623.000000 1535.000000
657.000000 2790.000000 685.000000 997.000000 850.000000
591.000000 2846.000000 1047.000000 997.000000 1167.000000
607.000000 2770.000000 500.000000 1003.000000 702.000000
871.000000 2785.000000 494.000000 1017.000000 706.000000
776.000000 2811.000000 1059.000000 970.000000 1160.000000
983.000000 2923.000000 1220.000000 1034.000000 1335.000000
465.000000 2766.000000 894.000000 952.950195 1023.311096
861.000000 2857.000000 635.000000 1053.000000 832.000000
630.000000 2844.000000 1025.000000 998.000000 1150.000000
1174.000000 2843.000000 1410.000000 956.000000 1478.000000
911.000000 1723.000000 1065.000000 56.000000 1069.000000
600.000000 2881.000000 1009.000000 1028.000000 1141.000000
370.000000 2756.000000 603.000000 966.830078 728.126587
732.000000 2126.000000 766.000000 480.000000 810.000000
614.000000 2882.000000 1187.000000 1007.000000 1311.000000
768.000000 2843.000000 661.000000 1039.000000 862.000000
950.000000 1715.000000 752.000000 99.000000 694.000000
697.000000 2676.000000 149.000000 967.000000 390.000000
606.000000 2905.000000 1226.000000 1020.000000 1350.000000
1066.000000 2949.000000 1744.000000 991.000000 1776.000000
872.000000 2555.000000 1562.000000 675.000000 1609.000000
756.000000 2601.000000 279.000000 846.000000 477.000000
849.000000 2806.000000 678.000000 1011.000000 854.000000
248.000000 2477.000000 841.000000 645.395325 906.497620
636.000000 2510.000000 781.000000 676.000000 871.000000
671.000000 2821.000000 631.000000 1027.000000 825.000000
742.000000 2859.000000 1175.000000 992.000000 1289.000000
644.000000 2859.000000 655.000000 1053.000000 849.000000
1044.000000 2932.000000 1476.000000 985.000000 1547.000000
1214.000000 2900.000000 1025.000000 1042.000000 1162.000000
956.000000 2495.000000 809.000000 674.000000 895.000000
969.000000 2823.000000 650.000000 1026.000000 842.000000
988.000000 2518.000000 1111.000000 655.000000 1181.000000
741.000000 2870.000000 1439.000000 969.000000 1499.000000
638.000000 2541.000000 1143.000000 670.000000 1214.000000
1060.000000 2772.000000 519.000000 1003.000000 718.000000
716.000000 2069.000000 1135.000000 364.000000 1162.000000
713.000000 2464.000000 338.000000 655.000000 431.000000
949.000000 2947.000000 1437.000000 1027.000000 1513.000000
1080.000000 2753.000000 508.000000 990.000000 698.000000
1083.000000 2810.000000 877.000000 990.000000 1012.000000
639.000000 2355.000000 511.000000 673.000000 625.000000
1072.000000 2908.000000 1248.000000 1019.000000 1368.000000
1073.000000 2868.000000 1416.000000 968.000000 1517.000000
1215.000000 2848.000000 1223.000000 976.000000 1320.000000
719.000000 2819.000000 458.000000 1045.000000 698.000000
595.000000 2773.000000 692.000000 984.000000 846.000000
694.000000 2824.000000 494.000000 1044.000000 730.000000
134.000000 1807.000000 571.000000 257.092468 605.473328
631.000000 2751.000000 490.000000 991.000000 682.000000
239.000000 2176.000000 848.000000 531.777649 874.084961
667.000000 2506.000000 721.000000 678.000000 847.000000
798.000000 2750.000000 472.000000 992.000000 666.000000
1295.000000 1769.000000 754.000000 174.000000 716.000000
740.000000 2840.000000 802.000000 1021.000000 971.000000
672.000000 2048.000000 411.000000 183.000000 389.000000
938.000000 2829.000000 1229.000000 963.000000 1317.000000
1130.000000 2787.000000 512.000000 1016.000000 722.000000
432.000000 2749.000000 739.000000 959.671021 877.772156
1052.000000 2791.000000 865.000000 978.000000 993.000000
1254.000000 2924.000000 1397.000000 1014.000000 1493.000000
987.000000 2787.000000 826.000000 979.000000 960.000000
1135.000000 2827.000000 1207.000000 963.000000 1300.000000
761.000000 1781.000000 1164.000000 127.000000 1158.000000
867.000000 2825.000000 852.000000 1005.000000 1000.000000
715.000000 2804.000000 485.000000 1032.000000 711.000000
770.000000 2073.000000 764.000000 420.000000 791.000000
739.000000 2566.000000 455.000000 535.000000 426.000000
758.000000 2825.000000 1009.000000 985.000000 1129.000000
1411.000000 2560.000000 1163.000000 690.000000 1217.000000
858.000000 2067.000000 1103.000000 367.000000 1127.000000
585.000000 2840.000000 642.000000 1039.000000 845.000000
1415.000000 1725.000000 1131.000000 52.000000 1107.000000
662.000000 2800.000000 448.000000 1033.000000 678.000000
1351.000000 1781.000000 1133.000000 131.000000 1120.000000
1006.000000 2559.000000 1594.000000 619.000000 1667.000000
895.000000 2864.000000 854.000000 1033.000000 1024.000000
292.000000 2628.000000 301.000000 869.092407 506.744446
654.000000 2802.000000 640.000000 1012.000000 820.000000
762.000000 2857.000000 795.000000 1035.000000 974.000000
1443.000000 2573.000000 1162.000000 708.000000 1251.000000
1497.000000 2783.000000 413.000000 1029.000000 643.000000
1120.000000 2791.000000 156.000000 1069.000000 436.000000
1040.000000 2126.000000 1112.000000 432.000000 1139.000000
1159.000000 2852.000000 1268.000000 975.000000 1356.000000
814.000000 2538.000000 1111.000000 723.000000 1193.000000
449.000000 2993.000000 415.000000 1179.086060 653.308411
1203.000000 2358.000000 480.000000 681.000000 597.000000
787.000000 2124.000000 736.000000 482.000000 784.000000
966.000000 2075.000000 795.000000 418.000000 818.000000
1235.000000 1893.000000 356.000000 96.000000 225.000000
1400.000000 2911.000000 1448.000000 955.000000 1514.000000
652.000000 2843.000000 1179.000000 978.000000 1285.000000
1265.000000 2593.000000 1175.000000 719.000000 1253.000000
399.000000 2615.000000 863.000000 770.901184 943.572083
965.000000 2726.000000 176.000000 1015.000000 428.000000
664.000000 2825.000000 669.000000 1026.000000 858.000000
645.000000 2898.000000 1159.000000 1021.000000 1296.000000
1058.000000 2781.000000 431.000000 1061.000000 668.000000
1356.000000 2813.000000 1256.000000 911.000000 1372.000000
880.000000 2576.000000 1562.000000 635.000000 1607.000000
752.000000 2143.000000 1109.000000 451.000000 1142.000000
816.000000 2147.000000 736.000000 446.000000 772.000000
901.000000 2089.000000 1103.000000 388.000000 1131.000000
687.000000 2725.000000 439.000000 982.000000 627.000000
320.000000 2053.000000 358.000000 280.977051 302.152313
985.000000 2498.000000 427.000000 665.000000 544.000000
1056.000000 1925.000000 471.000000 183.000000 409.000000
821.000000 2090.000000 1135.000000 384.000000 1165.000000
1206.000000 2733.000000 157.000000 1013.000000 412.000000
992.000000 2885.000000 1411.000000 983.000000 1503.000000
736.000000 2512.000000 810.000000 724.000000 910.000000
605.000000 2860.000000 994.000000 1014.000000 1138.000000
755.000000 2759.000000 166.000000 1041.000000 432.000000
1090.000000 2072.000000 1166.000000 365.000000 1197.000000
910.000000 2548.000000 1464.000000 677.000000 1580.000000
1198.000000 2809.000000 1038.000000 970.000000 1143.000000
773.000000 2122.000000 1049.000000 372.000000 1028.000000
679.000000 2876.000000 809.000000 1048.000000 995.000000
1149.000000 2699.000000 150.000000 1015.000000 387.000000
857.000000 2802.000000 466.000000 1032.000000 694.000000
1511.000000 2273.000000 435.000000 584.000000 524.000000
540.000000 3044.000000 748.000000 1260.437012 949.336975
1457.000000 2661.000000 161.000000 946.000000 394.000000
1273.000000 3012.000000 1589.000000 1055.000000 1655.000000
635.000000 2054.000000 793.000000 463.000000 831.000000
865.000000 2479.000000 1759.000000 463.000000 1813.000000
33.000000 2588.000000 606.000000 917.041931 779.031006
842.000000 2788.000000 845.000000 978.000000 976.000000
675.000000 2822.000000 988.000000 985.000000 1111.000000
1296.000000 2865.000000 1037.000000 1013.000000 1172.000000
1477.000000 2717.000000 590.000000 935.000000 747.000000
105.000000 2062.000000 996.000000 362.987030 1013.615112
995.000000 2949.000000 1460.000000 1029.000000 1559.000000
835.000000 2765.000000 148.000000 1040.000000 416.000000
933.000000 2051.000000 733.000000 402.000000 758.000000
379.000000 2680.000000 211.000000 973.149048 439.350830
1338.000000 2029.000000 410.000000 298.000000 389.000000
475.000000 2841.000000 384.000000 1086.057129 645.147827
1300.000000 2764.000000 446.000000 1047.000000 665.000000
1147.000000 2810.000000 911.000000 1070.000000 1055.000000
286.000000 2434.000000 631.000000 782.068176 796.482910
850.000000 1691.000000 689.000000 78.000000 657.000000
738.000000 2795.000000 141.000000 1068.000000 420.000000

4.000000 2333.536377 347.179321 270.337952 198.639145 861.340332 557.114197 0.042720 157.084976
9.000000 2330.032715 502.722656 463.366425 402.715912 654.313171 604.284546 3.386869 336.536499
2.000000 2309.382568 570.986267 2362.357422 1320.304688 614.673035 673.693298 531.473389 1753.703613
3.000000 2377.967529 1330.146851 2324.240723 586.601074 546.433105 1746.902344 627.553894 680.067444
157.000000 2710.008545 510.040649 2366.677490 510.909607 853.127808 690.506165 720.074219 636.483826
29.000000 2836.675049 1701.274292 2523.311279 1703.349976 793.309753 1749.579834 559.963989 1762.692871
78.000000 2958.449707 919.786743 2992.769775 1206.734131 1088.438477 1133.524414 1081.580688 1316.725830
129.000000 2363.398438 713.328613 2383.746094 993.303345 666.036255 751.245728 645.395325 906.497620
44.000000 2525.255859 1359.825439 2547.662354 1606.576294 627.176086 1481.059570 604.345337 1697.790649
77.000000 2495.430420 956.527954 2511.747314 1203.217773 652.039001 1080.151367 638.427612 1263.464111
226.000000 2698.637939 234.694031 2942.231445 206.981293 978.597778 477.778931 1100.148438 492.050446
114.000000 1832.124268 1173.359131 1827.001221 933.397339 103.156425 999.979553 84.663292 1159.768188
71.000000 1668.920410 559.950256 1674.145874 796.648743 71.443100 543.088928 47.266315 730.077515
40.000000 2611.891113 268.707458 2829.170898 176.823441 862.602417 478.496307 1082.334961 458.839966
97.000000 2023.201294 573.144409 2036.979980 806.648193 397.254150 656.725098 380.844177 827.787964
54.000000 2045.112427 963.386414 2052.626465 1183.357422 362.987030 1013.615112 343.516968 1220.017334
163.000000 2182.184570 1169.858398 2168.576904 959.876221 425.425140 1069.887695 412.733734 1210.247192
254.000000 3069.025635 388.283264 2901.468018 483.379944 1186.310913 652.659729 1086.244507 705.511719
233.000000 2905.796143 515.458557 2718.966309 551.274719 1080.151611 789.500549 966.190979 754.900024
212.000000 1738.593628 786.752930 1735.193970 599.966125 143.556137 740.036926 163.908707 617.314880
228.000000 1794.494629 603.304749 1799.086670 790.022461 147.933029 616.426453 133.993851 736.356018
148.000000 2573.348877 636.665222 2589.915771 816.674438 776.200745 943.314697 782.068176 796.482910
282.000000 2144.546387 616.594727 2155.225830 796.752075 513.955505 743.134949 506.381958 846.645813
193.000000 2732.810059 553.727722 2909.225830 522.318970 966.830078 728.126587 1090.029297 763.225952
144.000000 2833.844238 145.446075 2669.869873 196.239471 1113.594727 444.962616 966.349182 422.353912
152.000000 3012.593018 596.343628 3033.806641 766.607727 1248.899780 816.684448 1248.572754 963.180847
101.000000 1680.074463 1006.619751 1682.370361 1173.346558 23.003567 939.539612 2.018433 1106.501343
179.000000 2988.913086 1756.786621 2970.863525 1593.238037 1032.801758 1789.981201 1037.509155 1656.578735
46.000000 1834.258911 1013.306641 1838.869995 1173.365845 198.605179 1196.861084 220.049500 983.004028
272.000000 2909.991699 1512.391724 3070.008545 1510.968750 1043.380859 1639.732788 936.696350 1639.001343
187.000000 2866.278076 1596.705078 2881.769043 1753.487915 935.570923 1656.642578 932.714661 1786.726318
170.000000 2194.741943 1019.919250 2203.730225 1176.643921 486.077148 1083.285645 475.013916 1220.135864
208.000000 2989.859131 158.292252 2833.844238 145.446075 1224.938354 506.334290 1116.388428 443.816528
11.000000 1953.108398 553.972168 2103.193359 562.470520 2.467287 425.572021 619.618042 664.320679
120.000000 1836.666382 1180.050781 1686.670166 1179.294922 176.874176 1178.678589 19.890995 1154.027466
190.000000 2203.322754 1183.745483 2056.667480 1179.968628 489.817963 1227.834717 363.111633 1208.089355
123.000000 1823.338257 796.402954 1676.660278 793.676758 222.823318 768.320068 72.711777 722.014954
273.000000 2690.000977 1611.988892 2543.331787 1611.874023 723.338318 1684.459595 616.673767 1684.932983
294.000000 2807.023682 135.001465 2950.340088 145.238510 973.773987 409.873535 1073.848877 422.618927
138.000000 1686.695068 1190.894897 1830.047852 1192.566406 23.264685 1163.791138 173.388000 1186.302124
223.000000 2180.039307 808.850769 2039.975098 804.059753 519.996765 856.677429 402.907623 821.413574
