Keypoint Matches and Line Matches for pairs 8, 29 
8 corresponds to the image ./resources/Data/CastleP30/images/0008.png 
29 corresponds to the image ./resources/Data/CastleP30/images/0029.png 

4.000000 2330.032715 502.722656 1303.524414 631.361755
19.000000 2309.382568 570.986267 1256.558594 686.509399
26.000000 2324.240723 586.601074 1266.788818 703.297913
51.000000 3060.927490 1244.033447 1580.966675 1300.060547
52.000000 2974.616211 536.510132 1575.621094 796.677795
1251.000000 1086.516113 1723.820435 510.000000 1700.000000
81.000000 1609.913574 494.848969 939.525513 434.060913
35.000000 856.916504 1203.344604 308.905731 1046.578003
21.000000 842.853882 633.310730 329.689240 296.363831
22.000000 815.659668 1210.109619 267.057251 1050.032471
85.000000 1866.185059 656.464355 1048.610352 663.299194
29.000000 958.098083 1209.928711 403.424347 1073.340210
30.000000 979.598389 636.651611 457.498047 363.396667
57.000000 2227.485840 666.206177 1218.955444 746.701233
58.000000 2262.170898 1230.071533 1211.554077 1236.690186
49.000000 2013.469482 1236.800293 1098.458008 1219.964355
50.000000 1990.339722 683.319153 1110.188477 713.260498
79.000000 2326.232910 1230.028809 1238.225830 1236.647339
80.000000 2290.437256 689.971008 1243.186890 779.998413
75.000000 2462.959961 1230.027832 1291.614502 1246.644653
473.000000 556.544739 669.519043 13.956753 206.434860
40.000000 1225.440918 1146.644409 628.573608 1050.116821
87.000000 990.011658 1769.815918 413.618164 1766.211426
72.000000 1396.654297 493.551178 806.530518 363.547882
127.000000 1660.068237 1228.917603 1077.385742 1195.766113
585.000000 1230.170898 1222.275757 656.683044 1141.169312
56.000000 1090.041992 1709.147461 493.077332 1687.020264
32.000000 948.349365 629.936340 429.514191 343.295441
47.000000 949.085510 796.510315 419.559174 556.388550
48.000000 934.109924 1203.361938 381.942841 1066.809814
143.000000 1899.614258 813.347107 1060.743286 816.685974
349.000000 1256.668335 1249.810913 676.679260 1174.124634
287.000000 2213.364990 536.065918 1226.852783 629.703125
45.000000 2136.698486 1699.205688 1113.486450 1637.418823
434.000000 2710.008545 510.040649 1442.856323 722.682068
166.000000 1627.514526 666.632996 920.299255 610.008362
1418.000000 2846.663818 1689.424438 1457.000000 1625.000000
150.000000 852.850708 1143.311768 308.547272 969.886780
461.000000 1892.426514 820.030884 1054.241943 826.693909
95.000000 743.869080 1619.832764 169.880875 1586.359253
96.000000 760.608093 1339.837036 203.128464 1213.018188
586.000000 590.194214 1340.188232 10.724294 1196.940674
151.000000 729.999695 1646.633545 150.067474 1624.789551
152.000000 1010.007080 1644.124512 426.603790 1611.976318
109.000000 1012.461731 1343.383301 443.002563 1243.323242
858.000000 1593.338135 1268.622192 795.000000 1194.000000
234.000000 2782.783691 1230.059570 1440.429565 1269.995972
235.000000 2753.477539 959.623169 1438.518188 1066.586670
206.000000 1844.479248 1613.384521 987.425903 1559.936279
93.000000 612.979553 893.489746 69.217949 553.864868
105.000000 767.186340 1156.454224 220.752014 963.075745
106.000000 786.552185 899.991333 254.348190 626.435303
70.000000 1106.670654 509.945709 562.869873 255.368317
242.000000 2495.430420 956.527954 1315.895386 1030.023560
243.000000 2511.747314 1203.217773 1314.059814 1230.037231
267.000000 2942.231445 206.981293 1539.952515 518.272766
115.000000 789.426208 756.625183 268.421356 433.153656
116.000000 807.020874 513.358948 303.679321 123.372711
1168.000000 2053.325195 1321.838867 1131.000000 1294.000000
101.000000 640.415527 510.020264 125.109177 26.836752
728.000000 628.714966 750.099854 112.000000 365.000000
173.000000 823.568176 1196.677734 276.633118 1039.997437
129.000000 1036.251709 523.384888 515.305115 246.794418
130.000000 1032.013916 763.368896 496.294617 540.191895
185.000000 1006.672852 1319.109253 440.355499 1214.151733
186.000000 766.661316 1317.439941 213.047684 1182.020874
339.000000 1827.001221 933.397339 1017.574951 923.251892
154.000000 2400.466309 1233.301025 1269.475098 1243.357178
1528.000000 2829.933838 1311.482056 1473.000000 1327.000000
175.000000 1668.920410 559.950256 949.209290 520.087097
176.000000 1674.145874 796.648743 940.875427 763.363342
189.000000 769.991882 1310.506348 216.536865 1174.219238
190.000000 1006.651123 1314.302734 443.221161 1207.432251
177.000000 763.330505 1481.364868 196.743958 1401.648560
178.000000 1000.001465 1481.022461 426.718750 1412.197632
179.000000 759.998840 1522.348877 193.326294 1456.949463
180.000000 996.669067 1522.074341 423.349792 1462.671875
228.000000 2023.201294 573.144409 1133.791382 623.453613
229.000000 2036.979980 806.648193 1127.133667 833.348145
232.000000 2196.224365 1173.355103 1178.322388 1183.376099
191.000000 766.665344 1440.765259 203.285797 1347.340576
192.000000 1000.003723 1441.164551 430.233978 1363.349854
110.000000 1025.711914 1616.638306 432.844269 1576.956299
949.000000 1032.535156 1386.642944 453.000000 1287.000000
678.000000 1508.288330 783.312134 847.000000 709.000000
231.000000 1511.134399 553.306152 854.590210 466.570068
155.000000 1154.793823 1386.705688 544.703430 1306.554565
156.000000 1148.659912 1616.630859 529.289307 1576.626099
298.000000 2646.043701 1183.392090 1356.978027 1219.996826
204.000000 1000.011902 1305.203613 437.158661 1196.340820
205.000000 773.330078 1304.642090 217.103149 1166.753662
364.000000 2383.338379 1693.556763 1240.229858 1629.387451
218.000000 773.332458 1400.222778 213.299744 1293.696289
219.000000 996.675293 1401.073608 426.656403 1313.444214
195.000000 2052.626465 1183.357422 1118.939819 1180.122559
220.000000 1817.842651 1393.306519 983.450500 1350.003784
221.000000 1822.870850 1613.343872 976.461792 1563.435791
240.000000 1819.357300 790.014587 1012.527344 776.654907
256.000000 2186.455322 1393.345459 1163.910400 1370.011719
257.000000 2198.710449 1606.740723 1160.069946 1560.001465
181.000000 756.651428 1604.924316 186.597427 1566.968018
182.000000 966.664551 1603.088135 416.629730 1561.715332
270.000000 2162.985840 800.022095 1184.494141 853.347900
271.000000 2150.054932 596.663147 1186.791382 669.959778
157.000000 780.717712 556.706909 258.580627 156.528412
158.000000 769.494507 756.825256 232.600204 423.261932
1404.000000 2179.994141 1636.261108 1155.000000 1582.000000
1220.000000 2380.000244 1633.352539 1274.000000 1573.000000
139.000000 589.497803 1179.965698 21.933460 960.199768
140.000000 602.937317 983.306274 51.183136 677.133362
225.000000 1016.873596 993.341003 469.922821 813.327271
437.000000 1619.948608 504.527435 946.755005 453.191589
254.000000 1488.815430 590.001953 831.727234 486.600311
202.000000 1489.134277 783.334778 834.447021 696.593994
539.000000 1738.593628 786.752930 965.940491 753.308472
272.000000 1794.494629 603.304749 1007.255432 586.685547
273.000000 1799.086670 790.022461 1001.375366 769.937195
497.000000 867.942566 813.393494 342.373535 546.585938
302.000000 750.020386 1625.103516 176.664169 1596.513672
1219.000000 1023.336548 976.878052 463.000000 795.000000
224.000000 1017.532166 1160.027466 453.460846 1023.343323
414.000000 2573.348877 636.665222 1349.887817 783.332214
415.000000 2589.915771 816.674438 1348.448486 926.651062
329.000000 2144.546387 616.594727 1178.925171 683.315674
1327.000000 2155.225830 796.752075 1171.000000 845.000000
207.000000 1823.749146 1376.560181 992.872131 1339.906128
1292.000000 2732.810059 553.727722 1457.000000 755.000000
1106.000000 2909.225830 522.318970 1544.000000 763.000000
375.000000 659.005371 529.923584 144.968018 62.851990
1431.000000 2179.828125 1312.822632 1167.000000 1299.000000
444.000000 1181.295410 1173.354370 596.639160 1060.116089
102.000000 620.014587 753.334290 92.191231 370.529114
720.000000 1626.913330 916.662659 908.000000 865.000000
958.000000 2666.660645 1629.953613 1320.000000 1576.000000
1190.000000 2839.999268 1629.643677 1461.000000 1570.000000
408.000000 1173.320923 1621.493408 563.323975 1582.808472
409.000000 999.995483 1622.668091 419.976746 1585.361816
1360.000000 2669.869873 196.239471 1456.000000 469.000000
543.000000 3012.593018 596.343628 1603.757935 843.327698
544.000000 3033.806641 766.607727 1605.343994 963.350830
33.000000 1246.531250 511.615356 681.460022 326.349854
582.000000 1833.309204 1638.604858 1000.009827 1590.170288
1359.000000 2666.887207 1337.014771 1376.000000 1351.000000
1286.000000 2106.591309 474.984497 1211.000000 559.000000
1134.000000 1680.074463 1006.619751 927.000000 963.000000
248.000000 766.684937 1162.014771 226.578918 977.046936
249.000000 600.004028 1159.708862 36.690765 933.228882
558.000000 2988.913086 1756.786621 1536.167358 1659.999756
559.000000 2970.863525 1593.238037 1536.158081 1543.333374
517.000000 607.044067 1459.828735 20.016272 1363.025513
241.000000 1799.538086 586.560608 1015.439270 576.600281
34.000000 2273.310303 567.298584 1265.274414 688.908569
123.000000 1024.839844 766.719666 491.289093 540.071594
1401.000000 1030.590210 603.354126 498.000000 334.000000
344.000000 576.642517 1638.346191 3.170945 1616.150269
345.000000 740.038330 1635.959229 163.448181 1609.389526
1453.000000 2689.989502 1556.153687 1390.000000 1513.000000
995.000000 2853.323242 1552.838379 1476.000000 1511.000000
1214.000000 600.054688 1172.620483 33.000000 951.000000
261.000000 763.403198 1174.827759 218.860565 991.701782
456.000000 1010.000488 1633.449097 429.865509 1599.232422
457.000000 1173.345337 1632.733887 563.383179 1594.853271
184.000000 996.663452 1562.266357 420.002594 1511.974976
817.000000 1360.001221 919.929199 751.000000 803.000000
1513.000000 1520.127686 922.748901 858.000000 852.000000
1388.000000 1834.258911 1013.306641 1025.000000 994.000000
278.000000 1267.665039 1130.021606 663.081299 1050.161987
327.000000 746.666687 1643.333374 170.088913 1618.711670
328.000000 586.666687 1643.333374 3.302761 1625.963501
537.000000 2866.278076 1596.705078 1471.231812 1543.141968
538.000000 2881.769043 1753.487915 1476.270020 1663.349976
246.000000 786.727417 761.623840 275.348175 449.550385
247.000000 629.903442 756.048645 97.478401 368.224640
445.000000 1019.953186 1165.721313 463.661011 1028.616699
262.000000 630.019592 762.812683 96.405792 377.244080
263.000000 786.715088 768.715027 267.604553 454.590729
490.000000 1023.251099 1177.046265 462.259338 1041.347778
491.000000 1176.804443 1180.447144 587.417053 1070.062866
31.000000 926.523865 1196.748169 374.143250 1053.136475
208.000000 734.335449 1466.726562 151.867157 1369.865723
209.000000 725.172485 1619.910645 131.999054 1586.849731
290.000000 749.996826 1351.367676 193.350098 1226.513550
291.000000 596.656494 1351.009033 16.251635 1207.124146
438.000000 1033.080444 780.907471 495.161774 559.735535
439.000000 1183.737305 789.893616 618.253906 620.096558
294.000000 2226.402344 1593.349365 1178.559082 1533.250610
392.000000 1183.465820 776.876587 628.557007 609.754944
393.000000 1033.311768 770.507141 496.105469 547.867737
252.000000 1262.635498 979.991333 665.720825 859.948792
480.000000 1597.523682 986.659607 888.093018 926.576782
531.000000 1169.960693 1353.873779 573.048889 1272.256958
532.000000 1019.976135 1352.349854 452.857269 1257.111084
1550.000000 2223.327637 1612.843262 1177.000000 1564.000000
319.000000 623.286987 908.269775 79.560043 581.181091
320.000000 770.023743 912.513184 236.763275 639.740662
583.000000 2076.678955 1633.810791 1109.836670 1583.834595
308.000000 600.000916 1356.548584 19.903360 1214.153442
309.000000 746.684448 1357.667969 189.899445 1234.186523
1172.000000 2226.657227 1520.409546 1192.000000 1479.000000
1149.000000 2690.000977 1611.988892 1361.000000 1560.000000
20.000000 2370.000488 1483.027466 1247.624146 1450.050171
250.000000 700.518677 1010.026062 201.000427 766.467834
1379.000000 687.397278 1009.859558 97.000000 734.000000
306.000000 650.054443 518.999878 137.553528 45.179424
307.000000 793.325928 526.802612 286.330292 133.897446
624.000000 1097.261597 1460.012329 511.000000 1392.000000
336.000000 1188.358887 753.363464 623.657410 576.686523
337.000000 1190.912354 609.956909 633.665649 413.353699
1137.000000 2373.334717 1556.817871 1274.000000 1512.000000
548.000000 1020.005920 1359.258545 453.281433 1263.723999
549.000000 1163.330078 1360.403809 570.100464 1279.243896
1223.000000 2693.328613 1592.803833 1375.000000 1540.000000
578.000000 2649.507812 1463.373169 1347.049927 1443.337646
579.000000 2660.851807 1603.534180 1345.808594 1553.361206
429.000000 631.357971 1013.230591 61.609970 726.807495
404.000000 1301.147949 770.041748 706.661865 633.513306
405.000000 1306.242310 629.863464 714.419373 490.058716
1469.000000 2680.027832 1447.444824 1361.000000 1428.000000
511.000000 1084.570557 1459.949219 481.058624 1389.585571
323.000000 1161.441772 1023.293762 574.877869 879.866943
324.000000 1158.512207 1163.371948 562.477661 1046.603027
1458.000000 2216.655762 1331.029053 1194.000000 1326.000000
1330.000000 2363.339355 1407.961548 1305.000000 1393.000000
891.000000 1092.394287 1159.887207 535.000000 1031.000000
805.000000 2927.000000 1420.000000 1517.000000 1419.000000
1460.000000 2788.000000 666.000000 1479.000000 850.000000
658.000000 2827.000000 1031.000000 1480.000000 1127.000000
1381.000000 1106.000000 1515.000000 496.000000 1458.000000
1282.000000 2879.000000 988.000000 1515.000000 1102.000000
741.000000 2786.000000 647.000000 1479.000000 836.000000
1034.000000 2900.000000 1181.000000 1516.000000 1244.000000
1485.000000 2555.000000 724.000000 1344.000000 852.000000
755.000000 2883.000000 1031.000000 1515.000000 1134.000000
894.000000 2107.000000 1494.000000 1157.000000 1459.000000
1065.000000 1072.000000 973.000000 515.000000 809.000000
1287.000000 2837.000000 469.000000 1523.000000 716.000000
935.000000 2821.000000 812.000000 1491.000000 965.000000
855.000000 1060.000000 1411.000000 464.000000 1330.000000
754.000000 2768.000000 483.000000 1478.000000 709.000000
1408.000000 2145.000000 1141.000000 1157.000000 1146.000000
984.000000 2560.000000 783.000000 1344.000000 900.000000
1472.000000 1403.000000 678.000000 769.000000 559.000000
827.000000 2829.000000 1053.000000 1480.000000 1143.000000
689.000000 642.000000 861.000000 104.000000 524.000000
591.000000 2804.000000 819.000000 1479.000000 967.000000
1004.000000 700.000000 1496.000000 108.000000 1418.000000
1549.000000 1269.000000 944.000000 672.000000 820.000000
839.000000 2136.000000 998.000000 1154.000000 1020.000000
808.000000 1183.000000 543.000000 632.000000 335.000000
609.000000 1790.000000 1494.000000 960.000000 1451.000000
940.000000 2166.000000 1562.000000 1144.000000 1519.000000
595.000000 2806.000000 839.000000 1479.000000 982.000000
937.000000 1069.000000 1084.000000 491.000000 937.000000
1199.000000 1451.000000 1120.000000 775.000000 1044.000000
1558.000000 1818.000000 837.000000 1015.000000 823.000000
666.000000 1006.000000 1288.000000 442.000000 1178.000000
756.000000 2862.000000 835.000000 1514.000000 988.000000
620.000000 719.000000 1078.000000 157.000000 848.000000
1079.000000 2918.000000 1175.000000 1528.000000 1242.000000
832.000000 1016.000000 1353.000000 448.000000 1257.000000
633.000000 1459.000000 712.000000 804.000000 612.000000
702.000000 1390.000000 1058.000000 736.000000 969.000000
1245.000000 2841.000000 1003.000000 1492.000000 1109.000000
784.000000 2867.000000 1240.000000 1493.000000 1285.000000
704.000000 2903.000000 1203.000000 1516.000000 1261.000000
613.000000 1779.000000 1067.000000 975.000000 1037.000000
293.000000 618.000000 903.000000 76.602196 573.511230
790.000000 2930.000000 1443.000000 1518.000000 1435.000000
747.000000 1459.000000 681.000000 806.000000 579.000000
868.000000 1788.000000 1413.000000 963.000000 1373.000000
1173.000000 2766.000000 464.000000 1478.000000 695.000000
606.000000 2850.000000 1246.000000 1481.000000 1288.000000
692.000000 680.000000 713.000000 116.000000 320.000000
676.000000 680.000000 1591.000000 81.000000 1549.000000
703.000000 2845.000000 1201.000000 1481.000000 1255.000000
1510.000000 663.000000 961.000000 102.000000 670.000000
1419.000000 2855.000000 617.000000 1525.000000 827.000000
926.000000 2838.000000 624.000000 1513.000000 829.000000
1195.000000 1032.000000 812.000000 493.000000 601.000000
765.000000 583.000000 1285.000000 9.000000 1111.000000
670.000000 1139.000000 699.000000 573.000000 498.000000
1202.000000 2862.000000 1196.000000 1493.000000 1252.000000
662.000000 679.000000 843.000000 146.000000 513.000000
1037.000000 2860.000000 815.000000 1514.000000 974.000000
774.000000 615.000000 871.000000 72.000000 527.000000
880.000000 2823.000000 832.000000 1491.000000 980.000000
767.000000 1468.000000 1059.000000 788.000000 983.000000
888.000000 1780.000000 1099.000000 974.000000 1069.000000
1041.000000 640.000000 1410.000000 45.000000 1295.000000
1247.000000 2085.000000 1494.000000 1119.000000 1458.000000
779.000000 654.000000 869.000000 116.000000 540.000000
626.000000 2808.000000 858.000000 1479.000000 997.000000
1270.000000 615.000000 780.000000 78.000000 398.000000
1038.000000 1459.000000 609.000000 809.000000 503.000000
1441.000000 726.000000 963.000000 169.000000 692.000000
1353.000000 2158.000000 1415.000000 1158.000000 1390.000000
1313.000000 1403.000000 607.000000 771.000000 481.000000
897.000000 1714.000000 721.000000 954.000000 686.000000
878.000000 2865.000000 1218.000000 1493.000000 1269.000000
1434.000000 632.000000 1533.000000 29.000000 1468.000000
751.000000 1768.000000 723.000000 985.000000 701.000000
999.000000 2769.000000 654.000000 1468.000000 837.000000
820.000000 725.000000 860.000000 195.000000 555.000000
1551.000000 1759.000000 1298.000000 965.000000 1260.000000
596.000000 1768.000000 693.000000 986.000000 671.000000
1036.000000 2771.000000 673.000000 1468.000000 852.000000
757.000000 1140.000000 667.000000 575.000000 461.000000
1409.000000 2053.000000 764.000000 1136.000000 803.000000
654.000000 2790.000000 685.000000 1479.000000 865.000000
660.000000 958.000000 592.000000 440.000000 301.000000
705.000000 2846.000000 1047.000000 1492.000000 1141.000000
996.000000 2770.000000 500.000000 1478.000000 723.000000
1367.000000 2785.000000 494.000000 1489.000000 722.000000
1337.000000 1373.000000 1062.000000 726.000000 969.000000
1120.000000 2811.000000 1059.000000 1470.000000 1146.000000
1133.000000 743.000000 683.000000 205.000000 317.000000
1249.000000 2460.000000 439.000000 1273.000000 595.000000
1314.000000 642.000000 800.000000 108.000000 437.000000
1006.000000 765.000000 880.000000 234.000000 596.000000
1380.000000 2766.000000 894.000000 1457.000000 1020.000000
1440.000000 718.000000 1113.000000 152.000000 895.000000
1080.000000 1032.000000 1208.000000 469.000000 1083.000000
987.000000 2844.000000 1025.000000 1492.000000 1125.000000
1527.000000 1038.000000 1193.000000 474.000000 1066.000000
1128.000000 2843.000000 1410.000000 1471.000000 1417.000000
1124.000000 1723.000000 1065.000000 942.000000 1028.000000
1546.000000 1403.000000 710.000000 767.000000 593.000000
1052.000000 1121.000000 1411.000000 515.000000 1335.000000
881.000000 2881.000000 1009.000000 1515.000000 1118.000000
838.000000 698.000000 1533.000000 103.000000 1469.000000
835.000000 1057.000000 1531.000000 454.000000 1475.000000
1398.000000 2126.000000 766.000000 1161.000000 814.000000
1114.000000 2586.000000 1081.000000 1341.000000 1140.000000
1009.000000 750.000000 545.000000 223.000000 133.000000
862.000000 2882.000000 1187.000000 1504.000000 1247.000000
847.000000 2843.000000 661.000000 1513.000000 858.000000
652.000000 1130.000000 1051.000000 544.000000 911.000000
686.000000 629.000000 781.000000 94.000000 405.000000
739.000000 1119.000000 1495.000000 508.000000 1433.000000
1024.000000 1765.000000 621.000000 988.000000 600.000000
512.000000 1042.000000 535.000000 523.863708 275.768280
1386.000000 2676.000000 149.000000 1436.000000 427.000000
638.000000 2905.000000 1226.000000 1516.000000 1277.000000
1070.000000 1020.000000 794.000000 484.000000 574.000000
885.000000 2806.000000 678.000000 1490.000000 863.000000
861.000000 1083.000000 592.000000 534.000000 350.000000
629.000000 1129.000000 1086.000000 541.000000 951.000000
1341.000000 2017.000000 392.000000 1077.000000 439.000000
770.000000 1070.000000 1050.000000 495.000000 897.000000
1040.000000 747.000000 1205.000000 185.000000 1029.000000
400.000000 739.000000 1363.000000 176.313599 1243.153687
627.000000 756.000000 1197.000000 208.000000 1020.000000
734.000000 2164.000000 1528.000000 1145.000000 1488.000000
798.000000 655.000000 1111.000000 83.000000 877.000000
1012.000000 1733.000000 1529.000000 959.000000 1485.000000
1442.000000 2788.000000 1109.000000 1459.000000 1181.000000
659.000000 1405.000000 995.000000 750.000000 905.000000
1539.000000 2859.000000 1175.000000 1492.000000 1236.000000
1449.000000 770.000000 907.000000 240.000000 635.000000
732.000000 1091.000000 784.000000 545.000000 585.000000
1365.000000 2932.000000 1476.000000 1499.000000 1466.000000
1250.000000 2118.000000 635.000000 1173.000000 701.000000
730.000000 2873.000000 1461.000000 1482.000000 1447.000000
972.000000 1383.000000 1188.000000 714.000000 1112.000000
841.000000 1031.000000 915.000000 484.000000 725.000000
1542.000000 1042.000000 1288.000000 474.000000 1183.000000
1118.000000 1092.000000 1235.000000 517.000000 1124.000000
1242.000000 1487.000000 1190.000000 771.000000 1114.000000
1276.000000 1409.000000 1188.000000 742.000000 1113.000000
668.000000 1453.000000 998.000000 782.000000 916.000000
663.000000 2870.000000 1439.000000 1482.000000 1431.000000
1255.000000 2547.000000 1764.000000 1330.000000 1683.000000
1502.000000 1821.000000 1371.000000 992.000000 1335.000000
1081.000000 2464.000000 338.000000 1293.000000 514.000000
433.000000 1246.000000 1017.000000 644.366516 906.730286
912.000000 2876.000000 967.000000 1514.000000 1086.000000
698.000000 1082.000000 665.000000 528.000000 437.000000
1222.000000 1512.000000 993.000000 834.000000 921.000000
1279.000000 585.000000 1183.000000 17.000000 964.000000
325.000000 1335.000000 984.000000 725.525757 879.719543
590.000000 1459.000000 744.000000 803.000000 646.000000
1076.000000 682.000000 681.000000 140.000000 284.000000
738.000000 2868.000000 1416.000000 1482.000000 1414.000000
800.000000 1117.000000 1603.000000 501.000000 1562.000000
616.000000 2848.000000 1223.000000 1481.000000 1271.000000
1466.000000 1055.000000 1603.000000 448.000000 1562.000000
568.000000 996.000000 987.000000 460.018921 803.331909
1290.000000 2819.000000 458.000000 1511.000000 704.000000
1231.000000 2773.000000 692.000000 1469.000000 866.000000
825.000000 2888.000000 1434.000000 1494.000000 1428.000000
1303.000000 2549.000000 655.000000 1344.000000 797.000000
1054.000000 2176.000000 848.000000 1188.000000 895.000000
611.000000 1128.000000 1120.000000 538.000000 991.000000
946.000000 614.000000 1203.000000 49.000000 999.000000
599.000000 1769.000000 754.000000 984.000000 732.000000
1167.000000 1382.000000 802.000000 770.000000 691.000000
948.000000 2048.000000 411.000000 1094.000000 471.000000
834.000000 1980.000000 581.000000 1109.000000 618.000000
196.000000 2636.000000 943.000000 1390.628052 1040.000366
675.000000 2829.000000 1229.000000 1470.000000 1274.000000
233.000000 2178.000000 947.000000 1183.573486 979.834229
1507.000000 676.000000 1230.000000 118.000000 1050.000000
1044.000000 1138.000000 732.000000 571.000000 536.000000
1234.000000 1680.000000 831.000000 942.000000 790.000000
1501.000000 2749.000000 739.000000 1458.000000 898.000000
1187.000000 1180.000000 817.000000 614.000000 652.000000
1224.000000 1080.000000 730.000000 522.000000 513.000000
723.000000 2924.000000 1397.000000 1517.000000 1402.000000
1557.000000 1713.000000 690.000000 971.000000 664.000000
1209.000000 2825.000000 1384.000000 1465.000000 1389.000000
1285.000000 748.000000 576.000000 219.000000 175.000000
1047.000000 2787.000000 826.000000 1468.000000 969.000000
674.000000 728.000000 877.000000 197.000000 580.000000
1544.000000 1068.000000 1118.000000 489.000000 979.000000
1022.000000 2068.000000 306.000000 1124.000000 380.000000
1122.000000 2825.000000 852.000000 1491.000000 994.000000
806.000000 1417.000000 323.000000 732.000000 162.000000
1299.000000 1594.000000 1283.000000 827.000000 1206.000000
1377.000000 1396.000000 1188.000000 730.000000 1113.000000
1506.000000 1596.000000 991.000000 885.000000 936.000000
725.000000 1026.000000 880.000000 483.000000 681.000000
867.000000 2825.000000 1009.000000 1480.000000 1111.000000
1308.000000 772.000000 890.000000 241.000000 612.000000
1495.000000 2067.000000 1103.000000 1128.000000 1108.000000
1480.000000 1793.000000 1598.000000 945.000000 1551.000000
200.000000 1264.000000 1517.000000 618.763000 1466.604126
971.000000 696.000000 790.000000 167.000000 445.000000
953.000000 1141.000000 594.000000 581.000000 376.000000
947.000000 982.000000 597.000000 463.000000 318.000000
1351.000000 2628.000000 301.000000 1367.000000 525.000000
1301.000000 2209.000000 1016.000000 1196.000000 1046.000000
1063.000000 2857.000000 795.000000 1514.000000 959.000000
763.000000 1791.000000 1564.000000 959.000000 1519.000000
831.000000 1084.000000 562.000000 536.000000 316.000000
915.000000 1167.000000 1315.000000 573.000000 1227.000000
691.000000 1163.000000 816.000000 601.000000 647.000000
299.000000 2620.000000 958.000000 1355.153320 1043.383423
699.000000 2070.000000 703.000000 1162.000000 759.000000
203.000000 1502.000000 559.000000 841.758667 473.281769
1094.000000 2770.000000 730.000000 1471.000000 896.000000
1107.000000 1459.000000 580.000000 810.000000 471.000000
706.000000 1131.000000 974.000000 544.000000 819.000000
932.000000 1689.000000 618.000000 958.000000 584.000000
1210.000000 2190.000000 1561.000000 1156.000000 1518.000000
486.000000 581.000000 976.000000 35.946514 656.507385
682.000000 1118.000000 1567.000000 503.000000 1519.000000
1263.000000 2586.000000 1308.000000 1348.000000 1327.000000
731.000000 792.000000 787.000000 268.000000 482.000000
1277.000000 1730.000000 1379.000000 963.000000 1340.000000
793.000000 2124.000000 736.000000 1161.000000 787.000000
1438.000000 2075.000000 795.000000 1160.000000 840.000000
1526.000000 1803.000000 1067.000000 988.000000 1040.000000
372.000000 1809.000000 947.000000 1005.907715 933.275574
1272.000000 2876.000000 1495.000000 1485.000000 1472.000000
785.000000 782.000000 804.000000 257.000000 501.000000
646.000000 2911.000000 1448.000000 1507.000000 1438.000000
1529.000000 2063.000000 1202.000000 1118.000000 1197.000000
1069.000000 2843.000000 1179.000000 1481.000000 1239.000000
295.000000 2201.000000 1361.000000 1170.849243 1356.775146
1405.000000 2726.000000 176.000000 1405.000000 476.000000
1077.000000 2825.000000 669.000000 1503.000000 859.000000
1530.000000 782.000000 873.000000 253.000000 592.000000
1382.000000 1548.000000 949.000000 868.000000 884.000000
783.000000 2898.000000 1159.000000 1515.000000 1229.000000
1060.000000 2143.000000 1109.000000 1158.000000 1118.000000
1056.000000 2147.000000 736.000000 1172.000000 791.000000
1520.000000 620.000000 1188.000000 57.000000 979.000000
619.000000 700.000000 507.000000 192.000000 58.000000
1328.000000 2278.000000 592.000000 1218.000000 678.000000
712.000000 764.000000 1204.000000 216.000000 1032.000000
588.000000 2053.000000 358.000000 1107.482178 407.279999
1089.000000 2498.000000 427.000000 1286.000000 587.000000
980.000000 1420.000000 791.000000 816.000000 692.000000
933.000000 1950.000000 578.000000 1093.000000 607.000000
761.000000 762.000000 1335.000000 207.000000 1207.000000
745.000000 2733.000000 157.000000 1459.000000 452.000000
1218.000000 2885.000000 1411.000000 1494.000000 1411.000000
1258.000000 1558.000000 975.000000 864.000000 923.000000
762.000000 2130.000000 1249.000000 1151.000000 1244.000000
598.000000 1118.000000 1530.000000 506.000000 1476.000000
475.000000 2672.000000 613.000000 1392.054932 768.658081
1346.000000 1772.000000 1656.000000 919.000000 1605.000000
1555.000000 2809.000000 1038.000000 1470.000000 1130.000000
574.000000 2122.000000 1049.000000 1147.514893 1060.023926
1390.000000 634.000000 1496.000000 33.000000 1416.000000
279.000000 1267.000000 983.000000 672.547668 870.133972
1387.000000 1486.000000 1110.000000 797.000000 1041.000000
1471.000000 1092.000000 1704.000000 475.000000 1682.000000
812.000000 1408.000000 1118.000000 745.000000 1036.000000
716.000000 844.000000 614.000000 333.000000 276.000000
645.000000 1081.000000 697.000000 525.000000 475.000000
952.000000 1678.000000 1270.000000 1050.000000 1247.000000
1230.000000 1128.000000 870.000000 569.000000 699.000000
968.000000 655.000000 1198.000000 95.000000 1011.000000
870.000000 2661.000000 161.000000 1374.000000 436.000000
1368.000000 1155.000000 1366.000000 557.000000 1285.000000
268.000000 1363.000000 550.000000 758.900757 409.960541
764.000000 1313.000000 911.000000 702.000000 789.000000
1490.000000 1175.000000 920.000000 605.000000 770.000000
648.000000 2479.000000 1759.000000 1347.000000 1677.000000
1400.000000 2639.000000 1417.000000 1391.000000 1402.000000
1309.000000 2788.000000 845.000000 1468.000000 984.000000
1143.000000 1698.000000 991.000000 942.000000 954.000000
1212.000000 1792.000000 724.000000 998.000000 707.000000
1537.000000 673.000000 1190.000000 116.000000 993.000000
1139.000000 2822.000000 988.000000 1480.000000 1095.000000
677.000000 2865.000000 1037.000000 1504.000000 1136.000000
1503.000000 1791.000000 693.000000 999.000000 677.000000
758.000000 1055.000000 1567.000000 451.000000 1519.000000
142.000000 1848.000000 1618.000000 996.009766 1566.749634
1423.000000 2765.000000 148.000000 1500.000000 460.000000
1459.000000 1701.000000 1098.000000 941.000000 1059.000000
1278.000000 1458.000000 1015.000000 786.000000 930.000000
62.000000 2651.000000 1235.000000 1371.549438 1270.000977
1271.000000 764.000000 803.000000 240.000000 493.000000
1335.000000 2113.000000 835.000000 1160.000000 875.000000
1323.000000 1450.000000 1051.000000 778.000000 971.000000
1229.000000 1028.000000 1364.000000 454.000000 1272.000000
643.000000 655.000000 679.000000 119.000000 274.000000
1422.000000 2680.000000 211.000000 1355.000000 499.000000
714.000000 1122.000000 1375.000000 517.000000 1293.000000
1140.000000 1415.000000 764.000000 788.000000 663.000000
1254.000000 1720.000000 991.000000 954.000000 958.000000
1375.000000 1676.000000 566.000000 956.000000 537.000000
1096.000000 2921.000000 1198.000000 1528.000000 1259.000000
1267.000000 1887.000000 654.000000 1060.000000 674.000000
1097.000000 1662.000000 1333.000000 859.000000 1314.000000
1043.000000 2795.000000 141.000000 1519.000000 463.000000
1011.000000 659.000000 1041.000000 92.000000 780.000000
1374.000000 1816.000000 1563.000000 972.000000 1518.000000

2.000000 2330.032715 502.722656 463.366425 402.715912 1303.524414 631.361755 350.206818 -1.995252
10.000000 2309.382568 570.986267 2362.357422 1320.304688 1256.558594 686.509399 1247.624146 1450.050171
13.000000 2377.967529 1330.146851 2324.240723 586.601074 1258.548096 1450.020752 1266.788818 703.297913
42.000000 936.728699 448.898163 1656.698486 489.434906 569.901367 183.484451 940.715210 425.571136
26.000000 3060.927490 1244.033447 2974.616211 536.510132 1580.966675 1300.060547 1575.621094 796.677795
50.000000 1020.057312 442.264709 1653.356689 476.230835 638.600342 210.409729 933.940186 405.749146
41.000000 1609.913574 494.848969 993.351807 459.676392 939.525513 434.060913 562.385620 188.119919
18.000000 856.916504 1203.344604 883.286865 619.997925 308.905731 1046.578003 364.287659 363.140564
11.000000 842.853882 633.310730 815.659668 1210.109619 329.689240 296.363831 267.057251 1050.032471
43.000000 1866.185059 656.464355 1884.944824 1229.947266 1048.610352 663.299194 1037.873657 1099.947754
15.000000 958.098083 1209.928711 979.598389 636.651611 403.424347 1073.340210 457.498047 363.396667
29.000000 2227.485840 666.206177 2262.170898 1230.071533 1218.955444 746.701233 1211.554077 1236.690186
25.000000 2013.469482 1236.800293 1990.339722 683.319153 1098.458008 1219.964355 1110.188477 713.260498
40.000000 2326.232910 1230.028809 2290.437256 689.971008 1238.225830 1236.647339 1243.186890 779.998413
38.000000 2462.959961 1230.027832 2422.959717 693.361206 1291.614502 1246.644653 1297.533569 783.301819
31.000000 2627.541260 682.625854 2676.083252 1200.054688 1371.856079 786.667847 1371.549438 1270.000977
20.000000 1234.593262 643.295654 1225.440918 1146.644409 665.538269 446.597565 628.573608 1050.116821
44.000000 990.011658 1769.815918 503.326996 1771.613770 413.618164 1766.211426 3.347840 1806.813232
36.000000 950.099304 468.247040 1396.654297 493.551178 410.616943 112.360931 806.530518 363.547882
64.000000 1660.068237 1228.917603 1230.170898 1222.275757 1077.385742 1195.766113 784.573303 1146.032715
28.000000 663.271973 1716.378296 1090.041992 1709.147461 2.971967 1729.127197 493.077332 1687.020264
16.000000 932.539124 1039.969360 948.349365 629.936340 374.143250 1053.136475 429.514191 343.295441
24.000000 949.085510 796.510315 934.109924 1203.361938 419.559174 556.388550 381.942841 1066.809814
72.000000 1899.614258 813.347107 1914.135376 1219.971313 1060.743286 816.685974 1053.376099 1100.001099
177.000000 1656.666260 1253.374023 1256.668335 1249.810913 676.679260 1174.124634 836.691833 1171.582520
37.000000 1259.977173 1238.813721 1656.634399 1243.030884 1064.313843 1206.960205 601.080566 1167.255249
144.000000 1840.011475 516.447754 2213.364990 536.065918 1075.669800 534.923401 1226.852783 629.703125
220.000000 2710.008545 510.040649 2366.677490 510.909607 1442.856323 722.682068 1325.574341 648.391113
83.000000 1640.916382 1003.959106 1627.514526 666.632996 913.140930 866.475220 920.299255 610.008362
75.000000 867.270630 820.026917 852.850708 1143.311768 330.103088 693.341370 308.547272 969.886780
233.000000 1903.218384 1136.670532 1892.426514 820.030884 1050.244873 960.007324 1054.241943 826.693909
123.000000 2678.410400 197.332596 2961.880859 161.759872 1360.060547 489.253418 1560.047241 490.887878
48.000000 743.869080 1619.832764 760.608093 1339.837036 169.880875 1586.359253 203.128464 1213.018188
298.000000 590.194214 1340.188232 575.260681 1620.102783 10.724294 1196.940674 3.314272 1306.665405
76.000000 729.999695 1646.633545 1010.007080 1644.124512 150.067474 1624.789551 426.603790 1611.976318
55.000000 1012.461731 1343.383301 1006.919617 1616.671753 443.002563 1243.323242 432.844269 1576.956299
195.000000 1593.338135 1268.622192 1319.996460 1267.666870 1020.402283 1227.391357 872.623718 1204.601318
118.000000 2782.783691 1230.059570 2753.477539 959.623169 1440.429565 1269.995972 1438.518188 1066.586670
33.000000 2925.547607 646.800049 2957.360352 913.648010 1559.737183 809.939087 1564.270508 1286.626099
47.000000 612.979553 893.489746 599.331909 1153.473267 69.217949 553.864868 34.601486 937.082336
53.000000 767.186340 1156.454224 786.552185 899.991333 220.752014 963.075745 254.348190 626.435303
68.000000 2061.532227 1353.247070 2075.982666 1609.850830 1006.525330 1576.821045 1020.431519 1289.375854
35.000000 856.564941 491.369202 1106.670654 509.945709 163.739044 8.058193 562.869873 255.368317
148.000000 2220.129639 1606.835083 2206.966797 1356.475586 1178.559082 1533.250610 1170.849243 1356.775146
122.000000 2495.430420 956.527954 2511.747314 1203.217773 1315.895386 1030.023560 1314.059814 1230.037231
134.000000 2698.637939 234.694031 2942.231445 206.981293 1356.207886 523.328918 1539.952515 518.272766
58.000000 789.426208 756.625183 807.020874 513.358948 268.421356 433.153656 303.679321 123.372711
51.000000 640.415527 510.020264 628.714966 750.099854 125.109177 26.836752 92.191231 370.529114
87.000000 823.568176 1196.677734 834.920471 956.741760 276.633118 1039.997437 295.185638 796.807983
116.000000 1518.053345 543.307129 1514.819336 783.308411 844.975891 673.254700 854.590210 466.570068
65.000000 1036.251709 523.384888 1032.013916 763.368896 515.305115 246.794418 496.294617 540.191895
93.000000 1006.672852 1319.109253 766.661316 1317.439941 440.355499 1214.151733 213.047684 1182.020874
171.000000 1832.124268 1173.359131 1827.001221 933.397339 1012.082764 1086.736694 1017.574951 923.251892
77.000000 2384.094727 996.614014 2400.466309 1233.301025 1271.825684 966.682190 1269.475098 1243.357178
88.000000 1668.920410 559.950256 1674.145874 796.648743 949.209290 520.087097 940.875427 763.363342
95.000000 769.991882 1310.506348 1006.651123 1314.302734 216.536865 1174.219238 443.221161 1207.432251
89.000000 763.330505 1481.364868 1000.001465 1481.022461 196.743958 1401.648560 426.718750 1412.197632
90.000000 759.998840 1522.348877 996.669067 1522.074341 193.326294 1456.949463 423.349792 1462.671875
141.000000 2611.891113 268.707458 2829.170898 176.823441 1366.673218 501.976807 1546.677612 502.230316
115.000000 2023.201294 573.144409 2036.979980 806.648193 1133.791382 623.453613 1127.133667 833.348145
117.000000 2196.224365 1173.355103 2184.738281 940.259277 1178.322388 1183.376099 1183.573486 979.834229
96.000000 766.665344 1440.765259 1000.003723 1441.164551 203.285797 1347.340576 430.233978 1363.349854
102.000000 1508.288330 783.312134 1511.134399 553.306152 834.447021 696.593994 841.758667 473.281769
78.000000 1154.793823 1386.705688 1148.659912 1616.630859 544.703430 1306.554565 529.289307 1576.626099
150.000000 2646.043701 1183.392090 2624.649902 956.542542 1356.978027 1219.996826 1355.153320 1043.383423
103.000000 1000.011902 1305.203613 773.330078 1304.642090 437.158661 1196.340820 217.103149 1166.753662
184.000000 2160.040771 1698.502686 2383.338379 1693.556763 1086.864624 1642.343750 1240.229858 1629.387451
110.000000 773.332458 1400.222778 996.675293 1401.073608 213.299744 1293.696289 426.656403 1313.444214
98.000000 2045.112427 963.386414 2052.626465 1183.357422 1131.150391 953.755005 1118.939819 1180.122559
111.000000 1817.842651 1393.306519 1822.870850 1613.343872 983.450500 1350.003784 976.461792 1563.435791
121.000000 1819.357300 790.014587 1814.363281 570.052307 1012.527344 776.654907 1015.439270 576.600281
129.000000 2186.455322 1393.345459 2198.710449 1606.740723 1163.910400 1370.011719 1160.069946 1560.001465
135.000000 1358.731689 543.316589 1360.461426 756.662903 758.900757 409.960541 752.318237 593.296875
91.000000 756.651428 1604.924316 966.664551 1603.088135 186.597427 1566.968018 416.629730 1561.715332
136.000000 2162.985840 800.022095 2150.054932 596.663147 1184.494141 853.347900 1186.791382 669.959778
79.000000 780.717712 556.706909 769.494507 756.825256 258.580627 156.528412 232.600204 423.261932
70.000000 589.497803 1179.965698 602.937317 983.306274 21.933460 960.199768 51.183136 677.133362
181.000000 2609.973389 800.002197 2593.848877 606.623657 1357.177002 929.994812 1355.589233 773.310486
113.000000 1009.728882 1186.656616 1016.873596 993.341003 453.460846 1023.343323 469.922821 813.327271
221.000000 1426.686646 496.203857 1619.948608 504.527435 829.812683 380.300537 946.755005 453.191589
128.000000 1488.815430 590.001953 1489.134277 783.334778 831.727234 486.600311 823.880615 676.551575
274.000000 1738.593628 786.752930 1735.193970 599.966125 965.940491 753.308472 970.052490 633.221008
137.000000 1794.494629 603.304749 1799.086670 790.022461 1007.255432 586.685547 1001.375366 769.937195
252.000000 876.592712 629.996521 867.942566 813.393494 353.020325 419.973694 342.373535 546.585938
152.000000 750.020386 1625.103516 566.673035 1627.217651 176.664169 1596.513672 3.213623 1599.352417
57.000000 1023.336548 976.878052 1017.532166 1160.027466 481.219727 710.304260 459.635498 1033.308960
210.000000 2573.348877 636.665222 2589.915771 816.674438 1349.887817 783.332214 1348.448486 926.651062
166.000000 2144.546387 616.594727 2155.225830 796.752075 1178.925171 683.315674 1176.182861 849.992065
104.000000 1828.867432 1556.698853 1823.749146 1376.560181 987.425903 1559.936279 992.872131 1339.906128
6.000000 1599.900269 525.388672 1420.000244 516.662292 976.838562 499.724701 266.855469 56.364330
106.000000 1181.295410 1173.354370 1184.162109 996.626038 592.583252 1053.278320 608.448425 836.797241
46.000000 620.014587 753.334290 631.611267 580.331421 84.254578 393.685364 116.554008 3.324012
207.000000 1173.320923 1621.493408 999.995483 1622.668091 563.323975 1582.808472 419.976746 1585.361816
276.000000 3012.593018 596.343628 3033.806641 766.607727 1603.757935 843.327698 1605.343994 963.350830
125.000000 766.684937 1162.014771 600.004028 1159.708862 226.578918 977.046936 36.690765 933.228882
284.000000 2988.913086 1756.786621 2970.863525 1593.238037 1536.167358 1659.999756 1536.158081 1543.333374
62.000000 1024.839844 766.719666 1030.590210 603.354126 491.289093 540.071594 507.956116 239.886520
174.000000 576.642517 1638.346191 740.038330 1635.959229 3.170945 1616.150269 163.448181 1609.389526
131.000000 600.054688 1172.620483 763.403198 1174.827759 36.617325 943.519958 218.860565 991.701782
231.000000 1010.000488 1633.449097 1173.345337 1632.733887 429.865509 1599.232422 563.383179 1594.853271
92.000000 833.331604 1562.757080 996.663452 1562.266357 189.997055 1511.533447 420.002594 1511.974976
99.000000 2713.115967 1000.020630 2728.303467 1160.160889 1390.628052 1040.000366 1390.493896 1266.666992
140.000000 1267.665039 1130.021606 1271.123413 969.952271 663.081299 1050.161987 672.547668 870.133972
71.000000 1707.447144 1549.986084 1704.602295 1389.977417 1004.797424 1283.275391 996.009766 1566.749634
165.000000 746.666687 1643.333374 586.666687 1643.333374 170.088913 1618.711670 3.302761 1625.963501
273.000000 2866.278076 1596.705078 2881.769043 1753.487915 1471.231812 1543.141968 1476.270020 1663.349976
124.000000 786.727417 761.623840 629.903442 756.048645 275.348175 449.550385 97.478401 368.224640
225.000000 1176.755615 1168.793823 1019.953186 1165.721313 596.639160 1060.116089 463.661011 1028.616699
132.000000 630.019592 762.812683 786.715088 768.715027 96.405792 377.244080 267.604553 454.590729
249.000000 1023.251099 1177.046265 1176.804443 1180.447144 462.259338 1041.347778 587.417053 1070.062866
105.000000 734.335449 1466.726562 725.172485 1619.910645 151.867157 1369.865723 131.999054 1586.849731
146.000000 749.996826 1351.367676 596.656494 1351.009033 193.350098 1226.513550 16.251635 1207.124146
222.000000 1033.080444 780.907471 1183.737305 789.893616 495.161774 559.735535 618.253906 620.096558
199.000000 1183.465820 776.876587 1033.311768 770.507141 628.557007 609.754944 496.105469 547.867737
127.000000 1262.635498 979.991333 1260.777832 1130.009644 665.720825 859.948792 655.421692 1050.113159
243.000000 1597.523682 986.659607 1598.764160 1136.676880 888.093018 926.576782 881.958069 1056.758911
270.000000 1169.960693 1353.873779 1019.976135 1352.349854 573.048889 1272.256958 452.857269 1257.111084
161.000000 623.286987 908.269775 770.023743 912.513184 79.560043 581.181091 236.763275 639.740662
155.000000 600.000916 1356.548584 746.684448 1357.667969 19.903360 1214.153442 189.899445 1234.186523
112.000000 2807.023682 135.001465 2950.340088 145.238510 1566.648315 478.223846 1353.308716 478.687073
126.000000 700.518677 1010.026062 693.317139 1153.499878 201.000427 766.467834 184.495758 960.099060
154.000000 650.054443 518.999878 793.325928 526.802612 137.553528 45.179424 286.330292 133.897446
170.000000 1188.358887 753.363464 1190.912354 609.956909 623.657410 576.686523 633.665649 413.353699
279.000000 1020.005920 1359.258545 1163.330078 1360.403809 453.281433 1263.723999 570.100464 1279.243896
294.000000 2649.507812 1463.373169 2660.851807 1603.534180 1347.049927 1443.337646 1345.808594 1553.361206
217.000000 624.068359 1153.371582 631.357971 1013.230591 49.380215 866.612427 61.609970 726.807495
205.000000 1301.147949 770.041748 1306.242310 629.863464 706.661865 633.513306 714.419373 490.058716
73.000000 1685.410156 1356.729980 1692.457520 1496.710815 916.719788 1526.326782 945.474365 1248.840210
259.000000 1081.173340 1600.028442 1084.570557 1459.949219 471.885132 1513.718994 481.058624 1389.585571
163.000000 1161.441772 1023.293762 1158.512207 1163.371948 574.877869 879.866943 562.477661 1046.603027
