Keypoint Matches and Line Matches for pairs 9, 19 
9 corresponds to the image ./resources/Data/CastleP30/images/0009.png 
19 corresponds to the image ./resources/Data/CastleP30/images/0019.png 

36.000000 2326.685303 418.840332 2149.909912 723.622986
16.000000 2314.277588 494.184113 2111.999512 776.591431
130.000000 2025.978516 886.684998 2583.640137 1016.483643
190.000000 1633.269043 746.667786 2015.618408 926.659485
330.000000 2189.851562 1580.007812 1078.661011 1463.292603
297.000000 1783.774536 1356.657715 896.724060 1313.336304
266.000000 2141.060791 523.474487 1884.442871 730.051514
547.000000 2084.374023 736.770142 2417.133545 916.821411
526.000000 2146.863770 733.321716 876.098328 786.640320
444.000000 1774.914917 989.963745 456.807159 946.677673
530.000000 1778.202393 1133.298096 647.971741 1083.209595
369.000000 1379.000000 271.000000 1743.224121 617.016724
776.000000 2149.000000 294.000000 980.000000 515.000000
1531.000000 2477.000000 270.000000 1259.000000 534.000000
1288.000000 400.000000 395.000000 2991.000000 350.000000
1031.000000 621.000000 1858.000000 1246.000000 1620.000000
1525.000000 376.000000 395.000000 2964.000000 355.000000
933.000000 267.000000 284.000000 2454.000000 545.000000
1511.000000 2150.000000 510.000000 1639.000000 706.000000
1343.000000 2356.000000 426.000000 1026.000000 592.000000
1487.000000 157.000000 1121.000000 2472.000000 1197.000000
1527.000000 362.000000 979.000000 3029.000000 912.000000
1244.000000 101.000000 240.000000 2854.000000 302.000000
1038.000000 650.000000 207.000000 2966.000000 218.000000

2.000000 2326.685303 418.840332 409.980835 387.852661 1010.681030 569.771667 3.398742 183.163223
5.000000 405.099670 473.206635 338.780426 1293.504272 973.693848 639.741150 934.012695 1606.557739
6.000000 2384.354980 1286.594849 2329.518799 506.466187 947.159363 1573.488159 984.800659 643.257812
151.000000 1783.774536 1356.657715 1788.342896 1583.299561 896.724060 1313.336304 889.210083 1456.799927
135.000000 2154.298584 736.606689 2141.060791 523.474487 1888.072510 886.711304 1884.442871 730.051514
160.000000 2135.703857 543.389893 2146.863770 733.321716 1878.397217 746.637085 1880.791504 886.710144
20.000000 2689.932861 313.693726 2502.932129 278.817200 2053.819824 642.528687 1701.442383 430.508240
273.000000 1774.914917 989.963745 1778.202393 1133.298096 653.655945 990.019653 647.971741 1083.209595
