Keypoint Matches and Line Matches for pairs 0, 10 
0 corresponds to the image ./resources/Data/HerzP25/images/0000.png 
10 corresponds to the image ./resources/Data/HerzP25/images/0010.png 

76.000000 2433.719727 1083.316895 240.003555 1083.007324
500.000000 2174.911133 1243.286133 1318.467651 1316.698486
1406.000000 2486.000000 733.000000 831.000000 565.000000
1236.000000 2966.000000 1429.000000 313.000000 1562.000000
1395.000000 1954.000000 848.000000 1404.000000 859.000000
1509.000000 2539.000000 496.000000 844.000000 313.000000

0.000000 1612.362183 -0.659569 1973.528564 213.003311 1385.972168 185.342987 2320.884033 45.928928
3.000000 1953.534058 189.663589 1640.338135 2.766654 2336.330811 31.097553 1436.606445 166.265747
13.000000 1520.516968 714.908142 1866.663208 816.678528 1563.135864 867.335938 2193.378418 820.608215
216.000000 1493.279907 707.954346 1544.881226 538.441772 1457.881348 871.290527 1507.434204 739.038635
