Keypoint Matches and Line Matches for pairs 0, 21 
0 corresponds to the image ./resources/Data/HerzP25/images/0000.png 
21 corresponds to the image ./resources/Data/HerzP25/images/0021.png 

13.000000 1973.528564 213.003311 1093.436157 680.685608
521.000000 2461.106689 604.239807 1848.007202 690.397339
58.000000 1974.320312 1460.103394 876.047119 1703.572632
59.000000 1966.791626 1046.603760 905.437500 1370.185547
1210.000000 1458.832031 963.346741 626.000000 1397.000000
234.000000 1087.569824 1059.824219 554.947571 1476.850464
1339.000000 1424.914062 3.312944 532.000000 819.000000
462.000000 1640.338135 2.766654 670.124207 737.468872
98.000000 1866.275269 824.663330 883.442871 1211.821899
99.000000 1519.253174 722.537781 593.289429 1229.269531
96.000000 1520.516968 714.908142 590.004639 1223.407593
97.000000 1866.663208 816.678528 883.445374 1205.132324
421.000000 2431.902100 676.898743 1824.045410 771.962891
527.000000 1855.013184 513.197632 803.097656 1000.270874
486.000000 1982.354370 819.583984 922.747192 1191.464478
48.000000 1970.939209 171.766266 974.175720 671.990906
495.000000 1640.956299 389.967773 630.957458 983.529846
92.000000 2401.070557 1069.954712 1391.167236 1283.371704
91.000000 2415.688965 1076.428833 1400.514648 1283.351196
181.000000 1597.522339 1066.667847 730.552307 1429.718506
151.000000 1597.145386 1350.000610 736.808350 1639.676758
82.000000 2383.310059 1083.190552 1367.994385 1283.258301
83.000000 2395.391846 1363.388306 1356.391968 1593.322998
66.000000 2377.349854 1363.038330 1444.529663 1626.703125
67.000000 2366.114502 1083.087891 1454.602539 1296.603638
331.000000 959.446045 1456.648560 301.289276 1713.510742
332.000000 950.525513 1730.017090 281.557617 1856.880981
237.000000 683.343384 1467.098755 296.625305 1709.045532
246.000000 2171.324219 667.316956 1253.899170 961.888733
154.000000 2466.906494 739.275635 1946.277588 825.950562
1158.000000 2282.178955 229.751541 1534.000000 477.000000
579.000000 2289.679199 496.769318 1453.245117 723.218628
203.000000 1683.004272 1324.160400 634.847351 1615.927246
71.000000 2463.935791 1076.298218 1344.155273 1276.565796
101.000000 2444.239502 1330.103516 1414.608765 1583.372803
1224.000000 806.641663 896.828430 432.000000 1408.000000
1528.000000 2315.528564 510.032135 1543.000000 691.000000
1078.000000 1085.073120 500.091919 428.000000 1168.000000
1367.000000 1103.458496 760.001099 552.000000 1311.000000
55.000000 231.331024 673.029968 309.283905 1366.558472
582.000000 1621.719849 1066.665894 505.067993 1439.828613
175.000000 1983.281372 1464.494751 869.986145 1717.520020
179.000000 1536.818359 1343.361816 689.652100 1636.629883
388.000000 1538.401855 1149.986938 567.907532 1523.069458
422.000000 2468.493652 733.027649 1937.833862 831.086853
14.000000 2638.435059 603.643494 2493.675781 462.196655
1054.000000 1825.875122 426.732544 777.000000 946.000000
807.000000 1822.891724 239.900589 792.000000 807.000000
1477.000000 2027.296997 1136.867065 972.000000 1438.000000
1387.000000 1493.279907 707.954346 486.000000 1238.000000
87.000000 2811.510498 1209.907349 1966.906372 1269.930054
285.000000 1418.769165 516.698792 447.808044 1143.499512
396.000000 1509.887451 1143.332520 765.432983 1480.214722
381.000000 1634.349487 452.530182 628.649048 1029.205078
382.000000 1794.401001 492.378174 762.425293 1004.984680
1557.000000 749.902832 1097.760986 520.000000 1515.000000
558.000000 1983.395386 1477.048096 866.624695 1730.096924
559.000000 2146.627441 1474.318848 976.730591 1731.445068
341.000000 1823.054443 163.802704 813.443604 754.178101
342.000000 1683.987671 81.175552 673.222168 772.481689
1067.000000 1353.554932 213.885895 465.000000 999.000000
583.000000 1675.230347 1346.648682 638.124939 1636.496826
1551.000000 739.987976 1160.154541 390.000000 1552.000000
1229.000000 1013.573181 921.862366 539.000000 1400.000000
1504.000000 1670.017090 1553.558472 500.000000 1791.000000
1278.000000 1461.834229 666.232910 468.000000 1221.000000
1240.000000 1499.891113 524.795959 440.000000 1100.000000
239.000000 2654.543701 345.095490 2638.419678 38.759048
345.000000 1819.222046 537.838989 754.991943 1019.257629
346.000000 1690.481934 477.963135 617.800171 1050.267578
1398.000000 753.371826 1043.005981 400.000000 1490.000000
335.000000 2511.781738 1183.412598 1930.940430 1420.052246
496.000000 1548.298828 426.209991 537.380066 1054.405518
896.000000 776.582581 1278.636841 342.000000 1610.000000
780.000000 1343.592896 1358.900879 389.000000 1660.000000
202.000000 1928.512451 130.015961 930.670227 656.663269
261.000000 1563.787720 463.587189 564.238525 1056.269653
1494.000000 1362.723633 281.563873 469.000000 966.000000
1543.000000 1243.139526 322.771057 405.000000 1074.000000
411.000000 1833.984863 506.848785 769.268311 995.851074
412.000000 1729.617432 442.713593 639.531067 1008.537598
299.000000 2340.858643 823.590149 1876.975342 962.134155
300.000000 2262.062500 731.082458 1733.699829 915.539734
1208.000000 1334.323975 296.630310 463.000000 1012.000000
312.000000 1982.079102 63.351810 1019.637329 568.130920
1473.000000 1093.003540 169.988968 448.000000 970.000000
1114.000000 1124.624268 639.946716 335.000000 1249.000000
1486.000000 2416.053223 356.605042 1571.000000 476.000000
1126.000000 2305.872314 1213.190796 1498.000000 1447.000000
1165.000000 597.139771 759.864319 308.000000 1306.000000
1427.000000 1463.625366 952.381409 604.000000 1336.000000
682.000000 1435.620483 496.691986 447.000000 1061.000000
994.000000 1436.801758 390.001495 344.000000 1081.000000
1193.000000 1415.430298 693.332336 401.000000 1252.000000
959.000000 2040.172363 179.747269 1087.000000 615.000000
960.000000 1233.461426 1102.569092 685.000000 1485.000000
343.000000 1686.584229 479.799652 630.676392 1044.606812
625.000000 2930.000000 412.000000 301.000000 751.000000
659.000000 904.000000 1300.000000 411.000000 1621.000000
49.000000 1768.000000 54.000000 629.965881 726.451233
716.000000 1495.000000 1668.000000 387.000000 1829.000000
923.000000 2736.000000 713.000000 2870.000000 536.000000
665.000000 2399.000000 1062.000000 2791.000000 1243.000000
1491.000000 2563.000000 1177.000000 2126.000000 1353.000000
409.000000 2110.000000 568.000000 1133.281372 916.128235
1209.000000 2264.000000 582.000000 1424.000000 823.000000
597.000000 907.000000 1339.000000 202.000000 1583.000000
1286.000000 2211.000000 678.000000 1318.000000 953.000000
1389.000000 2312.000000 550.000000 1527.000000 753.000000
488.000000 2266.000000 68.000000 1433.622070 444.801056
680.000000 602.000000 190.000000 327.000000 1119.000000
1547.000000 2279.000000 566.000000 1456.000000 795.000000
1459.000000 820.000000 1363.000000 361.000000 1656.000000
1012.000000 811.000000 1320.000000 363.000000 1642.000000
840.000000 458.000000 312.000000 219.000000 1169.000000
972.000000 1679.000000 142.000000 721.000000 811.000000
1348.000000 2550.000000 1059.000000 2097.000000 1197.000000
736.000000 2476.000000 705.000000 1894.000000 768.000000
1112.000000 2226.000000 1781.000000 915.000000 1923.000000
1523.000000 1165.000000 986.000000 624.000000 1420.000000
150.000000 1549.000000 1040.000000 760.399902 1406.707153
1439.000000 2134.000000 1287.000000 1038.000000 1560.000000
1248.000000 2364.000000 553.000000 1645.000000 712.000000
1109.000000 1182.000000 1003.000000 548.000000 1487.000000
1079.000000 1454.000000 25.000000 507.000000 838.000000
1287.000000 1685.000000 129.000000 691.000000 815.000000
1084.000000 873.000000 1228.000000 328.000000 1583.000000
1436.000000 1986.000000 933.000000 904.000000 1278.000000
824.000000 2064.000000 1384.000000 1002.000000 1650.000000
1260.000000 751.000000 1357.000000 337.000000 1653.000000
1090.000000 1816.000000 219.000000 777.000000 810.000000
1060.000000 1104.000000 797.000000 555.000000 1290.000000
835.000000 1123.000000 662.000000 332.000000 1268.000000
1089.000000 840.000000 1739.000000 301.000000 1858.000000
1063.000000 2239.000000 650.000000 1368.000000 909.000000
857.000000 2130.000000 1051.000000 1135.000000 1341.000000
956.000000 1632.000000 214.000000 632.000000 878.000000
489.000000 1790.000000 67.000000 623.859314 728.822815
1570.000000 2093.000000 832.000000 1264.000000 1112.000000
954.000000 1251.000000 884.000000 829.000000 1334.000000
1048.000000 2486.000000 733.000000 1960.000000 812.000000
801.000000 1951.000000 823.000000 906.000000 1196.000000
651.000000 1128.000000 511.000000 388.000000 1162.000000
1467.000000 2487.000000 709.000000 1958.000000 783.000000
1463.000000 2164.000000 374.000000 1315.000000 689.000000
454.000000 548.000000 1514.000000 126.641907 1759.693726
958.000000 2294.000000 555.000000 1491.000000 774.000000
173.000000 2618.000000 444.000000 2463.482422 257.459778
900.000000 771.000000 1299.000000 340.000000 1622.000000
1031.000000 1956.000000 889.000000 907.000000 1229.000000
1573.000000 2128.000000 467.000000 1188.000000 808.000000
678.000000 1176.000000 1245.000000 617.000000 1581.000000
1279.000000 2015.000000 1293.000000 945.000000 1573.000000
1485.000000 2497.000000 762.000000 1989.000000 840.000000
1424.000000 1067.000000 1452.000000 377.000000 1669.000000
1245.000000 505.000000 218.000000 307.000000 1134.000000
1559.000000 1238.000000 768.000000 567.000000 1254.000000
993.000000 1469.000000 32.000000 502.000000 815.000000
747.000000 2251.000000 626.000000 1393.000000 878.000000
1130.000000 2164.000000 438.000000 1379.000000 738.000000
1382.000000 1934.000000 370.000000 928.000000 842.000000
849.000000 1191.000000 75.000000 376.000000 899.000000
1355.000000 2208.000000 247.000000 1425.000000 558.000000
1514.000000 2378.000000 1031.000000 1980.000000 1195.000000
893.000000 2329.000000 547.000000 1565.000000 737.000000
1565.000000 368.000000 857.000000 301.000000 1409.000000
311.000000 2163.000000 83.000000 1166.591797 539.614075
1446.000000 1966.000000 1109.000000 899.000000 1424.000000
1574.000000 2259.000000 925.000000 1293.000000 1174.000000
1131.000000 2301.000000 219.000000 1496.000000 484.000000
1041.000000 1528.000000 856.000000 559.000000 1339.000000
594.000000 1474.000000 1607.000000 379.000000 1790.000000
284.000000 862.000000 698.000000 425.529572 1296.501099
1512.000000 1011.000000 1288.000000 379.000000 1642.000000
1500.000000 1484.000000 141.000000 520.000000 894.000000
116.000000 1946.000000 143.000000 965.703735 656.580261
938.000000 2602.000000 1155.000000 2480.000000 1350.000000
1540.000000 2142.000000 698.000000 1191.000000 1009.000000
1102.000000 1280.000000 324.000000 219.000000 1084.000000
1036.000000 1489.000000 803.000000 480.000000 1274.000000
693.000000 2292.000000 485.000000 1476.000000 688.000000
1506.000000 1776.000000 257.000000 760.000000 891.000000
1106.000000 2183.000000 1031.000000 1226.000000 1308.000000
1096.000000 1954.000000 848.000000 906.000000 1214.000000
17.000000 2373.000000 1575.000000 1453.276611 1848.611084
1341.000000 1630.000000 286.000000 667.000000 919.000000
1262.000000 1505.000000 150.000000 536.000000 891.000000
1021.000000 2558.000000 1245.000000 1285.000000 1369.000000
881.000000 2431.000000 609.000000 1767.000000 709.000000
1458.000000 838.000000 1400.000000 352.000000 1669.000000
642.000000 2449.000000 1020.000000 2525.000000 1120.000000
1571.000000 1238.000000 986.000000 555.000000 1422.000000
968.000000 1108.000000 586.000000 453.000000 1221.000000
1475.000000 2008.000000 17.000000 1121.000000 498.000000
333.000000 2032.000000 604.000000 1030.032104 983.616638
1426.000000 2292.000000 443.000000 1367.000000 631.000000
375.000000 2174.000000 91.000000 1286.941528 431.431335
1470.000000 1668.000000 121.000000 534.000000 797.000000
548.000000 2147.000000 428.000000 1320.055786 743.819153
571.000000 2539.000000 496.000000 2166.626709 446.452606
209.000000 1924.000000 927.000000 899.955933 1274.773804
1291.000000 2251.000000 241.000000 1303.000000 578.000000
752.000000 1604.000000 45.000000 623.000000 782.000000
1216.000000 1582.000000 1479.000000 558.000000 1779.000000
1138.000000 2641.000000 1404.000000 2441.000000 1669.000000
882.000000 2422.000000 187.000000 2087.000000 231.000000
737.000000 2210.000000 861.000000 1280.000000 1133.000000
1127.000000 2251.000000 55.000000 1457.000000 311.000000
1198.000000 1177.000000 1224.000000 619.000000 1568.000000
1360.000000 2204.000000 712.000000 1299.000000 990.000000
1055.000000 1486.000000 160.000000 521.000000 905.000000
1472.000000 2079.000000 394.000000 992.000000 794.000000
844.000000 1534.000000 287.000000 563.000000 961.000000

111.000000 231.920044 551.449463 269.403900 3.062189 339.108185 1144.425903 305.916321 1319.858032
6.000000 1612.362183 -0.659569 1973.528564 213.003311 486.919739 771.686646 1093.436157 680.685608
263.000000 2461.106689 604.239807 2571.406250 1008.401062 1848.007202 690.397339 1951.146973 737.487854
29.000000 1974.320312 1460.103394 1966.791626 1046.603760 876.047119 1703.572632 905.437500 1370.185547
294.000000 1351.046631 1356.704834 1365.250854 966.615112 493.609863 1546.696289 505.067993 1439.828613
117.000000 1075.867798 1443.512329 1087.569824 1059.824219 535.252197 1649.838989 554.947571 1476.850464
233.000000 1953.534058 189.663589 1640.338135 2.766654 789.834167 718.929321 670.124207 737.468872
49.000000 1866.275269 824.663330 1519.253174 722.537781 883.442871 1211.821899 593.289429 1229.269531
48.000000 1520.516968 714.908142 1866.663208 816.678528 590.004639 1223.407593 883.445374 1205.132324
75.000000 1555.606689 1016.628052 1557.901978 1350.014404 760.399902 1406.707153 736.808350 1639.676758
266.000000 1855.013184 513.197632 1982.354370 819.583984 803.097656 1000.270874 888.491211 1074.569580
24.000000 1970.939209 171.766266 1687.521851 1.906332 974.175720 671.990906 629.965881 726.451233
105.000000 1956.024658 815.463989 1828.717773 530.572998 899.955933 1274.773804 865.037537 1091.108154
116.000000 2385.489014 646.216858 2492.287598 928.687561 1967.041016 894.566101 2048.004395 1049.140747
46.000000 2401.070557 1069.954712 2413.619141 1366.795532 1391.167236 1283.371704 1381.094238 1590.035889
35.000000 2427.668213 1363.012817 2415.688965 1076.428833 1331.160034 1600.180420 1344.155273 1276.565796
186.000000 1572.176636 1350.014160 1572.911621 1063.349365 719.952026 1633.328369 734.033569 1496.738892
91.000000 1597.522339 1066.667847 1597.145386 1350.000610 730.552307 1429.718506 709.606445 1636.626831
41.000000 2383.310059 1083.190552 2395.391846 1363.388306 1367.994385 1283.258301 1356.391968 1593.322998
33.000000 2377.349854 1363.038330 2366.114502 1083.087891 1444.529663 1626.703125 1454.602539 1296.603638
81.000000 2478.021973 958.618286 2400.335449 694.989807 1996.737915 961.868164 1825.183472 819.721313
167.000000 959.446045 1456.648560 950.525513 1730.017090 301.289276 1713.510742 281.557617 1856.880981
119.000000 953.352600 1460.830322 683.343384 1467.098755 470.995056 1711.527344 296.625305 1709.045532
69.000000 2466.906494 739.275635 2520.156982 1001.950012 2067.129150 1048.200439 1938.285400 838.248718
45.000000 2476.820312 1330.499023 2463.935791 1076.298218 1389.868042 1590.111084 1400.514648 1283.351196
50.000000 2433.719727 1083.316895 2444.239502 1330.103516 1423.574219 1293.340820 1414.608765 1583.372803
237.000000 850.065918 746.367310 1072.870850 795.433350 426.792633 1331.619995 547.122498 1340.466553
194.000000 2353.824951 703.864868 2435.729492 913.119324 1925.653442 919.611450 2000.364136 1033.093628
13.000000 2289.988281 1467.882690 2503.333740 1469.952271 1553.510864 1735.606079 1996.793945 1753.517456
251.000000 1584.629761 515.207275 1508.383057 706.701782 535.081604 1195.659546 598.009155 1096.617188
27.000000 219.753036 876.652649 231.331024 673.029968 257.890503 1706.851440 309.283905 1366.558472
87.000000 2180.074707 1459.784668 1983.281372 1464.494751 1083.371460 1720.979614 869.986145 1717.520020
90.000000 1536.818359 1343.361816 1538.401855 1149.986938 689.652100 1636.629883 711.535522 1429.809814
264.000000 2181.642090 872.969238 2195.408447 683.000610 1355.676514 1082.921021 1399.244629 978.297363
213.000000 2348.255615 586.556274 2468.493652 733.027649 1824.045410 771.962891 1937.833862 831.086853
7.000000 2638.435059 603.643494 2800.803467 698.626465 2493.675781 462.196655 3070.869385 372.245392
171.000000 2210.027100 1633.020752 2396.169189 1649.094116 1240.043213 1868.517212 1383.352051 1872.688965
201.000000 1763.588135 1062.141113 1943.421021 1040.736816 1140.084839 1274.694092 1006.646667 1283.012329
55.000000 2689.010254 1353.183228 2677.483643 1173.281006 2772.956299 1636.366577 2744.512939 1356.208496
143.000000 1416.119263 689.991638 1418.769165 516.698792 425.529572 1296.501099 447.808044 1143.499512
108.000000 2483.326904 1529.924072 2313.435791 1544.525757 1526.662109 1816.912109 1346.661987 1813.583618
255.000000 2234.614502 803.577637 2294.700195 958.173157 1727.614136 984.208801 1841.710938 1002.875916
193.000000 1634.349487 452.530182 1794.401001 492.378174 628.649048 1029.205078 762.425293 1004.984680
282.000000 1983.395386 1477.048096 2146.627441 1474.318848 866.624695 1730.096924 976.730591 1731.445068
172.000000 1823.054443 163.802704 1683.987671 81.175552 813.443604 754.178101 673.222168 772.481689
58.000000 1948.480469 153.600220 1944.998047 3.294763 965.703735 656.580261 990.240295 383.055878
120.000000 2769.661621 433.772675 2654.543701 345.095490 2806.583008 2.939735 2638.419678 38.759048
174.000000 1819.222046 537.838989 1690.481934 477.963135 754.991943 1019.257629 617.800171 1050.267578
169.000000 2511.781738 1183.412598 2504.626709 1043.267334 1930.940430 1420.052246 1938.903687 1276.791016
101.000000 1928.093140 3.328611 1928.512451 130.015961 930.610229 466.665436 930.670227 656.663269
131.000000 1502.059814 574.093262 1563.787720 463.587189 476.825623 1191.278076 564.238525 1056.269653
208.000000 1833.984863 506.848785 1729.617432 442.713593 769.268311 995.851074 639.531067 1008.537598
151.000000 2340.858643 823.590149 2262.062500 731.082458 1876.975342 962.134155 1733.699829 915.539734
157.000000 2079.353271 124.364540 1982.079102 63.351810 1166.591797 539.614075 1019.637329 568.130920
250.000000 1641.386719 378.838898 1539.412354 423.005951 630.957458 983.529846 537.380066 1054.405518
133.000000 2173.561035 321.032501 2276.309570 298.380585 1103.220093 679.340820 1260.402222 652.341248
173.000000 1686.584229 479.799652 1590.345581 519.406982 630.676392 1044.606812 534.196472 1147.687988
