Keypoint Matches and Line Matches for pairs 0, 9 
0 corresponds to the image ./resources/Data/HerzP25/images/0000.png 
9 corresponds to the image ./resources/Data/HerzP25/images/0009.png 

479.000000 2431.902100 676.898743 959.125244 722.989441
271.000000 2492.287598 928.687561 1141.582275 990.864502
78.000000 2427.668213 1363.012817 516.406860 1553.605103
109.000000 2415.688965 1076.428833 487.735260 1207.098877
70.000000 2446.082275 1046.288086 1134.464355 1189.908936
67.000000 2463.737061 1329.974854 447.394379 1516.732666
104.000000 2383.310059 1083.190552 451.089355 1206.442017
88.000000 2377.349854 1363.038330 392.654144 1526.937012
117.000000 2366.114502 1083.087891 1057.889160 1206.721802
375.000000 2134.105469 933.906494 199.963852 1149.243652
175.000000 2466.906494 739.275635 1064.432861 802.219055
108.000000 2476.820312 1330.499023 457.627838 1513.755005
65.000000 2463.935791 1076.298218 1118.467896 1179.942261
37.000000 2787.384033 433.326874 2850.484131 165.920746
124.000000 2433.719727 1083.316895 511.760376 1216.832520
125.000000 2444.239502 1330.103516 484.123199 1510.074463
541.000000 2435.729492 913.119324 1019.667603 1010.007385
386.000000 2309.402588 293.161896 479.994202 226.586151
41.000000 2503.333740 1469.952271 1069.984619 1673.939575
468.000000 2735.670166 1139.676392 2650.743896 1193.453735
8.000000 2821.269043 686.822205 2357.085449 404.087555
9.000000 2646.588867 583.464722 1610.351807 446.232819
205.000000 2180.074707 1459.784668 101.968018 1649.911255
50.000000 2873.565430 1497.970581 1816.578491 1659.128296
148.000000 2351.900391 1063.251465 539.065308 1177.164185
149.000000 2360.244385 1256.799805 515.678406 1446.580933
1552.000000 2181.642090 872.969238 269.000000 1070.000000
1017.000000 2195.408447 683.000610 394.000000 855.000000
210.000000 2348.255615 586.556274 743.789062 694.582825
480.000000 2468.493652 733.027649 1064.419678 793.389771
10.000000 2638.435059 603.643494 1603.050781 478.391571
1418.000000 2752.707520 703.420837 1831.000000 506.000000
183.000000 2811.510498 1209.907349 2176.429932 1296.681030
63.000000 2483.326904 1529.924072 616.671143 1740.643188
1120.000000 2392.573730 1002.135498 604.000000 1137.000000
77.000000 2873.317627 1471.104126 2594.063965 1637.089111
540.000000 2234.614502 803.577637 933.941956 932.658752
42.000000 2628.024414 361.454041 1629.852905 154.810745
493.000000 2813.572998 1062.087402 2277.108887 1016.411072
5.000000 2209.828613 1605.635620 3.327785 1844.682861
491.000000 2284.373047 717.131714 868.493652 834.727966
411.000000 2511.781738 1183.412598 1020.351013 1350.358154
453.000000 2914.164795 1329.943115 2412.651123 1433.396973
282.000000 2763.194092 870.024353 2064.156006 756.606934
1384.000000 2449.275635 1003.037231 1114.000000 1070.000000
256.000000 2636.710205 443.331177 1436.863892 161.693329
314.000000 2340.858643 823.590149 988.310974 901.582825
315.000000 2262.062500 731.082458 828.734131 849.968872
34.000000 2213.433105 1598.711914 3.312972 1835.388794
971.000000 2311.872559 1320.082031 598.000000 1475.000000
714.000000 2305.872314 1213.190796 611.000000 1219.000000
87.000000 2178.109619 1350.156372 381.315948 1529.796631
1570.000000 2508.037109 1486.788940 431.000000 1680.000000
1410.000000 2654.679932 1063.336670 1577.000000 1068.000000
639.000000 2674.000000 1406.000000 1218.000000 1475.000000
1369.000000 2673.000000 1068.000000 1518.000000 1038.000000
1557.000000 2873.000000 782.000000 2865.000000 544.000000
988.000000 2736.000000 713.000000 1884.000000 581.000000
871.000000 2975.000000 796.000000 2432.000000 462.000000
1419.000000 2604.000000 1001.000000 1470.000000 1053.000000
1258.000000 2934.000000 912.000000 2524.000000 729.000000
1519.000000 2399.000000 1062.000000 1325.000000 1192.000000
1183.000000 2264.000000 582.000000 606.000000 693.000000
568.000000 2586.000000 1281.000000 1252.592896 1426.503662
1007.000000 2211.000000 678.000000 439.000000 827.000000
1390.000000 2908.000000 552.000000 2881.000000 177.000000
957.000000 2312.000000 550.000000 726.000000 652.000000
1514.000000 2784.000000 642.000000 2230.000000 366.000000
557.000000 2379.000000 601.000000 903.558960 689.622681
1137.000000 2241.000000 1283.000000 373.000000 1437.000000
840.000000 2945.000000 852.000000 2806.000000 577.000000
1003.000000 2476.000000 705.000000 1041.000000 742.000000
1301.000000 2940.000000 520.000000 2938.000000 22.000000
368.000000 2134.000000 1287.000000 153.331604 1406.379395
1010.000000 3009.000000 284.000000 3030.000000 437.000000
686.000000 2642.000000 1464.000000 1296.000000 1672.000000
1078.000000 2694.000000 602.000000 2060.000000 401.000000
1555.000000 2547.000000 1191.000000 1171.000000 1359.000000
374.000000 1986.000000 933.000000 53.154617 1156.261108
655.000000 2064.000000 1384.000000 18.000000 1582.000000
259.000000 2625.000000 542.000000 1563.460693 285.081024
851.000000 1966.000000 286.000000 179.000000 578.000000
730.000000 2951.000000 508.000000 2932.000000 75.000000
783.000000 2399.000000 1437.000000 401.000000 1680.000000
1501.000000 2821.000000 602.000000 2732.000000 318.000000
1456.000000 2211.000000 901.000000 373.000000 1090.000000
1139.000000 2239.000000 650.000000 497.000000 792.000000
1321.000000 2568.000000 1249.000000 1222.000000 1383.000000
823.000000 2130.000000 1051.000000 187.000000 1259.000000
1571.000000 2761.000000 1431.000000 1561.000000 1419.000000
1090.000000 2487.000000 1210.000000 496.000000 1366.000000
1550.000000 2680.000000 1239.000000 2294.000000 1358.000000
1274.000000 2093.000000 832.000000 159.000000 1061.000000
1436.000000 2381.000000 561.000000 890.000000 650.000000
675.000000 2486.000000 733.000000 1070.000000 767.000000
899.000000 2194.000000 1430.000000 243.000000 1626.000000
1104.000000 2639.000000 951.000000 1485.000000 955.000000
1314.000000 2610.000000 1113.000000 1353.000000 1115.000000
960.000000 2946.000000 977.000000 3053.000000 765.000000
954.000000 2686.000000 1333.000000 1252.000000 1470.000000
1465.000000 2823.000000 910.000000 2474.000000 811.000000
744.000000 2990.000000 1431.000000 2599.000000 1508.000000
258.000000 2608.000000 481.000000 1373.256104 298.940918
1243.000000 2572.000000 999.000000 1258.000000 1040.000000
890.000000 2794.000000 772.000000 1721.000000 552.000000
1277.000000 2497.000000 762.000000 1118.000000 828.000000
1362.000000 3027.000000 630.000000 2885.000000 34.000000
1473.000000 2322.000000 247.000000 181.000000 115.000000
1295.000000 2283.000000 939.000000 1031.000000 1054.000000
198.000000 2251.000000 626.000000 533.036621 778.529175
1516.000000 2698.000000 580.000000 1784.000000 378.000000
1075.000000 2164.000000 438.000000 352.000000 654.000000
927.000000 2149.000000 938.000000 352.000000 1128.000000
1525.000000 2378.000000 1031.000000 514.000000 1147.000000
1281.000000 2748.000000 862.000000 1891.000000 741.000000
725.000000 2329.000000 547.000000 685.000000 662.000000
448.000000 2663.000000 1368.000000 1536.713989 1537.451294
1156.000000 2796.000000 800.000000 2470.000000 592.000000
1383.000000 2578.000000 800.000000 1248.000000 750.000000
785.000000 2560.000000 1315.000000 1185.000000 1468.000000
839.000000 1967.000000 306.000000 38.000000 647.000000
1080.000000 2259.000000 925.000000 356.000000 1088.000000
1467.000000 2592.000000 1025.000000 1346.000000 1078.000000
1480.000000 2633.000000 1286.000000 932.000000 1385.000000
1027.000000 2602.000000 1155.000000 1507.000000 1294.000000
389.000000 2142.000000 698.000000 163.348633 880.286072
893.000000 2850.000000 669.000000 2377.000000 385.000000
1375.000000 2309.000000 585.000000 676.000000 704.000000
736.000000 2292.000000 485.000000 595.000000 604.000000
508.000000 2724.000000 881.000000 1876.610107 756.668518
1412.000000 2183.000000 1031.000000 290.000000 1226.000000
517.000000 2373.000000 1575.000000 493.336884 1775.339111
1472.000000 2558.000000 1245.000000 1190.000000 1380.000000
1320.000000 2431.000000 609.000000 930.000000 660.000000
1096.000000 2914.000000 902.000000 2940.000000 674.000000
1422.000000 2292.000000 443.000000 590.000000 530.000000
924.000000 2147.000000 428.000000 170.000000 521.000000
1395.000000 2539.000000 496.000000 1286.000000 435.000000
1435.000000 2263.000000 1479.000000 328.000000 1673.000000
969.000000 2130.000000 1036.000000 190.000000 1244.000000
1005.000000 2678.000000 681.000000 1463.000000 480.000000
1143.000000 2253.000000 640.000000 540.000000 780.000000

67.000000 2516.906738 1003.129883 2431.902100 676.898743 1249.270508 993.131409 1134.593262 727.044006
135.000000 2385.489014 646.216858 2492.287598 928.687561 1057.456299 822.931458 1141.582275 990.864502
33.000000 2401.070557 1069.954712 2413.619141 1366.795532 478.828674 1170.196167 447.394379 1516.732666
39.000000 2427.668213 1363.012817 2415.688965 1076.428833 516.406860 1553.605103 546.475098 1213.611206
52.000000 2383.310059 1083.190552 2395.391846 1363.388306 451.089355 1206.442017 420.002319 1517.000610
96.000000 2481.624023 1066.595093 2493.533203 1336.804810 659.109985 1139.030518 639.121826 1363.551880
87.000000 2466.906494 739.275635 2520.156982 1001.950012 1161.371704 1023.559753 1064.432861 802.219055
24.000000 2813.803467 423.670593 2603.120850 259.332397 2749.083252 93.873924 2337.146973 36.548409
45.000000 2476.820312 1330.499023 2463.935791 1076.298218 1074.063477 1516.697266 1087.729736 1190.044434
62.000000 2433.719727 1083.316895 2444.239502 1330.103516 511.760376 1216.832520 484.123199 1510.074463
9.000000 2779.532471 901.811157 2831.197510 1112.220825 2914.596924 1297.815918 2831.970947 669.740723
20.000000 2289.988281 1467.882690 2503.333740 1469.952271 616.605347 1662.412598 1069.984619 1673.939575
4.000000 2821.269043 686.822205 2646.588867 583.464722 2357.085449 404.087555 1610.351807 446.232819
74.000000 2351.900391 1063.251465 2360.244385 1256.799805 539.065308 1177.164185 515.678406 1446.580933
107.000000 2181.642090 872.969238 2195.408447 683.000610 472.672211 909.915955 408.324524 1110.659302
105.000000 2348.255615 586.556274 2468.493652 733.027649 743.789062 694.582825 957.572388 712.566528
5.000000 2638.435059 603.643494 2800.803467 698.626465 1603.050781 478.391571 2346.812012 435.874695
28.000000 2689.010254 1353.183228 2677.483643 1173.281006 1650.109253 1643.254517 1645.769043 1269.932983
61.000000 2822.170898 1383.609253 2811.510498 1209.907349 2359.914307 1545.900024 2348.525635 1250.056763
31.000000 2483.326904 1529.924072 2313.435791 1544.525757 969.997925 1741.234131 616.671143 1740.643188
272.000000 2234.614502 803.577637 2294.700195 958.173157 933.941956 932.658752 1019.667603 1010.007385
21.000000 2628.024414 361.454041 2762.124756 458.339600 1629.852905 154.810745 2080.193604 119.109741
230.000000 2699.061523 696.602356 2700.858154 856.657043 1800.085938 629.924500 1802.955688 759.934753
19.000000 2769.661621 433.772675 2654.543701 345.095490 2196.669189 66.697990 1733.315796 103.110382
206.000000 2511.781738 1183.412598 2504.626709 1043.267334 1020.351013 1350.358154 1033.668091 1213.365845
157.000000 2340.858643 823.590149 2262.062500 731.082458 988.310974 901.582825 828.734131 849.968872
17.000000 2213.433105 1598.711914 2323.290039 1607.225586 3.312972 1835.388794 523.328003 1840.540039
133.000000 2654.948730 956.704346 2654.679932 1063.336670 1782.000122 892.212891 1690.339233 1056.855591
238.000000 1953.095947 120.347931 2040.172363 179.747269 43.299294 499.180603 170.024216 493.916290
