Keypoint Matches and Line Matches for pairs 10, 16 
10 corresponds to the image ./resources/Data/HerzP25/images/0010.png 
16 corresponds to the image ./resources/Data/HerzP25/images/0016.png 

386.000000 1437.371216 1146.628052 2949.062256 1249.717285
369.000000 240.003555 1083.007324 3058.853271 1063.130737
66.000000 483.027252 998.354614 2536.571289 952.600769
107.000000 574.620178 526.136475 2867.488281 474.554169
383.000000 684.194641 515.414917 2947.737305 476.907257
199.000000 627.139404 645.595154 2874.356445 640.627563
1.000000 3.040160 391.520233 2043.491333 168.262665
135.000000 250.250183 351.547241 2423.481201 198.177063
139.000000 598.241516 589.721497 2897.785156 565.404785
172.000000 583.693420 530.886658 2875.174561 490.263580
173.000000 769.541138 574.385620 3078.623291 612.289368
138.000000 475.704895 611.739197 2634.211670 545.205994
1224.000000 676.611755 412.702545 2923.000000 355.000000
89.000000 493.300537 413.649017 2752.094482 325.505920
220.000000 596.109375 624.671387 2819.422852 574.206055
178.000000 608.830750 553.189819 2876.571533 510.706390
179.000000 436.995514 610.977844 2639.853271 519.287292
295.000000 444.852570 608.182373 2639.430908 525.051636
296.000000 323.330658 729.989563 2501.250732 634.026001
92.000000 691.293640 403.905487 2998.298340 369.762421
738.000000 381.374573 441.034393 2647.000000 339.000000
190.000000 70.207077 548.341431 2219.974609 380.321198
191.000000 233.110641 528.198914 2446.810059 398.180115
198.000000 518.689941 667.980042 2655.005615 603.462830
324.000000 595.704712 771.918213 2767.848633 726.850647
145.000000 723.061829 440.470612 3075.184570 442.270569
118.000000 810.624512 598.916931 3069.005859 560.117310
321.000000 199.614182 417.237762 2376.659912 260.078339
322.000000 333.136108 398.587952 2543.508545 274.660767
163.000000 129.680511 655.745300 2323.603516 520.038879
424.000000 691.781982 683.497375 2868.350098 681.624268
317.000000 686.341431 683.805176 2870.326660 678.864258
318.000000 570.040649 697.024292 2707.537598 632.047607
654.000000 732.000000 952.000000 2772.000000 929.000000
1509.000000 448.000000 186.000000 2885.000000 100.000000
839.000000 615.000000 960.000000 2640.000000 925.000000
1474.000000 395.000000 520.000000 2642.000000 425.000000
897.000000 236.000000 664.000000 2469.000000 554.000000
725.000000 151.000000 849.000000 2392.000000 702.000000
1073.000000 398.000000 426.000000 2581.000000 301.000000
1327.000000 477.000000 826.000000 2539.000000 745.000000
1055.000000 326.000000 569.000000 2565.000000 464.000000
1351.000000 80.000000 410.000000 2200.000000 217.000000
981.000000 408.000000 151.000000 2617.000000 23.000000
1074.000000 796.000000 948.000000 2842.000000 932.000000
737.000000 508.000000 473.000000 2770.000000 399.000000
694.000000 715.000000 953.000000 2752.000000 928.000000
856.000000 482.000000 392.000000 2693.000000 296.000000
1202.000000 165.000000 806.000000 2407.000000 657.000000
1497.000000 447.000000 968.000000 2419.000000 874.000000
1195.000000 586.000000 464.000000 2860.000000 407.000000
936.000000 751.000000 367.000000 3009.000000 333.000000
1264.000000 511.000000 157.000000 2820.000000 67.000000
794.000000 449.000000 416.000000 2709.000000 316.000000
1142.000000 508.000000 913.000000 2505.000000 860.000000
850.000000 549.000000 274.000000 2792.000000 187.000000
1568.000000 630.000000 945.000000 2735.000000 913.000000
1321.000000 681.000000 89.000000 2916.000000 51.000000
927.000000 209.000000 671.000000 2435.000000 557.000000
888.000000 546.000000 466.000000 2816.000000 401.000000
844.000000 624.000000 465.000000 2904.000000 417.000000
1018.000000 69.000000 232.000000 2142.000000 15.000000
1479.000000 227.000000 686.000000 2451.000000 575.000000
1475.000000 375.000000 386.000000 2606.000000 272.000000
855.000000 844.000000 952.000000 3022.000000 958.000000
909.000000 401.000000 249.000000 2612.000000 120.000000
1574.000000 595.000000 848.000000 2716.000000 819.000000
1420.000000 605.000000 121.000000 2866.000000 53.000000
1163.000000 631.000000 178.000000 2843.000000 116.000000
1411.000000 431.000000 500.000000 2683.000000 412.000000
685.000000 513.000000 177.000000 2670.000000 75.000000
1053.000000 527.000000 446.000000 2791.000000 376.000000
656.000000 236.000000 633.000000 2464.000000 519.000000
884.000000 313.000000 1252.000000 3027.000000 1333.000000
879.000000 110.000000 843.000000 2340.000000 740.000000
618.000000 695.000000 955.000000 2732.000000 928.000000
1196.000000 140.000000 347.000000 2274.000000 162.000000
1088.000000 265.000000 899.000000 2556.000000 821.000000
698.000000 684.000000 163.000000 2925.000000 101.000000
1522.000000 630.000000 1123.000000 2658.000000 1109.000000
620.000000 612.000000 1191.000000 2667.000000 1171.000000
1260.000000 749.000000 273.000000 3000.000000 231.000000
1483.000000 533.000000 275.000000 2776.000000 182.000000
1258.000000 203.000000 724.000000 2427.000000 614.000000
1375.000000 400.000000 412.000000 2602.000000 337.000000
1150.000000 620.000000 200.000000 2840.000000 138.000000
957.000000 753.000000 355.000000 3025.000000 334.000000
683.000000 535.000000 965.000000 2547.000000 921.000000
900.000000 501.000000 967.000000 2507.000000 919.000000
1300.000000 653.000000 133.000000 2887.000000 75.000000
1205.000000 470.000000 486.000000 2727.000000 404.000000
1490.000000 169.000000 782.000000 2405.000000 678.000000
1493.000000 1211.000000 1367.000000 2215.000000 1367.000000
1438.000000 371.000000 560.000000 2574.000000 481.000000
85.000000 397.000000 141.000000 2602.802002 13.382309
860.000000 71.000000 338.000000 2175.000000 130.000000
1052.000000 114.000000 1109.000000 2387.000000 1050.000000
1128.000000 387.000000 254.000000 2580.000000 145.000000
792.000000 473.000000 1381.000000 2535.000000 1371.000000
1537.000000 433.000000 1294.000000 2975.000000 1281.000000
1124.000000 655.000000 156.000000 2848.000000 92.000000
1220.000000 1615.000000 1565.000000 1692.000000 1561.000000
1448.000000 815.000000 946.000000 2881.000000 933.000000
364.000000 458.000000 307.000000 2653.840820 186.065933
1361.000000 1454.000000 1286.000000 2745.000000 1307.000000
1530.000000 235.000000 314.000000 2496.000000 118.000000
572.000000 481.000000 1122.000000 2505.696777 1093.395142
1131.000000 446.000000 472.000000 2697.000000 385.000000
70.000000 375.000000 548.000000 2579.798584 457.349426
436.000000 271.000000 757.000000 2460.344238 644.259033
1094.000000 369.000000 513.000000 2610.000000 412.000000
71.000000 587.000000 485.000000 2946.319092 451.511078
1393.000000 475.000000 417.000000 2745.000000 334.000000
1167.000000 454.000000 177.000000 2664.000000 61.000000
745.000000 151.000000 1068.000000 2405.000000 1003.000000
262.000000 42.000000 942.000000 2300.269775 843.363892
1564.000000 566.000000 235.000000 2805.000000 157.000000
285.000000 658.000000 222.000000 2950.132812 166.654236
1473.000000 769.000000 515.000000 3032.000000 473.000000
1496.000000 333.000000 537.000000 2570.000000 431.000000
778.000000 660.000000 323.000000 2930.000000 293.000000
1181.000000 119.000000 1385.000000 3009.000000 1519.000000
1546.000000 154.000000 549.000000 2466.000000 365.000000
253.000000 111.000000 425.000000 2246.655518 250.148941
1166.000000 662.000000 471.000000 2948.000000 432.000000
995.000000 372.000000 896.000000 2416.000000 809.000000
250.000000 52.000000 614.000000 2206.716797 455.904297
1436.000000 188.000000 742.000000 2423.000000 634.000000
1435.000000 96.000000 334.000000 2128.000000 127.000000
79.000000 554.000000 400.000000 2828.456787 338.565582
1084.000000 346.000000 872.000000 2489.000000 833.000000
803.000000 731.000000 83.000000 2980.000000 45.000000
1247.000000 727.000000 467.000000 3021.000000 441.000000
1434.000000 733.000000 964.000000 2763.000000 938.000000
676.000000 153.000000 980.000000 2398.000000 904.000000
1299.000000 83.000000 1819.000000 2642.000000 1868.000000
1511.000000 153.000000 1370.000000 2108.000000 1284.000000
651.000000 2877.000000 1514.000000 152.000000 1393.000000
1561.000000 435.000000 882.000000 2953.000000 877.000000
785.000000 633.000000 959.000000 2661.000000 925.000000
891.000000 421.000000 1293.000000 2693.000000 1315.000000
938.000000 106.000000 792.000000 2350.000000 663.000000
1303.000000 1149.000000 1367.000000 2656.000000 1425.000000
1577.000000 298.000000 567.000000 2532.000000 457.000000
263.000000 89.000000 784.000000 2321.023926 660.115967
1323.000000 551.000000 295.000000 2803.000000 219.000000
1165.000000 53.000000 1376.000000 2394.000000 1361.000000

9.000000 2336.330811 31.097553 1436.606445 166.265747 1846.455688 139.041031 1249.760620 86.027046
193.000000 1432.422485 1483.417847 1437.371216 1146.628052 2966.798828 1399.984375 2949.062256 1249.717285
35.000000 303.404602 605.440186 610.457825 481.308441 2579.798584 457.349426 2946.319092 451.511078
33.000000 483.027252 998.354614 806.776367 978.450623 2536.571289 952.600769 2906.684082 966.189087
53.000000 328.927063 651.659729 574.620178 526.136475 2565.752686 514.911560 2867.488281 474.554169
59.000000 684.194641 515.414917 431.080200 550.334961 3069.005859 560.117310 2805.561768 447.042053
99.000000 408.149323 768.108826 627.139404 645.595154 2655.005615 603.462830 2874.356445 640.627563
67.000000 3.040160 391.520233 250.250183 351.547241 2153.097656 176.237823 2423.481201 198.177063
131.000000 207.589157 972.667542 266.199066 760.442505 2300.269775 843.363892 2321.023926 660.115967
69.000000 407.204773 684.357422 598.241516 589.721497 2634.211670 545.205994 2897.785156 565.404785
39.000000 501.239044 412.973938 313.793396 511.182587 2482.642822 431.730347 2828.456787 338.565582
63.000000 441.651367 552.824097 281.865265 679.760071 2818.382324 447.662720 2548.466064 517.984009
86.000000 583.693420 530.886658 769.541138 574.385620 2875.174561 490.263580 3078.623291 612.289368
291.000000 336.871399 739.945374 475.704895 611.739197 2484.225098 620.899841 2570.754883 534.085632
119.000000 775.361816 614.111938 597.934265 552.987122 3079.462402 657.618713 2920.442383 536.087646
75.000000 1944.879272 486.710205 1940.412476 303.323273 1308.046021 460.026062 1312.835449 206.657257
44.000000 676.611755 412.702545 493.300537 413.649017 3077.347900 412.540283 2752.094482 325.505920
110.000000 596.109375 624.671387 432.071167 704.187866 2819.422852 574.206055 2612.813965 594.785278
89.000000 608.830750 553.189819 436.995514 610.977844 2876.571533 510.706390 2639.853271 519.287292
148.000000 444.852570 608.182373 323.330658 729.989563 2639.430908 525.051636 2501.250732 634.026001
184.000000 381.374573 441.034393 238.031174 525.645020 2652.749756 345.434174 2512.748291 411.724335
190.000000 535.512512 708.617920 424.751495 832.315674 2667.255615 634.319580 2535.735107 712.858154
95.000000 70.207077 548.341431 233.110641 528.198914 2219.974609 380.321198 2446.810059 398.180115
46.000000 706.737061 270.033386 705.134583 113.383102 2998.298340 369.762421 2982.990479 49.856899
109.000000 595.704712 771.918213 748.851990 753.688904 2775.797852 728.308899 2913.821045 887.577942
192.000000 810.624512 598.916931 687.774597 528.078552 2947.737305 476.907257 3075.583496 557.847290
201.000000 895.906006 876.101257 865.717834 738.743347 2958.332520 805.125183 3002.453369 948.215698
161.000000 199.614182 417.237762 333.136108 398.587952 2376.659912 260.078339 2543.508545 274.660767
163.000000 2081.159912 597.355530 1962.129761 545.144531 1730.670776 660.855042 1592.833984 565.886841
81.000000 3.226253 665.240601 129.680511 655.745300 2079.994629 500.066803 2323.603516 520.038879
72.000000 489.207489 438.416382 613.951355 426.433594 2827.320801 353.005646 3075.184570 442.270569
212.000000 797.035706 742.677002 691.781982 683.497375 2971.810791 784.859070 2868.350098 681.624268
159.000000 686.341431 683.805176 570.040649 697.024292 2870.326660 678.864258 2707.537598 632.047607
