Keypoint Matches and Line Matches for pairs 10, 21 
10 corresponds to the image ./resources/Data/HerzP25/images/0010.png 
21 corresponds to the image ./resources/Data/HerzP25/images/0021.png 

14.000000 1385.972168 185.342987 2493.675781 462.196655
4.000000 923.313782 1823.790649 2276.760986 1954.384155
19.000000 1417.843872 141.175232 2527.474365 422.008575
21.000000 1436.606445 166.265747 2546.778809 444.050049
6.000000 896.547241 1773.201294 2213.328857 1910.126709
7.000000 3.337966 1739.875854 1276.645996 1877.255493
33.000000 1553.259155 875.667969 2679.788574 1083.888672
34.000000 1563.135864 867.335938 2683.374512 1077.199463
27.000000 813.429871 1598.966309 1996.793945 1753.517456
40.000000 902.818237 1046.473511 2053.194580 1246.580688
41.000000 883.054932 1440.153320 2063.069580 1613.430176
187.000000 1736.641602 1584.322144 2863.261719 1755.262451
86.000000 832.065796 1440.115479 1972.975464 1580.072266
65.000000 853.307922 1060.184937 1999.881958 1256.594360
66.000000 319.155334 1453.552246 1444.529663 1626.703125
67.000000 351.117371 1090.098267 1454.602539 1296.603638
62.000000 380.572357 1093.384155 1478.602417 1293.291992
63.000000 348.648071 1453.213379 1468.742432 1626.629517
44.000000 1430.071655 1585.871704 2686.666992 1743.312256
45.000000 1069.948730 1579.622314 2329.981934 1737.844604
118.000000 1506.613525 1755.106445 2763.254883 1912.430420
70.000000 176.282089 1423.618530 1331.160034 1600.180420
71.000000 210.158325 1073.348633 1344.155273 1276.565796
92.000000 272.220734 1080.201172 1391.167236 1283.371704
93.000000 241.748001 1416.523071 1381.094238 1590.035889
50.000000 839.961670 985.995300 1920.154175 1195.920776
51.000000 503.250458 1005.214905 1573.328613 1216.588135
82.000000 240.003555 1083.007324 1367.994385 1283.258301
83.000000 207.335327 1416.732178 1356.391968 1593.322998
90.000000 251.073166 1413.750000 1389.868042 1590.111084
91.000000 282.609863 1080.246826 1400.514648 1283.351196
413.000000 619.985413 1800.415039 1919.921875 1931.828857
100.000000 310.163269 1090.015015 1423.574219 1293.340820
101.000000 280.507935 1413.379883 1414.608765 1583.372803
38.000000 483.027252 998.354614 1549.843872 1210.929199
39.000000 806.776367 978.450623 1923.334351 1186.682739
47.000000 873.268738 1053.329834 2034.663330 1246.543945
26.000000 443.254364 1568.818359 1553.510864 1735.606079
78.000000 1066.623169 1580.934937 2324.881104 1743.656128
127.000000 1746.671021 1046.762939 2813.369385 1247.367432
80.000000 1644.622192 1116.651489 2730.360352 1323.297852
30.000000 227.498749 588.634521 1335.611938 841.889465
110.000000 1661.545776 1446.807251 2772.956299 1636.366577
111.000000 1658.165039 1163.315430 2744.512939 1356.208496
177.000000 433.802216 1021.202393 1513.913330 1226.550781
178.000000 156.886230 997.441101 1303.456909 1208.555420
68.000000 328.927063 651.659729 1442.170044 887.742981
190.000000 1896.732910 539.193665 3069.101074 767.959717
159.000000 1681.233643 544.920837 2848.085693 779.725037
142.000000 1497.029907 616.845825 2636.752686 847.470703
143.000000 1243.307251 643.080688 2393.355469 873.539551
132.000000 1249.744995 564.289062 2389.959717 802.977173
133.000000 1486.901245 538.853455 2636.862793 775.068298
114.000000 1069.971924 1587.463745 2296.620850 1745.881592
115.000000 1306.697632 1595.786377 2573.317871 1750.854004
20.000000 1919.907104 86.045311 3069.828369 362.236755
152.000000 926.741821 390.612030 2039.860474 655.589478
153.000000 1145.893555 363.703247 2266.183350 626.269714
124.000000 407.204773 684.357422 1501.537231 919.450378
871.000000 1495.619995 874.509277 2649.000000 1067.000000
722.000000 1654.774536 509.076172 2794.000000 753.000000
440.000000 1492.729126 620.631104 2642.858643 852.661621
131.000000 1363.269287 496.125183 2499.987305 739.898438
405.000000 336.871399 739.945374 1443.987183 980.677856
407.000000 1370.187256 238.006256 2489.785400 508.562042
274.000000 596.109375 624.671387 1720.629639 865.925415
107.000000 1606.854126 414.873779 2773.459961 657.617615
258.000000 1376.471802 935.183228 2561.974609 1135.541504
259.000000 1414.598267 758.832153 2584.359131 975.875854
9.000000 606.656677 1796.966309 1916.626953 1930.947266
241.000000 1481.878052 955.693298 2662.147949 1149.808716
447.000000 1637.807373 333.315613 2773.810303 603.727295
432.000000 1033.344238 1626.016113 2269.968506 1780.734375
176.000000 323.330658 729.989563 1434.463867 960.587830
349.000000 1210.037354 1561.563843 2440.057373 1721.293213
1515.000000 790.119812 1426.676270 1949.000000 1583.000000
292.000000 842.640198 474.812775 1955.814087 726.950012
293.000000 691.293640 403.905487 1813.926147 671.807983
580.000000 238.031174 525.645020 1367.693237 789.003296
242.000000 1153.471680 97.545776 2250.249512 391.498169
243.000000 1316.439331 71.889008 2413.496338 364.312714
223.000000 1196.854614 691.672241 2340.366455 919.509338
224.000000 1360.739868 673.248230 2517.104248 896.727295
282.000000 70.207077 548.341431 1200.182251 811.373596
283.000000 233.110641 528.198914 1353.469849 791.028564
108.000000 1685.834473 1156.673462 2770.480957 1356.613159
186.000000 518.689941 667.980042 1610.501587 920.602234
248.000000 1376.592773 19.430618 2476.509521 315.594543
249.000000 1217.538696 40.057892 2314.218262 339.372528
84.000000 1490.079834 1799.682495 2759.845947 1950.819702
1437.000000 705.134583 113.383102 1799.000000 430.000000
262.000000 1090.006714 1693.096680 2333.315186 1843.913452
263.000000 1243.310303 1697.472412 2493.367188 1848.918945
193.000000 973.455811 560.244141 2100.850098 796.532837
297.000000 1670.667358 527.625793 2829.859619 759.794128
298.000000 1549.178101 612.152039 2705.365967 844.760742
450.000000 781.483215 1426.767212 1938.578125 1593.300903
371.000000 472.213226 1096.676636 1545.343384 1300.585205
372.000000 473.524506 1243.361450 1562.405762 1436.364380
426.000000 751.142090 387.526581 1846.894531 651.495056
375.000000 189.963684 113.141716 1286.941528 431.431335
376.000000 46.721981 140.291824 1152.794067 457.191833
353.000000 53.566120 91.226120 1153.191162 415.946014
354.000000 196.799408 64.032471 1290.436035 388.877472
162.000000 866.676514 734.076233 1996.737915 961.868164
228.000000 847.338135 512.169434 1970.893799 762.183838
422.000000 810.624512 598.916931 1937.833862 831.086853
437.000000 895.906006 876.101257 2027.640259 1094.078613
438.000000 865.717834 738.743347 1989.552002 973.474792
139.000000 811.580750 602.305298 1938.285400 838.248718
351.000000 329.367859 803.825378 1422.583862 1043.569336
352.000000 409.032288 692.639954 1507.208252 932.020020
212.000000 1126.770630 1109.402588 2313.341064 1300.176514
156.000000 1909.825562 169.973145 3070.302734 425.896362
358.000000 846.405273 221.712845 1946.898438 508.104309
359.000000 980.026062 200.161606 2083.245361 486.120544
443.000000 199.614182 417.237762 1323.264526 692.856506
444.000000 333.136108 398.587952 1446.437012 675.075806
250.000000 1223.363037 1612.176392 2463.379883 1767.922119
471.000000 1318.467651 1316.698486 2531.270264 1493.240723
472.000000 1316.170776 1446.657959 2540.029541 1613.331177
305.000000 1023.039307 1568.702759 2266.343994 1725.660522
306.000000 893.216248 1573.495972 2116.570557 1730.051880
273.000000 1509.922852 1788.997192 2766.614258 1941.216553
409.000000 3.226253 665.240601 1133.281372 916.128235
410.000000 129.680511 655.745300 1263.039307 903.617676
196.000000 396.666687 1596.693115 1563.332642 1752.683594
441.000000 983.069763 241.159088 2086.468506 521.764893
442.000000 1106.608032 226.182541 2209.937744 506.174042
589.000000 255.365173 1466.537842 1414.324707 1639.757568
590.000000 243.116852 1590.308472 1409.757568 1746.656250
272.000000 1649.829590 1793.943848 2923.563965 1947.977295
403.000000 976.923767 238.239182 2080.489258 519.537598
404.000000 856.332397 257.955719 1949.741821 541.818604
299.000000 797.035706 742.677002 1876.975342 962.134155
529.000000 1549.567627 602.759094 2713.204590 829.817566
530.000000 1644.897217 530.983276 2805.367188 764.824036
491.000000 1046.801270 367.625366 2160.290283 631.921631
492.000000 930.095825 384.015808 2043.273315 649.602417
288.000000 570.040649 697.024292 1651.221313 931.559021
513.000000 1429.392090 853.141541 2600.913574 1066.946655
514.000000 1464.277588 742.579529 2634.602051 957.055603
393.000000 1303.287231 109.683998 2406.314941 397.661346
493.000000 1260.083374 203.872818 2367.033691 482.249451
494.000000 1373.287720 186.371353 2483.324707 463.280762
423.000000 1536.659302 309.940308 2652.954346 570.459839
424.000000 1650.326782 295.996887 2780.048096 553.698425
1575.000000 732.000000 952.000000 1804.000000 1165.000000
655.000000 1339.000000 1549.000000 2575.000000 1708.000000
983.000000 578.000000 73.000000 1662.000000 384.000000
875.000000 395.000000 520.000000 1516.000000 779.000000
1063.000000 236.000000 664.000000 1368.000000 909.000000
846.000000 151.000000 849.000000 1291.000000 1076.000000
703.000000 360.000000 542.000000 1482.000000 799.000000
1418.000000 1864.000000 1024.000000 2935.000000 1224.000000
677.000000 1596.000000 76.000000 2696.000000 361.000000
1021.000000 125.000000 1176.000000 1285.000000 1369.000000
686.000000 326.000000 569.000000 1450.000000 823.000000
723.000000 80.000000 410.000000 1197.000000 689.000000
1484.000000 1042.000000 887.000000 2163.000000 1101.000000
1158.000000 433.000000 176.000000 1534.000000 477.000000
981.000000 1718.000000 1490.000000 2837.000000 1683.000000
798.000000 146.000000 163.000000 1248.000000 474.000000
941.000000 1317.000000 652.000000 2468.000000 881.000000
1128.000000 508.000000 473.000000 1627.000000 736.000000
897.000000 1351.000000 1512.000000 2585.000000 1674.000000
1420.000000 715.000000 953.000000 1786.000000 1166.000000
1252.000000 482.000000 392.000000 1600.000000 665.000000
1126.000000 403.000000 1258.000000 1498.000000 1447.000000
1051.000000 165.000000 806.000000 1302.000000 1037.000000
747.000000 264.000000 629.000000 1393.000000 878.000000
1207.000000 892.000000 1538.000000 2100.000000 1699.000000
861.000000 586.000000 464.000000 1704.000000 726.000000
31.000000 565.000000 393.000000 1706.993164 669.196899
1391.000000 751.000000 367.000000 1864.000000 639.000000
1397.000000 449.000000 416.000000 1563.000000 687.000000
1289.000000 934.000000 89.000000 2026.000000 390.000000
1514.000000 870.000000 989.000000 1980.000000 1195.000000
760.000000 546.000000 466.000000 1665.000000 729.000000
1211.000000 105.000000 1197.000000 1267.000000 1388.000000
742.000000 624.000000 465.000000 1743.000000 726.000000
311.000000 69.000000 232.000000 1166.591797 539.614075
1302.000000 1457.000000 141.000000 2589.000000 420.000000
990.000000 641.000000 186.000000 1732.000000 481.000000
704.000000 431.000000 500.000000 1551.000000 761.000000
1294.000000 110.000000 1153.000000 1269.000000 1348.000000
1234.000000 1507.000000 496.000000 2650.000000 736.000000
1454.000000 498.000000 181.000000 1589.000000 482.000000
1381.000000 404.000000 1225.000000 1498.000000 1418.000000
727.000000 1578.000000 123.000000 2694.000000 403.000000
1291.000000 194.000000 285.000000 1303.000000 578.000000
1248.000000 527.000000 446.000000 1645.000000 712.000000
1309.000000 116.000000 1264.000000 1281.000000 1450.000000
1237.000000 294.000000 598.000000 1420.000000 849.000000
591.000000 1874.000000 1460.000000 2993.362549 1640.496704
913.000000 236.000000 633.000000 1366.000000 882.000000
1037.000000 416.000000 1090.000000 1498.000000 1323.000000
822.000000 801.000000 539.000000 1928.000000 788.000000
1219.000000 1595.000000 120.000000 2710.000000 401.000000
1170.000000 110.000000 843.000000 1254.000000 1070.000000
1083.000000 348.000000 259.000000 1454.000000 553.000000
1181.000000 240.000000 1476.000000 1388.000000 1645.000000
617.000000 964.000000 1376.000000 2168.000000 1548.000000
820.000000 140.000000 347.000000 1254.000000 634.000000
1026.000000 1613.000000 117.000000 2730.000000 398.000000
1215.000000 101.000000 1242.000000 1265.000000 1429.000000
1131.000000 393.000000 182.000000 1496.000000 484.000000
1225.000000 61.000000 1152.000000 1223.000000 1348.000000
1066.000000 612.000000 1191.000000 1696.000000 1385.000000
1441.000000 151.000000 1514.000000 1402.000000 1682.000000
1561.000000 749.000000 273.000000 1854.000000 555.000000
1574.000000 146.000000 959.000000 1293.000000 1174.000000
1332.000000 91.000000 1331.000000 1261.000000 1510.000000
1530.000000 502.000000 977.000000 1571.000000 1191.000000
938.000000 1284.000000 1164.000000 2480.000000 1350.000000
1491.000000 942.000000 1165.000000 2126.000000 1353.000000
1138.000000 1217.000000 1506.000000 2441.000000 1669.000000
155.000000 904.000000 805.000000 2069.066162 1016.301941
733.000000 1619.000000 73.000000 2705.000000 349.000000
1101.000000 556.000000 118.000000 1649.000000 415.000000
1077.000000 861.000000 564.000000 1991.000000 810.000000
1330.000000 753.000000 355.000000 1863.000000 626.000000
1106.000000 66.000000 1108.000000 1226.000000 1308.000000
1457.000000 653.000000 133.000000 1748.000000 434.000000
1485.000000 857.000000 598.000000 1989.000000 840.000000
1421.000000 470.000000 486.000000 1589.000000 748.000000
907.000000 169.000000 782.000000 1309.000000 1015.000000
965.000000 141.000000 870.000000 1286.000000 1094.000000
392.000000 1352.000000 285.000000 2493.448975 547.455505
1479.000000 1211.000000 1367.000000 2422.000000 1538.000000
1546.000000 1549.000000 783.000000 2678.000000 973.000000
52.000000 371.000000 560.000000 1479.097778 809.512085
1499.000000 1043.000000 1760.000000 2287.000000 1908.000000
1167.000000 114.000000 1109.000000 1271.000000 1309.000000
788.000000 473.000000 1381.000000 1566.000000 1562.000000
130.000000 1608.000000 467.000000 2750.251709 708.684631
1349.000000 580.000000 155.000000 1676.000000 456.000000
1297.000000 1089.000000 526.000000 2221.000000 772.000000
1360.000000 161.000000 753.000000 1299.000000 990.000000
251.000000 1062.000000 1605.000000 2299.979248 1764.256836
1320.000000 266.000000 599.000000 1394.000000 851.000000
1280.000000 1004.000000 1370.000000 2204.000000 1542.000000
914.000000 1529.000000 1606.000000 2796.000000 1773.000000
157.000000 1736.000000 183.000000 2846.159180 452.369232
1524.000000 1615.000000 1565.000000 2733.000000 1739.000000
206.000000 1516.000000 308.000000 2636.595947 572.825562
230.000000 1088.000000 577.000000 2233.176758 815.335083
1451.000000 393.000000 1530.000000 1507.000000 1700.000000
1449.000000 140.000000 894.000000 1283.000000 1116.000000
1246.000000 353.000000 1515.000000 1436.000000 1684.000000
951.000000 1491.000000 134.000000 2605.000000 417.000000
183.000000 359.000000 843.000000 1455.819946 1059.680664
1068.000000 394.000000 1550.000000 1509.000000 1717.000000
905.000000 1474.000000 208.000000 2588.000000 480.000000
1284.000000 235.000000 314.000000 1346.000000 603.000000
665.000000 1703.000000 1043.000000 2791.000000 1243.000000
574.000000 1348.000000 901.000000 2544.741455 1115.762329
893.000000 446.000000 472.000000 1565.000000 737.000000
958.000000 369.000000 513.000000 1491.000000 774.000000
439.000000 1610.000000 533.000000 2746.861816 783.627258
185.000000 379.000000 850.000000 1465.024170 1068.493042
1038.000000 109.000000 1129.000000 1269.000000 1326.000000
1375.000000 487.000000 458.000000 1605.000000 724.000000
1236.000000 894.000000 1580.000000 2110.000000 1737.000000
517.000000 152.000000 326.000000 1262.927734 614.526123
302.000000 171.000000 680.000000 1313.478394 932.071960
917.000000 1629.000000 114.000000 2747.000000 395.000000
1076.000000 1786.000000 1028.000000 2852.000000 1229.000000
291.000000 994.000000 669.000000 2107.550537 895.191345
1303.000000 1396.000000 949.000000 2584.000000 1150.000000
1213.000000 566.000000 235.000000 1671.000000 525.000000
488.000000 338.000000 129.000000 1433.622070 444.801056
1370.000000 1470.000000 1006.000000 2661.000000 1202.000000
737.000000 132.000000 914.000000 1280.000000 1133.000000
1267.000000 1061.000000 699.000000 2207.000000 927.000000
575.000000 877.000000 309.000000 1990.162720 587.777527
732.000000 1524.000000 129.000000 2675.000000 406.000000
736.000000 769.000000 515.000000 1894.000000 768.000000
1547.000000 333.000000 537.000000 1456.000000 795.000000
394.000000 1163.000000 130.000000 2273.479492 417.638214
1027.000000 1590.000000 1029.000000 2753.000000 1219.000000
1195.000000 93.000000 1108.000000 1252.000000 1307.000000
1043.000000 826.000000 181.000000 1924.000000 473.000000
552.000000 1118.000000 655.000000 2269.964844 886.305420
1105.000000 154.000000 549.000000 1277.000000 809.000000
1526.000000 94.000000 1262.000000 1264.000000 1447.000000
1097.000000 662.000000 471.000000 1782.000000 731.000000
1377.000000 87.000000 1152.000000 1249.000000 1348.000000
1186.000000 52.000000 614.000000 1183.000000 868.000000
555.000000 1266.000000 799.000000 2429.990234 1016.528625
1338.000000 1139.000000 670.000000 2284.000000 900.000000
890.000000 646.000000 296.000000 1751.000000 578.000000
1406.000000 1090.000000 321.000000 2206.000000 590.000000
1317.000000 879.000000 633.000000 2014.000000 872.000000
1048.000000 831.000000 565.000000 1960.000000 812.000000
1272.000000 1345.000000 1034.000000 2534.000000 1229.000000
1205.000000 69.000000 1330.000000 1241.000000 1509.000000
189.000000 1690.000000 570.000000 2865.336670 802.050049
1286.000000 183.000000 712.000000 1318.000000 953.000000
29.000000 1445.000000 1571.000000 2683.299561 1736.967773
1476.000000 130.000000 845.000000 1274.000000 1071.000000
982.000000 727.000000 467.000000 1887.000000 740.000000
1490.000000 733.000000 964.000000 1786.000000 1177.000000
1270.000000 173.000000 832.000000 1301.000000 1098.000000
1363.000000 616.000000 113.000000 1706.000000 419.000000
1426.000000 254.000000 347.000000 1367.000000 631.000000
1199.000000 792.000000 855.000000 1834.000000 1077.000000
578.000000 891.000000 440.000000 2023.123657 698.408203
843.000000 83.000000 1819.000000 1397.000000 1946.000000
1581.000000 603.000000 52.000000 1685.000000 356.000000
15.000000 1939.000000 100.000000 3070.869385 372.245392
1290.000000 834.000000 946.000000 1907.000000 1158.000000
572.000000 958.000000 163.000000 2059.936523 466.325684
147.000000 1454.000000 94.000000 2570.344482 383.521576
1209.000000 298.000000 567.000000 1424.000000 823.000000
1573.000000 60.000000 545.000000 1188.000000 808.000000
520.000000 1139.000000 653.000000 2276.785400 891.093628
1357.000000 551.000000 295.000000 1661.000000 580.000000
337.000000 337.000000 1169.000000 1443.740234 1373.344238
165.000000 743.000000 103.000000 1839.819946 410.034973
1487.000000 1965.000000 1019.000000 2988.000000 1221.000000
1145.000000 1776.000000 47.000000 2878.000000 329.000000
791.000000 1836.000000 1026.000000 2903.000000 1226.000000
571.000000 1066.000000 162.000000 2166.626709 446.452606

7.000000 1385.972168 185.342987 2320.884033 45.928928 2493.675781 462.196655 3070.869385 372.245392
2.000000 923.313782 1823.790649 3.143950 1784.427002 2276.760986 1954.384155 983.292175 1900.997681
9.000000 2323.614258 5.205155 1417.843872 141.175232 3070.981934 339.826630 2527.474365 422.008575
10.000000 2336.330811 31.097553 1436.606445 166.265747 3069.828369 362.236755 2546.778809 444.050049
3.000000 896.547241 1773.201294 3.337966 1739.875854 2213.328857 1910.126709 1276.645996 1877.255493
8.000000 870.021301 1725.980347 3.259357 1699.047363 2033.366699 1865.523560 1453.276611 1848.611084
4.000000 3.331429 1730.050049 826.613892 1761.386353 1050.086304 1894.607788 1916.626953 1930.947266
52.000000 830.051147 1681.209106 46.690327 1662.350464 1926.645752 1827.379028 1639.933105 1818.939941
16.000000 2196.757324 827.889160 1553.259155 875.667969 3070.064453 1054.180176 2679.788574 1083.888672
17.000000 1563.135864 867.335938 2193.378418 820.608215 2683.374512 1077.199463 3070.301514 1047.226318
68.000000 400.014465 1702.911255 830.080261 1717.659668 1776.611572 1888.192627 2023.317383 1897.106812
20.000000 902.818237 1046.473511 883.054932 1440.153320 2053.194580 1246.580688 2063.069580 1613.430176
94.000000 1736.641602 1584.322144 2129.980957 1586.603149 2863.261719 1755.262451 3070.138428 1762.935547
14.000000 1543.826416 1153.287109 1542.505493 1519.997070 2645.395264 1313.148926 2683.299561 1736.967773
33.000000 319.155334 1453.552246 351.117371 1090.098267 1444.529663 1626.703125 1454.602539 1296.603638
31.000000 380.572357 1093.384155 348.648071 1453.213379 1478.602417 1293.291992 1468.742432 1626.629517
22.000000 1430.071655 1585.871704 1069.948730 1579.622314 2686.666992 1743.312256 2329.981934 1737.844604
59.000000 1506.613525 1755.106445 1866.589966 1765.893921 2763.254883 1912.430420 3026.636475 1920.932007
35.000000 176.282089 1423.618530 210.158325 1073.348633 1331.160034 1600.180420 1344.155273 1276.565796
46.000000 272.220734 1080.201172 241.748001 1416.523071 1391.167236 1283.371704 1381.094238 1590.035889
25.000000 839.961670 985.995300 503.250458 1005.214905 1920.154175 1195.920776 1573.328613 1216.588135
37.000000 1432.422485 1483.417847 1437.371216 1146.628052 2673.915283 1733.281494 2645.744385 1416.748779
41.000000 240.003555 1083.007324 207.335327 1416.732178 1367.994385 1283.258301 1356.391968 1593.322998
45.000000 251.073166 1413.750000 282.609863 1080.246826 1389.868042 1590.111084 1400.514648 1283.351196
26.000000 303.404602 605.440186 610.457825 481.308441 1479.097778 809.512085 1819.593872 748.969238
51.000000 1653.996826 569.211792 1981.812744 532.928284 2785.927002 815.927917 3067.660156 750.001160
50.000000 310.163269 1090.015015 280.507935 1413.379883 1423.574219 1293.340820 1414.608765 1583.372803
19.000000 483.027252 998.354614 806.776367 978.450623 1549.843872 1210.929199 1923.334351 1186.682739
23.000000 856.009766 1376.631592 873.268738 1053.329834 2043.969727 1600.071045 2034.663330 1246.543945
13.000000 443.254364 1568.818359 766.760620 1573.476685 1553.510864 1735.606079 1996.793945 1753.517456
39.000000 1066.623169 1580.934937 794.450500 1424.720215 2324.881104 1743.656128 2043.534424 1606.254761
63.000000 2059.960693 1032.470581 1746.671021 1046.762939 3070.041748 1234.143188 2813.369385 1247.367432
18.000000 80.041435 1695.183960 393.316437 1703.938354 1389.969360 1874.217773 1766.645752 1887.270996
40.000000 1644.622192 1116.651489 1648.301880 1430.019897 2730.360352 1323.297852 2760.895264 1633.573242
15.000000 227.498749 588.634521 487.119507 426.704102 1335.611938 841.889465 1706.993164 669.196899
44.000000 1863.926514 538.746216 1582.713135 655.832092 2991.438477 766.711670 2717.070068 908.035461
146.000000 1001.523987 787.167297 889.770874 517.894836 2154.666260 1041.834106 2107.550537 895.191345
55.000000 1661.545776 1446.807251 1658.165039 1163.315430 2772.956299 1636.366577 2744.512939 1356.208496
89.000000 433.802216 1021.202393 156.886230 997.441101 1513.913330 1226.550781 1303.456909 1208.555420
34.000000 328.927063 651.659729 574.620178 526.136475 1442.170044 887.742981 1745.824585 770.545227
79.000000 1944.111694 508.317505 1681.233643 544.920837 3069.107910 738.544922 2848.085693 779.725037
71.000000 1497.029907 616.845825 1243.307251 643.080688 2636.752686 847.470703 2393.355469 873.539551
93.000000 408.149323 768.108826 627.139404 645.595154 1465.024170 1068.493042 1610.501587 920.602234
133.000000 3.040160 391.520233 250.250183 351.547241 1103.220093 679.340820 1260.402222 652.341248
66.000000 1249.744995 564.289062 1486.901245 538.853455 2389.959717 802.977173 2636.862793 775.068298
57.000000 1069.971924 1587.463745 1306.697632 1595.786377 2296.620850 1745.881592 2573.317871 1750.854004
76.000000 926.741821 390.612030 1145.893555 363.703247 2039.860474 655.589478 2266.183350 626.269714
264.000000 207.589157 972.667542 266.199066 760.442505 1355.676514 1082.921021 1399.244629 978.297363
62.000000 407.204773 684.357422 598.241516 589.721497 1501.537231 919.450378 1744.901367 829.533508
56.000000 441.651367 552.824097 281.865265 679.760071 1694.444458 761.287292 1439.907715 878.677979
222.000000 1654.774536 509.076172 1492.729126 620.631104 2746.861816 783.627258 2642.858643 852.661621
65.000000 1556.654541 473.230988 1363.269287 496.125183 2750.251709 708.684631 2499.987305 739.898438
148.000000 583.693420 530.886658 769.541138 574.385620 1838.561890 807.197876 1964.144043 892.134583
205.000000 336.871399 739.945374 475.704895 611.739197 1443.987183 980.677856 1536.899170 886.926941
99.000000 676.611755 412.702545 493.300537 413.649017 1718.689209 671.024231 1528.867065 715.123413
206.000000 1370.187256 238.006256 1189.980957 263.196686 2489.785400 508.562042 2360.185791 527.911072
138.000000 596.109375 624.671387 432.071167 704.187866 1720.629639 865.925415 1570.464844 914.741333
53.000000 1426.683105 436.801941 1606.854126 414.873779 2493.536621 694.861328 2773.459961 657.617615
85.000000 608.830750 553.189819 436.995514 610.977844 1816.489624 818.732422 1601.621582 827.149841
130.000000 1376.471802 935.183228 1414.598267 758.832153 2561.974609 1135.541504 2584.359131 975.875854
121.000000 1517.300171 781.429443 1481.878052 955.693298 2688.591064 985.901611 2662.147949 1149.808716
226.000000 1637.807373 333.315613 1636.378784 510.105408 2773.810303 603.727295 2790.689941 726.111755
218.000000 1033.344238 1626.016113 1206.684570 1628.936768 2143.248779 1775.306396 2269.968506 1780.734375
88.000000 444.852570 608.182373 323.330658 729.989563 1601.621582 827.149841 1434.463867 960.587830
163.000000 182.717743 1253.276733 167.055023 1423.675415 1329.794800 1413.326050 1324.551758 1559.924316
176.000000 1210.037354 1561.563843 1039.973267 1560.320679 2440.057373 1721.293213 2299.966553 1719.800171
147.000000 842.640198 474.812775 691.293640 403.905487 1955.814087 726.950012 1813.926147 671.807983
293.000000 381.374573 441.034393 238.031174 525.645020 1453.245117 723.218628 1367.693237 789.003296
145.000000 535.512512 708.617920 424.751495 832.315674 1651.221313 931.559021 1529.928711 1026.575562
122.000000 1153.471680 97.545776 1316.439331 71.889008 2250.249512 391.498169 2413.496338 364.312714
112.000000 1196.854614 691.672241 1360.739868 673.248230 2340.366455 919.509338 2517.104248 896.727295
142.000000 70.207077 548.341431 233.110641 528.198914 1200.182251 811.373596 1353.469849 791.028564
54.000000 1685.834473 1156.673462 1687.176392 1319.968384 2770.480957 1356.613159 2801.634033 1636.855591
92.000000 395.511200 774.824951 518.689941 667.980042 1455.819946 1059.680664 1597.082397 907.755005
125.000000 1376.592773 19.430618 1217.538696 40.057892 2476.509521 315.594543 2314.218262 339.372528
82.000000 706.737061 270.033386 705.134583 113.383102 1837.379028 630.044861 1839.819946 410.034973
72.000000 1465.624390 735.844910 1561.284668 615.674011 2629.673096 949.627258 2802.435059 779.006775
255.000000 595.704712 771.918213 748.851990 753.688904 1727.614136 984.208801 1841.710938 1002.875916
132.000000 1090.006714 1693.096680 1243.310303 1697.472412 2333.315186 1843.913452 2493.367188 1848.918945
189.000000 529.800659 -5.107761 432.409760 112.568977 1662.182251 309.870178 1549.098755 386.903595
97.000000 973.455811 560.244141 872.903809 447.757935 2100.850098 796.532837 1944.491333 675.174744
150.000000 1670.667358 527.625793 1549.178101 612.152039 2829.859619 759.794128 2705.365967 844.760742
227.000000 771.559631 1573.213135 781.483215 1426.767212 1935.764893 1716.646118 1938.578125 1593.300903
188.000000 472.213226 1096.676636 473.524506 1243.361450 1545.343384 1300.585205 1562.405762 1436.364380
215.000000 884.090210 448.913269 751.142090 387.526581 1963.970825 700.516785 1846.894531 651.495056
190.000000 189.963684 113.141716 46.721981 140.291824 1286.941528 431.431335 1152.794067 457.191833
178.000000 53.566120 91.226120 196.799408 64.032471 1153.191162 415.946014 1290.436035 388.877472
81.000000 866.676514 734.076233 777.678650 619.215881 1996.737915 961.868164 1825.183472 819.721313
114.000000 723.061829 440.470612 847.338135 512.169434 1808.625122 692.115356 1970.893799 762.183838
261.000000 143.285385 326.396698 3.549089 351.214783 1262.927734 614.526123 1150.473633 635.832825
213.000000 810.624512 598.916931 687.774597 528.078552 1824.045410 771.962891 1937.833862 831.086853
221.000000 895.906006 876.101257 865.717834 738.743347 2027.640259 1094.078613 1989.552002 973.474792
69.000000 888.223083 720.153259 811.580750 602.305298 2067.129150 1048.200439 1938.285400 838.248718
231.000000 828.823730 730.106995 721.802063 640.531128 1949.646729 986.809448 1860.011353 903.085876
177.000000 329.367859 803.825378 409.032288 692.639954 1422.583862 1043.569336 1507.208252 932.020020
106.000000 1263.366699 1104.210693 1126.770630 1109.402588 2496.762207 1292.193604 2313.341064 1300.176514
78.000000 1909.825562 169.973145 1773.258179 172.349838 3070.302734 425.896362 2846.159180 452.369232
181.000000 846.405273 221.712845 980.026062 200.161606 1946.898438 508.104309 2083.245361 486.120544
224.000000 199.614182 417.237762 333.136108 398.587952 1323.264526 692.856506 1446.437012 675.075806
126.000000 1223.363037 1612.176392 1093.277588 1608.840576 2463.379883 1767.922119 2299.979248 1764.256836
238.000000 1318.467651 1316.698486 1316.170776 1446.657959 2531.270264 1493.240723 2540.029541 1613.331177
154.000000 1023.039307 1568.702759 893.216248 1573.495972 2266.343994 1725.660522 2116.570557 1730.051880
137.000000 1636.671265 1793.194092 1509.922852 1788.997192 2923.563965 1947.977295 2766.614258 1941.216553
207.000000 3.226253 665.240601 129.680511 655.745300 1133.281372 916.128235 1263.039307 903.617676
98.000000 396.666687 1596.693115 270.000061 1596.762695 1366.666138 1752.905273 1563.332642 1752.683594
223.000000 983.069763 241.159088 1106.608032 226.182541 2086.468506 521.764893 2209.937744 506.174042
298.000000 255.365173 1466.537842 243.116852 1590.308472 1414.324707 1639.757568 1409.757568 1746.656250
204.000000 976.923767 238.239182 856.332397 257.955719 2080.489258 519.537598 1949.741821 541.818604
151.000000 797.035706 742.677002 691.781982 683.497375 1876.975342 962.134155 1733.699829 915.539734
184.000000 717.245850 637.247986 596.109375 624.671387 1855.415771 897.813660 1720.629639 865.925415
267.000000 1549.567627 602.759094 1644.897217 530.983276 2713.204590 829.817566 2805.367188 764.824036
248.000000 1046.801270 367.625366 930.095825 384.015808 2160.290283 631.921631 2043.273315 649.602417
259.000000 1429.392090 853.141541 1464.277588 742.579529 2600.913574 1066.946655 2634.602051 957.055603
129.000000 511.764465 858.342529 595.751953 778.845337 1582.903076 1063.860962 1721.791382 978.714355
199.000000 1303.287231 109.683998 1189.935791 126.226562 2406.314941 397.661346 2273.479492 417.638214
249.000000 1260.083374 203.872818 1373.287720 186.371353 2367.033691 482.249451 2483.324707 463.280762
214.000000 1536.659302 309.940308 1650.326782 295.996887 2652.954346 570.459839 2780.048096 553.698425
