Keypoint Matches and Line Matches for pairs 11, 17 
11 corresponds to the image ./resources/Data/HerzP25/images/0011.png 
17 corresponds to the image ./resources/Data/HerzP25/images/0017.png 

20.000000 1576.610474 832.989502 389.986603 873.694885
1164.000000 583.040894 488.130585 1890.000000 339.000000
1169.000000 3.250285 633.093262 883.000000 181.000000
5.000000 339.975861 516.596924 1339.919678 217.764786
54.000000 593.592773 1106.466064 2403.878174 1079.959961
55.000000 571.828796 1439.901855 2432.828613 1473.370483
65.000000 632.991028 1443.090454 2575.075439 1443.464233
60.000000 607.768921 1440.075684 2402.992676 1473.127319
318.000000 1083.153076 1564.627686 2903.337891 1590.241577
81.000000 508.121948 1103.437500 2445.114990 1079.612183
80.000000 549.069702 1403.505371 2471.230469 1423.998291
70.000000 533.903198 1113.376465 1811.139404 1076.733887
75.000000 511.730957 1406.545532 2501.904053 1430.111328
23.000000 1.200167 603.912781 519.784363 123.081444
126.000000 1460.402710 588.409546 3070.020508 732.764282
24.000000 256.797150 537.042603 1136.523315 192.011780
25.000000 53.644920 607.564270 516.584412 147.820465
454.000000 2039.812500 562.057983 1048.612183 805.211731
273.000000 1256.211914 558.168152 2883.328369 653.432068
274.000000 1453.934570 509.089020 3070.033936 662.645935
41.000000 946.844055 994.592590 2276.702148 991.931396
187.000000 807.754395 690.830383 2089.831543 629.725464
34.000000 560.285767 1750.651001 2513.304932 1822.093384
143.000000 696.896484 636.842041 2008.549316 537.792297
462.000000 519.713867 452.553741 1733.448975 241.361588
968.000000 1654.869141 41.071419 964.000000 169.000000
272.000000 53.585449 673.359985 639.766785 236.201904
159.000000 1002.549683 420.701050 2539.941406 434.184113
581.000000 1063.312378 1673.669556 2903.312256 1695.357300
582.000000 1229.955811 1684.044067 3026.667236 1693.368896
172.000000 806.504517 563.699585 2208.608643 498.037445
308.000000 1206.416626 265.903442 2783.379639 362.632263
291.000000 1603.702515 480.386261 560.470215 544.369995
290.000000 827.189697 245.996887 2277.792969 200.091461
1574.000000 792.893921 389.895264 2271.000000 330.000000
659.000000 832.304993 330.025452 2308.000000 265.000000
1392.000000 833.925476 183.303055 2270.000000 119.000000
681.000000 1063.280396 1546.067871 2865.000000 1566.000000
387.000000 1183.979980 105.058632 2729.877686 198.141388
388.000000 1313.303467 56.586842 2880.226318 210.604126
104.000000 119.473953 1296.615356 493.357910 1180.001465
313.000000 1296.573486 1092.302856 3003.327393 1153.549072
314.000000 1159.818848 1104.661987 2836.604248 1148.907227
409.000000 1316.298828 784.465210 2980.000977 876.646851
410.000000 1183.335327 806.678406 2833.185303 869.872986
397.000000 1302.110107 1436.641602 3053.378662 1468.439941
115.000000 990.434692 568.492920 2572.602539 593.935547
199.000000 775.670776 674.708252 2166.088135 604.663330
467.000000 904.785583 949.805481 2102.696777 930.121887
468.000000 917.885742 823.114685 2098.497803 793.379456
299.000000 453.633484 527.561829 1680.006104 303.243317
300.000000 572.557556 487.686279 1853.443115 315.054169
590.000000 1525.623779 605.993774 438.294464 643.121399
100.000000 1995.125732 508.676300 992.114319 710.014709
336.000000 1881.888794 465.092651 856.867432 614.646118
50.000000 883.518127 1011.367676 2256.637451 1001.065979
148.000000 860.014648 559.845703 2314.350586 518.371582
434.000000 1216.704712 1599.098389 3019.979980 1615.340698
435.000000 1099.964355 1594.177856 2876.679688 1617.516357
311.000000 1029.378052 570.487793 2609.020020 600.852417
312.000000 957.746643 479.152985 2492.611816 480.897339
534.000000 1238.108521 37.607334 2796.211914 160.767685
258.000000 917.745178 1463.418579 2688.729004 1493.180908
499.000000 818.141846 456.932648 2308.552979 403.447632
1066.000000 337.000000 1172.000000 1473.000000 1112.000000
901.000000 164.000000 752.000000 911.000000 449.000000
931.000000 777.000000 251.000000 2175.000000 157.000000
730.000000 509.000000 706.000000 1759.000000 556.000000
894.000000 1277.000000 1154.000000 2989.000000 1209.000000
696.000000 974.000000 851.000000 2072.000000 785.000000
1412.000000 599.000000 587.000000 1916.000000 450.000000
965.000000 815.000000 162.000000 2238.000000 73.000000
1047.000000 799.000000 228.000000 2185.000000 131.000000
1428.000000 551.000000 642.000000 1832.000000 495.000000
1072.000000 674.000000 466.000000 2053.000000 344.000000
1299.000000 455.000000 884.000000 1677.000000 761.000000
1140.000000 409.000000 520.000000 1518.000000 256.000000
909.000000 651.000000 543.000000 2008.000000 422.000000
987.000000 799.000000 209.000000 2186.000000 108.000000
1030.000000 1308.000000 640.000000 2953.000000 744.000000
933.000000 162.000000 765.000000 911.000000 468.000000
305.000000 581.000000 655.000000 1884.393311 511.957245
646.000000 567.000000 1462.000000 2499.000000 1496.000000
1022.000000 472.000000 1461.000000 2652.000000 1479.000000
1091.000000 484.000000 397.000000 1772.000000 159.000000
1557.000000 460.000000 1496.000000 1746.000000 1546.000000
962.000000 509.000000 734.000000 1763.000000 591.000000
1160.000000 446.000000 924.000000 1666.000000 811.000000
977.000000 747.000000 236.000000 2123.000000 114.000000
717.000000 457.000000 1022.000000 1679.000000 937.000000
788.000000 504.000000 1460.000000 2571.000000 1494.000000
742.000000 95.000000 551.000000 560.000000 71.000000
1062.000000 74.000000 736.000000 684.000000 351.000000
1079.000000 669.000000 554.000000 2037.000000 440.000000
1182.000000 927.000000 597.000000 2466.000000 592.000000
975.000000 79.000000 700.000000 641.000000 303.000000
805.000000 1332.000000 889.000000 2997.000000 1059.000000
1571.000000 574.000000 612.000000 1874.000000 468.000000
1331.000000 492.000000 770.000000 1735.000000 629.000000
637.000000 84.000000 546.000000 750.000000 85.000000
1134.000000 971.000000 625.000000 2533.000000 635.000000
1297.000000 627.000000 1085.000000 1796.000000 1042.000000
808.000000 491.000000 742.000000 1728.000000 594.000000
22.000000 254.000000 517.000000 1149.267944 167.127899
1296.000000 824.000000 503.000000 2296.000000 452.000000
904.000000 967.000000 1523.000000 2666.000000 1555.000000
1014.000000 1000.000000 1709.000000 2858.000000 1755.000000
658.000000 656.000000 272.000000 1985.000000 102.000000
1301.000000 950.000000 594.000000 2499.000000 595.000000
852.000000 695.000000 539.000000 2082.000000 435.000000
1471.000000 424.000000 1216.000000 1688.000000 1185.000000
1292.000000 88.000000 689.000000 848.000000 303.000000
1089.000000 68.000000 674.000000 621.000000 274.000000
889.000000 708.000000 512.000000 2104.000000 411.000000
1544.000000 617.000000 592.000000 1992.000000 449.000000
1362.000000 1008.000000 128.000000 2509.000000 138.000000
1254.000000 1041.000000 1055.000000 2693.000000 1087.000000
1365.000000 785.000000 420.000000 2270.000000 352.000000
989.000000 764.000000 517.000000 2013.000000 436.000000
804.000000 642.000000 1086.000000 1812.000000 1045.000000
246.000000 1065.000000 602.000000 2585.738281 670.781982
643.000000 117.000000 677.000000 862.000000 291.000000
669.000000 699.000000 1145.000000 2103.000000 1245.000000
355.000000 642.000000 273.000000 1944.328735 73.109825
113.000000 1143.000000 913.000000 2684.343506 953.118591
1101.000000 1019.000000 1369.000000 2731.000000 1398.000000
698.000000 1312.000000 941.000000 3009.000000 1032.000000
877.000000 970.000000 1687.000000 2782.000000 1721.000000
966.000000 447.000000 459.000000 1578.000000 208.000000
1545.000000 767.000000 428.000000 2229.000000 397.000000
1316.000000 594.000000 1066.000000 1738.000000 1002.000000
672.000000 845.000000 1276.000000 2039.000000 1289.000000
1419.000000 460.000000 819.000000 1676.000000 680.000000
1094.000000 964.000000 658.000000 2527.000000 667.000000
460.000000 1046.000000 225.000000 2570.121338 258.281830
1052.000000 851.000000 513.000000 2341.000000 472.000000
1341.000000 722.000000 529.000000 2130.000000 436.000000
475.000000 955.000000 1602.000000 2726.665771 1633.419922
459.000000 936.000000 265.000000 2433.196045 248.610260
1171.000000 754.000000 543.000000 2193.000000 468.000000
57.000000 732.000000 459.000000 2144.104492 372.336761
1469.000000 427.000000 1117.000000 1664.000000 1056.000000
1522.000000 425.000000 901.000000 1619.000000 776.000000
1151.000000 262.000000 479.000000 1125.000000 111.000000
1270.000000 948.000000 1521.000000 2639.000000 1536.000000
1524.000000 792.000000 287.000000 2194.000000 192.000000
844.000000 776.000000 520.000000 2221.000000 451.000000
832.000000 841.000000 1195.000000 2020.000000 1197.000000
812.000000 448.000000 946.000000 1659.000000 837.000000
747.000000 1338.000000 647.000000 2988.000000 757.000000
1472.000000 765.000000 212.000000 2131.000000 103.000000
1189.000000 927.000000 968.000000 2209.000000 959.000000
986.000000 466.000000 1479.000000 1807.000000 1521.000000
1194.000000 904.000000 544.000000 2427.000000 527.000000
990.000000 384.000000 1375.000000 1648.000000 1389.000000
1451.000000 456.000000 905.000000 1666.000000 788.000000
940.000000 894.000000 961.000000 2076.000000 946.000000
1291.000000 592.000000 614.000000 1906.000000 479.000000
569.000000 1232.000000 202.000000 2796.389648 312.558014
995.000000 87.000000 675.000000 836.000000 289.000000
1501.000000 615.000000 1261.000000 2531.000000 1348.000000
1320.000000 608.000000 989.000000 1739.000000 919.000000
1537.000000 1186.000000 137.000000 2745.000000 232.000000
740.000000 961.000000 1667.000000 2754.000000 1718.000000
1068.000000 830.000000 530.000000 2311.000000 483.000000
1111.000000 1324.000000 1255.000000 3053.000000 1302.000000
918.000000 259.000000 502.000000 1124.000000 142.000000
895.000000 1519.000000 646.000000 426.000000 681.000000
765.000000 966.000000 1772.000000 2967.000000 1808.000000
1401.000000 1238.000000 1685.000000 3047.000000 1692.000000
1464.000000 1560.000000 596.000000 486.000000 641.000000
729.000000 368.000000 328.000000 1708.000000 8.000000
1443.000000 1049.000000 319.000000 2596.000000 366.000000
1293.000000 733.000000 312.000000 2126.000000 195.000000
1224.000000 183.000000 686.000000 748.000000 374.000000
942.000000 634.000000 291.000000 1998.000000 117.000000
1248.000000 986.000000 661.000000 2560.000000 677.000000
319.000000 1075.000000 1570.000000 2903.402100 1596.908691
784.000000 719.000000 1109.000000 1680.000000 1035.000000
800.000000 1220.000000 1494.000000 2972.000000 1519.000000
1357.000000 1199.000000 407.000000 2835.000000 548.000000
69.000000 674.000000 478.000000 2059.407959 359.570740
1161.000000 1147.000000 1008.000000 2820.000000 1056.000000
321.000000 965.000000 1563.000000 2866.241699 1579.368042
1495.000000 1001.000000 752.000000 2600.000000 823.000000
1584.000000 970.000000 252.000000 2472.000000 212.000000
1126.000000 990.000000 734.000000 2576.000000 753.000000
1407.000000 707.000000 421.000000 2015.000000 290.000000
583.000000 1197.000000 516.000000 2803.304443 597.409668
136.000000 850.000000 414.000000 2326.923584 366.650208
1376.000000 1233.000000 157.000000 2802.000000 271.000000
984.000000 608.000000 319.000000 2033.000000 144.000000
951.000000 255.000000 398.000000 1458.000000 67.000000
1319.000000 1013.000000 674.000000 2520.000000 700.000000
1553.000000 1105.000000 1308.000000 2811.000000 1341.000000
878.000000 657.000000 248.000000 1917.000000 51.000000
691.000000 1285.000000 1798.000000 3029.000000 1728.000000
1147.000000 394.000000 1176.000000 1602.000000 1128.000000
663.000000 870.000000 327.000000 2410.000000 285.000000
853.000000 900.000000 971.000000 2116.000000 955.000000
1020.000000 358.000000 836.000000 38.000000 653.000000
1290.000000 705.000000 246.000000 2152.000000 106.000000
952.000000 696.000000 270.000000 2136.000000 162.000000
165.000000 142.000000 610.000000 853.212585 228.274902
1196.000000 847.000000 529.000000 2330.000000 494.000000
1421.000000 1042.000000 558.000000 2728.000000 595.000000
1307.000000 856.000000 539.000000 2352.000000 504.000000
930.000000 1547.000000 76.000000 571.000000 143.000000
654.000000 905.000000 575.000000 2431.000000 560.000000
753.000000 750.000000 523.000000 2176.000000 441.000000
1567.000000 701.000000 558.000000 2128.000000 460.000000
1178.000000 946.000000 626.000000 2499.000000 628.000000
1302.000000 1068.000000 420.000000 2635.000000 452.000000
1507.000000 427.000000 531.000000 1670.000000 297.000000
1280.000000 891.000000 209.000000 2404.000000 169.000000
1505.000000 1345.000000 924.000000 3063.000000 1008.000000
1314.000000 639.000000 1048.000000 2368.000000 1018.000000
1198.000000 1347.000000 627.000000 2993.000000 741.000000
1371.000000 276.000000 999.000000 1417.000000 927.000000
1055.000000 722.000000 370.000000 2121.000000 257.000000
1137.000000 768.000000 151.000000 2084.000000 23.000000
1382.000000 1053.000000 1588.000000 2870.000000 1614.000000
1442.000000 1024.000000 1452.000000 2730.000000 1481.000000
307.000000 1362.000000 215.000000 2953.297607 373.873169
558.000000 762.000000 445.000000 2235.620850 374.010071
1173.000000 269.000000 861.000000 38.000000 694.000000
395.000000 248.000000 741.000000 1146.694336 479.457092
628.000000 1559.000000 33.000000 239.000000 90.000000
656.000000 969.000000 1415.000000 2764.000000 1444.000000
1403.000000 561.000000 1022.000000 1707.000000 938.000000

0.000000 880.159912 1798.498901 73.415276 1712.564087 3069.954346 1818.473877 1536.600464 1864.460449
5.000000 893.388672 1702.605713 263.482422 1654.705933 2956.618164 1774.893555 1919.997925 1803.256104
4.000000 229.781906 1679.126709 816.565063 1731.145874 1703.367310 1754.673950 2753.285400 1728.109253
7.000000 893.381775 1659.203369 380.121521 1628.001221 2706.628906 1695.057495 1740.024902 1717.729248
33.000000 974.433044 1440.294556 989.491516 1043.187622 2545.556885 1436.482300 2514.865234 1066.263306
2.000000 3.250285 633.093262 339.975861 516.596924 239.466812 137.291260 1339.919678 217.764786
60.000000 1712.853149 1.884066 1391.652588 108.320450 512.752197 120.798065 217.098816 97.782158
27.000000 593.592773 1106.466064 571.828796 1439.901855 2403.878174 1079.959961 2432.828613 1473.370483
32.000000 654.794006 1113.209595 632.991028 1443.090454 2544.091797 1066.878540 2575.075439 1443.464233
159.000000 1393.331665 1576.708984 1083.153076 1564.627686 3070.009033 1587.152588 2903.337891 1590.241577
40.000000 486.173981 1410.203247 508.121948 1103.437500 2471.230469 1423.998291 2445.114990 1079.612183
37.000000 533.903198 1113.376465 511.730957 1406.545532 2474.119141 1073.531860 2501.904053 1430.111328
11.000000 258.924347 513.597229 1.200167 603.912781 1149.267944 167.127899 519.784363 123.081444
28.000000 506.860962 658.782104 707.774658 483.160736 1771.646729 476.916962 2144.104492 372.336761
160.000000 1099.963379 1574.251709 1346.636597 1584.087769 2903.402100 1596.908691 3069.912354 1600.611328
62.000000 700.158386 1045.941650 463.332062 1036.699585 2616.366699 980.466492 2322.414795 1011.220154
193.000000 613.892090 797.284546 774.744751 634.860107 1771.952637 678.596497 1879.515869 572.785950
63.000000 1460.402710 588.409546 1246.914429 637.738770 3070.020508 732.764282 2776.588135 722.178650
217.000000 260.696045 506.394775 283.045044 289.626617 1127.272461 146.676956 1129.708496 3.271757
12.000000 256.797150 537.042603 53.644920 607.564270 1136.523315 192.011780 516.584412 147.820465
228.000000 2039.812500 562.057983 1844.895020 472.159302 964.770264 693.099304 1048.612183 805.211731
137.000000 1256.211914 558.168152 1453.934570 509.089020 2883.328369 653.432068 3070.033936 662.645935
20.000000 746.131287 1022.865784 946.844055 994.592590 1856.633667 981.304932 2276.702148 991.931396
192.000000 664.076355 830.475708 807.754395 690.830383 1862.093750 717.689270 1996.179443 645.758545
139.000000 696.896484 636.842041 583.216125 785.787964 1959.266724 561.084106 1810.504395 669.449768
232.000000 346.473206 516.139526 519.713867 452.553741 1596.666138 233.342041 1733.448975 241.361588
79.000000 2035.386475 457.569031 1864.506714 396.705719 1055.012573 689.681213 852.897522 544.650024
61.000000 652.557556 622.698242 540.840271 759.168335 1895.054077 530.457947 1706.999390 759.317383
174.000000 53.585449 673.359985 35.925755 840.274292 563.904907 369.767029 550.409607 529.753357
80.000000 1002.549683 420.701050 1163.197388 372.876648 2539.941406 434.184113 2786.587402 451.152161
292.000000 1063.312378 1673.669556 1229.955811 1684.044067 2903.312256 1695.357300 3026.667236 1693.368896
44.000000 806.504517 563.699585 649.894836 620.523254 2221.255615 492.685028 1897.842773 525.229431
154.000000 1353.656860 217.654144 1206.416626 265.903442 2953.297607 373.873169 2783.379639 362.632263
146.000000 1603.702515 480.386261 1494.676270 584.584106 560.470215 544.369995 397.676941 618.211853
165.000000 1054.254517 1613.388550 1045.263794 1763.448975 2885.111572 1756.799683 2871.125000 1593.237183
145.000000 827.189697 245.996887 792.893921 389.895264 2285.251221 380.058655 2277.792969 200.091461
68.000000 832.304993 330.025452 833.925476 183.303055 2326.923584 366.650208 2309.200439 90.051239
135.000000 372.491852 1445.676392 262.559601 1539.089478 1712.972900 1489.303711 1546.145142 1575.659180
274.000000 1391.868530 852.905945 1431.489136 717.101135 3062.309570 1003.308350 3065.401367 876.554504
194.000000 1183.979980 105.058632 1313.303467 56.586842 2729.877686 198.141388 2880.226318 210.604126
157.000000 1296.573486 1092.302856 1159.818848 1104.661987 3003.327393 1153.549072 2836.604248 1148.907227
205.000000 1316.298828 784.465210 1183.335327 806.678406 2980.000977 876.646851 2833.185303 869.872986
119.000000 149.830795 797.249512 173.975784 666.171021 564.940918 486.778503 578.638611 289.905273
199.000000 1304.777100 1306.627930 1302.110107 1436.641602 3053.378662 1468.439941 2903.312012 1464.067871
57.000000 1038.706909 689.183960 990.434692 568.492920 2702.542969 863.964172 2572.602539 593.935547
100.000000 775.670776 674.708252 675.468445 756.684265 2166.088135 604.663330 1945.072021 628.623474
235.000000 904.785583 949.805481 917.885742 823.114685 2102.696777 930.121887 2098.497803 793.379456
150.000000 453.633484 527.561829 572.557556 487.686279 1680.006104 303.243317 1853.443115 315.054169
47.000000 1040.952881 803.813599 1016.262390 681.426514 2693.701660 952.169067 2593.101807 645.699280
202.000000 1525.623779 605.993774 1458.955444 709.326111 433.370941 646.834839 330.501556 753.947083
168.000000 1995.125732 508.676300 1881.888794 465.092651 993.435791 704.795044 856.867432 614.646118
25.000000 883.518127 1011.367676 763.458313 1027.591431 2256.637451 1001.065979 1856.572388 990.111328
74.000000 740.016724 559.342285 860.014648 559.845703 2058.200684 465.851379 2314.350586 518.371582
87.000000 750.086670 591.206177 867.102356 595.974487 1987.004883 578.674316 2223.875244 595.869324
218.000000 1216.704712 1599.098389 1099.964355 1594.177856 3019.979980 1615.340698 2876.679688 1617.516357
156.000000 1029.378052 570.487793 957.746643 479.152985 2609.020020 600.852417 2492.611816 480.897339
162.000000 624.052307 534.057007 542.460022 615.794861 2078.359863 378.244629 1915.365845 409.987152
268.000000 1345.955688 1.225768 1238.108521 37.607334 2923.530762 174.885696 2796.211914 160.767685
129.000000 907.884399 1577.338501 917.745178 1463.418579 2702.789795 1683.373535 2688.729004 1493.180908
179.000000 920.188721 506.009796 818.141846 456.932648 2347.775146 431.659515 2479.571045 518.947937
