Keypoint Matches and Line Matches for pairs 12, 14 
12 corresponds to the image ./resources/Data/HerzP25/images/0012.png 
14 corresponds to the image ./resources/Data/HerzP25/images/0014.png 

79.000000 2395.472168 1153.400513 3014.220703 1374.023926
473.000000 585.140625 1183.230835 2601.735107 1286.500610
58.000000 152.898544 1406.254639 2913.988281 1083.255615
611.000000 2919.000000 1570.000000 440.000000 1379.000000
1021.000000 729.000000 607.000000 2827.000000 509.000000
1006.000000 2819.000000 340.000000 15.000000 357.000000
780.000000 3022.000000 15.000000 793.000000 46.000000

39.000000 2354.762695 429.919586 2395.472168 1153.400513 2978.704834 1076.821411 3014.220703 1374.023926
187.000000 2106.650635 1534.976929 1926.651245 1535.323242 1650.062500 1466.786865 1496.714233 1465.817505
