Keypoint Matches and Line Matches for pairs 13, 14 
13 corresponds to the image ./resources/Data/HerzP25/images/0013.png 
14 corresponds to the image ./resources/Data/HerzP25/images/0014.png 

20.000000 1735.776001 836.469788 1613.207397 1013.172974
21.000000 1748.026367 1403.303955 1635.549805 1460.055786
22.000000 1582.619629 1390.110474 1506.405396 1459.993774
23.000000 1606.133423 832.748352 1505.506348 1019.988770
540.000000 2763.312744 1243.334473 2618.768311 1289.789551
292.000000 1849.541382 636.153687 1697.718262 859.698730
293.000000 1617.466187 598.416626 1523.326416 833.379272
357.000000 1833.877686 673.514404 1683.275024 887.096619
358.000000 1626.487915 637.701538 1526.777344 865.851318
373.000000 1763.554565 1406.177002 1650.062500 1466.786865
374.000000 1566.778320 1403.027222 1496.714233 1465.817505
162.000000 404.792084 546.388794 364.123993 546.993774
163.000000 370.044373 363.959778 381.893738 322.954773
471.000000 1639.251953 653.123779 1539.486694 876.760437
472.000000 1813.445068 682.699341 1666.303955 895.755066
263.000000 549.822754 623.907776 173.162643 576.655457
473.000000 2516.679932 1283.568726 2601.735107 1286.500610
956.000000 1980.000000 784.000000 1772.000000 995.000000
1307.000000 1423.000000 1428.000000 1435.000000 1566.000000
1253.000000 182.000000 629.000000 482.000000 652.000000
703.000000 1888.000000 1240.000000 1686.000000 1340.000000
863.000000 1869.000000 784.000000 1680.000000 968.000000
1223.000000 494.000000 1425.000000 1468.000000 1523.000000
611.000000 2605.000000 1468.000000 440.000000 1379.000000

10.000000 1735.776001 836.469788 1748.026367 1403.303955 1613.207397 1013.172974 1635.549805 1460.055786
11.000000 1582.619629 1390.110474 1606.133423 832.748352 1506.405396 1459.993774 1505.506348 1019.988770
271.000000 2781.683105 1589.910767 2763.312744 1243.334473 2630.464355 1406.620117 2618.768311 1289.789551
82.000000 2023.161865 1356.707031 2019.397217 1029.968506 1837.769653 1433.432129 1827.868652 1209.946777
150.000000 2019.007568 1023.303345 2015.723022 766.678772 1826.880493 1206.808228 1819.001953 1033.227295
146.000000 1849.541382 636.153687 1617.466187 598.416626 1697.718262 859.698730 1523.326416 833.379272
179.000000 1833.877686 673.514404 1626.487915 637.701538 1683.275024 887.096619 1526.777344 865.851318
272.000000 1556.216797 1437.898071 1753.230713 1430.573730 1516.491577 1492.880249 1633.524536 1487.468750
187.000000 1763.554565 1406.177002 1566.778320 1403.027222 1650.062500 1466.786865 1496.714233 1465.817505
204.000000 36.314640 533.768677 187.694016 656.184875 26.497198 586.615601 169.964386 594.023010
4.000000 2019.543213 685.972473 1836.501465 654.288025 2162.947021 822.099915 1669.747681 731.371399
81.000000 404.792084 546.388794 370.044373 363.959778 364.123993 546.993774 381.893738 322.954773
236.000000 1639.251953 653.123779 1813.445068 682.699341 1539.486694 876.760437 1666.303955 895.755066
5.000000 1840.064087 646.304077 2010.056396 676.347229 1670.005127 723.305664 2159.908447 813.828613
197.000000 1496.351562 1572.669678 1665.955566 1592.691040 1556.671265 1610.081665 1703.433716 1601.773560
