Keypoint Matches and Line Matches for pairs 16, 21 
16 corresponds to the image ./resources/Data/HerzP25/images/0016.png 
21 corresponds to the image ./resources/Data/HerzP25/images/0021.png 

13.000000 2043.491333 168.262665 1093.436157 680.685608
280.000000 233.425095 198.747467 329.103271 897.137451
98.000000 1763.307861 863.835510 883.442871 1211.821899
99.000000 1096.668701 829.960693 593.289429 1229.269531
96.000000 1100.028442 822.775940 590.004639 1223.407593
97.000000 1760.014160 856.388000 883.445374 1205.132324
48.000000 1856.948242 113.472809 974.175720 671.990906
49.000000 1246.696655 59.660599 629.965881 726.451233
462.000000 1249.760620 86.027046 670.124207 737.468872
26.000000 2579.766846 1577.796387 1553.510864 1735.606079
7.000000 2590.003174 1736.840210 1276.645996 1877.255493
1557.000000 800.028137 1265.068726 520.000000 1515.000000
63.000000 2468.163574 1446.775635 1468.742432 1626.629517
234.000000 885.012634 1200.282593 554.947571 1476.850464
50.000000 2886.605713 974.951721 1920.154175 1195.920776
67.000000 2429.839844 1026.479614 1454.602539 1296.603638
304.000000 1566.717407 1812.104614 629.991150 1870.187744
62.000000 2464.954590 1033.233765 1478.602417 1293.291992
100.000000 2454.332275 1039.737549 1423.574219 1293.340820
86.000000 3067.145996 1452.963989 1972.975464 1580.072266
87.000000 3029.667969 1066.053101 1966.906372 1269.930054
1539.000000 899.569885 1113.322754 558.000000 1398.000000
1210.000000 951.030701 1093.196289 626.000000 1397.000000
38.000000 2536.571289 952.600769 1549.843872 1210.929199
39.000000 2906.684082 966.189087 1923.334351 1186.682739
53.000000 2946.319092 451.511078 1819.593872 748.969238
503.000000 2482.642822 431.730347 1382.025391 808.916138
198.000000 2633.820312 349.955139 1528.867065 715.123413
182.000000 1100.979004 1453.359009 709.606445 1636.626831
1528.000000 2752.094482 325.505920 1543.000000 691.000000
293.000000 2998.298340 369.762421 1813.926147 671.807983
179.000000 1112.169922 1453.301147 689.652100 1636.629883
180.000000 1120.756226 1143.169678 711.535522 1429.809814
181.000000 1146.947876 1143.338013 730.552307 1429.718506
151.000000 1141.744629 1453.250732 736.808350 1639.676758
69.000000 2867.488281 474.554169 1745.824585 770.545227
489.000000 1242.115601 59.819878 623.859314 728.822815
769.000000 951.189026 23.744516 448.000000 736.000000
207.000000 896.301270 1199.983154 563.006104 1476.627075
208.000000 883.103027 1486.656006 540.429504 1663.385254
160.000000 3069.005859 560.117310 1906.294434 817.087952
161.000000 2805.561768 447.042053 1688.833496 767.218018
237.000000 400.055389 1570.447510 296.625305 1709.045532
745.000000 646.739197 1087.096313 444.000000 1408.000000
112.000000 2818.382324 447.662720 1694.444458 761.287292
113.000000 2548.466064 517.984009 1439.907715 878.677979
345.000000 1532.468994 549.802185 754.991943 1019.257629
346.000000 1258.280151 573.040710 617.800171 1050.267578
1426.000000 2423.481201 198.177063 1367.000000 631.000000
381.000000 1304.067505 540.476562 628.649048 1029.205078
382.000000 1570.790283 552.571899 762.425293 1004.984680
332.000000 685.043823 1806.771729 281.557617 1856.880981
55.000000 299.717773 996.640320 309.283905 1366.558472
411.000000 1584.980713 526.672363 769.268311 995.851074
412.000000 1333.938477 505.989075 639.531067 1008.537598
331.000000 404.261963 1573.398071 301.289276 1713.510742
175.000000 1866.727905 1588.176514 869.986145 1717.520020
559.000000 2113.116699 1596.452515 976.730591 1731.445068
410.000000 2323.603516 520.038879 1263.039307 903.617676
279.000000 1859.995605 1612.016968 856.686584 1740.736816
341.000000 1576.776123 172.169922 813.443604 754.178101
342.000000 1339.387939 149.840408 673.222168 772.481689
294.000000 2875.174561 490.263580 1838.561890 807.197876
319.000000 2199.988037 1264.256226 1113.305542 1482.273926
320.000000 1963.317749 1261.210327 966.652527 1486.129517
246.000000 2316.297363 596.288879 1253.899170 961.888733
247.000000 2083.180664 582.599670 1089.962402 979.653625
162.000000 3079.213379 747.688904 1996.737915 961.868164
282.000000 2219.974609 380.321198 1200.182251 811.373596
283.000000 2446.810059 398.180115 1353.469849 791.028564
225.000000 2655.005615 603.462830 1657.034546 902.074646
226.000000 2874.356445 640.627563 1833.630127 910.270996
921.000000 223.142349 228.069397 316.000000 926.000000
1082.000000 1042.875732 1313.354614 615.000000 1612.000000
419.000000 2867.967773 642.207336 1848.117676 921.759155
506.000000 2775.797852 728.308899 1841.710938 1002.875916
274.000000 2819.422852 574.206055 1720.629639 865.925415
275.000000 2612.813965 594.785278 1570.464844 914.741333
397.000000 2206.717041 991.848694 1140.084839 1274.694092
398.000000 2000.062134 984.835388 1006.646667 1283.012329
365.000000 1189.076416 1216.568970 773.168640 1479.983765
366.000000 1184.334229 1423.279785 759.698181 1616.636963
163.000000 2920.442383 536.087646 1825.183472 819.721313
254.000000 2316.433594 1550.613281 1122.347778 1700.766724
174.000000 2116.593994 1554.969360 1083.371460 1720.979614
1054.000000 1577.195679 453.330719 777.000000 946.000000
807.000000 1576.204834 253.335617 792.000000 807.000000
1186.000000 2206.716797 455.904297 1183.000000 868.000000
539.000000 2053.409424 235.651688 1063.481812 734.221985
58.000000 1869.118896 1566.601807 876.047119 1703.572632
1279.000000 1864.181519 1379.977539 945.000000 1573.000000
1036.000000 1043.299438 884.816101 480.000000 1274.000000
496.000000 1133.744751 542.005249 537.380066 1054.405518
417.000000 2480.264160 1575.017456 1246.665405 1719.927490
418.000000 2300.022705 1580.718384 1116.647583 1722.272827
1304.000000 1263.377319 439.290070 619.000000 969.000000
434.000000 2300.004395 1610.428955 1116.658936 1743.594971
296.000000 2473.220947 1466.453247 1252.771729 1625.673950
1472.000000 1896.524902 295.086853 992.000000 794.000000
176.000000 2501.250732 634.026001 1434.463867 960.587830
762.000000 817.323975 3.163097 480.000000 722.000000
278.000000 2109.984863 1611.680664 1013.344055 1741.940186
468.000000 1910.042358 352.789886 996.666687 833.333252
1229.000000 823.344971 1082.766479 539.000000 1400.000000
443.000000 2376.659912 260.078339 1323.264526 692.856506
444.000000 2543.508545 274.660767 1446.437012 675.075806
505.000000 2767.848633 726.850647 1727.614136 984.208801
528.000000 1730.670776 660.855042 888.491211 1074.569580
1569.000000 2196.701416 1205.047485 1118.000000 1433.000000
395.000000 1568.148804 1416.641724 751.803223 1613.517700
210.000000 1757.621826 697.985779 865.037537 1091.108154
70.000000 2330.546875 1437.057739 1331.160034 1600.180420
1041.000000 1083.364746 972.441650 559.000000 1339.000000
1158.000000 2629.872559 32.831867 1534.000000 477.000000
266.000000 2652.749756 345.434174 1515.246338 714.527649
56.000000 3058.853271 1063.130737 2021.390625 1256.719971
751.000000 293.305298 353.788116 335.000000 983.000000
288.000000 2667.255615 634.319580 1651.221313 931.559021
421.000000 2947.737305 476.907257 1824.045410 771.962891
422.000000 3075.583496 557.847290 1937.833862 831.086853
344.000000 1088.872925 699.374634 534.196472 1147.687988
1551.000000 520.015015 1312.261963 390.000000 1552.000000
1494.000000 680.083252 378.611023 469.000000 966.000000
68.000000 2549.812744 533.182556 1442.170044 887.742981
184.000000 2613.066406 603.565369 1597.082397 907.755005
289.000000 2506.146240 695.519104 1529.928711 1026.575562
1473.000000 773.365784 389.258820 448.000000 970.000000
1095.000000 1585.452026 1239.989136 950.000000 1515.000000
565.000000 1496.990967 50.884930 2749.034180 356.090912
486.000000 1887.220947 838.492249 922.747192 1191.464478
495.000000 1287.515503 466.518555 630.957458 983.529846
1205.000000 2311.759033 1310.081177 1241.000000 1509.000000
896.000000 496.657135 1411.297363 342.000000 1610.000000
1444.000000 810.035156 496.105225 459.000000 1036.000000
1540.000000 2240.036621 649.387695 1191.000000 1009.000000
1398.000000 533.336670 1213.169434 400.000000 1490.000000
580.000000 2469.164307 389.373566 1367.693237 789.003296
483.000000 2373.617676 477.533325 1304.871216 859.137329
968.000000 993.954468 798.996948 453.000000 1221.000000
775.000000 27.766468 660.169128 245.000000 1189.000000
333.000000 1993.473267 573.733093 1030.032104 983.616638
1224.000000 594.003235 1076.560791 432.000000 1408.000000
261.000000 1179.714233 559.385498 564.238525 1056.269653
1446.000000 1859.142944 1176.692993 899.000000 1424.000000
372.000000 2523.307373 1221.883789 1562.405762 1436.364380
972.000000 1460.000000 233.000000 721.000000 811.000000
1305.000000 2661.000000 775.000000 1737.000000 1040.000000
632.000000 172.000000 782.000000 260.000000 1237.000000
1459.000000 544.000000 1482.000000 361.000000 1656.000000
1066.000000 2667.000000 1171.000000 1696.000000 1385.000000
1268.000000 253.000000 975.000000 261.000000 1356.000000
1480.000000 2399.000000 760.000000 1307.000000 1079.000000
322.000000 2405.000000 1893.000000 970.027405 1905.661743
1575.000000 2772.000000 929.000000 1804.000000 1165.000000
913.000000 2464.000000 519.000000 1366.000000 882.000000
1341.000000 1325.000000 365.000000 667.000000 919.000000
589.000000 2530.000000 1451.000000 1414.324707 1639.757568
994.000000 329.000000 509.000000 344.000000 1081.000000
967.000000 239.000000 1460.000000 237.000000 1643.000000
1420.000000 2752.000000 928.000000 1786.000000 1166.000000
1208.000000 573.000000 445.000000 463.000000 1012.000000
1458.000000 543.000000 1502.000000 352.000000 1669.000000
1051.000000 2392.000000 702.000000 1302.000000 1037.000000
1112.000000 2398.000000 1907.000000 915.000000 1923.000000
1128.000000 2770.000000 399.000000 1627.000000 736.000000
1287.000000 1354.000000 215.000000 691.000000 815.000000
52.000000 2581.000000 447.000000 1479.097778 809.512085
911.000000 2660.000000 753.000000 1717.000000 1023.000000
834.000000 451.000000 32.000000 444.000000 766.000000
788.000000 2535.000000 1371.000000 1566.000000 1562.000000
1397.000000 2709.000000 316.000000 1563.000000 687.000000
336.000000 2932.000000 1066.000000 1938.903687 1276.791016
116.000000 1832.000000 89.000000 965.703735 656.580261
865.000000 227.000000 913.000000 230.000000 1326.000000
1240.000000 473.000000 569.000000 440.000000 1100.000000
954.000000 1268.000000 1016.000000 829.000000 1334.000000
1260.000000 480.000000 1478.000000 337.000000 1653.000000
639.000000 988.000000 40.000000 492.000000 753.000000
742.000000 2904.000000 417.000000 1743.000000 726.000000
1031.000000 1838.000000 896.000000 907.000000 1229.000000
888.000000 1639.000000 418.000000 824.000000 914.000000
1514.000000 3022.000000 958.000000 1980.000000 1195.000000
884.000000 276.000000 962.000000 297.000000 1347.000000
1486.000000 2920.000000 86.000000 1571.000000 476.000000
498.000000 1176.000000 628.000000 598.009155 1096.617188
739.000000 1638.000000 398.000000 826.000000 900.000000
1094.000000 2419.000000 164.000000 1363.000000 598.000000
1170.000000 2340.000000 740.000000 1254.000000 1070.000000
810.000000 288.000000 934.000000 304.000000 1329.000000
1145.000000 1631.000000 51.000000 2878.000000 329.000000
760.000000 2816.000000 401.000000 1665.000000 729.000000
1063.000000 2469.000000 554.000000 1368.000000 909.000000
1530.000000 2507.000000 919.000000 1571.000000 1191.000000
1452.000000 2018.000000 1015.000000 1471.000000 1252.000000
1373.000000 1960.000000 936.000000 967.000000 1251.000000
1079.000000 1006.000000 188.000000 507.000000 838.000000
1068.000000 2512.000000 1561.000000 1509.000000 1717.000000
164.000000 3009.000000 333.000000 1837.379028 630.044861
1314.000000 1471.000000 1023.000000 858.000000 1333.000000
1330.000000 3025.000000 334.000000 1863.000000 626.000000
1274.000000 1604.000000 457.000000 792.000000 946.000000
824.000000 2059.000000 1487.000000 1002.000000 1650.000000
1342.000000 1058.000000 1319.000000 679.000000 1546.000000
1153.000000 2378.000000 1900.000000 896.000000 1921.000000
1270.000000 2399.000000 781.000000 1301.000000 1098.000000
311.000000 2142.000000 15.000000 1166.591797 539.614075
733.000000 1458.000000 24.000000 2705.000000 349.000000
150.000000 1110.000000 1110.000000 760.399902 1406.707153
659.000000 633.000000 1427.000000 411.000000 1621.000000
1096.000000 1835.000000 875.000000 906.000000 1214.000000
1167.000000 2387.000000 1050.000000 1271.000000 1309.000000
1248.000000 2791.000000 376.000000 1645.000000 712.000000
686.000000 2565.000000 464.000000 1450.000000 823.000000
801.000000 1830.000000 847.000000 906.000000 1196.000000
1024.000000 968.000000 21.000000 500.000000 740.000000
1052.000000 378.000000 1219.000000 312.000000 1495.000000
1450.000000 990.000000 1634.000000 433.000000 1741.000000
693.000000 2581.000000 301.000000 1476.000000 688.000000
844.000000 1148.000000 408.000000 563.000000 961.000000
764.000000 205.000000 491.000000 457.000000 1058.000000
579.000000 2563.000000 350.000000 1453.245117 723.218628
958.000000 2610.000000 412.000000 1491.000000 774.000000
1436.000000 1840.000000 965.000000 904.000000 1278.000000
1090.000000 1563.000000 234.000000 777.000000 810.000000
1223.000000 1070.000000 1793.000000 422.000000 1841.000000
847.000000 221.000000 283.000000 352.000000 945.000000
1510.000000 179.000000 814.000000 274.000000 1270.000000
893.000000 2697.000000 385.000000 1565.000000 737.000000
1411.000000 436.000000 135.000000 420.000000 835.000000
959.000000 1903.000000 65.000000 1087.000000 615.000000
1463.000000 2368.000000 255.000000 1315.000000 689.000000
1012.000000 539.000000 1461.000000 363.000000 1642.000000
1241.000000 1097.000000 732.000000 558.000000 1161.000000
990.000000 2843.000000 116.000000 1732.000000 481.000000
1097.000000 2948.000000 432.000000 1782.000000 731.000000
1493.000000 2951.000000 333.000000 1795.000000 655.000000
929.000000 470.000000 883.000000 410.000000 1288.000000
1422.000000 2781.000000 1436.000000 1764.000000 1613.000000
1055.000000 1049.000000 303.000000 521.000000 905.000000
1474.000000 2073.000000 539.000000 1084.000000 949.000000
861.000000 2860.000000 407.000000 1704.000000 726.000000
820.000000 2274.000000 162.000000 1254.000000 634.000000
1081.000000 2086.000000 326.000000 1149.000000 788.000000
1421.000000 2727.000000 404.000000 1589.000000 748.000000
1218.000000 1340.000000 1019.000000 812.000000 1335.000000
1527.000000 57.000000 582.000000 286.000000 1132.000000
900.000000 492.000000 1428.000000 340.000000 1622.000000
1506.000000 1502.000000 358.000000 760.000000 891.000000
197.000000 2923.000000 355.000000 1718.689209 671.024231
765.000000 1391.000000 20.000000 685.000000 689.000000
1250.000000 2790.000000 172.000000 1653.000000 529.000000
1050.000000 1180.000000 1040.000000 761.000000 1363.000000
1558.000000 967.000000 1859.000000 368.000000 1879.000000
982.000000 3021.000000 441.000000 1887.000000 740.000000
1561.000000 3000.000000 231.000000 1854.000000 555.000000
177.000000 2447.000000 1010.000000 1513.913330 1226.550781
1363.000000 2820.000000 67.000000 1706.000000 419.000000
780.000000 702.000000 1488.000000 389.000000 1660.000000
1461.000000 116.000000 767.000000 305.000000 1215.000000
680.000000 273.000000 561.000000 327.000000 1119.000000
497.000000 1026.000000 785.000000 535.081604 1195.659546
1488.000000 2642.000000 1868.000000 1136.000000 1932.000000
1457.000000 2887.000000 75.000000 1748.000000 434.000000
993.000000 987.000000 149.000000 502.000000 815.000000
1357.000000 2803.000000 219.000000 1661.000000 580.000000
1032.000000 267.000000 1092.000000 264.000000 1424.000000
1256.000000 2252.000000 1607.000000 977.000000 1738.000000
1571.000000 879.000000 1121.000000 555.000000 1422.000000
281.000000 874.000000 243.000000 483.070923 874.853638
1502.000000 293.000000 778.000000 298.000000 1237.000000
723.000000 2200.000000 217.000000 1197.000000 689.000000
83.000000 2511.000000 1439.000000 1356.391968 1593.322998
1433.000000 873.000000 1316.000000 422.000000 1551.000000
284.000000 653.000000 908.000000 425.529572 1296.501099
1526.000000 2438.000000 1232.000000 1264.000000 1447.000000
734.000000 285.000000 327.000000 337.000000 967.000000
1387.000000 509.000000 808.000000 486.000000 1238.000000
1193.000000 459.000000 823.000000 401.000000 1252.000000
949.000000 257.000000 955.000000 265.000000 1343.000000
667.000000 1189.000000 937.000000 605.000000 1314.000000
594.000000 971.000000 1715.000000 379.000000 1790.000000
956.000000 1271.000000 302.000000 632.000000 878.000000
1490.000000 2763.000000 938.000000 1786.000000 1177.000000
518.000000 2128.000000 127.000000 1150.473633 635.832825
420.000000 2906.000000 784.000000 1943.407715 1011.231750
1276.000000 1268.000000 233.000000 635.000000 847.000000
1084.000000 393.000000 1360.000000 328.000000 1583.000000
682.000000 187.000000 486.000000 447.000000 1061.000000
1290.000000 2881.000000 933.000000 1907.000000 1158.000000
603.000000 658.000000 1442.000000 410.000000 1635.000000
1389.000000 2703.000000 401.000000 1527.000000 753.000000
1089.000000 600.000000 1808.000000 301.000000 1858.000000
507.000000 1686.000000 36.000000 908.623047 643.592773
849.000000 366.000000 223.000000 376.000000 899.000000
1245.000000 231.000000 605.000000 307.000000 1134.000000
1295.000000 3010.000000 1040.000000 2083.000000 1244.000000
996.000000 3032.000000 473.000000 1858.000000 751.000000
875.000000 2642.000000 425.000000 1516.000000 779.000000
1212.000000 366.000000 119.000000 383.000000 837.000000
1137.000000 438.000000 742.000000 382.000000 1205.000000
907.000000 2405.000000 678.000000 1309.000000 1015.000000
1439.000000 2215.000000 1367.000000 1038.000000 1560.000000
1547.000000 2570.000000 431.000000 1456.000000 795.000000
1559.000000 891.000000 829.000000 567.000000 1254.000000
1242.000000 2977.000000 419.000000 1808.000000 715.000000
1427.000000 926.000000 1010.000000 604.000000 1336.000000
1441.000000 2522.000000 1521.000000 1402.000000 1682.000000
1355.000000 2496.000000 118.000000 1425.000000 558.000000
1543.000000 468.000000 530.000000 405.000000 1074.000000
1293.000000 2821.000000 181.000000 1671.000000 538.000000
1563.000000 1999.000000 682.000000 1135.000000 1052.000000
651.000000 443.000000 670.000000 388.000000 1162.000000
1462.000000 2466.000000 365.000000 1379.000000 757.000000
1107.000000 885.000000 1008.000000 565.000000 1349.000000
1402.000000 1662.000000 73.000000 891.000000 667.000000
857.000000 2211.000000 1080.000000 1135.000000 1341.000000
1213.000000 2805.000000 157.000000 1671.000000 525.000000
1512.000000 571.000000 1461.000000 379.000000 1642.000000
1209.000000 2532.000000 457.000000 1424.000000 823.000000
1275.000000 2491.000000 1447.000000 1305.000000 1607.000000
1165.000000 297.000000 897.000000 308.000000 1306.000000
1060.000000 907.000000 920.000000 555.000000 1290.000000

6.000000 1006.010864 73.875137 2043.491333 168.262665 486.919739 771.686646 1093.436157 680.685608
141.000000 233.425095 198.747467 916.996948 248.825089 329.103271 897.137451 483.070923 874.853638
49.000000 1763.307861 863.835510 1096.668701 829.960693 883.442871 1211.821899 593.289429 1229.269531
48.000000 1100.028442 822.775940 1760.014160 856.388000 590.004639 1223.407593 883.445374 1205.132324
24.000000 1856.948242 113.472809 1246.696655 59.660599 974.175720 671.990906 629.965881 726.451233
233.000000 1846.455688 139.041031 1249.760620 86.027046 789.834167 718.929321 670.124207 737.468872
4.000000 2493.335205 1776.755371 3070.014160 1763.966797 1050.086304 1894.607788 1916.626953 1930.947266
52.000000 3070.015625 1644.539185 2576.679199 1650.957764 1926.645752 1827.379028 1639.933105 1818.939941
13.000000 2579.766846 1577.796387 3070.225342 1592.459473 1553.510864 1735.606079 1996.793945 1753.517456
8.000000 3070.023682 1727.943970 2590.003174 1736.840210 2033.366699 1865.523560 1453.276611 1848.611084
31.000000 2443.026123 1023.351562 2468.163574 1446.775635 1478.602417 1293.291992 1468.742432 1626.629517
117.000000 861.336304 1620.263306 885.012634 1200.282593 535.252197 1649.838989 554.947571 1476.850464
25.000000 2886.605713 974.951721 2470.153076 959.270203 1920.154175 1195.920776 1573.328613 1216.588135
33.000000 2478.592773 1440.287109 2454.332275 1039.737549 1444.529663 1626.703125 1454.602539 1296.603638
32.000000 3067.145996 1452.963989 3029.667969 1066.053101 2007.381836 1589.983887 1999.881958 1256.594360
87.000000 2249.981934 1579.721069 1866.641479 1581.640625 1083.371460 1720.979614 869.986145 1717.520020
19.000000 2536.571289 952.600769 2906.684082 966.189087 1549.843872 1210.929199 1923.334351 1186.682739
26.000000 2579.798584 457.349426 2946.319092 451.511078 1479.097778 809.512085 1819.593872 748.969238
15.000000 2482.642822 431.730347 2828.456787 338.565582 1335.611938 841.889465 1706.993164 669.196899
99.000000 3077.347900 412.540283 2752.094482 325.505920 1718.689209 671.024231 1528.867065 715.123413
82.000000 2998.298340 369.762421 2982.990479 49.856899 1837.379028 630.044861 1839.819946 410.034973
90.000000 1112.169922 1453.301147 1120.756226 1143.169678 689.652100 1636.629883 711.535522 1429.809814
75.000000 1146.947876 1143.338013 1141.744629 1453.250732 760.399902 1406.707153 736.808350 1639.676758
34.000000 2565.752686 514.911560 2867.488281 474.554169 1442.170044 887.742981 1745.824585 770.545227
251.000000 1160.504395 649.949768 1061.458374 927.914246 535.081604 1195.659546 598.009155 1096.617188
247.000000 1242.115601 59.819878 951.189026 23.744516 623.859314 728.822815 506.038605 740.111694
241.000000 1792.524414 770.510254 1586.823975 569.600464 857.482117 1088.850342 759.496460 1019.344055
104.000000 896.301270 1199.983154 883.103027 1486.656006 563.006104 1476.627075 540.429504 1663.385254
80.000000 3069.005859 560.117310 2805.561768 447.042053 1906.294434 817.087952 1688.833496 767.218018
119.000000 686.660522 1566.247803 400.055389 1570.447510 470.995056 1711.527344 296.625305 1709.045532
56.000000 2818.382324 447.662720 2548.466064 517.984009 1694.444458 761.287292 1439.907715 878.677979
174.000000 1532.468994 549.802185 1258.280151 573.040710 754.991943 1019.257629 617.800171 1050.267578
133.000000 2153.097656 176.237823 2423.481201 198.177063 1103.220093 679.340820 1260.402222 652.341248
193.000000 1304.067505 540.476562 1570.790283 552.571899 628.649048 1029.205078 762.425293 1004.984680
62.000000 2634.211670 545.205994 2897.785156 565.404785 1501.537231 919.450378 1744.901367 829.533508
114.000000 2827.320801 353.005646 3075.184570 442.270569 1808.625122 692.115356 1970.893799 762.183838
27.000000 276.031952 1250.252075 299.717773 996.640320 257.890503 1706.851440 309.283905 1366.558472
208.000000 1584.980713 526.672363 1333.938477 505.989075 769.268311 995.851074 639.531067 1008.537598
167.000000 404.261963 1573.398071 387.063446 1820.027710 301.289276 1713.510742 281.557617 1856.880981
282.000000 1866.727905 1588.176514 2113.116699 1596.452515 866.624695 1730.096924 976.730591 1731.445068
207.000000 2079.994629 500.066803 2323.603516 520.038879 1133.281372 916.128235 1263.039307 903.617676
140.000000 2103.337402 1611.197632 1859.995605 1612.016968 1013.344055 1741.940186 856.686584 1740.736816
172.000000 1576.776123 172.169922 1339.387939 149.840408 813.443604 754.178101 673.222168 772.481689
148.000000 2875.174561 490.263580 3078.623291 612.289368 1838.561890 807.197876 1964.144043 892.134583
245.000000 1892.218262 865.912109 1793.160645 650.611572 887.755615 1077.616333 922.747192 1191.464478
85.000000 2876.571533 510.706390 2639.853271 519.287292 1816.489624 818.732422 1601.621582 827.149841
161.000000 2199.988037 1264.256226 1963.317749 1261.210327 1113.305542 1482.273926 966.652527 1486.129517
124.000000 2316.297363 596.288879 2083.180664 582.599670 1253.899170 961.888733 1089.962402 979.653625
69.000000 2917.981201 582.223083 3079.213379 747.688904 2067.129150 1048.200439 1938.285400 838.248718
142.000000 2219.974609 380.321198 2446.810059 398.180115 1200.182251 811.373596 1353.469849 791.028564
266.000000 1793.159424 645.806274 1612.650635 509.815033 803.097656 1000.270874 888.491211 1074.569580
113.000000 2655.005615 603.462830 2874.356445 640.627563 1657.034546 902.074646 1833.630127 910.270996
212.000000 2867.967773 642.207336 3020.093994 796.729126 1848.117676 921.759155 1943.407715 1011.231750
255.000000 2775.797852 728.308899 2913.821045 887.577942 1727.614136 984.208801 1841.710938 1002.875916
138.000000 2819.422852 574.206055 2612.813965 594.785278 1720.629639 865.925415 1570.464844 914.741333
201.000000 2206.717041 991.848694 2000.062134 984.835388 1140.084839 1274.694092 1006.646667 1283.012329
185.000000 1189.076416 1216.568970 1184.334229 1423.279785 773.168640 1479.983765 759.698181 1616.636963
81.000000 3079.462402 657.618713 2920.442383 536.087646 1996.737915 961.868164 1825.183472 819.721313
128.000000 2316.433594 1550.613281 2116.593994 1554.969360 1122.347778 1700.766724 960.064880 1699.069092
111.000000 492.769745 683.882324 475.113586 880.160156 339.108185 1144.425903 305.916321 1319.858032
272.000000 2053.409424 235.651688 2246.655518 250.148941 1063.481812 734.221985 1173.204346 715.894165
264.000000 2300.269775 843.363892 2321.023926 660.115967 1355.676514 1082.921021 1399.244629 978.297363
211.000000 2480.264160 1575.017456 2300.022705 1580.718384 1246.665405 1719.927490 1116.647583 1722.272827
219.000000 2480.019775 1608.542114 2300.004395 1610.428955 1243.313843 1747.326782 1116.658936 1743.594971
149.000000 2473.220947 1466.453247 2316.433594 1550.613281 1252.771729 1625.673950 1122.347778 1700.766724
88.000000 2639.430908 525.051636 2501.250732 634.026001 1601.621582 827.149841 1434.463867 960.587830
236.000000 2080.050049 366.024567 1910.042358 352.789886 1116.441528 818.216370 996.666687 833.333252
151.000000 2870.326660 678.864258 2707.537598 632.047607 1876.975342 962.134155 1733.699829 915.539734
224.000000 2376.659912 260.078339 2543.508545 274.660767 1323.264526 692.856506 1446.437012 675.075806
129.000000 2600.845459 714.874939 2767.848633 726.850647 1582.903076 1063.860962 1721.791382 978.714355
200.000000 1568.148804 1416.641724 1565.345825 1250.022217 751.803223 1613.517700 765.432983 1480.214722
186.000000 1372.228394 1449.998413 1372.114502 1286.667480 719.952026 1633.328369 734.033569 1496.738892
105.000000 1826.107666 843.797974 1757.621826 697.985779 899.955933 1274.773804 865.037537 1091.108154
134.000000 2652.749756 345.434174 2512.748291 411.724335 1515.246338 714.527649 1383.550293 801.973206
28.000000 3058.853271 1063.130737 3073.053223 1216.383789 2021.390625 1256.719971 2030.722900 1596.738281
145.000000 2667.255615 634.319580 2535.735107 712.858154 1651.221313 931.559021 1529.928711 1026.575562
252.000000 1145.703613 1021.911072 1173.733643 871.543823 770.974976 1221.254028 730.810547 1331.193970
213.000000 2947.737305 476.907257 3075.583496 557.847290 1824.045410 771.962891 1937.833862 831.086853
227.000000 2966.798828 1399.984375 2949.062256 1249.717285 1935.764893 1716.646118 1938.578125 1593.300903
61.000000 424.688751 1403.421509 414.918274 1553.653198 253.137253 1443.304932 215.880844 1700.369263
281.000000 2958.332520 805.125183 3002.453369 948.215698 1943.407715 1011.231750 1983.992432 1115.077271
153.000000 1736.711426 1810.410522 1590.025879 1812.163696 779.971375 1877.273071 629.991150 1870.187744
296.000000 2971.810791 784.859070 2868.350098 681.624268 1940.626465 1052.860962 1876.000854 967.168823
92.000000 2613.066406 603.565369 2506.146240 695.519104 1455.819946 1059.680664 1597.082397 907.755005
171.000000 2620.007324 1684.104736 2759.994385 1682.760620 1240.043213 1868.517212 1383.352051 1872.688965
237.000000 933.257751 974.601074 1070.034424 982.756836 426.792633 1331.619995 547.122498 1340.466553
250.000000 1287.515503 466.518555 1160.967896 512.654907 630.957458 983.529846 537.380066 1054.405518
131.000000 1079.427368 666.400757 1169.058228 569.132202 476.825623 1191.278076 564.238525 1056.269653
168.000000 1993.473267 573.733093 1866.618164 567.683105 1030.032104 983.616638 886.653687 999.885376
173.000000 1272.918213 576.126526 1173.009033 652.911377 630.676392 1044.606812 534.196472 1147.687988
293.000000 2597.186035 336.968445 2473.494873 343.204193 1453.245117 723.218628 1367.693237 789.003296
143.000000 496.543091 836.902222 505.582184 713.743042 425.529572 1296.501099 447.808044 1143.499512
205.000000 2484.225098 620.899841 2570.754883 534.085632 1443.987183 980.677856 1536.899170 886.926941
