Keypoint Matches and Line Matches for pairs 16, 23 
16 corresponds to the image ./resources/Data/HerzP25/images/0016.png 
23 corresponds to the image ./resources/Data/HerzP25/images/0023.png 

65.000000 2043.491333 168.262665 340.691895 408.370850
336.000000 1760.014160 856.388000 163.365448 1020.190674
150.000000 1856.948242 113.472809 247.646103 412.326447
48.000000 2443.026123 1023.351562 626.134583 1076.411133
46.000000 2464.954590 1033.233765 696.482666 1079.530151
174.000000 2536.571289 952.600769 809.591919 980.833313
43.000000 2828.456787 338.565582 754.296509 338.857819
126.000000 2602.802002 13.382309 657.941528 80.379181
1474.000000 2752.094482 325.505920 722.000000 339.000000
371.000000 1758.298462 866.355957 163.385391 1026.990967
519.000000 2998.298340 369.762421 894.366638 303.759979
214.000000 2423.481201 198.177063 543.102783 322.797791
273.000000 2827.320801 353.005646 769.721008 348.789307
274.000000 3075.184570 442.270569 949.452881 337.755249
1571.000000 2079.994629 500.066803 319.000000 681.000000
1111.000000 1576.776123 172.169922 118.000000 525.000000
559.000000 2875.174561 490.263580 886.027588 457.913574
326.000000 1963.317749 1261.210327 216.699554 1320.453491
580.000000 2219.974609 380.321198 406.341919 549.077026
581.000000 2446.810059 398.180115 520.757690 508.820099
1562.000000 1615.017578 1229.980591 46.000000 1266.000000
577.000000 2867.967773 642.207336 930.063354 590.152283
1225.000000 2292.446289 1583.212769 262.000000 1583.000000
231.000000 2819.422852 574.206055 889.507568 558.254272
288.000000 2116.593994 1554.969360 242.656326 1582.549438
282.000000 1576.204834 253.335617 150.247375 588.962646
1149.000000 2013.343384 443.180237 295.000000 648.000000
1541.000000 2053.409424 235.651688 364.000000 462.000000
1119.000000 2246.655518 250.148941 439.000000 418.000000
1142.000000 1869.118896 1566.601807 150.000000 1558.000000
1460.000000 1864.181519 1379.977539 185.000000 1416.000000
998.000000 2016.496948 81.399193 338.000000 335.000000
287.000000 2473.220947 1466.453247 375.089203 1468.173462
358.000000 1719.934937 280.804749 189.859299 576.292603
960.000000 2093.281738 821.177307 264.000000 958.000000
427.000000 2283.364746 1610.085327 250.122482 1603.626465
421.000000 2376.659912 260.078339 473.496216 410.411377
422.000000 2543.508545 274.660767 605.872070 357.993347
251.000000 2767.848633 726.850647 936.540649 700.870605
1212.000000 1341.295166 313.319153 23.000000 668.000000
1122.000000 2629.872559 32.831867 686.000000 106.000000
281.000000 1622.149902 492.055450 122.101196 763.134216
280.000000 2512.748291 411.724335 568.082397 508.162476
349.000000 2947.737305 476.907257 887.631775 414.588684
1168.000000 3075.583496 557.847290 1002.000000 460.000000
1276.000000 1560.331665 186.594849 113.000000 538.000000
719.000000 1520.536011 216.683777 105.000000 569.000000
277.000000 2613.066406 603.565369 731.420776 659.146973
407.000000 1863.217529 678.877136 206.973007 867.913452
956.000000 1496.990967 50.884930 82.000000 469.000000
454.000000 1631.062500 68.646088 172.061493 426.458221
1154.000000 1987.143799 1439.986938 192.000000 1464.000000
1525.000000 2240.036621 649.387695 392.000000 776.000000
1152.000000 2661.000000 775.000000 951.000000 789.000000
840.000000 2732.000000 928.000000 986.000000 917.000000
596.000000 2667.000000 1171.000000 916.000000 1180.000000
659.000000 2399.000000 760.000000 482.000000 848.000000
985.000000 2249.000000 795.000000 360.000000 951.000000
817.000000 2772.000000 929.000000 1019.000000 911.000000
775.000000 2464.000000 519.000000 530.000000 613.000000
882.000000 2688.000000 1264.000000 922.000000 1274.000000
1563.000000 1589.000000 236.000000 119.000000 573.000000
1163.000000 2547.000000 921.000000 849.000000 941.000000
314.000000 2670.000000 75.000000 706.528320 123.433174
751.000000 2752.000000 928.000000 1003.000000 914.000000
1265.000000 2925.000000 101.000000 882.000000 30.000000
727.000000 1326.000000 212.000000 70.000000 595.000000
1304.000000 2770.000000 399.000000 747.000000 408.000000
1511.000000 1354.000000 215.000000 59.000000 603.000000
1006.000000 2493.000000 863.000000 805.000000 903.000000
1218.000000 2685.000000 1218.000000 924.000000 1227.000000
1456.000000 2660.000000 753.000000 954.000000 747.000000
766.000000 2661.000000 925.000000 932.000000 927.000000
1538.000000 2535.000000 1371.000000 799.000000 1389.000000
1341.000000 2709.000000 316.000000 698.000000 356.000000
1010.000000 2512.000000 845.000000 831.000000 871.000000
772.000000 2640.000000 925.000000 916.000000 930.000000
973.000000 2904.000000 417.000000 844.000000 381.000000
924.000000 1639.000000 418.000000 139.000000 699.000000
928.000000 2920.000000 86.000000 890.000000 16.000000
979.000000 1638.000000 398.000000 141.000000 685.000000
1103.000000 2419.000000 164.000000 546.000000 279.000000
1457.000000 2340.000000 740.000000 432.000000 841.000000
777.000000 2816.000000 401.000000 779.000000 395.000000
1199.000000 2774.000000 811.000000 1037.000000 784.000000
895.000000 2469.000000 554.000000 530.000000 646.000000
1500.000000 1188.000000 331.000000 1517.000000 255.000000
649.000000 1960.000000 936.000000 208.000000 1063.000000
869.000000 2435.000000 557.000000 509.000000 655.000000
168.000000 3009.000000 333.000000 932.771362 250.179535
905.000000 2350.000000 663.000000 596.000000 735.000000
1024.000000 3025.000000 334.000000 956.000000 239.000000
941.000000 1604.000000 457.000000 124.000000 741.000000
599.000000 2059.000000 1487.000000 220.000000 1501.000000
643.000000 1058.000000 1319.000000 150.000000 1379.000000
668.000000 2428.000000 1466.000000 405.000000 1484.000000
815.000000 2617.000000 23.000000 661.000000 86.000000
1046.000000 2399.000000 781.000000 475.000000 870.000000
151.000000 1335.000000 69.000000 2.802688 515.406250
1208.000000 2416.000000 809.000000 681.000000 878.000000
880.000000 191.000000 1323.000000 2831.000000 1793.000000
574.000000 2142.000000 15.000000 402.028503 237.341858
875.000000 1894.000000 934.000000 181.000000 1068.000000
1095.000000 2713.000000 918.000000 978.000000 905.000000
967.000000 1643.000000 42.000000 143.000000 428.000000
1397.000000 2791.000000 376.000000 762.000000 377.000000
1189.000000 2565.000000 464.000000 600.000000 535.000000
1373.000000 2734.000000 1099.000000 977.000000 1097.000000
22.000000 2581.000000 301.000000 615.766846 359.600098
1082.000000 2610.000000 412.000000 635.000000 471.000000
654.000000 1840.000000 965.000000 162.000000 1096.000000
1020.000000 2795.000000 1435.000000 755.000000 1424.000000
765.000000 2580.000000 145.000000 643.000000 201.000000
1058.000000 2697.000000 385.000000 696.000000 416.000000
619.000000 1176.000000 1101.000000 135.000000 1137.000000
1439.000000 1903.000000 65.000000 285.000000 359.000000
958.000000 2505.000000 860.000000 824.000000 887.000000
698.000000 1874.000000 881.000000 187.000000 1027.000000
1062.000000 1324.000000 436.000000 15.000000 768.000000
617.000000 660.000000 1343.000000 24.000000 1404.000000
1317.000000 2394.000000 1361.000000 384.000000 1390.000000
606.000000 2664.000000 61.000000 702.000000 105.000000
1039.000000 1598.000000 178.000000 134.000000 528.000000
1138.000000 880.000000 1135.000000 88.000000 1262.000000
1550.000000 2484.000000 912.000000 663.000000 981.000000
716.000000 2073.000000 539.000000 317.000000 716.000000
1144.000000 2860.000000 407.000000 812.000000 386.000000
796.000000 2274.000000 162.000000 460.000000 335.000000
971.000000 2407.000000 657.000000 493.000000 755.000000
989.000000 2086.000000 326.000000 469.000000 537.000000
1312.000000 2727.000000 404.000000 716.000000 427.000000
1431.000000 1999.000000 303.000000 338.000000 458.000000
1520.000000 1692.000000 1561.000000 136.000000 1512.000000
855.000000 1502.000000 358.000000 97.000000 680.000000
1201.000000 2790.000000 172.000000 778.000000 170.000000
861.000000 3021.000000 441.000000 934.000000 366.000000
1065.000000 2526.000000 1495.000000 638.000000 1509.000000
660.000000 1465.000000 285.000000 113.000000 592.000000
317.000000 1294.000000 169.000000 20.112627 603.022156
802.000000 2427.000000 614.000000 508.000000 711.000000
1473.000000 2447.000000 1010.000000 554.000000 1058.000000
1117.000000 1543.000000 386.000000 111.000000 685.000000
1041.000000 2887.000000 75.000000 869.000000 21.000000
708.000000 2803.000000 219.000000 746.000000 216.000000
1186.000000 2252.000000 1607.000000 237.000000 1601.000000
1156.000000 1588.000000 455.000000 136.000000 732.000000
722.000000 2200.000000 217.000000 416.000000 407.000000
1012.000000 2511.000000 1439.000000 412.000000 1448.000000
1356.000000 1850.000000 981.000000 149.000000 1121.000000
787.000000 1802.000000 1364.000000 113.000000 1345.000000
1259.000000 2648.000000 1099.000000 919.000000 1107.000000
626.000000 2683.000000 412.000000 685.000000 449.000000
720.000000 1832.000000 57.000000 283.000000 390.000000
1200.000000 2405.000000 976.000000 780.000000 1062.000000
1237.000000 3003.000000 246.000000 936.000000 158.000000
1515.000000 1786.000000 109.000000 244.000000 414.000000
786.000000 2763.000000 938.000000 1004.000000 928.000000
864.000000 2423.000000 634.000000 493.000000 731.000000
1467.000000 2574.000000 481.000000 614.000000 550.000000
1232.000000 2495.000000 360.000000 565.000000 456.000000
1554.000000 2703.000000 401.000000 764.000000 395.000000
181.000000 1808.000000 87.000000 247.742599 403.055145
1436.000000 3032.000000 473.000000 971.000000 413.000000
760.000000 2642.000000 425.000000 655.000000 475.000000
706.000000 2451.000000 575.000000 526.000000 669.000000
714.000000 2776.000000 182.000000 765.000000 180.000000
637.000000 2405.000000 678.000000 478.000000 775.000000
1043.000000 2215.000000 1367.000000 304.000000 1400.000000
987.000000 2570.000000 431.000000 606.000000 501.000000
1282.000000 2419.000000 874.000000 623.000000 954.000000
1283.000000 2977.000000 419.000000 900.000000 358.000000
651.000000 2658.000000 1109.000000 931.000000 1105.000000
1084.000000 2496.000000 118.000000 621.000000 211.000000
1292.000000 1999.000000 682.000000 349.000000 829.000000
1430.000000 2530.000000 846.000000 753.000000 909.000000
878.000000 1904.000000 82.000000 283.000000 373.000000
874.000000 2785.000000 1350.000000 963.000000 1358.000000
803.000000 2211.000000 1080.000000 332.000000 1156.000000
694.000000 2805.000000 157.000000 792.000000 159.000000
978.000000 2735.000000 913.000000 931.000000 912.000000
818.000000 1473.000000 41.000000 69.000000 466.000000
701.000000 2532.000000 457.000000 579.000000 537.000000

32.000000 1006.010864 73.875137 2043.491333 168.262665 2.869412 545.523987 340.691895 408.370850
187.000000 1763.307861 863.835510 1096.668701 829.960693 163.385391 1026.990967 13.502574 1051.054199
169.000000 1100.028442 822.775940 1760.014160 856.388000 3.411792 1047.132446 163.365448 1020.190674
75.000000 1856.948242 113.472809 1246.696655 59.660599 247.646103 412.326447 2.802688 515.406250
87.000000 2536.571289 952.600769 2906.684082 966.189087 809.591919 980.833313 1052.970093 941.107971
95.000000 2579.798584 457.349426 2946.319092 451.511078 645.268921 527.569580 845.604370 412.356781
21.000000 2482.642822 431.730347 2828.456787 338.565582 486.932770 624.657349 754.296509 338.857819
63.000000 2633.820312 349.955139 2602.802002 13.382309 657.941528 80.379181 634.377563 366.752594
261.000000 3077.347900 412.540283 2752.094482 325.505920 1016.486938 347.172272 894.366638 303.759979
84.000000 2998.298340 369.762421 2982.990479 49.856899 932.771362 250.179535 948.781311 3.038450
160.000000 1297.549316 156.673004 1295.324585 466.704865 20.112627 603.022156 3.974672 770.061951
48.000000 2565.752686 514.911560 2867.488281 474.554169 567.561279 716.643005 768.062256 479.890167
130.000000 3069.005859 560.117310 2805.561768 447.042053 900.960022 434.970184 722.612915 485.687988
81.000000 2818.382324 447.662720 2548.466064 517.984009 722.612915 485.687988 563.131165 681.729614
107.000000 2153.097656 176.237823 2423.481201 198.177063 345.706665 407.769836 543.102783 322.797791
138.000000 2827.320801 353.005646 3075.184570 442.270569 769.721008 348.789307 949.452881 337.755249
177.000000 1704.747314 619.431030 1832.453857 820.884949 176.350296 1012.597107 138.601440 857.901062
162.000000 2875.174561 490.263580 3078.623291 612.289368 887.489319 454.133972 1038.617798 525.471680
292.000000 2219.974609 380.321198 2446.810059 398.180115 406.341919 549.077026 520.757690 508.820099
116.000000 2819.422852 574.206055 2612.813965 594.785278 889.507568 558.254272 714.373291 659.360779
242.000000 3079.462402 657.618713 2920.442383 536.087646 1074.591431 636.637207 996.551575 530.084290
142.000000 1577.195679 453.330719 1576.204834 253.335617 122.101196 763.134216 150.247375 588.962646
180.000000 1896.524902 295.086853 1719.934937 280.804749 337.020782 520.941528 189.859299 576.292603
216.000000 2870.326660 678.864258 2707.537598 632.047607 863.731018 633.692871 770.344116 736.977783
212.000000 2376.659912 260.078339 2543.508545 274.660767 473.496216 410.411377 605.872070 357.993347
126.000000 2600.845459 714.874939 2767.848633 726.850647 813.803345 844.712524 936.540649 700.870605
176.000000 2947.737305 476.907257 3075.583496 557.847290 887.631775 414.588684 1030.626953 485.400604
120.000000 1870.032104 432.891968 1723.414917 422.213165 152.914688 698.624146 342.595184 640.907471
140.000000 2613.066406 603.565369 2506.146240 695.519104 731.420776 659.146973 659.044128 821.420288
205.000000 1863.217529 678.877136 2000.032715 686.043091 206.973007 867.913452 346.726074 833.575134
94.000000 2484.225098 620.899841 2570.754883 534.085632 537.326660 721.263794 653.872620 519.788879
