Keypoint Matches and Line Matches for pairs 17, 22 
17 corresponds to the image ./resources/Data/HerzP25/images/0017.png 
22 corresponds to the image ./resources/Data/HerzP25/images/0022.png 

3.000000 1536.600464 1864.460449 653.441528 1878.583130
10.000000 2859.960938 1768.491943 1883.548828 1859.224854
18.000000 239.466812 137.291260 323.728424 654.709534
19.000000 1339.919678 217.764786 850.076111 503.598541
7.000000 2846.593506 1733.726318 1946.410522 1849.049438
11.000000 1786.585571 1760.068359 929.866516 1809.212524
6.000000 1703.367310 1754.673950 929.843140 1803.501099
14.000000 2706.628906 1695.057495 1816.718506 1805.375488
315.000000 2553.321289 1659.438599 1713.349121 1756.008057
29.000000 1789.984131 1675.932251 1076.636841 1737.694824
198.000000 1049.922241 905.386780 659.917603 1109.338135
179.000000 1043.410034 897.933289 659.937744 1102.839966
92.000000 1149.267944 167.127899 737.254517 505.302216
93.000000 519.784363 123.081444 430.103149 597.012085
175.000000 516.584412 147.820465 437.029846 614.570984
442.000000 2083.259033 1586.670532 1570.000000 1663.357300
248.000000 2053.133789 1000.010254 1563.204956 1055.602539
60.000000 1094.428223 1596.680786 651.663574 1650.123291
127.000000 349.858795 1855.249023 300.074219 1815.521606
64.000000 1856.633667 981.304932 1359.825073 1071.926514
65.000000 2276.702148 991.931396 1716.367676 1027.595337
79.000000 1719.179688 1056.503906 1173.420898 1163.335938
68.000000 1739.402100 1053.422241 1133.051636 1163.216553
234.000000 2256.637451 1001.065979 1756.763672 1030.702271
249.000000 1856.572388 990.111328 1383.012695 1077.342285
55.000000 1755.306152 1066.536133 1239.704346 1173.325073
977.000000 2403.878174 1079.959961 1792.000000 1109.000000
256.000000 1473.389648 1607.678589 820.015686 1665.538818
257.000000 1089.947876 1612.649170 643.336792 1663.085571
39.000000 2514.865234 1066.263306 1821.421631 1089.915894
153.000000 2059.407959 359.570740 1339.605591 457.219452
56.000000 1811.139404 1076.733887 1267.059570 1173.258545
69.000000 1822.274292 1440.236694 1121.632690 1516.719360
546.000000 713.329956 1833.096191 493.193481 1818.447998
547.000000 1060.068726 1828.118896 609.925781 1827.612061
45.000000 2445.114990 1079.612183 1796.519043 1103.287842
562.000000 1918.734985 60.066132 1241.046143 193.551025
184.000000 1007.984436 1486.615356 614.783569 1556.527832
564.000000 2221.255615 492.685028 1487.742798 530.163757
180.000000 970.493896 1483.705078 581.365051 1563.707886
185.000000 981.015442 1186.702637 630.999329 1336.494629
444.000000 2776.588135 722.178650 2066.661865 633.307983
190.000000 1006.516724 1193.237183 618.909241 1343.005981
191.000000 998.417969 1486.714966 602.817932 1560.455200
1339.000000 1003.151611 333.028229 656.000000 665.000000
130.000000 2326.923584 366.650208 1592.480469 366.709717
128.000000 2410.046631 1695.022949 1553.325806 1786.887695
129.000000 2686.687012 1687.401245 1819.909302 1795.989990
170.000000 2008.549316 537.792297 1356.908569 626.899536
307.000000 2467.941895 755.112244 1768.900146 754.654907
221.000000 430.495941 608.109558 376.379730 956.807556
211.000000 2269.882080 541.498413 1575.376831 566.762634
112.000000 2539.941406 434.184113 1812.959717 371.854004
1295.000000 1543.243896 364.772797 978.000000 579.000000
567.000000 853.212585 228.274902 577.826904 614.269104
568.000000 609.501038 209.979797 466.956757 644.400696
415.000000 1453.337280 1295.602661 866.674377 1400.132690
416.000000 1209.994873 1294.698730 730.080200 1408.049927
373.000000 1436.957520 52.098125 920.032532 336.759003
374.000000 1200.189331 37.025333 781.753052 385.518433
195.000000 2996.662109 764.845093 2360.876221 620.545105
341.000000 1510.026733 422.918213 950.336243 641.343994
342.000000 1743.465820 437.941925 1096.997192 604.654480
236.000000 560.063049 255.843475 448.131927 686.485901
268.000000 1780.015747 1710.549805 1036.622559 1768.334106
269.000000 1996.696167 1704.366089 1206.679810 1772.835693
540.000000 1473.347168 1025.967773 893.485474 1168.045898
541.000000 1256.699463 1021.676880 776.768494 1180.923096
322.000000 2474.448242 541.737854 1736.653687 513.363464
487.000000 1406.724609 545.828430 886.957458 764.877258
488.000000 1617.101929 560.367920 1009.703491 741.759155
1283.000000 1280.005859 1640.566406 737.000000 1686.000000
555.000000 1079.958252 1642.636475 626.658020 1687.089233
493.000000 223.178604 316.655273 309.295197 783.597534
109.000000 2683.514160 1476.317505 1830.947144 1554.893311
554.000000 1289.960815 1640.569092 743.412292 1689.485474
556.000000 1719.926636 1601.143188 973.351501 1669.290527
557.000000 1523.368896 1607.727661 856.676086 1666.298828
106.000000 1568.511719 879.745239 976.230042 1050.450317
212.000000 1712.972900 1489.303711 986.473572 1559.710205
102.000000 2883.328369 653.432068 2209.128174 515.895813
103.000000 3070.033936 662.645935 2507.213867 452.576019
1054.000000 1316.417236 132.561020 845.000000 430.000000
171.000000 1810.504395 669.449768 1193.384277 796.715759
1229.000000 1310.033691 489.279297 808.000000 738.000000
107.000000 1693.858032 579.266357 1056.096924 761.334290
591.000000 269.923981 1847.138428 266.736877 1807.685669
592.000000 450.062500 1842.353271 380.067017 1811.124268
330.000000 2706.710205 309.406982 2006.919434 164.283905
765.000000 1869.997437 1586.507812 1268.000000 1661.000000
491.000000 1680.006104 303.243317 1069.428955 494.577972
492.000000 1853.443115 315.054169 1189.561768 461.730499
511.000000 2369.773926 752.821960 1722.450195 760.309570
1246.000000 2054.253418 477.926239 1372.000000 554.000000
279.000000 2953.297607 373.873169 2333.759277 128.174362
182.000000 3003.327393 1153.549072 2333.431396 1127.811401
183.000000 2836.604248 1148.907227 2113.333984 1146.674438
383.000000 926.005798 1450.062622 648.821411 1536.830933
23.000000 2903.337891 1590.241577 2089.934082 1690.072510
327.000000 2866.241699 1579.368042 2036.369507 1676.296753
328.000000 2699.830566 1584.432983 1883.161987 1680.687012
357.000000 2078.359863 378.244629 1355.579468 462.425964
358.000000 1915.365845 409.987152 1226.685303 537.654053
525.000000 1649.835938 8.966773 1063.399414 236.851990
526.000000 1813.288696 20.625433 1176.593262 196.461075
460.000000 153.270767 1015.679749 263.395599 1255.146118
1484.000000 466.651978 423.614532 407.000000 818.000000
580.000000 2012.099854 666.906555 1448.308838 745.103943
261.000000 1872.582153 749.690674 1324.743408 851.525757
434.000000 2450.881348 792.150696 1745.364014 814.623474
376.000000 2943.510986 327.530762 2326.581299 69.720848
344.000000 1580.255737 1465.872070 937.153137 1551.002319
533.000000 2347.775146 431.659515 1601.406738 436.662079
534.000000 2479.571045 518.947937 1711.517456 483.066071
509.000000 2896.739746 648.232422 2236.500977 502.590637
427.000000 2739.927979 641.743225 2060.423828 548.605774
425.000000 1269.986816 617.021912 792.946289 848.174316
401.000000 1753.246338 791.567749 1095.052490 919.290710
402.000000 1738.879028 945.982666 1075.451660 1056.014648
956.000000 1336.635010 1799.187866 756.000000 1818.000000
232.000000 3053.378662 1468.439941 2376.698730 1537.082031
233.000000 2903.312012 1464.067871 2186.648438 1534.995605
470.000000 2833.185303 869.872986 2123.548828 801.469604
825.000000 187.898727 596.482178 275.000000 968.000000
949.000000 150.005157 1129.262451 263.000000 1333.000000
150.000000 1811.621948 882.769409 1209.455566 994.925903
168.000000 2926.613281 457.582916 2283.120605 249.188110
169.000000 3070.042725 465.931915 2513.048096 188.912094
162.000000 1127.272461 146.676956 734.013306 496.471100
293.000000 3019.979980 1615.340698 2280.030029 1728.989258
294.000000 2876.679688 1617.516357 2116.643311 1724.118042
135.000000 1826.067627 667.152039 1150.695068 810.578369
352.000000 964.770264 693.099304 623.101929 956.601562
319.000000 2433.196045 248.610260 1712.405396 203.633560
320.000000 2570.121338 258.281830 1860.506958 158.323746
143.000000 1733.448975 241.361588 1106.223999 425.231995
1368.000000 1523.258179 688.326538 942.000000 866.000000
435.000000 2726.665771 1633.419922 1910.042725 1735.930908
436.000000 2863.318848 1634.781128 2043.314209 1743.663208
117.000000 1666.886841 517.938232 1045.567871 686.268555
306.000000 384.004669 770.606323 377.012970 1065.925293
405.000000 2312.208496 528.262268 1603.378174 542.700928
528.000000 432.947296 1663.533569 501.900452 1683.372803
389.000000 2570.109863 294.679688 1859.919678 199.741348
390.000000 2436.631836 287.296021 1726.037964 241.308243
304.000000 2308.552979 403.447632 1561.124390 416.717072
560.000000 43.360157 1900.414795 176.919876 1830.064331
281.000000 2610.104248 261.818024 1900.056519 146.854263
282.000000 2739.948975 270.741943 2059.624512 98.754715
1573.000000 1227.378418 1339.934448 732.000000 1440.000000
1287.000000 2011.903076 936.598328 1512.000000 1005.000000
550.000000 1567.126465 1340.020630 933.328857 1433.333130
551.000000 1568.060059 1470.037842 926.447510 1550.183350
421.000000 2780.000000 1470.000000 2026.641602 1541.325806
422.000000 2910.000000 1470.000000 2163.328613 1539.617310
504.000000 2896.666748 1390.000000 2163.316406 1446.207886
503.000000 2770.000000 1390.000000 2040.026611 1450.725220
575.000000 2216.383789 249.528580 1494.851685 287.233948
172.000000 2568.062012 836.427185 1836.285400 822.335571
283.000000 2796.389648 312.558014 2133.788574 121.724937
284.000000 2673.415527 299.240723 1972.693481 164.242111
326.000000 2859.949707 1761.405151 2076.956543 1915.859131
275.000000 2903.312256 1695.357300 2126.687256 1822.935791
276.000000 3026.667236 1693.368896 2293.426270 1831.530273
1262.000000 750.000000 85.000000 541.000000 544.000000
619.000000 183.000000 1812.000000 226.000000 1779.000000
649.000000 862.000000 291.000000 578.000000 660.000000
989.000000 407.000000 466.000000 378.000000 855.000000
1148.000000 381.000000 56.000000 382.000000 574.000000
745.000000 2549.000000 198.000000 1840.000000 98.000000
1325.000000 2431.000000 560.000000 1689.000000 547.000000
1345.000000 1985.000000 102.000000 1300.000000 220.000000
1103.000000 2103.000000 1245.000000 1298.000000 1312.000000
662.000000 2250.000000 959.000000 1731.000000 990.000000
809.000000 589.000000 355.000000 473.000000 756.000000
209.000000 2865.000000 1566.000000 2059.953369 1667.364990
837.000000 2072.000000 785.000000 1570.000000 839.000000
689.000000 603.000000 1056.000000 406.000000 1257.000000
1471.000000 3029.000000 1285.000000 2364.000000 1297.000000
996.000000 330.000000 1407.000000 509.000000 1505.000000
1192.000000 641.000000 281.000000 490.000000 688.000000
1216.000000 2054.000000 370.000000 1335.000000 460.000000
974.000000 1679.000000 937.000000 1026.000000 1069.000000
1561.000000 1708.000000 8.000000 1104.000000 216.000000
964.000000 1759.000000 556.000000 1110.000000 708.000000
1549.000000 2328.000000 1474.000000 1752.000000 1548.000000
903.000000 560.000000 71.000000 464.000000 566.000000
1458.000000 2176.000000 441.000000 1452.000000 495.000000
1006.000000 1162.000000 1834.000000 660.000000 1840.000000
982.000000 2161.000000 859.000000 1671.000000 898.000000
652.000000 966.000000 102.000000 645.000000 512.000000
1227.000000 357.000000 37.000000 372.000000 564.000000
963.000000 1680.000000 1035.000000 1052.000000 1158.000000
1582.000000 2022.000000 954.000000 1515.000000 1019.000000
136.000000 1828.000000 1006.000000 1313.514526 1095.470825
1235.000000 1812.000000 1045.000000 1287.000000 1165.000000
780.000000 1728.000000 594.000000 1086.000000 749.000000
1372.000000 1728.000000 195.000000 1092.000000 389.000000
1090.000000 1659.000000 837.000000 1032.000000 982.000000
824.000000 1681.000000 1493.000000 1005.000000 1569.000000
706.000000 332.000000 1388.000000 511.000000 1491.000000
795.000000 2137.000000 957.000000 1621.000000 1005.000000
1081.000000 1095.000000 961.000000 687.000000 1145.000000
790.000000 2020.000000 1197.000000 1508.000000 1267.000000
1374.000000 2104.000000 193.000000 1399.000000 266.000000
461.000000 349.000000 1048.000000 393.586792 1260.476807
798.000000 2221.000000 451.000000 1492.000000 491.000000
1027.000000 2082.000000 435.000000 1372.000000 515.000000
865.000000 2116.000000 955.000000 1601.000000 1008.000000
1102.000000 2110.000000 210.000000 1399.000000 278.000000
1196.000000 1805.000000 1547.000000 1248.000000 1617.000000
1306.000000 2782.000000 1721.000000 1903.000000 1838.000000
1357.000000 2104.000000 411.000000 1390.000000 484.000000
1322.000000 2617.000000 918.000000 1876.000000 900.000000
1255.000000 2989.000000 1209.000000 2311.000000 1202.000000
1156.000000 911.000000 449.000000 606.000000 771.000000
768.000000 230.000000 210.000000 351.000000 705.000000
946.000000 2008.000000 422.000000 1309.000000 521.000000
1034.000000 89.000000 203.000000 287.000000 721.000000
1476.000000 230.000000 849.000000 281.000000 1137.000000
1039.000000 1213.000000 974.000000 729.000000 1149.000000
935.000000 1124.000000 142.000000 732.000000 487.000000
1005.000000 1143.000000 937.000000 700.000000 1131.000000
748.000000 781.000000 1400.000000 717.000000 1440.000000
1060.000000 1862.000000 962.000000 1381.000000 1048.000000
1493.000000 2175.000000 157.000000 1489.000000 200.000000
1135.000000 911.000000 468.000000 605.000000 785.000000
623.000000 1298.000000 1517.000000 764.000000 1589.000000
683.000000 2094.000000 956.000000 1581.000000 1010.000000
1270.000000 1763.000000 591.000000 1112.000000 739.000000
1201.000000 1578.000000 208.000000 1002.000000 434.000000
1272.000000 1213.000000 987.000000 738.000000 1158.000000
953.000000 1061.000000 1003.000000 651.000000 1185.000000
1548.000000 641.000000 303.000000 491.000000 703.000000
1008.000000 2123.000000 114.000000 1425.000000 177.000000
1555.000000 204.000000 498.000000 294.000000 914.000000
937.000000 2013.000000 436.000000 1271.000000 545.000000
1053.000000 633.000000 1058.000000 550.000000 1255.000000
883.000000 286.000000 1570.000000 335.000000 1620.000000
1537.000000 2859.000000 1228.000000 2131.000000 1240.000000
853.000000 868.000000 508.000000 572.000000 824.000000
1161.000000 2858.000000 1755.000000 1953.000000 1865.000000
1087.000000 717.000000 288.000000 512.000000 681.000000
794.000000 2953.000000 744.000000 2302.000000 607.000000
1136.000000 2552.000000 1522.000000 1776.000000 1604.000000
1319.000000 1664.000000 1336.000000 1009.000000 1429.000000
1400.000000 2553.000000 1577.000000 1791.000000 1664.000000
1217.000000 2121.000000 257.000000 1405.000000 326.000000
753.000000 684.000000 351.000000 506.000000 733.000000
774.000000 1473.000000 1112.000000 888.000000 1242.000000
1290.000000 2311.000000 483.000000 1574.000000 499.000000
907.000000 2053.000000 344.000000 1342.000000 435.000000
756.000000 2155.000000 971.000000 1638.000000 1019.000000
1238.000000 1531.000000 777.000000 983.000000 941.000000
1518.000000 2037.000000 440.000000 1334.000000 532.000000
1267.000000 496.000000 26.000000 445.000000 539.000000
993.000000 1772.000000 159.000000 1143.000000 336.000000
1365.000000 1678.000000 738.000000 1052.000000 891.000000
1311.000000 2731.000000 1398.000000 1942.000000 1458.000000
1557.000000 1883.000000 950.000000 1415.000000 1032.000000
1129.000000 940.000000 99.000000 629.000000 516.000000
1284.000000 3053.000000 1302.000000 2394.000000 1318.000000
1096.000000 1056.000000 96.000000 711.000000 480.000000
501.000000 2370.000000 1355.000000 1816.301147 1416.797729
1501.000000 852.000000 207.000000 571.000000 600.000000
1370.000000 2576.000000 753.000000 1809.000000 679.000000
785.000000 2084.000000 23.000000 1416.000000 95.000000
978.000000 1630.000000 443.000000 1025.000000 633.000000
1242.000000 1602.000000 1128.000000 971.000000 1246.000000
779.000000 341.000000 1426.000000 526.000000 1535.000000
762.000000 1666.000000 811.000000 1032.000000 956.000000
332.000000 365.000000 744.000000 352.041809 1056.460693
754.000000 1890.000000 339.000000 1220.000000 474.000000
995.000000 130.000000 988.000000 240.000000 1235.000000
1038.000000 2662.000000 1393.000000 1903.000000 1449.000000
89.000000 2193.000000 468.000000 1481.797119 516.598694
1507.000000 370.000000 1521.000000 525.000000 1586.000000
1040.000000 1048.000000 1516.000000 619.000000 1587.000000
220.000000 250.000000 853.000000 294.883972 1134.317871
1468.000000 2603.000000 146.000000 1903.000000 15.000000
645.000000 2209.000000 959.000000 1690.000000 996.000000
351.000000 1089.000000 888.000000 672.306519 1098.037964
1382.000000 2060.000000 1474.000000 1532.000000 1548.000000
1208.000000 387.000000 1599.000000 530.000000 1642.000000
644.000000 457.000000 53.000000 444.000000 560.000000
976.000000 482.000000 1521.000000 555.000000 1586.000000
1414.000000 2056.000000 415.000000 1349.000000 502.000000
708.000000 714.000000 1878.000000 463.000000 1858.000000
881.000000 580.000000 492.000000 449.000000 853.000000
1022.000000 346.000000 1182.000000 522.000000 1345.000000
875.000000 294.000000 856.000000 317.000000 1135.000000
1265.000000 294.000000 251.000000 339.000000 722.000000
1386.000000 2404.000000 169.000000 1688.000000 127.000000
1364.000000 2611.000000 1078.000000 1857.000000 1089.000000
1226.000000 1016.000000 1074.000000 631.000000 1253.000000
1035.000000 2152.000000 106.000000 1461.000000 130.000000
814.000000 1906.000000 479.000000 1225.000000 603.000000
1562.000000 848.000000 303.000000 571.000000 680.000000
1512.000000 2126.000000 195.000000 1416.000000 260.000000
1530.000000 1677.000000 761.000000 1042.000000 910.000000
816.000000 2230.000000 959.000000 1711.000000 993.000000
1473.000000 2352.000000 504.000000 1613.000000 509.000000
1550.000000 1765.000000 1526.000000 1104.000000 1597.000000
1567.000000 1295.000000 1072.000000 784.000000 1220.000000
1169.000000 1735.000000 629.000000 1090.000000 781.000000
1351.000000 1681.000000 978.000000 1053.000000 1104.000000
722.000000 254.000000 214.000000 325.000000 703.000000
1191.000000 2130.000000 436.000000 1411.000000 502.000000
237.000000 548.000000 521.000000 430.278931 873.719238
1263.000000 2707.000000 844.000000 1958.000000 804.000000
1412.000000 2095.000000 968.000000 1583.000000 1023.000000
1511.000000 2683.000000 1815.000000 1605.000000 1934.000000
1499.000000 2509.000000 138.000000 1800.000000 48.000000
1268.000000 2270.000000 352.000000 1547.000000 398.000000
1337.000000 1515.000000 1632.000000 847.000000 1689.000000
1158.000000 1839.000000 962.000000 1362.000000 1051.000000
382.000000 2270.000000 119.000000 1557.784180 109.810814
1515.000000 2409.000000 887.000000 1779.000000 925.000000
860.000000 2428.000000 974.000000 1764.000000 990.000000
134.000000 1707.000000 938.000000 1095.104248 1065.599487
1405.000000 1916.000000 450.000000 1234.000000 572.000000
1395.000000 1676.000000 680.000000 1045.000000 837.000000
1327.000000 2131.000000 1374.000000 1584.000000 1443.000000
1436.000000 1832.000000 495.000000 1168.000000 635.000000
1383.000000 896.000000 316.000000 598.000000 671.000000
1003.000000 1714.000000 1239.000000 1066.000000 1337.000000
968.000000 2698.000000 513.000000 1988.000000 406.000000
1010.000000 2730.000000 1481.000000 1883.000000 1562.000000
1224.000000 1692.000000 714.000000 1055.000000 865.000000
901.000000 1666.000000 788.000000 1040.000000 936.000000
663.000000 628.000000 498.000000 462.000000 856.000000
1101.000000 2036.000000 55.000000 1370.000000 160.000000
991.000000 1806.000000 1502.000000 1192.000000 1576.000000
1397.000000 1477.000000 179.000000 938.000000 435.000000
1433.000000 1664.000000 1056.000000 1018.000000 1176.000000
696.000000 270.000000 252.000000 330.000000 726.000000
1111.000000 2546.000000 948.000000 1893.000000 946.000000
324.000000 876.000000 1078.000000 610.444641 1263.445923
1531.000000 3063.000000 1008.000000 2433.000000 942.000000
1200.000000 1619.000000 776.000000 1000.000000 931.000000
318.000000 2745.000000 232.000000 2076.533936 46.220890
928.000000 1144.000000 973.000000 692.000000 1154.000000
641.000000 1992.000000 449.000000 1295.000000 552.000000
908.000000 2229.000000 397.000000 1488.000000 436.000000
1130.000000 1746.000000 1546.000000 1076.000000 1618.000000
873.000000 3035.000000 367.000000 2455.000000 77.000000
975.000000 500.000000 980.000000 495.000000 1224.000000
793.000000 2271.000000 330.000000 1547.000000 353.000000
863.000000 2560.000000 1252.000000 1840.000000 1287.000000
1516.000000 2472.000000 212.000000 1612.000000 273.000000

1.000000 3069.954346 1818.473877 1536.600464 1864.460449 1974.581909 1979.694336 653.441528 1878.583130
9.000000 239.466812 137.291260 1339.919678 217.764786 323.728424 654.709534 850.076111 503.598541
3.000000 2846.593506 1733.726318 1786.585571 1760.068359 929.843140 1803.501099 1946.410522 1849.049438
4.000000 1536.687134 1850.759399 2506.612549 1824.654785 836.687134 1836.337769 1840.075073 1898.793823
7.000000 2706.628906 1695.057495 1740.024902 1717.729248 1816.718506 1805.375488 983.390625 1771.907471
14.000000 2553.321289 1659.438599 1789.984131 1675.932251 1549.958618 1751.428223 1076.636841 1737.694824
99.000000 1049.922241 905.386780 379.998901 880.029297 659.917603 1109.338135 446.979065 1135.843140
89.000000 389.986603 873.694885 1043.410034 897.933289 436.792908 1131.000366 659.937744 1102.839966
46.000000 1149.267944 167.127899 519.784363 123.081444 737.254517 505.302216 430.103149 597.012085
87.000000 1136.523315 192.011780 516.584412 147.820465 659.768433 549.210876 437.029846 614.570984
35.000000 1870.155396 1595.226562 2486.927979 1615.303345 1373.176147 1673.171997 1726.625366 1681.711548
30.000000 1094.428223 1596.680786 1100.233276 1146.712646 651.663574 1650.123291 678.579407 1286.808350
63.000000 783.304565 1842.366089 349.858795 1855.249023 566.701233 1832.800171 300.074219 1815.521606
32.000000 1856.633667 981.304932 2276.702148 991.931396 1359.825073 1071.926514 1716.367676 1027.595337
41.000000 1841.051392 996.972046 1855.380127 1416.824341 1200.340576 1173.342529 1191.194702 1509.941895
31.000000 1730.688232 1469.888062 1719.179688 1056.503906 1092.219604 1523.411621 1105.039185 1159.942627
34.000000 1739.402100 1053.422241 1748.745483 1466.770386 1133.051636 1163.216553 1121.632690 1516.719360
124.000000 2256.637451 1001.065979 1856.572388 990.111328 1563.204956 1055.602539 1383.012695 1077.342285
27.000000 1765.067505 1463.208618 1755.306152 1066.536133 1229.090332 1553.401001 1239.704346 1173.325073
26.000000 1771.646729 476.916962 2144.104492 372.336761 1061.398315 720.183289 1344.489868 463.250183
22.000000 2402.992676 1473.127319 2376.597412 1089.775269 1802.610474 1530.010376 1796.519043 1103.287842
128.000000 1473.389648 1607.678589 1089.947876 1612.649170 820.015686 1665.538818 643.336792 1663.085571
19.000000 2545.556885 1436.482300 2514.865234 1066.263306 1829.209839 1530.014038 1821.421631 1089.915894
76.000000 2416.952148 453.550323 2059.407959 359.570740 1583.724487 422.591736 1339.605591 457.219452
28.000000 1811.139404 1076.733887 1822.274292 1440.236694 1267.059570 1173.258545 1257.388306 1553.266846
275.000000 713.329956 1833.096191 1060.068726 1828.118896 493.193481 1818.447998 609.925781 1827.612061
283.000000 1935.810669 386.711426 1918.734985 60.066132 1241.046143 193.551025 1237.758423 310.030823
92.000000 1007.984436 1486.615356 1016.298035 1159.990601 614.783569 1556.527832 630.999329 1336.494629
80.000000 2221.255615 492.685028 1897.842773 525.229431 1571.133301 543.903625 1334.041870 584.772705
152.000000 2575.591309 584.423767 2315.367188 394.731201 1712.746826 468.646606 1561.124390 416.717072
86.000000 2574.426025 894.003784 2427.425049 614.179382 1836.285400 822.335571 1717.775146 622.065735
169.000000 2591.560547 665.200378 2684.343506 953.118591 1928.046753 828.678223 1886.998657 682.305420
90.000000 970.493896 1483.705078 981.015442 1186.702637 581.365051 1563.707886 598.940430 1343.248901
234.000000 1086.703247 1625.985718 1383.379150 1624.173218 683.373352 1681.159302 813.448486 1676.668457
70.000000 1895.054077 530.457947 1706.999390 759.317383 1331.315186 587.843872 1145.721313 768.772461
45.000000 3070.020508 732.764282 2776.588135 722.178650 2527.235352 542.876038 2206.589111 606.274170
95.000000 1006.516724 1193.237183 998.417969 1486.714966 618.909241 1343.005981 602.817932 1560.455200
237.000000 443.707886 1473.585327 463.416290 1183.565430 453.666534 1567.022339 465.964966 1440.255249
74.000000 1283.342773 349.842590 1003.151611 333.028229 906.511475 599.421326 663.658752 664.546814
65.000000 2326.923584 366.650208 2309.200439 90.051239 1592.480469 366.709717 1597.107788 100.065506
64.000000 2410.046631 1695.022949 2686.687012 1687.401245 1553.325806 1786.887695 1819.909302 1795.989990
109.000000 2430.742432 600.835999 2572.329590 831.905945 1732.573853 608.062561 1829.670044 778.286926
243.000000 2274.963867 571.292236 2008.549316 537.792297 1480.659668 595.458984 1360.087769 632.874573
154.000000 2467.941895 755.112244 2274.963867 571.292236 1768.900146 754.654907 1662.941772 637.019348
105.000000 2058.200684 465.851379 2314.350586 518.371582 1378.148315 592.449280 1575.376831 566.762634
110.000000 258.248047 799.419006 430.495941 608.109558 294.883972 1134.317871 376.379730 956.807556
146.000000 2269.882080 541.498413 2466.439453 705.621155 1605.140869 577.243958 1741.977295 666.985107
166.000000 697.395081 589.959961 455.542938 661.625183 444.806091 935.242798 352.041809 1056.460693
56.000000 2539.941406 434.184113 2786.587402 451.152161 1812.959717 371.854004 2080.254395 304.340363
286.000000 853.212585 228.274902 609.501038 209.979797 577.826904 614.269104 466.956757 644.400696
208.000000 1453.337280 1295.602661 1209.994873 1294.698730 866.674377 1400.132690 730.080200 1408.049927
217.000000 2319.455566 652.371765 2458.559814 850.661804 1650.076782 719.922791 1745.364014 814.623474
150.000000 2416.215576 614.878906 2208.608643 498.037445 1718.495972 626.413574 1575.124878 553.285767
94.000000 1987.004883 578.674316 2223.875244 595.869324 1276.802612 748.287231 1461.233032 631.424683
187.000000 1436.957520 52.098125 1200.189331 37.025333 920.032532 336.759003 781.753052 385.518433
97.000000 2759.997559 764.121643 2996.662109 764.845093 2150.326172 668.110046 2360.876221 620.545105
171.000000 1510.026733 422.918213 1743.465820 437.941925 950.336243 641.343994 1096.997192 604.654480
111.000000 2166.088135 604.663330 1945.072021 628.623474 1535.014771 657.866638 1349.198486 714.014221
134.000000 1780.015747 1710.549805 1996.696167 1704.366089 1036.622559 1768.334106 1206.679810 1772.835693
272.000000 1473.347168 1025.967773 1256.699463 1021.676880 893.485474 1168.045898 776.768494 1180.923096
161.000000 2296.328369 422.203552 2474.448242 541.737854 1595.619629 452.423309 1736.653687 513.363464
245.000000 1406.724609 545.828430 1617.101929 560.367920 886.957458 764.877258 1009.703491 741.759155
126.000000 546.052368 1256.415649 533.120850 1459.774536 458.688416 1396.550171 442.962555 1573.596436
279.000000 1280.005859 1640.566406 1079.958252 1642.636475 743.412292 1689.485474 626.658020 1687.089233
248.000000 223.178604 316.655273 237.877350 117.247322 309.295197 783.597534 321.733063 659.839172
54.000000 2860.906738 1568.250244 2683.514160 1476.317505 2086.232422 1691.238770 1830.947144 1554.893311
280.000000 1719.926636 1601.143188 1523.368896 1607.727661 973.351501 1669.290527 856.676086 1666.298828
295.000000 2459.512451 520.936035 2585.738281 670.781982 1731.948853 514.497864 1816.544434 590.512268
127.000000 1964.634644 745.660950 2154.098145 759.611877 1380.990234 916.848694 1514.299438 800.154541
271.000000 545.394592 516.248779 372.955292 592.478149 430.278931 873.719238 350.907837 961.742126
106.000000 1712.972900 1489.303711 1546.145142 1575.659180 986.473572 1559.710205 821.063232 1669.926392
51.000000 2883.328369 653.432068 3070.033936 662.645935 2209.128174 515.895813 2507.213867 452.576019
85.000000 1959.266724 561.084106 1810.504395 669.449768 1356.908569 626.899536 1193.384277 796.715759
53.000000 1647.464478 756.875061 1693.858032 579.266357 976.230042 1050.450317 1056.096924 761.334290
298.000000 269.923981 1847.138428 450.062500 1842.353271 266.736877 1807.685669 380.067017 1811.124268
191.000000 2285.251221 380.058655 2277.792969 200.091461 1545.538452 253.237000 1557.784180 109.810814
165.000000 2530.258545 296.473267 2706.710205 309.406982 1859.176147 203.568405 2006.919434 164.283905
247.000000 1680.006104 303.243317 1853.443115 315.054169 1069.428955 494.577972 1189.561768 461.730499
257.000000 2369.773926 752.821960 2234.956299 643.867126 1722.450195 760.309570 1626.978760 682.948242
44.000000 1884.393311 511.957245 2054.253418 477.926239 1182.665527 661.276978 1481.797119 516.598694
140.000000 2953.297607 373.873169 2783.379639 362.632263 2333.759277 128.174362 2173.376465 173.485672
292.000000 2220.650391 707.561646 2056.543457 663.795715 1559.766968 722.199585 1448.308838 745.103943
91.000000 3003.327393 1153.549072 2836.604248 1148.907227 2333.431396 1127.811401 2113.333984 1146.674438
192.000000 926.005798 1450.062622 929.913757 1283.331299 648.821411 1536.830933 659.762695 1393.315186
11.000000 3070.009033 1587.152588 2903.337891 1590.241577 2616.596924 1700.272949 2089.934082 1690.072510
164.000000 2866.241699 1579.368042 2699.830566 1584.432983 2036.369507 1676.296753 1883.161987 1680.687012
179.000000 2078.359863 378.244629 1915.365845 409.987152 1355.579468 462.425964 1226.685303 537.654053
289.000000 2337.789062 828.805420 2223.141113 710.294617 1670.295654 764.213074 1563.910767 721.882141
182.000000 204.044357 76.737152 187.848816 240.117188 274.091156 599.753967 260.056610 746.672058
75.000000 1851.005005 707.166748 1777.948608 853.987244 1209.455566 994.925903 1318.028687 769.301880
264.000000 1649.835938 8.966773 1813.288696 20.625433 1063.399414 236.851990 1176.593262 196.461075
231.000000 316.665680 1020.036865 153.270767 1015.679749 263.395599 1255.146118 393.586792 1260.476807
130.000000 2012.099854 666.906555 1872.582153 749.690674 1453.146729 732.857971 1324.743408 851.525757
118.000000 563.904907 369.767029 550.409607 529.753357 448.131927 686.485901 430.278931 873.719238
188.000000 2783.380371 316.012238 2943.510986 327.530762 2187.378174 112.324600 2326.581299 69.720848
172.000000 1739.643799 1475.748169 1580.255737 1465.872070 1087.135010 1534.173706 937.153137 1551.002319
268.000000 2347.775146 431.659515 2479.571045 518.947937 1601.406738 436.662079 1711.517456 483.066071
256.000000 2896.739746 648.232422 2739.927979 641.743225 2236.500977 502.590637 2116.523682 529.358826
213.000000 1269.986816 617.021912 1113.289062 611.190979 792.946289 848.174316 659.937439 876.371643
167.000000 1633.457520 630.340210 1476.721924 633.117310 996.108826 810.474487 846.598328 839.649780
201.000000 1753.246338 791.567749 1738.879028 945.982666 1095.052490 919.290710 1075.451660 1056.014648
69.000000 1862.093750 717.689270 1996.179443 645.758545 1235.896729 942.089600 1389.398682 733.098450
49.000000 1771.952637 678.596497 1879.515869 572.785950 1147.164551 799.865112 1370.662598 586.868835
116.000000 3053.378662 1468.439941 2903.312012 1464.067871 2376.698730 1537.082031 2186.648438 1534.995605
236.000000 2980.000977 876.646851 2833.185303 869.872986 2249.941406 782.934082 2123.548828 801.469604
84.000000 2926.613281 457.582916 3070.042725 465.931915 2283.120605 249.188110 2513.048096 188.912094
81.000000 1127.272461 146.676956 1129.708496 3.271757 734.013306 496.471100 751.695984 256.545990
147.000000 3019.979980 1615.340698 2876.679688 1617.516357 2280.030029 1728.989258 2116.643311 1724.118042
281.000000 3048.458984 852.566528 3027.025146 988.820496 2412.866455 765.022827 2394.773926 880.226257
160.000000 2433.196045 248.610260 2570.121338 258.281830 1712.405396 203.633560 1860.506958 158.323746
71.000000 1596.666138 233.342041 1733.448975 241.361588 859.398010 501.382172 1106.223999 425.231995
218.000000 2726.665771 1633.419922 2863.318848 1634.781128 1910.042725 1735.930908 2043.314209 1743.663208
144.000000 1965.162842 233.354187 1967.057617 369.994568 1243.003174 306.146454 1230.834351 469.814209
58.000000 1768.996460 429.352112 1666.886841 517.938232 1236.025146 489.269073 1045.567871 686.268555
203.000000 2312.208496 528.262268 2421.791260 605.520508 1603.378174 542.700928 1723.992798 609.484375
195.000000 2570.109863 294.679688 2436.631836 287.296021 1859.919678 199.741348 1726.037964 241.308243
141.000000 2610.104248 261.818024 2739.948975 270.741943 1900.056519 146.854263 2059.624512 98.754715
277.000000 1567.126465 1340.020630 1568.060059 1470.037842 933.328857 1433.333130 926.447510 1550.183350
211.000000 2780.000000 1470.000000 2910.000000 1470.000000 2026.641602 1541.325806 2163.328613 1539.617310
253.000000 2896.666748 1390.000000 2770.000000 1390.000000 2040.026611 1450.725220 2163.316406 1446.207886
290.000000 2216.383789 249.528580 2235.620850 374.010071 1494.851685 287.233948 1423.419312 376.082367
142.000000 2796.389648 312.558014 2673.415527 299.240723 2133.788574 121.724937 1972.693481 164.242111
163.000000 2859.949707 1761.405151 2983.339844 1762.714478 2230.006348 1926.574341 2076.956543 1915.859131
138.000000 2903.312256 1695.357300 3026.667236 1693.368896 2126.687256 1822.935791 2293.426270 1831.530273
