Keypoint Matches and Line Matches for pairs 18, 22 
18 corresponds to the image ./resources/Data/HerzP25/images/0018.png 
22 corresponds to the image ./resources/Data/HerzP25/images/0022.png 

18.000000 209.626038 366.329468 323.728424 654.709534
19.000000 1139.923584 421.293884 850.076111 503.598541
178.000000 316.638519 980.711121 436.792908 1131.000366
179.000000 863.372192 1002.351379 659.937744 1102.839966
198.000000 856.716492 1008.764160 659.917603 1109.338135
199.000000 313.325439 986.862427 446.979065 1135.843140
92.000000 976.276550 380.414764 737.254517 505.302216
93.000000 443.275330 351.052979 430.103149 597.012085
248.000000 1787.719604 1099.976318 1563.204956 1055.602539
176.000000 2599.779297 500.761261 2340.117188 67.079735
120.000000 512.452820 41.469063 489.136322 317.619751
121.000000 942.731628 74.503960 743.182373 225.436951
524.000000 2639.955078 494.150024 2400.769775 35.956573
64.000000 1593.342285 1079.683228 1359.825073 1071.926514
65.000000 1993.399536 1090.993286 1716.367676 1027.595337
174.000000 839.952942 394.182678 659.768433 549.210876
175.000000 446.533997 372.395782 437.029846 614.570984
60.000000 887.142761 1596.694336 651.663574 1650.123291
61.000000 909.786194 1206.654297 678.579407 1286.808350
234.000000 1976.589844 1099.140259 1756.763672 1030.702271
249.000000 1609.966309 1087.751465 1383.012695 1077.342285
69.000000 1516.240479 1479.906982 1121.632690 1516.719360
62.000000 1452.777100 1496.708862 1092.219604 1523.411621
79.000000 1455.237793 1140.013184 1173.420898 1163.335938
1429.000000 1491.692383 1506.678833 1157.000000 1552.000000
1337.000000 1223.340698 1642.066162 847.000000 1689.000000
555.000000 873.333069 1640.046875 626.658020 1687.089233
213.000000 1216.689697 1616.160400 821.063232 1669.926392
257.000000 879.995178 1614.141113 643.336792 1663.085571
39.000000 2183.303955 1159.811279 1821.421631 1089.915894
1162.000000 978.425537 39.904259 755.000000 178.000000
25.000000 2749.982666 1067.388794 2564.047852 848.393433
26.000000 2749.971680 1061.190430 2583.181885 838.945862
537.000000 2716.697510 895.826172 2502.116211 600.901733
78.000000 1531.605469 1476.687500 1163.026001 1510.090698
55.000000 1532.925049 1163.345703 1239.704346 1173.325073
45.000000 2126.053955 1166.528198 1796.519043 1103.287842
56.000000 1554.263062 1163.332031 1267.059570 1173.258545
83.000000 1554.681396 1469.998169 1191.194702 1509.941895
546.000000 546.578918 1798.284302 493.193481 1818.447998
547.000000 846.651184 1801.462402 609.925781 1827.612061
304.000000 2002.291138 565.418213 1561.124390 416.717072
562.000000 1653.125488 280.004364 1241.046143 193.551025
23.000000 2509.993652 1624.504028 2089.934082 1690.072510
185.000000 839.209045 1256.615356 630.999329 1336.494629
190.000000 416.408813 1256.641235 618.909241 1343.005981
191.000000 391.169495 1513.120361 602.817932 1560.455200
211.000000 1968.619141 690.128845 1575.376831 566.762634
272.000000 1673.325806 734.329590 1323.242188 683.694153
173.000000 2122.346924 777.338379 1717.775146 622.065735
143.000000 1483.319702 436.961395 1106.223999 425.231995
568.000000 516.296509 421.915985 466.956757 644.400696
184.000000 365.912231 1493.601440 614.783569 1556.527832
181.000000 390.957794 1252.739746 598.940430 1343.248901
1396.000000 376.568787 320.604004 442.000000 576.000000
149.000000 846.557007 522.202942 663.658752 664.546814
170.000000 1736.141968 690.118530 1356.908569 626.899536
152.000000 2019.295898 584.396118 1583.724487 422.591736
357.000000 1784.212036 544.785095 1355.579468 462.425964
172.000000 2233.419189 947.922791 1836.285400 822.335571
88.000000 1549.002075 703.628113 1182.665527 661.276978
1246.000000 1769.321533 631.267395 1372.000000 554.000000
340.000000 694.489136 336.929077 620.914124 527.247375
334.000000 1149.938965 769.773315 846.598328 839.649780
102.000000 2523.351074 789.588928 2209.128174 515.895813
677.000000 2746.702637 799.162476 2557.000000 453.000000
130.000000 2013.109009 540.009277 1592.480469 366.709717
131.000000 2003.854858 316.783234 1597.107788 100.065506
127.000000 239.993973 1808.403809 300.074219 1815.521606
361.000000 1690.424683 787.162292 1398.762207 735.891235
171.000000 1549.619995 800.368347 1193.384277 796.715759
560.000000 3.310584 1835.784180 176.919876 1830.064331
561.000000 219.989517 1837.795410 293.147400 1839.067139
80.000000 2853.616943 839.658386 2755.770508 446.374115
112.000000 2209.930176 597.947998 1812.959717 371.854004
113.000000 2420.214600 609.387756 2080.254395 304.340363
231.000000 2729.882080 860.342041 2523.650879 547.062927
91.000000 2519.884277 853.604553 2206.589111 606.274170
415.000000 1206.671753 1346.377563 866.674377 1400.132690
416.000000 996.619568 1342.665527 730.080200 1408.049927
348.000000 2689.999023 1650.102051 2403.267090 1731.872192
294.000000 2483.320068 1647.903809 2116.643311 1724.118042
373.000000 1230.084473 278.068939 920.032532 336.759003
374.000000 1026.848755 269.172943 781.753052 385.518433
221.000000 340.998260 767.877747 376.379730 956.807556
341.000000 1286.697998 596.052368 950.336243 641.343994
342.000000 1486.688354 606.242126 1096.997192 604.654480
111.000000 3056.030762 853.833008 3068.129150 389.576416
288.000000 1646.315796 533.343994 1230.834351 469.814209
1489.000000 1356.670288 389.913940 1015.000000 412.000000
322.000000 2146.742432 692.853577 1736.653687 513.363464
236.000000 470.114441 461.596832 448.131927 686.485901
94.000000 2796.579346 755.541748 2653.626465 351.265778
95.000000 2609.940674 748.171448 2343.289795 423.145325
540.000000 1233.344482 1112.774780 893.485474 1168.045898
541.000000 1050.017334 1109.128174 776.768494 1180.923096
431.000000 1203.290283 130.638550 910.058960 196.828018
432.000000 1383.370117 142.788193 1036.849731 150.500885
337.000000 2339.290771 981.179016 1928.046753 828.678223
86.000000 2483.311035 1630.635254 2089.994141 1700.273926
399.000000 1380.013916 189.769745 1036.163696 198.595642
400.000000 1203.388916 179.081650 906.129456 245.166641
260.000000 1767.942871 797.872925 1453.146729 732.857971
514.000000 2670.015137 549.654236 2453.611084 101.000595
96.000000 3066.940674 827.351562 3067.618652 348.291626
556.000000 1423.350220 1614.638672 973.351501 1669.290527
557.000000 1253.335571 1616.835449 856.676086 1666.298828
489.000000 2751.988525 986.654846 2588.103760 725.407166
487.000000 1206.523560 702.239685 886.957458 764.877258
488.000000 1373.572998 712.916687 1009.703491 741.759155
239.000000 2823.332520 1789.509033 2660.011475 1949.796387
222.000000 1839.752686 748.389771 1535.014771 657.866638
355.000000 1679.939575 772.939880 1344.045654 734.472046
107.000000 1439.358765 728.843384 1056.096924 761.334290
539.000000 303.268158 745.643433 350.907837 961.742126
1054.000000 1126.524292 348.596497 845.000000 430.000000
301.000000 2691.990967 1046.729736 2456.640869 842.337280
46.000000 2826.664551 1765.221680 2656.457275 1907.519653
506.000000 1873.586060 881.894897 1643.458130 803.785461
460.000000 117.257828 1102.162109 263.395599 1255.146118
461.000000 275.142334 1122.882568 393.586792 1260.476807
765.000000 1609.999390 1616.156250 1268.000000 1661.000000
491.000000 1436.614014 490.969330 1069.428955 494.577972
492.000000 1590.038086 499.297516 1189.561768 461.730499
578.000000 2826.670654 1804.731567 2639.826172 1976.786011
327.000000 2469.799072 1613.649170 2036.369507 1676.296753
328.000000 2316.600830 1616.829468 1883.161987 1680.687012
434.000000 2051.700684 923.769409 1745.364014 814.623474
376.000000 2586.860596 500.004852 2326.581299 69.720848
182.000000 2619.973145 1234.237793 2333.431396 1127.811401
183.000000 2470.006348 1229.784058 2113.333984 1146.674438
493.000000 190.414963 506.719025 309.295197 783.597534
494.000000 208.888046 360.280212 321.733063 659.839172
654.000000 243.556961 34.251026 350.000000 367.000000
168.000000 2566.568604 615.356445 2283.120605 249.188110
169.000000 2710.049316 622.319397 2513.048096 188.912094
509.000000 2533.306885 784.103027 2236.500977 502.590637
427.000000 2390.028076 779.180664 2060.423828 548.605774
135.000000 1513.206055 817.070740 1150.695068 810.578369
580.000000 1744.256226 805.077820 1448.308838 745.103943
261.000000 1618.808105 871.446533 1324.743408 851.525757
1305.000000 1588.907227 1323.443848 1357.000000 1345.000000
298.000000 849.028931 326.589294 716.828552 480.373657
525.000000 1419.891479 238.783630 1063.399414 236.851990
526.000000 1560.036011 245.965042 1176.593262 196.461075
591.000000 176.684601 1801.052002 266.736877 1807.685669
470.000000 2469.936768 981.332275 2123.548828 801.469604
148.000000 1236.617310 540.850708 906.511475 599.421326
286.000000 1130.015137 1199.489014 819.968140 1262.992310
533.000000 2031.769775 597.221741 1601.406738 436.662079
425.000000 1066.709595 761.982117 792.946289 848.174316
956.000000 1086.654175 1778.727783 756.000000 1818.000000
126.000000 753.331665 1807.624512 566.701233 1832.800171
426.000000 858.065674 763.020752 659.937439 876.371643
237.000000 455.505585 683.185974 430.278931 873.719238
319.000000 2116.718750 435.755310 1712.405396 203.633560
320.000000 2243.352051 443.006927 1860.506958 158.323746
1229.000000 1106.706177 652.364075 808.000000 738.000000
534.000000 2131.435059 667.681213 1711.517456 483.066071
157.000000 2024.475098 601.488342 1592.622681 444.111450
117.000000 1418.036255 675.654175 1045.567871 686.268555
405.000000 2002.540283 681.152344 1603.378174 542.700928
389.000000 2240.083984 474.416992 1859.919678 199.741348
390.000000 2120.002686 469.928497 1726.037964 241.308243
1375.000000 1833.234863 1036.666626 1549.000000 983.000000
240.000000 2483.346680 1664.418823 2056.562988 1744.081177
241.000000 2603.328369 1662.932251 2243.363037 1748.826172
283.000000 2449.886475 487.954712 2133.788574 121.724937
284.000000 2333.244629 477.671814 1972.693481 164.242111
550.000000 1305.628784 1383.410522 933.328857 1433.333130
551.000000 1301.701416 1500.281250 926.447510 1550.183350
1368.000000 1283.345581 823.048767 942.000000 866.000000
1087.000000 615.000000 488.000000 512.000000 681.000000
1255.000000 2608.000000 1284.000000 2311.000000 1202.000000
1101.000000 1743.000000 283.000000 1370.000000 160.000000
1400.000000 2199.000000 1609.000000 1791.000000 1664.000000
1458.000000 1876.000000 606.000000 1452.000000 495.000000
794.000000 2585.000000 869.000000 2302.000000 607.000000
1383.000000 703.000000 486.000000 598.000000 671.000000
649.000000 725.000000 488.000000 578.000000 660.000000
1156.000000 763.000000 621.000000 606.000000 771.000000
1216.000000 1765.000000 545.000000 1335.000000 460.000000
312.000000 2829.000000 773.000000 2703.269531 369.618958
995.000000 88.000000 1075.000000 240.000000 1235.000000
928.000000 946.000000 1066.000000 692.000000 1154.000000
1027.000000 1792.000000 601.000000 1372.000000 515.000000
800.000000 1278.000000 458.000000 949.000000 504.000000
1148.000000 329.000000 296.000000 382.000000 574.000000
1537.000000 2485.000000 1300.000000 2131.000000 1240.000000
1023.000000 2743.000000 1185.000000 2538.000000 1020.000000
989.000000 337.000000 638.000000 378.000000 855.000000
1290.000000 1998.000000 641.000000 1574.000000 499.000000
1039.000000 1005.000000 1067.000000 729.000000 1149.000000
1224.000000 1435.000000 844.000000 1055.000000 865.000000
706.000000 269.000000 1423.000000 511.000000 1491.000000
1564.000000 2773.000000 1197.000000 2854.000000 1021.000000
1471.000000 2645.000000 1353.000000 2364.000000 1297.000000
1102.000000 1822.000000 406.000000 1399.000000 278.000000
1512.000000 1837.000000 392.000000 1416.000000 260.000000
1203.000000 2242.000000 1400.000000 1843.000000 1396.000000
1008.000000 1837.000000 322.000000 1425.000000 177.000000
780.000000 1471.000000 741.000000 1086.000000 749.000000
798.000000 1917.000000 614.000000 1492.000000 491.000000
1327.000000 1847.000000 1429.000000 1584.000000 1443.000000
936.000000 341.000000 188.000000 390.000000 482.000000
754.000000 1622.000000 520.000000 1220.000000 474.000000
385.000000 2742.000000 1050.000000 2541.437988 823.338806
195.000000 2631.000000 888.000000 2360.876221 620.545105
1152.000000 706.000000 703.000000 568.000000 845.000000
1428.000000 2650.000000 1834.000000 2431.000000 2020.000000
1551.000000 1671.000000 625.000000 1260.000000 576.000000
914.000000 84.000000 1715.000000 219.000000 1738.000000
1081.000000 905.000000 1056.000000 687.000000 1145.000000
1405.000000 1642.000000 615.000000 1234.000000 572.000000
978.000000 1388.000000 612.000000 1025.000000 633.000000
957.000000 2865.000000 770.000000 2745.000000 348.000000
1314.000000 1683.000000 308.000000 1278.000000 220.000000
1345.000000 1713.000000 313.000000 1300.000000 220.000000
1399.000000 417.000000 1126.000000 632.000000 1234.000000
1265.000000 251.000000 460.000000 339.000000 722.000000
1333.000000 1440.000000 1850.000000 950.000000 1885.000000
1549.000000 2023.000000 1522.000000 1752.000000 1548.000000
1038.000000 2299.000000 1446.000000 1903.000000 1449.000000
750.000000 2698.000000 1568.000000 2432.000000 1611.000000
1465.000000 364.000000 199.000000 410.000000 484.000000
623.000000 1064.000000 1535.000000 764.000000 1589.000000
762.000000 1409.000000 928.000000 1032.000000 956.000000
852.000000 2823.000000 726.000000 2656.000000 301.000000
1029.000000 212.000000 312.000000 325.000000 610.000000
1562.000000 713.000000 499.000000 571.000000 680.000000
946.000000 1725.000000 590.000000 1309.000000 521.000000
1040.000000 416.000000 1543.000000 619.000000 1587.000000
220.000000 192.000000 963.000000 294.883972 1134.317871
1325.000000 2106.000000 708.000000 1689.000000 547.000000
1078.000000 2725.000000 766.000000 2527.000000 400.000000
246.000000 2736.000000 1719.000000 2459.906738 1845.660889
785.000000 1807.000000 243.000000 1416.000000 95.000000
567.000000 721.000000 434.000000 577.826904 614.269104
870.000000 902.000000 993.000000 688.000000 1088.000000
1127.000000 1227.000000 129.000000 924.000000 187.000000
1357.000000 1812.000000 580.000000 1390.000000 484.000000
700.000000 740.000000 293.000000 643.000000 478.000000
974.000000 1418.000000 1037.000000 1026.000000 1069.000000
722.000000 219.000000 429.000000 325.000000 703.000000
1386.000000 2091.000000 366.000000 1688.000000 127.000000
641.000000 1710.000000 613.000000 1295.000000 552.000000
1364.000000 2260.000000 1165.000000 1857.000000 1089.000000
1466.000000 2092.000000 396.000000 1688.000000 164.000000
318.000000 2403.000000 417.000000 2076.533936 46.220890
795.000000 1865.000000 1058.000000 1621.000000 1005.000000
1557.000000 1652.000000 1052.000000 1415.000000 1032.000000
1262.000000 481.000000 306.000000 541.000000 544.000000
868.000000 1920.000000 384.000000 1500.000000 213.000000
1184.000000 1933.000000 332.000000 1520.000000 159.000000
529.000000 1796.000000 924.000000 1531.081909 873.288513
1453.000000 2767.000000 1807.000000 2504.000000 1974.000000
1095.000000 1532.000000 104.000000 1161.000000 51.000000
1193.000000 2629.000000 1126.000000 2354.000000 966.000000
1279.000000 2222.000000 1062.000000 1835.000000 962.000000
1468.000000 2274.000000 344.000000 1903.000000 15.000000
1230.000000 2827.000000 1199.000000 2948.000000 1012.000000
1270.000000 1503.000000 738.000000 1112.000000 739.000000
1268.000000 1969.000000 551.000000 1547.000000 398.000000
949.000000 120.000000 1200.000000 263.000000 1333.000000
1201.000000 1349.000000 409.000000 1002.000000 434.000000
1047.000000 666.000000 316.000000 583.000000 516.000000
1233.000000 2867.000000 789.000000 2749.000000 377.000000
1006.000000 934.000000 1806.000000 660.000000 1840.000000
1584.000000 1333.000000 228.000000 998.000000 253.000000
563.000000 1631.000000 389.000000 1237.758423 310.030823
1227.000000 311.000000 281.000000 372.000000 564.000000
769.000000 1345.000000 1159.000000 974.000000 1202.000000
324.000000 754.000000 1162.000000 610.444641 1263.445923
996.000000 266.000000 1440.000000 509.000000 1505.000000
875.000000 230.000000 965.000000 317.000000 1135.000000
1090.000000 1403.000000 951.000000 1032.000000 982.000000
1322.000000 2269.000000 1023.000000 1876.000000 900.000000
1493.000000 1886.000000 359.000000 1489.000000 200.000000
859.000000 1396.000000 1163.000000 1020.000000 1201.000000
1063.000000 836.000000 352.000000 711.000000 496.000000
662.000000 1968.000000 1061.000000 1731.000000 990.000000
606.000000 511.000000 317.000000 488.000000 552.000000
1170.000000 2513.000000 1562.000000 2156.000000 1604.000000
1192.000000 523.000000 476.000000 490.000000 688.000000
1476.000000 175.000000 959.000000 281.000000 1137.000000
736.000000 1415.000000 1231.000000 1033.000000 1269.000000
1499.000000 2188.000000 338.000000 1800.000000 48.000000
162.000000 943.000000 359.000000 734.013306 496.471100
986.000000 2637.000000 1085.000000 2367.000000 906.000000
1365.000000 1423.000000 866.000000 1052.000000 891.000000
696.000000 231.000000 461.000000 330.000000 726.000000
1437.000000 1526.000000 1057.000000 1216.000000 1070.000000
1168.000000 1417.000000 1101.000000 1040.000000 1134.000000
1530.000000 1420.000000 885.000000 1042.000000 910.000000
1273.000000 688.000000 156.000000 590.000000 369.000000
756.000000 1881.000000 1071.000000 1638.000000 1019.000000
1135.000000 762.000000 637.000000 605.000000 785.000000
1283.000000 1045.000000 1637.000000 737.000000 1686.000000
964.000000 1500.000000 708.000000 1110.000000 708.000000
1517.000000 1555.000000 368.000000 1170.000000 328.000000
123.000000 2580.000000 576.000000 2316.613037 183.134750
907.000000 1766.000000 522.000000 1342.000000 435.000000
1385.000000 2316.000000 425.000000 1956.000000 102.000000
1531.000000 2694.000000 1117.000000 2433.000000 942.000000
1189.000000 1402.000000 1096.000000 1020.000000 1132.000000
906.000000 1020.000000 352.000000 774.000000 467.000000
1176.000000 1563.000000 683.000000 1137.000000 702.000000
1473.000000 2035.000000 659.000000 1613.000000 509.000000
1436.000000 1566.000000 654.000000 1168.000000 635.000000
1323.000000 2123.000000 574.000000 1715.000000 374.000000
953.000000 874.000000 1092.000000 651.000000 1185.000000
937.000000 1683.000000 600.000000 1271.000000 545.000000
1331.000000 673.000000 675.000000 551.000000 834.000000
763.000000 237.000000 711.000000 327.000000 927.000000
1561.000000 1470.000000 237.000000 1104.000000 216.000000
747.000000 1404.000000 971.000000 1026.000000 1001.000000
645.000000 1930.000000 1060.000000 1690.000000 996.000000
1503.000000 901.000000 68.000000 753.000000 219.000000
809.000000 492.000000 545.000000 473.000000 756.000000
881.000000 480.000000 659.000000 449.000000 853.000000
1247.000000 2590.000000 476.000000 2329.000000 36.000000
219.000000 2230.000000 921.000000 1829.670044 778.286926
1311.000000 2358.000000 1450.000000 1942.000000 1458.000000
1048.000000 1613.000000 155.000000 1228.000000 75.000000
790.000000 1753.000000 1271.000000 1508.000000 1267.000000
1554.000000 221.000000 989.000000 313.000000 1155.000000
1351.000000 1419.000000 1073.000000 1053.000000 1104.000000
702.000000 2691.000000 1597.000000 2420.000000 1654.000000
412.000000 2483.000000 1272.000000 2126.649902 1206.486938
1330.000000 1527.000000 1004.000000 1236.000000 1003.000000
1226.000000 844.000000 1160.000000 631.000000 1253.000000
1082.000000 100.000000 1438.000000 433.000000 1508.000000
1254.000000 2336.000000 1588.000000 1940.000000 1641.000000
1147.000000 1454.000000 807.000000 1070.000000 823.000000
1169.000000 1476.000000 771.000000 1090.000000 781.000000
860.000000 2105.000000 1072.000000 1764.000000 990.000000
345.000000 346.000000 818.000000 399.422333 1000.335449
644.000000 446.000000 293.000000 444.000000 560.000000
968.000000 2352.000000 665.000000 1988.000000 406.000000
1313.000000 428.000000 421.000000 429.000000 657.000000
1191.000000 1834.000000 601.000000 1411.000000 502.000000
737.000000 2835.000000 799.000000 2703.000000 404.000000
108.000000 2475.000000 1627.000000 2086.232422 1691.238770
663.000000 558.000000 665.000000 462.000000 856.000000
1518.000000 1751.000000 605.000000 1334.000000 532.000000
940.000000 532.000000 306.000000 528.000000 533.000000
1106.000000 1440.000000 828.000000 1103.000000 762.000000
982.000000 1899.000000 973.000000 1671.000000 898.000000
668.000000 294.000000 482.000000 360.000000 733.000000
456.000000 2741.000000 965.000000 2532.260498 704.065918
1022.000000 289.000000 1236.000000 522.000000 1345.000000
896.000000 1463.000000 431.000000 1091.000000 424.000000
1141.000000 493.000000 47.000000 481.000000 324.000000
814.000000 1632.000000 640.000000 1225.000000 603.000000
450.000000 2509.000000 573.000000 2213.633057 217.742874
984.000000 297.000000 235.000000 386.000000 524.000000
584.000000 2640.000000 1319.000000 2360.157715 1246.656006
1140.000000 320.000000 55.000000 401.000000 370.000000
1550.000000 1483.000000 1550.000000 1104.000000 1597.000000
424.000000 2432.000000 851.000000 2080.103760 637.173584
930.000000 136.000000 1564.000000 258.000000 1619.000000
1284.000000 2666.000000 1369.000000 2394.000000 1318.000000
1411.000000 2702.000000 1128.000000 2458.000000 962.000000
1277.000000 1215.000000 858.000000 889.000000 918.000000
1276.000000 1532.000000 680.000000 1138.000000 671.000000
963.000000 1417.000000 1123.000000 1052.000000 1158.000000
1370.000000 2214.000000 838.000000 1809.000000 679.000000
863.000000 2236.000000 1315.000000 1840.000000 1287.000000
1052.000000 980.000000 1444.000000 712.000000 1504.000000
313.000000 2649.000000 1406.000000 2368.667969 1376.540405
395.000000 2605.000000 578.000000 2349.402344 181.134628
1217.000000 1830.000000 447.000000 1405.000000 326.000000
1559.000000 1073.000000 724.000000 796.000000 810.000000
993.000000 1522.000000 365.000000 1143.000000 336.000000
1415.000000 2273.000000 1588.000000 1766.000000 1663.000000
1208.000000 377.000000 1541.000000 530.000000 1642.000000
1030.000000 181.000000 572.000000 304.000000 815.000000
1382.000000 1852.000000 1515.000000 1532.000000 1548.000000
837.000000 1810.000000 906.000000 1570.000000 839.000000
1410.000000 1384.000000 946.000000 1012.000000 979.000000
1372.000000 1463.000000 397.000000 1092.000000 389.000000
774.000000 1230.000000 1187.000000 888.000000 1242.000000
853.000000 724.000000 672.000000 572.000000 824.000000
1309.000000 1597.000000 660.000000 1193.000000 633.000000
813.000000 2414.000000 1847.000000 2277.000000 1984.000000
1555.000000 167.000000 662.000000 294.000000 914.000000
745.000000 2224.000000 389.000000 1840.000000 98.000000
1060.000000 1614.000000 1061.000000 1381.000000 1048.000000
1362.000000 370.000000 157.000000 415.000000 447.000000
104.000000 886.000000 28.000000 696.856445 200.499237
873.000000 2671.000000 545.000000 2455.000000 77.000000
912.000000 2245.000000 439.000000 1866.000000 152.000000
1118.000000 2220.000000 437.000000 1835.000000 160.000000
115.000000 2820.000000 710.000000 2686.740723 280.307770
1397.000000 1219.000000 384.000000 938.000000 435.000000
980.000000 1857.000000 539.000000 1426.000000 424.000000
1316.000000 2648.000000 1181.000000 2376.000000 1045.000000
685.000000 1503.000000 1533.000000 1157.000000 1576.000000
975.000000 421.000000 1100.000000 495.000000 1224.000000
652.000000 806.000000 351.000000 645.000000 512.000000
1077.000000 114.000000 1064.000000 259.000000 1223.000000
1582.000000 1760.000000 1055.000000 1515.000000 1019.000000
1409.000000 1082.000000 171.000000 821.000000 275.000000
829.000000 1400.000000 1183.000000 1016.000000 1221.000000
789.000000 2163.000000 1064.000000 1803.000000 972.000000
1452.000000 1394.000000 1593.000000 996.000000 1644.000000
1130.000000 1461.000000 1570.000000 1076.000000 1618.000000
753.000000 575.000000 540.000000 506.000000 733.000000
196.000000 2781.000000 858.000000 2595.530518 515.196472
1287.000000 1774.000000 1046.000000 1512.000000 1005.000000
1111.000000 2295.000000 1061.000000 1893.000000 946.000000
1294.000000 197.000000 676.000000 308.000000 905.000000
1484.000000 147.000000 571.000000 407.000000 818.000000
388.000000 1831.000000 219.000000 1421.843750 58.786060
976.000000 395.000000 1543.000000 555.000000 1586.000000
901.000000 1410.000000 908.000000 1040.000000 936.000000
1392.000000 2106.000000 1090.000000 1745.000000 1019.000000

1.000000 2609.992920 1818.299194 1223.322510 1824.062744 1974.581909 1979.694336 653.441528 1878.583130
9.000000 209.626038 366.329468 1139.923584 421.293884 323.728424 654.709534 850.076111 503.598541
4.000000 1219.972778 1811.813232 2099.998779 1813.840454 836.687134 1836.337769 1840.075073 1898.793823
5.000000 2416.665039 1745.833984 1733.327637 1747.248779 1883.548828 1859.224854 929.866516 1809.212524
35.000000 1500.213135 1631.928101 2143.460205 1641.228027 1373.176147 1673.171997 1726.625366 1681.711548
89.000000 316.638519 980.711121 863.372192 1002.351379 436.792908 1131.000366 659.937744 1102.839966
99.000000 856.716492 1008.764160 313.325439 986.862427 659.917603 1109.338135 446.979065 1135.843140
46.000000 976.276550 380.414764 443.275330 351.052979 737.254517 505.302216 430.103149 597.012085
60.000000 512.452820 41.469063 942.731628 74.503960 489.136322 317.619751 743.182373 225.436951
34.000000 1481.154541 1083.174316 1475.844604 1489.945801 1133.051636 1163.216553 1121.632690 1516.719360
32.000000 1593.342285 1079.683228 1993.399536 1090.993286 1359.825073 1071.926514 1716.367676 1027.595337
87.000000 839.952942 394.182678 446.533997 372.395782 659.768433 549.210876 437.029846 614.570984
30.000000 887.142761 1596.694336 909.786194 1206.654297 651.663574 1650.123291 678.579407 1286.808350
62.000000 2727.069824 1246.625122 2764.923828 1613.513184 2604.188965 1179.937744 2623.586182 1446.648315
124.000000 1976.589844 1099.140259 1609.966309 1087.751465 1563.204956 1055.602539 1383.012695 1077.342285
31.000000 1452.777100 1496.708862 1455.237793 1140.013184 1092.219604 1523.411621 1105.039185 1159.942627
27.000000 1491.692383 1506.678833 1494.228149 1153.363647 1229.090332 1553.401001 1239.704346 1173.325073
279.000000 1223.340698 1642.066162 873.333069 1640.046875 743.412292 1689.485474 626.658020 1687.089233
26.000000 1512.799316 641.656982 1845.011841 546.008240 1061.398315 720.183289 1344.489868 463.250183
128.000000 1216.689697 1616.160400 879.995178 1614.141113 820.015686 1665.538818 643.336792 1663.085571
19.000000 2201.801270 1483.611328 2183.303955 1159.811279 1829.209839 1530.014038 1821.421631 1089.915894
81.000000 958.965332 359.937073 978.425537 39.904259 734.013306 496.471100 751.695984 256.545990
12.000000 3070.037598 1075.111816 2749.982666 1067.388794 3070.501953 776.889160 2564.047852 848.393433
13.000000 2749.971680 1061.190430 3070.028320 1068.811523 2583.181885 838.945862 3070.322021 768.905945
97.000000 2403.419922 884.310181 2716.697510 895.826172 2150.326172 668.110046 2360.876221 620.545105
39.000000 1531.605469 1476.687500 1532.925049 1163.345703 1163.026001 1510.090698 1173.420898 1163.335938
22.000000 2141.678955 1473.417603 2126.053955 1166.528198 1802.610474 1530.010376 1796.519043 1103.287842
41.000000 1554.263062 1163.332031 1554.681396 1469.998169 1200.340576 1173.342529 1191.194702 1509.941895
52.000000 870.018311 26.435446 566.736145 2.454742 696.856445 200.499237 413.862793 308.059692
275.000000 546.578918 1798.284302 846.651184 1801.462402 493.193481 1818.447998 609.925781 1827.612061
152.000000 2233.815430 729.939819 2002.291138 565.418213 1712.746826 468.646606 1561.124390 416.717072
283.000000 1658.994263 560.021057 1653.125488 280.004364 1241.046143 193.551025 1237.758423 310.030823
70.000000 1850.136597 640.872009 1582.284546 709.584351 1331.315186 587.843872 1145.721313 768.772461
11.000000 2776.670410 1625.972778 2509.993652 1624.504028 2616.596924 1700.272949 2089.934082 1690.072510
72.000000 1576.720947 716.419922 1437.428345 942.245667 1165.295654 984.805298 1271.903076 751.444946
92.000000 822.350952 1516.603027 839.209045 1256.615356 614.783569 1556.527832 630.999329 1336.494629
154.000000 2159.237305 900.639771 1973.979980 718.142334 1768.900146 754.654907 1662.941772 637.019348
95.000000 416.408813 1256.641235 391.169495 1513.120361 618.909241 1343.005981 602.817932 1560.455200
146.000000 1968.619141 690.128845 2162.540771 859.455078 1605.140869 577.243958 1741.977295 666.985107
234.000000 876.637085 1629.687378 1133.367920 1627.605103 683.373352 1681.159302 813.448486 1676.668457
94.000000 1673.325806 734.329590 1929.992310 734.172302 1276.802612 748.287231 1461.233032 631.424683
86.000000 2231.083496 1001.285095 2122.346924 777.338379 1836.285400 822.335571 1717.775146 622.065735
71.000000 1236.562744 425.589417 1483.319702 436.961395 859.398010 501.382172 1106.223999 425.231995
286.000000 760.063110 439.104828 516.296509 421.915985 577.826904 614.269104 466.956757 644.400696
90.000000 365.912231 1493.601440 390.957794 1252.739746 581.365051 1563.707886 598.940430 1343.248901
166.000000 563.481750 738.249756 337.227264 823.863220 444.806091 935.242798 352.041809 1056.460693
74.000000 1086.791382 534.160522 846.557007 522.202942 906.511475 599.421326 663.658752 664.546814
243.000000 1973.979980 718.142334 1736.141968 690.118530 1480.659668 595.458984 1360.087769 632.874573
76.000000 2019.295898 584.396118 1784.212036 544.785095 1583.724487 422.591736 1339.605591 457.219452
109.000000 2110.521240 745.633118 2233.419189 947.922791 1732.573853 608.062561 1829.670044 778.286926
80.000000 2077.628906 735.975891 1858.226562 647.821472 1571.133301 543.903625 1334.041870 584.772705
105.000000 1772.850342 628.323181 2004.171997 672.250122 1378.148315 592.449280 1575.376831 566.762634
44.000000 1549.002075 703.628113 1769.321533 631.267395 1182.665527 661.276978 1481.797119 516.598694
170.000000 707.967407 106.353004 694.489136 336.929077 641.474121 376.868195 620.914124 527.247375
167.000000 1379.981201 774.292725 1149.938965 769.773315 996.108826 810.474487 846.598328 839.649780
51.000000 2523.351074 789.588928 2746.702637 799.162476 2209.128174 515.895813 2507.213867 452.576019
65.000000 2013.109009 540.009277 2003.854858 316.783234 1592.480469 366.709717 1597.107788 100.065506
181.000000 1690.424683 787.162292 1910.410645 791.253113 1398.762207 735.891235 1541.217773 692.977112
85.000000 1736.141968 690.118530 1549.619995 800.368347 1356.908569 626.899536 1193.384277 796.715759
282.000000 3.310584 1835.784180 219.989517 1837.795410 176.919876 1830.064331 293.147400 1839.067139
17.000000 2853.616943 839.658386 3070.167969 843.270691 2640.503174 523.555908 3062.294434 360.114502
56.000000 2209.930176 597.947998 2420.214600 609.387756 1812.959717 371.854004 2080.254395 304.340363
45.000000 2729.882080 860.342041 2519.884277 853.604553 2527.235352 542.876038 2206.589111 606.274170
208.000000 1206.671753 1346.377563 996.619568 1342.665527 866.674377 1400.132690 730.080200 1408.049927
217.000000 2019.166748 792.559937 2138.952881 962.710449 1650.076782 719.922791 1745.364014 814.623474
147.000000 2689.999023 1650.102051 2483.320068 1647.903809 2280.030029 1728.989258 2116.643311 1724.118042
187.000000 1230.084473 278.068939 1026.848755 269.172943 920.032532 336.759003 781.753052 385.518433
110.000000 204.364151 918.211060 340.998260 767.877747 294.883972 1134.317871 376.379730 956.807556
171.000000 1286.697998 596.052368 1486.688354 606.242126 950.336243 641.343994 1096.997192 604.654480
55.000000 3056.030762 853.833008 2856.026367 863.742554 2793.674316 461.991852 3068.129150 389.576416
144.000000 1640.354736 336.756989 1646.315796 533.343994 1243.003174 306.146454 1230.834351 469.814209
161.000000 1984.205566 588.282227 2146.742432 692.853577 1595.619629 452.423309 1736.653687 513.363464
47.000000 2796.579346 755.541748 2609.940674 748.171448 2653.626465 351.265778 2343.289795 423.145325
272.000000 1233.344482 1112.774780 1050.017334 1109.128174 893.485474 1168.045898 776.768494 1180.923096
176.000000 948.922607 996.065918 875.317322 829.125244 672.306519 1098.037964 623.101929 956.601562
216.000000 1203.290283 130.638550 1383.370117 142.788193 910.058960 196.828018 1036.849731 150.500885
169.000000 2339.290771 981.179016 2278.757324 813.782715 1928.046753 828.678223 1886.998657 682.305420
43.000000 2483.311035 1630.635254 2660.227783 1636.868286 2089.994141 1700.273926 2423.318848 1707.348389
200.000000 1380.013916 189.769745 1203.388916 179.081650 1036.163696 198.595642 906.129456 245.166641
108.000000 2800.264404 1446.635376 2820.733643 1619.913330 2623.964600 1453.277588 2641.309814 1649.884399
292.000000 1934.841309 836.881165 1767.942871 797.872925 1559.766968 722.199585 1448.308838 745.103943
258.000000 2500.049316 542.206848 2670.015137 549.654236 2336.703369 133.465149 2453.611084 101.000595
48.000000 3066.940674 827.351562 2896.891846 822.348145 3067.618652 348.291626 2770.342773 432.815582
280.000000 1423.350220 1614.638672 1253.335571 1616.835449 973.351501 1669.290527 856.676086 1666.298828
246.000000 2864.255615 859.439087 2751.988525 986.654846 2588.103760 725.407166 2657.158936 621.446228
245.000000 1206.523560 702.239685 1373.572998 712.916687 886.957458 764.877258 1009.703491 741.759155
54.000000 2467.432617 1601.850586 2320.393066 1525.905640 2086.232422 1691.238770 1830.947144 1554.893311
295.000000 2132.576904 674.461304 2240.005371 799.995300 1731.948853 514.497864 1816.544434 590.512268
111.000000 1839.752686 748.389771 1679.939575 772.939880 1535.014771 657.866638 1349.198486 714.014221
53.000000 1394.318970 883.620117 1439.358765 728.843384 976.230042 1050.450317 1056.096924 761.334290
271.000000 450.618286 680.523193 303.268158 745.643433 430.278931 873.719238 350.907837 961.742126
151.000000 2691.990967 1046.729736 2752.583008 898.332581 2456.640869 842.337280 2502.206055 688.677307
23.000000 2826.664551 1765.221680 2986.668213 1765.404785 2656.457275 1907.519653 3070.089844 1928.201172
254.000000 1713.857788 873.433472 1873.586060 881.894897 1520.145874 802.174133 1643.458130 803.785461
231.000000 117.257828 1102.162109 275.142334 1122.882568 263.395599 1255.146118 393.586792 1260.476807
221.000000 1766.665894 1615.969116 1609.999390 1616.156250 1703.332764 1663.082397 1570.000000 1663.357300
247.000000 1436.614014 490.969330 1590.038086 499.297516 1069.428955 494.577972 1189.561768 461.730499
164.000000 2469.799072 1613.649170 2316.600830 1616.829468 2036.369507 1676.296753 1883.161987 1680.687012
188.000000 2436.593506 491.255035 2586.860596 500.004852 2187.378174 112.324600 2326.581299 69.720848
191.000000 1977.413330 549.981018 1973.605713 399.993073 1545.538452 253.237000 1557.784180 109.810814
91.000000 2619.973145 1234.237793 2470.006348 1229.784058 2333.431396 1127.811401 2113.333984 1146.674438
101.000000 2269.082031 744.206787 2164.679688 638.702454 1860.914185 615.857666 1716.899658 469.816467
248.000000 190.414963 506.719025 208.888046 360.280212 309.295197 783.597534 321.733063 659.839172
257.000000 2038.607666 944.686218 1936.779907 839.890015 1722.450195 760.309570 1626.978760 682.948242
84.000000 2566.568604 615.356445 2710.049316 622.319397 2283.120605 249.188110 2513.048096 188.912094
256.000000 2533.306885 784.103027 2390.028076 779.180664 2236.500977 502.590637 2116.523682 529.358826
132.000000 1456.536255 948.506592 1513.206055 817.070740 1151.200562 974.636902 1212.320801 811.495239
130.000000 1744.256226 805.077820 1618.808105 871.446533 1453.146729 732.857971 1324.743408 851.525757
149.000000 860.177673 186.680832 849.028931 326.589294 734.003662 319.715302 716.828552 480.373657
264.000000 1419.891479 238.783630 1560.036011 245.965042 1063.399414 236.851990 1176.593262 196.461075
298.000000 176.684601 1801.052002 316.675934 1802.152588 266.736877 1807.685669 380.067017 1811.124268
236.000000 2606.769531 987.834473 2469.936768 981.332275 2249.941406 782.934082 2123.548828 801.469604
143.000000 1266.661011 1203.523804 1130.015137 1199.489014 983.431763 1247.720093 819.968140 1262.992310
268.000000 2031.769775 597.221741 2145.618896 669.745605 1601.406738 436.662079 1711.517456 483.066071
213.000000 1066.709595 761.982117 933.299133 757.742676 792.946289 848.174316 659.937439 876.371643
59.000000 2791.828613 883.640564 2722.688232 994.178223 2659.638916 578.034180 2531.518555 818.820435
79.000000 2876.674805 1212.576294 2746.654053 1211.168701 3070.375732 1020.765259 2829.952148 1042.812744
118.000000 471.589325 556.445374 455.505585 683.185974 448.131927 686.485901 430.278931 873.719238
160.000000 2116.718750 435.755310 2243.352051 443.006927 1712.405396 203.633560 1860.506958 158.323746
57.000000 2596.625977 708.650818 2719.976074 711.174255 2419.489014 344.540192 2686.740723 280.307770
58.000000 1512.865845 596.778931 1418.036255 675.654175 1236.025146 489.269073 1045.567871 686.268555
203.000000 2002.540283 681.152344 2101.536377 749.278015 1603.378174 542.700928 1723.992798 609.484375
195.000000 2240.083984 474.416992 2120.002686 469.928497 1859.919678 199.741348 1726.037964 241.308243
75.000000 1597.648315 909.054382 1552.852051 1020.459106 1209.455566 994.925903 1318.028687 769.301880
120.000000 2483.346680 1664.418823 2603.328369 1662.932251 2056.562988 1744.081177 2243.363037 1748.826172
230.000000 2893.900635 1827.317993 3009.621094 1851.791138 2786.559082 2034.692871 2916.535645 2044.988403
142.000000 2449.886475 487.954712 2333.244629 477.671814 2133.788574 121.724937 1972.693481 164.242111
277.000000 1305.628784 1383.410522 1301.701416 1500.281250 933.328857 1433.333130 926.447510 1550.183350
