Keypoint Matches and Line Matches for pairs 18, 20 
18 corresponds to the image ./resources/Data/HerzP25/images/0018.png 
20 corresponds to the image ./resources/Data/HerzP25/images/0020.png 

10.000000 209.626038 366.329468 376.543365 610.051392
11.000000 1139.923584 421.293884 1056.804321 531.189758
46.000000 316.638519 980.711121 480.012878 1100.270752
47.000000 863.372192 1002.351379 826.688416 1083.790649
48.000000 856.716492 1008.764160 830.014832 1090.326416
49.000000 313.325439 986.862427 483.305359 1106.050171
32.000000 976.276550 380.414764 924.348816 518.238831
33.000000 443.275330 351.052979 526.738281 567.247620
22.000000 2599.779297 500.761261 2552.629150 350.902161
80.000000 512.452820 41.469063 593.216919 295.872009
81.000000 942.731628 74.503960 911.357788 249.269150
27.000000 2639.955078 494.150024 2603.470947 334.473480
30.000000 1593.342285 1079.683228 1536.597290 1098.664917
31.000000 1993.399536 1090.993286 1943.377930 1077.526001
93.000000 446.533997 372.395782 533.494690 584.674194
243.000000 887.142761 1596.694336 828.636475 1610.144287
566.000000 909.786194 1206.654297 855.999268 1260.237061
100.000000 1976.589844 1099.140259 1926.703491 1087.444702
79.000000 1516.240479 1479.906982 1349.978638 1493.430298
68.000000 1452.777100 1496.708862 1324.195068 1500.126221
69.000000 1455.237793 1140.013184 1334.219727 1166.793579
54.000000 1491.692383 1506.678833 1437.047729 1526.751831
87.000000 1494.228149 1153.363647 1390.575317 1173.347778
52.000000 2093.884033 1170.135254 2053.936035 1149.978760
256.000000 873.333069 1640.046875 806.682983 1647.824585
37.000000 1845.011841 546.008240 1684.824707 542.243164
89.000000 2070.297363 1176.508423 1990.136475 1163.248901
41.000000 2226.719971 1490.186890 2107.429443 1503.426392
132.000000 1216.689697 1616.160400 1070.020142 1625.537354
133.000000 879.995178 1614.141113 819.995117 1624.410278
44.000000 2201.801270 1483.611328 2082.458496 1493.362305
45.000000 2183.303955 1159.811279 2070.514893 1133.316284
98.000000 958.965332 359.937073 909.045837 499.920410
99.000000 978.425537 39.904259 932.973877 213.025345
63.000000 2749.982666 1067.388794 2733.296631 982.725403
64.000000 2749.971680 1061.190430 2736.639404 976.227905
40.000000 2151.010498 1163.457275 2094.259033 1139.845703
85.000000 2167.899902 1480.112061 2021.986450 1480.140503
556.000000 2716.697510 895.826172 2696.938721 787.455200
86.000000 1531.605469 1476.687500 1382.618652 1490.065796
55.000000 1532.925049 1163.345703 1444.920776 1183.369751
66.000000 2141.678955 1473.417603 2038.296997 1483.381470
67.000000 2126.053955 1166.528198 2028.865967 1149.937744
90.000000 1554.263062 1163.332031 1415.231689 1179.966675
91.000000 1554.681396 1469.998169 1408.193481 1483.368774
269.000000 546.578918 1798.284302 603.288086 1781.419189
270.000000 846.651184 1801.462402 776.657776 1786.945068
74.000000 1583.547241 720.661072 1453.338867 749.661377
1024.000000 2233.815430 729.939819 2107.000000 676.000000
276.000000 2002.291138 565.418213 1841.725586 542.392517
96.000000 1850.136597 640.872009 1705.881592 635.837769
42.000000 2776.670410 1625.972778 2753.319092 1638.275879
43.000000 2509.993652 1624.504028 2389.984619 1635.081665
97.000000 1576.720947 716.419922 1437.683838 750.069336
156.000000 1973.979980 718.142334 1843.271851 696.230286
167.000000 416.408813 1256.641235 625.218140 1316.532959
168.000000 391.169495 1513.120361 604.604797 1539.809692
355.000000 2416.652588 296.868347 2333.552734 161.425491
142.000000 2231.083496 1001.285095 2110.482910 964.758484
143.000000 2122.346924 777.338379 2000.482300 744.758789
286.000000 516.296509 421.915985 576.781372 617.813660
174.000000 390.957794 1252.739746 604.264832 1320.091187
207.000000 895.948547 1082.003662 845.965759 1154.701050
208.000000 828.221802 850.364380 805.669189 964.059204
223.000000 243.336502 96.617249 403.393921 387.070831
225.000000 1086.791382 534.160522 1010.175720 641.619934
226.000000 846.557007 522.202942 823.178101 661.901978
157.000000 1736.141968 690.118530 1608.835693 700.910706
150.000000 2110.521240 745.633118 1982.387695 707.424133
151.000000 2233.419189 947.922791 2112.227539 906.370789
486.000000 1443.042480 1266.692139 1321.588501 1293.378174
146.000000 2077.628906 735.975891 1940.536377 697.574158
147.000000 1858.226562 647.821472 1705.804565 639.935974
77.000000 2004.171997 672.250122 1865.217285 632.055420
433.000000 1549.002075 703.628113 1425.744263 748.567200
200.000000 233.618057 132.259064 394.477539 417.504578
205.000000 707.967407 106.353004 741.830383 306.948273
191.000000 233.368225 112.846977 396.841919 401.149719
345.000000 3.172413 89.199837 243.441925 417.408173
346.000000 233.302490 103.818886 396.423004 395.002991
237.000000 1379.981201 774.292725 1240.462891 831.662842
238.000000 1149.938965 769.773315 1056.852783 848.675659
253.000000 1013.256287 211.061203 963.267639 359.497803
254.000000 1239.937988 227.520294 1143.240967 335.960510
128.000000 2523.351074 789.588928 2446.414551 693.798035
164.000000 2013.109009 540.009277 1867.833496 503.335419
165.000000 2003.854858 316.783234 1867.616455 276.662567
369.000000 700.841736 728.971313 696.110229 859.033752
370.000000 483.748627 716.247681 546.178040 869.963440
166.000000 1549.619995 800.368347 1427.434082 836.562439
187.000000 2853.616943 839.658386 2872.189697 705.128845
487.000000 469.848419 1108.079468 673.236328 1196.157349
152.000000 2209.930176 597.947998 2083.357422 533.580566
153.000000 2420.214600 609.387756 2319.406738 510.578583
122.000000 2729.882080 860.342041 2699.811523 744.429443
123.000000 2519.884277 853.604553 2443.281738 766.053650
279.000000 1206.671753 1346.377563 1089.995239 1376.473999
280.000000 996.619568 1342.665527 923.348022 1380.593750
406.000000 2138.952881 962.710449 2031.344849 922.434937
506.000000 2689.999023 1650.102051 2633.309814 1664.246826
230.000000 2483.320068 1647.903809 2356.645264 1661.367310
444.000000 2406.512207 171.327591 2323.169434 22.094044
354.000000 1026.848755 269.172943 966.244568 410.683716
265.000000 204.364151 918.211060 360.496948 1062.387573
266.000000 340.998260 767.877747 460.100006 918.778870
284.000000 2054.456543 918.016235 1968.343140 893.545410
267.000000 1286.697998 596.052368 1173.303955 673.048035
268.000000 1486.688354 606.242126 1346.518311 655.225281
327.000000 1036.660278 1068.142334 960.075989 1130.991455
328.000000 1233.337646 1068.997803 1116.589966 1118.999023
503.000000 1356.670288 389.913940 1239.671387 467.815369
209.000000 1984.205566 588.282227 1837.573120 564.632385
210.000000 2146.742432 692.853577 2014.715942 643.563782
175.000000 2379.997314 300.047729 2306.505371 172.231628
176.000000 2569.945801 310.944061 2523.404541 140.487152
124.000000 2796.579346 755.541748 2813.445068 607.802246
125.000000 2609.940674 748.171448 2559.940918 632.732056
467.000000 874.998718 823.174561 828.272156 919.479980
468.000000 725.510498 713.693848 720.743652 845.584534
178.000000 186.614899 500.964630 346.677094 723.415588
373.000000 1233.344482 1112.774780 1116.646240 1159.567505
374.000000 1050.017334 1109.128174 966.666748 1166.668701
455.000000 875.317322 829.125244 829.079285 940.130554
337.000000 1203.290283 130.638550 1116.536987 252.475494
338.000000 1383.370117 142.788193 1270.385742 229.218201
213.000000 2233.121826 1286.679321 2110.459229 1269.979126
214.000000 2222.384033 1106.524536 2101.656982 1076.591187
388.000000 542.266296 273.279358 628.958862 486.853577
594.000000 659.963013 1161.359253 813.331238 1229.953979
106.000000 2483.311035 1630.635254 2356.683594 1642.539185
363.000000 1380.013916 189.769745 1266.787964 274.146118
364.000000 1203.388916 179.081650 1116.650757 296.559998
393.000000 463.333374 1316.331665 670.517944 1373.072998
394.000000 446.218475 1486.621582 657.237610 1516.719482
578.000000 2670.015137 549.654236 2646.883789 391.809296
385.000000 1423.350220 1614.638672 1246.611084 1623.839844
386.000000 1253.335571 1616.835449 1100.001099 1626.724854
403.000000 1420.000488 1643.259399 1240.018677 1651.992188
404.000000 1249.985596 1642.075439 1096.666748 1649.994995
399.000000 1206.523560 702.239685 1103.415405 781.334717
400.000000 1373.572998 712.916687 1246.616821 772.522888
448.000000 1176.672485 586.555542 1083.173218 678.314697
449.000000 1009.937073 577.876038 949.777161 690.988037
1571.000000 280.011932 416.509796 418.000000 640.000000
470.000000 2823.332520 1789.509033 2823.352295 1832.583618
390.000000 2240.005371 799.995300 2110.140381 749.871216
1200.000000 701.710693 666.802490 703.000000 807.000000
361.000000 1839.752686 748.389771 1716.688477 746.551941
362.000000 1679.939575 772.939880 1570.523926 791.689514
474.000000 303.268158 745.643433 429.870911 916.479919
569.000000 357.186218 1490.048096 533.065918 1520.243286
495.000000 966.412231 336.781464 919.659546 480.044342
496.000000 1126.524292 348.596497 1043.392212 467.235382
575.000000 2691.990967 1046.729736 2663.035156 965.554565
138.000000 2826.664551 1765.221680 2823.317627 1804.126465
446.000000 117.257828 1102.162109 303.553467 1213.748535
447.000000 275.142334 1122.882568 437.382507 1223.843628
407.000000 823.344604 1833.242432 770.062866 1817.051392
273.000000 1680.571411 556.954773 1524.219238 579.350647
425.000000 1436.614014 490.969330 1309.811890 551.640320
426.000000 1590.038086 499.297516 1446.640991 536.435486
1367.000000 286.671631 603.237549 417.000000 791.000000
561.000000 1140.018555 969.372681 1040.045654 1034.081665
562.000000 986.720215 964.851074 923.203613 1041.205444
299.000000 2469.799072 1613.649170 2333.041016 1623.739624
300.000000 2316.600830 1616.829468 2169.859131 1628.710815
515.000000 2051.700684 923.769409 1964.574707 897.520630
554.000000 2586.860596 500.004852 2539.739990 351.366669
573.000000 323.518829 766.386658 438.731354 928.141174
245.000000 2619.973145 1234.237793 2559.960449 1188.873901
246.000000 2470.006348 1229.784058 2376.618896 1195.300659
303.000000 2269.082031 744.206787 2151.333496 688.455933
304.000000 2164.679688 638.702454 2027.927734 581.873230
1476.000000 212.352753 326.539124 377.000000 576.000000
619.000000 243.556961 34.251026 406.000000 339.000000
219.000000 2566.568604 615.356445 2506.861328 488.438843
220.000000 2710.049316 622.319397 2696.766113 467.572144
239.000000 2533.306885 784.103027 2466.574707 685.696289
240.000000 2390.028076 779.180664 2283.305908 703.044800
161.000000 1513.206055 817.070740 1389.677124 843.704834
234.000000 1618.808105 871.446533 1530.562256 891.934326
349.000000 1842.056274 568.607544 1680.024902 565.329041
350.000000 1980.552490 593.605896 1833.429077 568.181458
479.000000 1570.010742 556.519897 1430.110474 594.602051
480.000000 1430.027222 546.294617 1303.244629 605.647583
475.000000 1419.891479 238.783630 1299.588989 314.066864
476.000000 1560.036011 245.965042 1426.766235 293.962952
759.000000 220.014328 1316.358887 399.000000 1382.000000
511.000000 1509.031860 597.978516 1373.044556 642.979614
325.000000 2841.716309 460.202087 2920.798828 240.835510
326.000000 2824.541260 322.765839 2902.666504 83.008430
202.000000 1130.015137 1199.489014 1033.274780 1244.972534
489.000000 2031.769775 597.221741 1881.158081 564.203857
421.000000 2006.463257 136.488449 1873.567993 88.122322
422.000000 1873.253662 127.901962 1736.695923 110.181236
311.000000 1066.709595 761.982117 986.785889 851.316284
1419.000000 1066.658081 856.907654 984.000000 934.000000
329.000000 2573.460938 365.406189 2529.770020 201.207886
330.000000 2442.775635 352.173737 2373.846436 218.075623
1273.000000 1493.554199 401.372894 1352.000000 453.000000
323.000000 2400.077881 388.804169 2313.496826 267.949158
324.000000 2530.177734 397.270569 2470.166992 247.976349
127.000000 2746.654053 1211.168701 2816.637939 1149.317383
118.000000 623.332031 1807.396362 616.702148 1788.486572
312.000000 858.065674 763.020752 826.590759 865.828430
1433.000000 471.589325 556.445374 546.000000 730.000000
473.000000 455.505585 683.185974 536.357422 842.885864
391.000000 2116.718750 435.755310 1983.181396 378.796844
392.000000 2243.352051 443.006927 2126.750488 360.664093
1116.000000 160.019699 452.834290 354.000000 685.000000
1295.000000 1106.706177 652.364075 1007.000000 748.000000
490.000000 2131.435059 667.681213 1994.507568 617.502686
459.000000 2024.475098 601.488342 1870.717041 564.862915
512.000000 1418.036255 675.654175 1287.321777 730.570007
258.000000 2141.825684 900.640625 2027.598755 856.461243
347.000000 2709.281738 453.410889 2740.521240 266.610504
527.000000 2002.540283 681.152344 1866.258667 654.076538
528.000000 2101.536377 749.278015 1972.127686 712.196167
477.000000 2240.083984 474.416992 2123.601562 395.302032
478.000000 2120.002686 469.928497 1996.568604 412.613373
1414.000000 376.754364 1666.402588 559.000000 1668.000000
297.000000 2483.346680 1664.418823 2346.655518 1679.376953
298.000000 2603.328369 1662.932251 2509.999756 1680.048584
367.000000 2449.886475 487.954712 2370.107422 367.868988
368.000000 2333.244629 477.671814 2220.114746 381.283142
413.000000 2286.668213 233.312195 2180.098633 124.025337
414.000000 2403.466309 241.415344 2320.104736 104.068039
92.000000 846.734253 395.316620 829.880493 549.007141
853.000000 682.000000 1357.000000 828.000000 1401.000000
1111.000000 2608.000000 1284.000000 2541.000000 1247.000000
1435.000000 1743.000000 283.000000 1612.000000 293.000000
738.000000 1876.000000 606.000000 1725.000000 597.000000
651.000000 2585.000000 869.000000 2526.000000 774.000000
1333.000000 2174.000000 165.000000 2055.000000 77.000000
817.000000 2745.000000 484.000000 2739.000000 300.000000
621.000000 703.000000 486.000000 708.000000 649.000000
829.000000 610.000000 1145.000000 778.000000 1219.000000
1082.000000 725.000000 488.000000 725.000000 648.000000
618.000000 763.000000 621.000000 756.000000 758.000000
1038.000000 1765.000000 545.000000 1608.000000 554.000000
1057.000000 2617.000000 675.000000 2573.000000 547.000000
1153.000000 173.000000 591.000000 351.000000 796.000000
1335.000000 2191.000000 802.000000 2056.000000 755.000000
502.000000 2829.000000 773.000000 2853.345459 626.206665
1240.000000 2137.000000 736.000000 1999.000000 692.000000
821.000000 1958.000000 626.000000 1809.000000 605.000000
653.000000 1792.000000 601.000000 1642.000000 605.000000
670.000000 1278.000000 458.000000 1171.000000 544.000000
1370.000000 500.000000 1142.000000 698.000000 1222.000000
637.000000 329.000000 296.000000 456.000000 536.000000
755.000000 270.000000 1235.000000 508.000000 1311.000000
1101.000000 2485.000000 1300.000000 2386.000000 1272.000000
836.000000 154.000000 311.000000 355.000000 586.000000
1030.000000 1573.000000 1529.000000 1442.000000 1547.000000
843.000000 383.000000 29.000000 503.000000 306.000000
864.000000 337.000000 638.000000 455.000000 818.000000
1297.000000 1998.000000 641.000000 1850.000000 615.000000
897.000000 1435.000000 844.000000 1299.000000 889.000000
786.000000 269.000000 1423.000000 505.000000 1467.000000
734.000000 1947.000000 481.000000 1776.000000 459.000000
922.000000 2368.000000 1930.000000 2251.000000 1988.000000
1490.000000 2773.000000 1197.000000 2746.000000 1143.000000
1567.000000 2645.000000 1353.000000 2587.000000 1323.000000
1043.000000 1837.000000 392.000000 1688.000000 387.000000
1197.000000 1837.000000 322.000000 1693.000000 315.000000
1106.000000 1471.000000 741.000000 1333.000000 786.000000
264.000000 243.000000 63.000000 403.453644 360.792145
947.000000 519.000000 1142.000000 712.000000 1221.000000
742.000000 1917.000000 614.000000 1767.000000 598.000000
1014.000000 2166.000000 768.000000 2030.000000 722.000000
861.000000 74.000000 1593.000000 265.000000 1607.000000
1462.000000 341.000000 188.000000 466.000000 445.000000
1216.000000 1622.000000 520.000000 1478.000000 551.000000
790.000000 2742.000000 1050.000000 2727.000000 964.000000
1136.000000 1949.000000 205.000000 1812.000000 173.000000
555.000000 2631.000000 888.000000 2579.902100 795.182556
1409.000000 2240.000000 199.000000 2129.000000 98.000000
1054.000000 1671.000000 625.000000 1522.000000 648.000000
1172.000000 978.000000 2031.000000 1178.000000 2031.000000
622.000000 84.000000 1715.000000 262.000000 1705.000000
925.000000 905.000000 1056.000000 853.000000 1129.000000
1307.000000 1642.000000 615.000000 1495.000000 641.000000
1141.000000 1694.000000 966.000000 1656.000000 969.000000
663.000000 904.000000 1017.000000 854.000000 1094.000000
942.000000 2865.000000 770.000000 2891.000000 615.000000
1530.000000 482.000000 117.000000 571.000000 362.000000
1081.000000 2729.000000 1278.000000 2698.000000 1231.000000
771.000000 1683.000000 308.000000 1540.000000 331.000000
816.000000 1713.000000 313.000000 1579.000000 332.000000
668.000000 1850.000000 125.000000 1712.000000 113.000000
1074.000000 545.000000 1143.000000 731.000000 1221.000000
645.000000 251.000000 460.000000 401.000000 680.000000
136.000000 377.000000 1223.000000 656.566406 1296.657227
1007.000000 2299.000000 1446.000000 2164.000000 1440.000000
677.000000 1769.000000 120.000000 1632.000000 126.000000
628.000000 2771.000000 486.000000 2774.000000 296.000000
665.000000 2698.000000 1568.000000 2647.000000 1570.000000
1113.000000 2738.000000 448.000000 2753.000000 256.000000
1019.000000 487.000000 600.000000 574.000000 775.000000
1478.000000 364.000000 199.000000 487.000000 450.000000
697.000000 1064.000000 1535.000000 968.000000 1553.000000
1298.000000 1409.000000 928.000000 1274.000000 972.000000
1455.000000 2738.000000 461.000000 2753.000000 271.000000
1156.000000 2386.000000 1446.000000 2258.000000 1438.000000
891.000000 2823.000000 726.000000 2845.000000 569.000000
1203.000000 2369.000000 879.000000 2258.000000 816.000000
959.000000 713.000000 499.000000 717.000000 658.000000
877.000000 1725.000000 590.000000 1575.000000 605.000000
1224.000000 416.000000 1543.000000 623.000000 1565.000000
1274.000000 2106.000000 708.000000 1965.000000 668.000000
491.000000 1339.000000 930.000000 1220.870605 975.116699
1546.000000 2725.000000 766.000000 2712.000000 633.000000
1270.000000 2275.000000 1041.000000 2142.000000 1002.000000
687.000000 1807.000000 243.000000 1675.000000 240.000000
285.000000 721.000000 434.000000 740.147766 601.477600
1304.000000 902.000000 993.000000 853.000000 1073.000000
998.000000 1665.000000 283.000000 1517.000000 311.000000
1520.000000 1227.000000 129.000000 1135.000000 246.000000
926.000000 1812.000000 580.000000 1661.000000 581.000000
814.000000 740.000000 293.000000 758.000000 475.000000
804.000000 219.000000 429.000000 381.000000 659.000000
1171.000000 2091.000000 366.000000 1959.000000 310.000000
1192.000000 1710.000000 613.000000 1560.000000 630.000000
1468.000000 364.000000 1321.000000 576.000000 1379.000000
818.000000 2092.000000 396.000000 1959.000000 342.000000
34.000000 901.000000 29.000000 869.985718 216.575180
1500.000000 2403.000000 417.000000 2314.000000 299.000000
1534.000000 1865.000000 1058.000000 1809.000000 1054.000000
1115.000000 343.000000 172.000000 468.000000 432.000000
1576.000000 1652.000000 1052.000000 1597.000000 1067.000000
1575.000000 1856.000000 583.000000 1705.000000 577.000000
1537.000000 2767.000000 1807.000000 2721.000000 1850.000000
294.000000 2648.000000 1719.000000 2559.985596 1744.125732
844.000000 1532.000000 104.000000 1406.000000 160.000000
1107.000000 2629.000000 1126.000000 2564.000000 1064.000000
826.000000 489.000000 332.000000 589.000000 541.000000
830.000000 2827.000000 1199.000000 2854.000000 1131.000000
1460.000000 2738.000000 585.000000 2733.000000 419.000000
1257.000000 1969.000000 324.000000 1826.000000 292.000000
720.000000 1503.000000 738.000000 1362.000000 780.000000
568.000000 120.000000 1200.000000 316.529541 1296.097778
1580.000000 1349.000000 409.000000 1232.000000 487.000000
1309.000000 666.000000 316.000000 700.000000 505.000000
799.000000 1661.000000 959.000000 1626.000000 979.000000
678.000000 1914.000000 1073.000000 1861.000000 1065.000000
1064.000000 934.000000 1806.000000 852.000000 1794.000000
1308.000000 1333.000000 228.000000 1224.000000 319.000000
1132.000000 1631.000000 389.000000 1491.000000 420.000000
813.000000 311.000000 281.000000 443.000000 526.000000
1364.000000 1345.000000 1159.000000 1212.000000 1196.000000
1345.000000 2642.000000 1115.000000 2581.000000 1050.000000
788.000000 266.000000 1440.000000 503.000000 1481.000000
1421.000000 1942.000000 600.000000 1793.000000 581.000000
1472.000000 230.000000 965.000000 378.000000 1095.000000
745.000000 2279.000000 229.000000 2172.000000 120.000000
801.000000 1403.000000 951.000000 1271.000000 995.000000
1091.000000 1396.000000 1163.000000 1241.000000 1195.000000
1494.000000 2657.000000 1913.000000 2571.000000 2020.000000
59.000000 2196.000000 1488.000000 2075.470947 1492.146729
1047.000000 2745.000000 439.000000 2763.000000 244.000000
1368.000000 2645.000000 419.000000 2624.000000 233.000000
1229.000000 946.000000 502.000000 899.000000 631.000000
1562.000000 2631.000000 1775.000000 2543.000000 1809.000000
1461.000000 1968.000000 1061.000000 1918.000000 1048.000000
1278.000000 2874.000000 469.000000 2940.000000 248.000000
1028.000000 511.000000 317.000000 589.000000 529.000000
1513.000000 523.000000 476.000000 579.000000 663.000000
1536.000000 175.000000 959.000000 335.000000 1095.000000
899.000000 1415.000000 1231.000000 1277.000000 1260.000000
1287.000000 2188.000000 338.000000 2066.000000 260.000000
1006.000000 1423.000000 866.000000 1291.000000 912.000000
664.000000 231.000000 461.000000 388.000000 683.000000
996.000000 1485.000000 1045.000000 1352.000000 1077.000000
753.000000 2850.000000 491.000000 2884.000000 282.000000
982.000000 2720.000000 299.000000 2733.000000 86.000000
739.000000 1420.000000 885.000000 1286.000000 930.000000
907.000000 450.000000 548.000000 533.000000 730.000000
858.000000 1881.000000 1071.000000 1826.000000 1067.000000
889.000000 762.000000 637.000000 755.000000 773.000000
51.000000 1494.000000 1646.000000 1302.860596 1648.766235
1251.000000 1045.000000 1637.000000 943.000000 1645.000000
1129.000000 1500.000000 708.000000 1360.000000 751.000000
1048.000000 648.000000 577.000000 668.000000 734.000000
1194.000000 2485.000000 933.000000 2398.000000 862.000000
144.000000 2713.000000 941.000000 2691.108887 847.542480
1430.000000 2316.000000 425.000000 2212.000000 326.000000
1013.000000 2694.000000 1117.000000 2648.000000 1048.000000
1233.000000 2404.000000 208.000000 2320.000000 68.000000
1523.000000 2851.000000 336.000000 3020.000000 91.000000
1133.000000 1402.000000 1096.000000 1263.000000 1133.000000
1225.000000 1563.000000 683.000000 1419.000000 719.000000
1001.000000 2035.000000 659.000000 1890.000000 627.000000
716.000000 1566.000000 654.000000 1423.000000 690.000000
725.000000 2123.000000 574.000000 1988.000000 524.000000
1496.000000 2180.000000 221.000000 2061.000000 136.000000
992.000000 1683.000000 600.000000 1535.000000 621.000000
1128.000000 2584.000000 1562.000000 2502.000000 1565.000000
565.000000 807.000000 1336.000000 845.653503 1376.576538
1281.000000 673.000000 675.000000 687.000000 815.000000
1239.000000 453.000000 507.000000 537.000000 696.000000
777.000000 1404.000000 971.000000 1269.000000 1013.000000
1117.000000 1930.000000 1060.000000 1877.000000 1051.000000
797.000000 42.000000 248.000000 279.000000 537.000000
912.000000 2678.000000 482.000000 2651.000000 311.000000
1322.000000 875.000000 1139.000000 825.000000 1204.000000
1528.000000 2303.000000 1185.000000 2173.000000 1157.000000
70.000000 1081.000000 1716.000000 971.529541 1719.345215
855.000000 2358.000000 1450.000000 2223.000000 1445.000000
1317.000000 1613.000000 155.000000 1480.000000 194.000000
898.000000 1753.000000 1271.000000 1694.000000 1279.000000
1234.000000 2670.000000 1406.000000 2616.000000 1383.000000
1505.000000 2261.000000 524.000000 2145.000000 445.000000
1578.000000 2196.000000 774.000000 2064.000000 725.000000
1394.000000 1419.000000 1073.000000 1289.000000 1109.000000
964.000000 1631.000000 407.000000 1490.000000 438.000000
822.000000 2691.000000 1597.000000 2638.000000 1604.000000
1092.000000 1603.000000 631.000000 1458.000000 663.000000
540.000000 2483.000000 1272.000000 2379.944580 1245.289551
1439.000000 1527.000000 1004.000000 1516.000000 1045.000000
895.000000 100.000000 1438.000000 298.000000 1483.000000
1328.000000 1582.000000 107.000000 1452.000000 154.000000
918.000000 2296.000000 1401.000000 2163.000000 1391.000000
1284.000000 2336.000000 1588.000000 2218.000000 1595.000000
872.000000 260.000000 1507.000000 525.000000 1511.000000
603.000000 2828.000000 1874.000000 2727.000000 1977.000000
1052.000000 1454.000000 807.000000 1317.000000 852.000000
1349.000000 2352.000000 665.000000 2248.000000 582.000000
1320.000000 428.000000 421.000000 521.000000 626.000000
825.000000 1834.000000 601.000000 1683.000000 599.000000
761.000000 112.000000 1242.000000 404.000000 1323.000000
1037.000000 2835.000000 799.000000 2858.000000 653.000000
1198.000000 591.000000 1145.000000 764.000000 1220.000000
1162.000000 905.000000 1035.000000 854.000000 1110.000000
1002.000000 558.000000 665.000000 604.000000 819.000000
764.000000 2251.000000 1961.000000 2230.000000 2015.000000
946.000000 1582.000000 84.000000 1453.000000 131.000000
1122.000000 1751.000000 605.000000 1601.000000 617.000000
1276.000000 2455.000000 740.000000 2367.000000 649.000000
630.000000 532.000000 306.000000 620.000000 514.000000
1102.000000 303.000000 1140.000000 532.000000 1230.000000
1180.000000 294.000000 482.000000 430.000000 694.000000
1255.000000 2741.000000 965.000000 2725.000000 864.000000
170.000000 2235.000000 1292.000000 2109.526855 1279.896240
1376.000000 1463.000000 431.000000 1334.000000 490.000000
913.000000 493.000000 47.000000 578.000000 302.000000
1232.000000 1632.000000 640.000000 1485.000000 667.000000
1178.000000 297.000000 235.000000 436.000000 490.000000
721.000000 320.000000 55.000000 455.000000 338.000000
1029.000000 1483.000000 1550.000000 1345.000000 1563.000000
976.000000 2312.000000 204.000000 2211.000000 86.000000
1362.000000 2037.000000 550.000000 1895.000000 511.000000
1031.000000 2432.000000 851.000000 2336.000000 775.000000
1055.000000 136.000000 1564.000000 375.000000 1587.000000
930.000000 2666.000000 1369.000000 2613.000000 1341.000000
1098.000000 1215.000000 858.000000 1108.000000 925.000000
840.000000 1532.000000 680.000000 1391.000000 720.000000
972.000000 1417.000000 1123.000000 1288.000000 1158.000000
1373.000000 2214.000000 838.000000 2081.000000 791.000000
750.000000 230.000000 1013.000000 377.000000 1134.000000
1543.000000 681.000000 613.000000 696.000000 760.000000
760.000000 980.000000 1444.000000 904.000000 1472.000000
499.000000 2649.000000 1406.000000 2592.333984 1386.475464
1313.000000 2072.000000 682.000000 1929.000000 646.000000
384.000000 2605.000000 578.000000 2550.095459 437.527496
865.000000 241.000000 1509.000000 485.000000 1537.000000
1306.000000 1073.000000 724.000000 994.000000 816.000000
1420.000000 292.000000 499.000000 427.000000 708.000000
221.000000 2644.000000 1665.000000 2563.300293 1682.310913
1314.000000 2619.000000 1151.000000 2560.000000 1092.000000
921.000000 377.000000 1541.000000 585.000000 1563.000000
805.000000 181.000000 572.000000 353.000000 782.000000
854.000000 2513.000000 280.000000 2454.000000 119.000000
1443.000000 1521.000000 199.000000 1393.000000 255.000000
1524.000000 1810.000000 906.000000 1756.000000 904.000000
1532.000000 1384.000000 946.000000 1251.000000 991.000000
1466.000000 2283.000000 288.000000 2176.000000 184.000000
1134.000000 1463.000000 397.000000 1335.000000 457.000000
827.000000 1597.000000 660.000000 1451.000000 692.000000
1387.000000 2224.000000 389.000000 2104.000000 307.000000
1095.000000 1614.000000 1061.000000 1561.000000 1078.000000
1465.000000 370.000000 157.000000 492.000000 415.000000
1289.000000 564.000000 626.000000 608.000000 785.000000
1357.000000 2245.000000 439.000000 2129.000000 356.000000
1246.000000 2897.000000 621.000000 2956.000000 429.000000
180.000000 2820.000000 710.000000 2836.712891 557.116882
504.000000 1219.000000 384.000000 1117.105469 486.250702
1214.000000 1183.000000 1549.000000 1064.000000 1564.000000
1205.000000 1857.000000 539.000000 1703.000000 533.000000
1227.000000 1896.000000 336.000000 1763.000000 316.000000
1023.000000 1503.000000 1533.000000 1384.000000 1546.000000
833.000000 2849.000000 1199.000000 2884.000000 1130.000000
980.000000 257.000000 472.000000 412.000000 694.000000
1326.000000 904.000000 1284.000000 848.000000 1331.000000
1402.000000 1082.000000 171.000000 1014.000000 311.000000
1294.000000 1400.000000 1183.000000 1260.000000 1215.000000
856.000000 288.000000 1607.000000 515.000000 1620.000000
812.000000 2163.000000 1064.000000 2031.000000 1038.000000
1481.000000 2167.000000 739.000000 2031.000000 692.000000
1221.000000 1163.000000 769.000000 1067.000000 848.000000
571.000000 2781.000000 858.000000 2776.298828 729.460266
1581.000000 2690.000000 1742.000000 2623.000000 1773.000000
1511.000000 1865.000000 314.000000 1729.000000 301.000000
1145.000000 1564.000000 243.000000 1431.000000 290.000000
1097.000000 2732.000000 484.000000 2722.000000 303.000000
936.000000 1985.000000 614.000000 1837.000000 589.000000
1484.000000 1786.000000 120.000000 1653.000000 133.000000
1372.000000 2201.000000 168.000000 2086.000000 75.000000
1181.000000 1831.000000 219.000000 1675.000000 216.000000
1424.000000 1441.000000 143.000000 1322.000000 217.000000
787.000000 1410.000000 908.000000 1279.000000 954.000000

0.000000 769.898132 4.790123 2712.822021 140.646866 417.058319 272.478027 2142.763428 -0.272543
6.000000 3069.865234 148.253098 1293.835815 -2.582522 1891.770020 -5.480902 1249.715942 108.398186
5.000000 209.626038 366.329468 1139.923584 421.293884 376.543365 610.051392 1056.804321 531.189758
23.000000 316.638519 980.711121 863.372192 1002.351379 480.012878 1100.270752 826.688416 1083.790649
24.000000 856.716492 1008.764160 313.325439 986.862427 830.014832 1090.326416 483.305359 1106.050171
16.000000 976.276550 380.414764 443.275330 351.052979 924.348816 518.238831 526.738281 567.247620
11.000000 2599.779297 500.761261 3070.388672 526.121338 2552.629150 350.902161 3070.524414 287.626282
40.000000 512.452820 41.469063 942.731628 74.503960 593.216919 295.872009 911.357788 249.269150
13.000000 3069.934326 517.857300 2639.955078 494.150024 3070.174316 278.110962 2603.470947 334.473480
12.000000 3070.267822 499.011536 2650.022217 472.973602 3070.685791 256.062927 2587.502441 310.721008
39.000000 1481.154541 1083.174316 1475.844604 1489.945801 1359.444824 1169.983765 1349.978638 1493.430298
15.000000 1593.342285 1079.683228 1993.399536 1090.993286 1536.597290 1098.664917 1943.377930 1077.526001
46.000000 839.952942 394.182678 446.533997 372.395782 829.880493 549.007141 533.494690 584.674194
122.000000 887.142761 1596.694336 909.786194 1206.654297 828.636475 1610.144287 842.082642 1426.575073
151.000000 386.685822 1630.225342 773.317261 1632.608276 640.200806 1637.147827 803.254028 1642.441772
131.000000 409.842438 729.125244 779.453308 760.391907 535.937073 886.989990 714.919495 873.494751
54.000000 2727.069824 1246.625122 2764.923828 1613.513184 2780.079346 1256.658203 2809.692627 1533.722412
50.000000 1976.589844 1099.140259 1609.966309 1087.751465 1926.703491 1087.444702 1640.047974 1101.012573
34.000000 1452.777100 1496.708862 1455.237793 1140.013184 1324.195068 1500.126221 1334.219727 1166.793579
42.000000 2093.884033 1170.135254 2110.889404 1520.118774 2012.473755 1163.259033 2021.986450 1480.140503
128.000000 1223.340698 1642.066162 873.333069 1640.046875 986.671509 1648.358521 806.682983 1647.824585
18.000000 1512.799316 641.656982 1845.011841 546.008240 1350.084717 702.640747 1684.824707 542.243164
44.000000 2085.258057 1519.770874 2070.297363 1176.508423 1997.686035 1473.389648 1990.136475 1163.248901
20.000000 2207.525879 1153.284424 2226.719971 1490.186890 2094.259033 1139.845703 2107.429443 1503.426392
66.000000 1216.689697 1616.160400 879.995178 1614.141113 1070.020142 1625.537354 819.995117 1624.410278
22.000000 2201.801270 1483.611328 2183.303955 1159.811279 2082.458496 1493.362305 2070.514893 1133.316284
49.000000 958.965332 359.937073 978.425537 39.904259 909.045837 499.920410 932.973877 213.025345
31.000000 3070.037598 1075.111816 2749.982666 1067.388794 3070.143311 962.373413 2733.296631 982.725403
32.000000 2749.971680 1061.190430 3070.028320 1068.811523 2736.639404 976.227905 3070.132080 955.453186
26.000000 2151.010498 1163.457275 2167.899902 1480.112061 2053.936035 1149.978760 2066.068359 1493.472168
279.000000 2403.419922 884.310181 2716.697510 895.826172 2579.902100 795.182556 2696.938721 787.455200
27.000000 1531.605469 1476.687500 1532.925049 1163.345703 1437.047729 1526.751831 1444.920776 1183.369751
33.000000 2141.678955 1473.417603 2126.053955 1166.528198 2038.296997 1483.381470 2028.865967 1149.937744
45.000000 1554.263062 1163.332031 1554.681396 1469.998169 1415.231689 1179.966675 1408.193481 1483.368774
17.000000 870.018311 26.435446 566.736145 2.454742 869.985718 216.575180 490.387054 275.813538
135.000000 546.578918 1798.284302 846.651184 1801.462402 603.288086 1781.419189 776.657776 1786.945068
37.000000 1583.547241 720.661072 1876.250244 656.284058 1453.338867 749.661377 1763.872925 647.958496
138.000000 2233.815430 729.939819 2002.291138 565.418213 1996.712158 604.964111 1841.725586 542.392517
48.000000 1850.136597 640.872009 1582.284546 709.584351 1705.881592 635.837769 1437.683838 750.069336
21.000000 2776.670410 1625.972778 2509.993652 1624.504028 2753.319092 1638.275879 2389.984619 1635.081665
219.000000 816.462708 833.879944 569.413208 734.834839 795.732361 959.723083 683.309998 885.018799
77.000000 2159.237305 900.639771 1973.979980 718.142334 2031.648071 846.384888 1848.708252 698.443176
258.000000 2246.683350 798.865845 2328.640381 1043.775146 2114.945557 757.447327 2171.041748 866.129028
84.000000 416.408813 1256.641235 391.169495 1513.120361 625.218140 1316.532959 604.604797 1539.809692
67.000000 1968.619141 690.128845 2162.540771 859.455078 1777.510010 658.035400 2001.599121 766.473755
226.000000 876.637085 1629.687378 1133.367920 1627.605103 953.243164 1636.720581 1086.659424 1640.272827
55.000000 1673.325806 734.329590 1929.992310 734.172302 1497.858643 793.223389 1761.408447 707.220032
178.000000 2416.652588 296.868347 2166.475586 279.403442 2333.552734 161.425491 2183.015625 184.603989
71.000000 2231.083496 1001.285095 2122.346924 777.338379 2110.482910 964.758484 2000.482300 744.758789
143.000000 760.063110 439.104828 516.296509 421.915985 740.147766 601.477600 576.781372 617.813660
87.000000 365.912231 1493.601440 390.957794 1252.739746 582.702087 1540.264648 604.264832 1320.091187
155.000000 563.481750 738.249756 337.227264 823.863220 675.170959 882.957642 517.814880 916.378418
104.000000 895.948547 1082.003662 828.221802 850.364380 845.965759 1154.701050 805.669189 964.059204
112.000000 243.336502 96.617249 3.040431 81.245369 403.393921 387.070831 216.430939 415.093964
113.000000 1086.791382 534.160522 846.557007 522.202942 1010.175720 641.619934 823.178101 661.901978
78.000000 1973.979980 718.142334 1736.141968 690.118530 1843.271851 696.230286 1608.835693 700.910706
231.000000 2019.295898 584.396118 1784.212036 544.785095 1870.717041 564.862915 1740.919434 546.746094
75.000000 2110.521240 745.633118 2233.419189 947.922791 1982.387695 707.424133 2112.227539 906.370789
98.000000 1443.042480 1266.692139 1441.065186 1503.342285 1320.920166 1303.257324 1314.614258 1503.373657
73.000000 2077.628906 735.975891 1858.226562 647.821472 1940.536377 697.574158 1705.804565 639.935974
38.000000 1772.850342 628.323181 2004.171997 672.250122 1541.304810 658.218262 1865.217285 632.055420
217.000000 1549.002075 703.628113 1769.321533 631.267395 1425.744263 748.567200 1540.764648 674.521179
100.000000 2.858385 117.352287 233.618057 132.259064 199.079605 447.296722 394.477539 417.504578
103.000000 707.967407 106.353004 694.489136 336.929077 741.830383 306.948273 748.593872 503.152008
96.000000 233.368225 112.846977 3.118291 96.331306 396.841919 401.149719 196.417908 431.701447
173.000000 3.172413 89.199837 233.302490 103.818886 243.441925 417.408173 396.423004 395.002991
119.000000 1379.981201 774.292725 1149.938965 769.773315 1240.462891 831.662842 1056.852783 848.675659
127.000000 1013.256287 211.061203 1239.937988 227.520294 963.267639 359.497803 1143.240967 335.960510
64.000000 2523.351074 789.588928 2746.702637 799.162476 2446.414551 693.798035 2696.824463 671.795288
82.000000 2013.109009 540.009277 2003.854858 316.783234 1867.833496 503.335419 1867.616455 276.662567
59.000000 463.336700 1807.561401 239.993973 1808.403809 616.702148 1788.486572 350.025909 1782.229126
99.000000 1690.424683 787.162292 1910.410645 791.253113 1643.436157 784.802795 1843.489746 788.760864
185.000000 700.841736 728.971313 483.748627 716.247681 696.110229 859.033752 546.178040 869.963440
83.000000 1736.141968 690.118530 1549.619995 800.368347 1608.835693 700.910706 1427.434082 836.562439
79.000000 2853.616943 839.658386 3070.167969 843.270691 2846.427246 724.311890 3068.130615 660.201904
245.000000 469.848419 1108.079468 682.906738 1091.262085 673.236328 1196.157349 796.540039 1172.668701
76.000000 2209.930176 597.947998 2420.214600 609.387756 2083.357422 533.580566 2319.406738 510.578583
61.000000 2729.882080 860.342041 2519.884277 853.604553 2699.811523 744.429443 2443.281738 766.053650
140.000000 1206.671753 1346.377563 996.619568 1342.665527 1089.995239 1376.473999 923.348022 1380.593750
203.000000 2019.166748 792.559937 2138.952881 962.710449 1951.743042 803.275452 2031.344849 922.434937
208.000000 2627.713379 253.231750 2647.768799 459.893036 2616.105469 133.065903 2629.671631 273.686584
115.000000 2689.999023 1650.102051 2483.320068 1647.903809 2543.318604 1664.274902 2356.645264 1661.367310
223.000000 2406.512207 171.327591 2609.953369 178.074326 2323.169434 22.094044 2456.377930 4.483444
177.000000 1230.084473 278.068939 1026.848755 269.172943 1116.674927 386.718781 966.244568 410.683716
133.000000 204.364151 918.211060 340.998260 767.877747 360.496948 1062.387573 460.100006 918.778870
142.000000 1899.441895 788.091064 2054.456543 918.016235 1838.313354 792.622437 1968.343140 893.545410
134.000000 1286.697998 596.052368 1486.688354 606.242126 1173.303955 673.048035 1346.518311 655.225281
164.000000 1036.660278 1068.142334 1233.337646 1068.997803 960.075989 1130.991455 1116.589966 1118.999023
253.000000 1356.670288 389.913940 1163.258911 381.766144 1239.671387 467.815369 1117.105469 486.250702
105.000000 1984.205566 588.282227 2146.742432 692.853577 1837.573120 564.632385 2014.715942 643.563782
88.000000 2379.997314 300.047729 2569.945801 310.944061 2306.505371 172.231628 2523.404541 140.487152
132.000000 3.405141 48.755695 190.027390 59.525505 227.306213 387.544373 403.453644 360.792145
62.000000 2796.579346 755.541748 2609.940674 748.171448 2813.445068 607.802246 2559.940918 632.732056
235.000000 874.998718 823.174561 725.510498 713.693848 828.272156 919.479980 720.743652 845.584534
89.000000 3.094553 491.116211 186.614899 500.964630 132.141541 750.591736 346.677094 723.415588
187.000000 1233.344482 1112.774780 1050.017334 1109.128174 1116.646240 1159.567505 966.666748 1166.668701
233.000000 948.922607 996.065918 875.317322 829.125244 829.500732 945.681274 872.432861 1069.154053
169.000000 1203.290283 130.638550 1383.370117 142.788193 1116.536987 252.475494 1270.385742 229.218201
107.000000 2233.121826 1286.679321 2222.384033 1106.524536 2110.459229 1269.979126 2101.656982 1076.591187
194.000000 551.373962 93.234215 542.266296 273.279358 640.861206 340.885620 628.958862 486.853577
299.000000 659.963013 1161.359253 479.914948 1156.458374 813.331238 1229.953979 699.929077 1235.105225
171.000000 1879.038940 884.787720 2000.166260 1017.379395 1748.061890 861.703918 1891.366699 919.971985
248.000000 2339.290771 981.179016 2278.757324 813.782715 2199.796387 902.174194 2156.571289 785.467407
53.000000 2483.311035 1630.635254 2660.227783 1636.868286 2356.683594 1642.539185 2639.959717 1648.557251
182.000000 1380.013916 189.769745 1203.388916 179.081650 1266.787964 274.146118 1116.650757 296.559998
230.000000 3.397982 175.459290 179.915527 184.910919 262.947968 484.057281 393.063782 464.841431
121.000000 2800.264404 1446.635376 2820.733643 1619.913330 2827.076660 1320.301880 2845.984619 1503.403809
154.000000 1934.841309 836.881165 1767.942871 797.872925 1894.383667 846.825500 1740.274536 795.836975
197.000000 463.333374 1316.331665 446.218475 1486.621582 670.517944 1373.072998 657.237610 1516.719482
85.000000 2176.564453 1476.833618 2168.288574 1306.587769 2117.640381 1503.418945 2109.526855 1279.896240
290.000000 2500.049316 542.206848 2670.015137 549.654236 2533.187012 405.447571 2646.883789 391.809296
159.000000 3066.940674 827.351562 2896.891846 822.348145 3069.859619 649.391357 2915.508789 684.977966
193.000000 1423.350220 1614.638672 1253.335571 1616.835449 1246.611084 1623.839844 1100.001099 1626.724854
202.000000 1420.000488 1643.259399 1249.985596 1642.075439 1240.018677 1651.992188 1096.666748 1649.994995
242.000000 1143.455566 477.337646 1313.250488 485.136139 1020.148376 587.796692 1146.388916 571.218140
200.000000 1206.523560 702.239685 1373.572998 712.916687 1103.415405 781.334717 1246.616821 772.522888
225.000000 1176.672485 586.555542 1009.937073 577.876038 1083.173218 678.314697 949.777161 690.988037
236.000000 2989.998535 1789.198853 2823.332520 1789.509033 2953.353027 1835.887573 2823.352295 1832.583618
29.000000 2467.432617 1601.850586 2320.393066 1525.905640 2385.639160 1638.839233 2075.470947 1492.146729
195.000000 2132.576904 674.461304 2240.005371 799.995300 2011.405762 642.316223 2110.140381 749.871216
124.000000 2158.108398 870.691101 2208.396973 1025.016602 2001.557495 777.377380 2088.192383 938.940369
181.000000 1839.752686 748.389771 1679.939575 772.939880 1716.688477 746.551941 1570.523926 791.689514
238.000000 450.618286 680.523193 303.268158 745.643433 536.357422 842.885864 429.870911 916.479919
249.000000 966.412231 336.781464 1126.524292 348.596497 919.659546 480.044342 1043.392212 467.235382
289.000000 2691.990967 1046.729736 2752.583008 898.332581 2663.035156 965.554565 2696.689941 855.653015
126.000000 1713.857788 873.433472 1873.586060 881.894897 1578.733398 937.134521 1742.528687 858.091675
224.000000 117.257828 1102.162109 275.142334 1122.882568 303.553467 1213.748535 437.382507 1223.843628
204.000000 823.344604 1833.242432 980.020569 1833.759521 770.062866 1817.051392 913.331116 1820.104614
137.000000 1680.571411 556.954773 1538.829590 618.328674 1524.219238 579.350647 1381.516113 667.042786
213.000000 1436.614014 490.969330 1590.038086 499.297516 1309.811890 551.640320 1446.640991 536.435486
282.000000 1140.018555 969.372681 986.720215 964.851074 1040.045654 1034.081665 923.203613 1041.205444
150.000000 2469.799072 1613.649170 2316.600830 1616.829468 2333.041016 1623.739624 2169.859131 1628.710815
259.000000 2051.700684 923.769409 2101.370605 1067.217041 1964.574707 897.520630 2010.420166 1009.828491
278.000000 2436.593506 491.255035 2586.860596 500.004852 2423.344727 366.751984 2539.739990 351.366669
123.000000 2619.973145 1234.237793 2470.006348 1229.784058 2559.960449 1188.873901 2376.618896 1195.300659
152.000000 2269.082031 744.206787 2164.679688 638.702454 2151.333496 688.455933 2027.927734 581.873230
222.000000 190.414963 506.719025 208.888046 360.280212 359.219269 743.648193 376.543365 610.051392
110.000000 2566.568604 615.356445 2710.049316 622.319397 2506.861328 488.438843 2696.766113 467.572144
120.000000 2533.306885 784.103027 2390.028076 779.180664 2466.574707 685.696289 2283.305908 703.044800
80.000000 1456.536255 948.506592 1513.206055 817.070740 1326.284912 1064.644287 1389.677124 843.704834
117.000000 1744.256226 805.077820 1618.808105 871.446533 1690.406128 798.334534 1530.562256 891.934326
175.000000 1842.056274 568.607544 1980.552490 593.605896 1680.024902 565.329041 1833.429077 568.181458
241.000000 1570.010742 556.519897 1430.027222 546.294617 1430.110474 594.602051 1303.244629 605.647583
114.000000 860.177673 186.680832 849.028931 326.589294 866.290833 300.080231 861.222961 486.880707
239.000000 1419.891479 238.783630 1560.036011 245.965042 1299.588989 314.066864 1426.766235 293.962952
163.000000 2841.716309 460.202087 2824.541260 322.765839 2920.798828 240.835510 2902.666504 83.008430
101.000000 1266.661011 1203.523804 1130.015137 1199.489014 1230.052002 1238.169434 1033.274780 1244.972534
246.000000 2031.769775 597.221741 2145.618896 669.745605 1881.158081 564.203857 1994.507568 617.502686
211.000000 2006.463257 136.488449 1873.253662 127.901962 1873.567993 88.122322 1736.695923 110.181236
156.000000 1066.709595 761.982117 933.299133 757.742676 986.785889 851.316284 826.590759 865.828430
111.000000 2609.990967 1663.893066 2743.343506 1666.036499 2563.300293 1682.310913 2753.309326 1685.021729
221.000000 356.786682 786.786987 263.346008 880.004700 518.603943 922.006042 425.940247 1019.473694
165.000000 2573.460938 365.406189 2442.775635 352.173737 2529.770020 201.207886 2373.846436 218.075623
94.000000 2791.828613 883.640564 2722.688232 994.178223 2872.189697 705.128845 2720.171631 849.843811
162.000000 2400.077881 388.804169 2530.177734 397.270569 2313.496826 267.949158 2470.166992 247.976349
216.000000 1210.025024 929.276306 1080.065430 924.776550 936.790100 1008.688232 1073.354614 1000.349304
63.000000 2876.674805 1212.576294 2746.654053 1211.168701 3070.083984 1138.666992 2816.637939 1149.317383
196.000000 2116.718750 435.755310 2243.352051 443.006927 1983.181396 378.796844 2126.750488 360.664093
90.000000 2596.625977 708.650818 2719.976074 711.174255 2623.228516 578.977539 2836.712891 557.116882
257.000000 1512.865845 596.778931 1418.036255 675.654175 1373.044556 642.979614 1287.321777 730.570007
129.000000 2178.389404 1015.957825 2141.825684 900.640625 2066.278564 1031.949463 2027.598755 856.461243
174.000000 2709.281738 453.410889 2696.316895 333.371124 2740.521240 266.610504 2723.997314 113.261787
265.000000 2002.540283 681.152344 2101.536377 749.278015 1866.258667 654.076538 1972.127686 712.196167
240.000000 2240.083984 474.416992 2120.002686 469.928497 2123.601562 395.302032 1996.568604 412.613373
149.000000 2483.346680 1664.418823 2603.328369 1662.932251 2346.655518 1679.376953 2509.999756 1680.048584
184.000000 2449.886475 487.954712 2333.244629 477.671814 2370.107422 367.868988 2220.114746 381.283142
207.000000 2286.668213 233.312195 2403.466309 241.415344 2180.098633 124.025337 2320.104736 104.068039
