Keypoint Matches and Line Matches for pairs 19, 22 
19 corresponds to the image ./resources/Data/HerzP25/images/0019.png 
22 corresponds to the image ./resources/Data/HerzP25/images/0022.png 

12.000000 146.763611 32.744793 358.308533 311.023682
3.000000 1043.331787 1869.756592 653.441528 1878.583130
17.000000 129.936203 9.082350 344.694885 303.266968
18.000000 93.287590 428.880493 323.728424 654.709534
19.000000 1009.976196 447.820099 850.076111 503.598541
40.000000 153.426666 0.061104 339.899323 293.077881
41.000000 856.663269 20.118782 746.463989 132.819214
70.000000 1506.786011 1665.083496 1373.176147 1673.171997
176.000000 2536.629395 472.491577 2340.117188 67.079735
198.000000 733.332336 1046.722534 659.917603 1109.338135
199.000000 203.318588 1037.515137 446.979065 1135.843140
92.000000 846.509705 413.122833 737.254517 505.302216
93.000000 316.645935 404.626678 430.103149 597.012085
178.000000 206.643921 1031.381470 436.792908 1131.000366
179.000000 733.332397 1040.056030 659.937744 1102.839966
104.000000 773.347107 66.198647 696.856445 200.499237
105.000000 256.636871 51.013683 413.862793 308.059692
175.000000 323.293182 425.551941 437.029846 614.570984
120.000000 393.009460 97.332275 489.136322 317.619751
524.000000 2579.988037 464.093872 2400.769775 35.956573
1351.000000 1320.515381 1110.009155 1053.000000 1104.000000
64.000000 1493.358765 1102.717407 1359.825073 1071.926514
65.000000 1913.341309 1105.419434 1716.367676 1027.595337
908.000000 1785.513550 553.811646 1488.000000 436.000000
1429.000000 1373.151001 1543.331421 1157.000000 1552.000000
79.000000 1377.007812 1170.003540 1173.420898 1163.335938
62.000000 1324.693970 1530.068970 1092.219604 1523.411621
63.000000 1330.083374 1163.383545 1105.039185 1159.942627
25.000000 2703.331299 1062.238770 2564.047852 848.393433
27.000000 3070.000244 1055.986572 3070.322021 768.905945
69.000000 1401.724243 1510.040161 1121.632690 1516.719360
555.000000 726.667480 1682.683472 626.658020 1687.089233
51.000000 2142.191650 1516.929321 1793.026123 1523.337036
38.000000 2116.132812 1513.174194 1829.209839 1530.014038
39.000000 2096.809814 1173.135742 1821.421631 1089.915894
256.000000 1069.999634 1656.478516 820.015686 1665.538818
257.000000 733.328430 1657.033936 643.336792 1663.085571
78.000000 1420.064697 1510.014648 1163.026001 1510.090698
55.000000 1421.461304 1186.672974 1239.704346 1173.325073
45.000000 2040.904663 1183.117798 1796.519043 1103.287842
56.000000 1446.219360 1189.992554 1267.059570 1173.258545
83.000000 1445.605713 1503.331299 1191.194702 1509.941895
23.000000 2433.333008 1654.679688 2089.934082 1690.072510
234.000000 1893.357422 1114.671265 1756.763672 1030.702271
249.000000 1599.986328 1111.133057 1383.012695 1077.342285
546.000000 413.338470 1845.531128 493.193481 1818.447998
547.000000 699.999268 1846.825317 609.925781 1827.612061
5.000000 1119.997681 1828.141357 753.459167 1841.364380
1511.000000 2153.322510 1854.844849 1605.000000 1934.000000
180.000000 273.749298 1563.379883 581.365051 1563.707886
185.000000 303.983887 1293.406128 630.999329 1336.494629
478.000000 1449.797119 736.817993 1176.471924 708.136658
189.000000 1777.325073 724.972778 1461.233032 631.424683
10.000000 2223.334717 1784.893311 1883.548828 1859.224854
152.000000 1912.068970 580.390198 1583.724487 422.591736
153.000000 1650.365479 547.124451 1339.605591 457.219452
173.000000 2027.952881 776.039673 1717.775146 622.065735
190.000000 328.674103 1306.526978 618.909241 1343.005981
191.000000 301.979706 1559.857422 602.817932 1560.455200
143.000000 1359.997070 450.396881 1106.223999 425.231995
139.000000 1594.456909 794.475769 1389.398682 733.098450
170.000000 1624.442749 699.643494 1356.908569 626.899536
88.000000 1425.397705 719.746460 1182.665527 661.276978
1246.000000 1656.015747 638.159973 1372.000000 554.000000
172.000000 2144.893799 950.253357 1836.285400 822.335571
567.000000 590.011597 475.644196 577.826904 614.269104
211.000000 1863.790527 693.971985 1575.376831 566.762634
340.000000 579.564758 380.255035 620.914124 527.247375
333.000000 1246.726807 795.751648 996.108826 810.474487
334.000000 1016.682312 798.159363 846.598328 839.649780
566.000000 2676.651123 845.159973 2517.055908 552.036865
91.000000 2449.972412 843.226196 2206.589111 606.274170
112.000000 2116.720459 587.501343 1812.959717 371.854004
113.000000 2343.353760 592.389526 2080.254395 304.340363
130.000000 1907.171387 533.314026 1592.480469 366.709717
131.000000 1898.515869 306.850800 1597.107788 100.065506
171.000000 1433.106323 817.572876 1193.384277 796.715759
195.000000 2560.016846 877.453430 2360.876221 620.545105
86.000000 2403.370361 1661.652710 2089.994141 1700.273926
221.000000 225.695236 809.841980 376.379730 956.807556
415.000000 1070.000854 1380.894531 866.674377 1400.132690
416.000000 853.334412 1381.109863 730.080200 1408.049927
644.000000 271.947937 360.258972 444.000000 560.000000
43.000000 2773.527100 876.542603 2657.343506 558.450073
60.000000 745.404419 1630.136841 651.663574 1650.123291
298.000000 733.013794 366.789917 716.828552 480.373657
102.000000 2453.330566 777.002747 2209.128174 515.895813
103.000000 2663.343750 778.755981 2507.213867 452.576019
127.000000 93.334724 1856.768921 300.074219 1815.521606
373.000000 1103.344116 300.742126 920.032532 336.759003
374.000000 896.681030 299.880981 781.753052 385.518433
97.000000 2849.768066 802.060303 2770.342773 432.815582
288.000000 1526.053345 543.255432 1230.834351 469.814209
322.000000 2049.992432 688.951172 1736.653687 513.363464
110.000000 2853.577393 822.713989 2793.674316 461.991852
540.000000 1096.672363 1143.556152 893.485474 1168.045898
487.000000 1056.634277 727.650513 886.957458 764.877258
488.000000 1243.427856 733.793945 1009.703491 741.759155
46.000000 2789.996582 1802.299438 2656.457275 1907.519653
80.000000 2822.508057 815.301697 2755.770508 446.374115
81.000000 2687.911133 940.853943 2521.010742 691.533508
399.000000 1256.686279 205.404312 1036.163696 198.595642
400.000000 1073.345459 202.552719 906.129456 245.166641
431.000000 1076.653564 153.920944 910.058960 196.828018
432.000000 1259.970459 157.993759 1036.849731 150.500885
95.000000 2546.660400 730.736755 2343.289795 423.145325
118.000000 2768.431396 884.185242 2659.638916 578.034180
236.000000 343.346527 512.897278 448.131927 686.485901
74.000000 2673.441162 930.116150 2493.896240 677.838196
556.000000 1283.315430 1652.625244 973.351501 1669.290527
557.000000 1106.677246 1657.086792 856.676086 1666.298828
324.000000 570.011963 1205.258301 610.444641 1263.445923
255.000000 1686.108887 874.665771 1514.299438 800.154541
212.000000 1279.462891 1552.226562 986.473572 1559.710205
135.000000 1391.831665 833.490967 1150.695068 810.578369
327.000000 2392.987549 1643.411499 2036.369507 1676.296753
328.000000 2226.871338 1649.202026 1883.161987 1680.687012
1562.000000 583.953125 543.073547 571.000000 680.000000
122.000000 2703.369629 553.576721 2575.751953 113.274078
451.000000 2539.980469 551.660706 2339.796143 182.601151
1229.000000 973.324036 680.927185 808.000000 738.000000
414.000000 114.247162 1645.903320 325.221466 1663.209473
239.000000 2784.580566 1829.871582 2660.011475 1949.796387
182.000000 2559.985840 1241.287476 2333.431396 1127.811401
183.000000 2400.005371 1239.521729 2113.333984 1146.674438
237.000000 326.209442 728.588989 430.278931 873.719238
491.000000 1309.997192 506.827759 1069.428955 494.577972
492.000000 1466.674072 509.577271 1189.561768 461.730499
168.000000 2499.998291 593.522278 2283.120605 249.188110
169.000000 2656.682373 594.963013 2513.048096 188.912094
509.000000 2466.665039 770.382202 2236.500977 502.590637
427.000000 2310.001221 769.704468 2060.423828 548.605774
293.000000 2563.331055 1680.402832 2280.030029 1728.989258
253.000000 268.417328 1536.853027 442.962555 1573.596436
460.000000 3.489928 1155.375122 263.395599 1255.146118
461.000000 154.901489 1173.732788 393.586792 1260.476807
355.000000 1570.355225 788.344604 1344.045654 734.472046
106.000000 1183.550171 1012.666809 976.230042 1050.450317
574.000000 1844.450195 847.143921 1563.910767 721.882141
260.000000 1697.254150 810.923157 1453.146729 732.857971
149.000000 716.617126 559.294067 663.658752 664.546814
1515.000000 1916.422852 1031.333740 1779.000000 925.000000
525.000000 1293.300415 252.916794 1063.399414 236.851990
526.000000 1439.985962 254.572891 1176.593262 196.461075
580.000000 1641.044922 818.543945 1448.308838 745.103943
261.000000 1512.886719 889.875305 1324.743408 851.525757
433.000000 1963.074341 834.683350 1650.076782 719.922791
337.000000 2249.221436 979.147949 1928.046753 828.678223
338.000000 2204.530518 845.155640 1886.998657 682.305420
1305.000000 1489.211792 1353.430298 1357.000000 1345.000000
319.000000 2016.652222 424.152802 1712.405396 203.633560
320.000000 2153.335205 426.556213 1860.506958 158.323746
493.000000 74.145729 566.781311 309.295197 783.597534
494.000000 92.985542 433.284241 321.733063 659.839172
1454.000000 1400.082764 1891.309692 897.000000 1927.000000
1215.000000 1050.009521 1593.628052 842.000000 1617.000000
389.000000 2153.336914 459.126709 1859.919678 199.741348
390.000000 2019.992310 458.593384 1726.037964 241.308243
126.000000 610.000549 1853.877075 566.701233 1832.800171
425.000000 933.335449 792.524536 792.946289 848.174316
392.000000 1299.890991 1551.940674 1029.999878 1554.508545
283.000000 2376.605225 464.699921 2133.788574 121.724937
284.000000 2246.717773 458.861176 1972.693481 164.242111
157.000000 1918.172119 597.342529 1592.622681 444.111450
533.000000 1925.401611 593.080017 1601.406738 436.662079
534.000000 2037.860596 657.929504 1711.517456 483.066071
505.000000 1692.852539 879.350769 1520.145874 802.174133
148.000000 1096.635254 564.715393 906.511475 599.421326
275.000000 2439.998047 1754.109985 2126.687256 1822.935791
276.000000 2566.663818 1754.437622 2293.426270 1831.530273
426.000000 723.554626 799.357178 659.937439 876.371643
1375.000000 1746.854736 1053.330322 1549.000000 983.000000
405.000000 1902.199951 681.748535 1603.378174 542.700928
1032.000000 929.875916 1876.355103 741.000000 1862.000000
329.000000 2156.860107 462.451630 1859.176147 203.568405
330.000000 2276.760498 467.955109 2006.919434 164.283905
1368.000000 1153.317383 848.128418 942.000000 866.000000
301.000000 2641.019287 1048.278076 2456.640869 842.337280
302.000000 2675.755615 934.356079 2502.206055 688.677307
550.000000 1169.155640 1419.834717 933.328857 1433.333130
551.000000 1164.520874 1536.977417 926.447510 1550.183350
317.000000 2450.098633 396.979980 2226.160645 1.634798
318.000000 2333.338867 393.166260 2076.533936 46.220890
304.000000 1887.381714 569.969177 1561.124390 416.717072
208.000000 2523.363770 1637.663696 2260.042236 1669.680420
209.000000 2406.664795 1637.039062 2059.953369 1667.364990
407.000000 1636.667480 164.764130 1367.857910 19.897879
1268.000000 1870.674438 546.661133 1547.000000 398.000000
381.000000 1869.718628 430.002319 1545.538452 253.237000
528.000000 233.670258 1703.375732 501.900452 1683.372803
1573.000000 868.267273 1419.684326 732.000000 1440.000000
711.000000 383.000000 1997.000000 251.000000 2012.000000
794.000000 2523.000000 858.000000 2302.000000 607.000000
1156.000000 632.000000 661.000000 606.000000 771.000000
1029.000000 84.000000 379.000000 325.000000 610.000000
1047.000000 542.000000 362.000000 583.000000 516.000000
722.000000 102.000000 490.000000 325.000000 703.000000
606.000000 391.000000 370.000000 488.000000 552.000000
445.000000 559.000000 374.000000 604.856628 513.517578
1325.000000 2007.000000 705.000000 1689.000000 547.000000
1129.000000 676.000000 364.000000 629.000000 516.000000
1193.000000 2569.000000 1128.000000 2354.000000 966.000000
1507.000000 206.000000 1588.000000 525.000000 1586.000000
1105.000000 2782.000000 701.000000 2788.000000 350.000000
1255.000000 2548.000000 1294.000000 2311.000000 1202.000000
1311.000000 2275.000000 1473.000000 1942.000000 1458.000000
785.000000 1697.000000 240.000000 1416.000000 95.000000
1357.000000 1698.000000 584.000000 1390.000000 484.000000
1203.000000 2155.000000 1422.000000 1843.000000 1396.000000
700.000000 596.000000 336.000000 643.000000 478.000000
1471.000000 2588.000000 1366.000000 2364.000000 1297.000000
162.000000 814.000000 393.000000 734.013306 496.471100
1152.000000 572.000000 744.000000 568.000000 845.000000
1374.000000 1704.000000 390.000000 1399.000000 266.000000
652.000000 624.000000 336.000000 645.000000 512.000000
1530.000000 1291.000000 908.000000 1042.000000 910.000000
1135.000000 630.000000 677.000000 605.000000 785.000000
1148.000000 212.000000 356.000000 382.000000 574.000000
593.000000 1082.000000 1662.000000 846.972412 1680.008667
957.000000 2826.000000 745.000000 2745.000000 348.000000
756.000000 1795.000000 1088.000000 1638.000000 1019.000000
863.000000 2150.000000 1333.000000 1840.000000 1287.000000
1262.000000 361.000000 359.000000 541.000000 544.000000
346.000000 115.000000 1028.000000 341.875336 1139.396606
996.000000 175.000000 1489.000000 509.000000 1505.000000
649.000000 593.000000 530.000000 578.000000 660.000000
865.000000 1758.000000 1074.000000 1601.000000 1008.000000
1162.000000 849.000000 68.000000 755.000000 178.000000
1564.000000 2853.000000 1201.000000 2854.000000 1021.000000
1578.000000 1123.000000 1058.000000 925.000000 1080.000000
1458.000000 1765.000000 608.000000 1452.000000 495.000000
975.000000 332.000000 1149.000000 495.000000 1224.000000
1101.000000 1630.000000 284.000000 1370.000000 160.000000
312.000000 2788.000000 749.000000 2703.269531 369.618958
1265.000000 133.000000 519.000000 339.000000 722.000000
1022.000000 198.000000 1297.000000 522.000000 1345.000000
1273.000000 565.000000 202.000000 590.000000 369.000000
1147.000000 1326.000000 827.000000 1070.000000 823.000000
1331.000000 540.000000 718.000000 551.000000 834.000000
1006.000000 785.000000 1851.000000 660.000000 1840.000000
1227.000000 193.000000 341.000000 372.000000 564.000000
986.000000 2580.000000 1084.000000 2367.000000 906.000000
736.000000 1284.000000 1261.000000 1033.000000 1269.000000
1499.000000 2094.000000 321.000000 1800.000000 48.000000
873.000000 2616.000000 504.000000 2455.000000 77.000000
1040.000000 327.000000 1589.000000 619.000000 1587.000000
1060.000000 1518.000000 1084.000000 1381.000000 1048.000000
928.000000 806.000000 1103.000000 692.000000 1154.000000
946.000000 1607.000000 597.000000 1309.000000 521.000000
1537.000000 2414.000000 1312.000000 2131.000000 1240.000000
881.000000 428.000000 711.000000 449.000000 853.000000
814.000000 1511.000000 651.000000 1225.000000 603.000000
747.000000 1274.000000 995.000000 1026.000000 1001.000000
1194.000000 2871.000000 1201.000000 2817.000000 1024.000000
545.000000 2682.000000 1045.000000 2516.460205 825.680603
750.000000 2647.000000 1593.000000 2432.000000 1611.000000
1551.000000 1551.000000 635.000000 1260.000000 576.000000
696.000000 114.000000 521.000000 330.000000 726.000000
790.000000 1662.000000 1296.000000 1508.000000 1267.000000
1460.000000 1600.000000 1897.000000 1047.000000 1942.000000
1176.000000 1407.000000 724.000000 1137.000000 702.000000
1279.000000 2133.000000 1069.000000 1835.000000 962.000000
798.000000 1808.000000 614.000000 1492.000000 491.000000
1512.000000 1724.000000 391.000000 1416.000000 260.000000
1582.000000 1668.000000 1073.000000 1515.000000 1019.000000
1191.000000 1721.000000 605.000000 1411.000000 502.000000
481.000000 1318.000000 945.000000 1075.083618 941.448486
737.000000 2797.000000 777.000000 2703.000000 404.000000
1139.000000 168.000000 1555.000000 492.000000 1590.000000
980.000000 1744.000000 540.000000 1426.000000 424.000000
1102.000000 1708.000000 405.000000 1399.000000 278.000000
495.000000 200.000000 1694.000000 508.098938 1686.769897
305.000000 127.000000 1121.000000 338.840973 1219.712280
1233.000000 2830.000000 765.000000 2749.000000 377.000000
754.000000 1501.000000 529.000000 1220.000000 474.000000
1560.000000 1630.000000 308.000000 1354.000000 193.000000
780.000000 1344.000000 759.000000 1086.000000 749.000000
1518.000000 1635.000000 612.000000 1334.000000 532.000000
1389.000000 1448.000000 1142.000000 1253.000000 1126.000000
953.000000 735.000000 1130.000000 651.000000 1185.000000
1042.000000 948.000000 1984.000000 506.000000 2026.000000
956.000000 1136.000000 1795.000000 756.000000 1818.000000
1030.000000 62.000000 634.000000 304.000000 815.000000
753.000000 447.000000 586.000000 506.000000 733.000000
1386.000000 1992.000000 354.000000 1688.000000 127.000000
1026.000000 1273.000000 1038.000000 1024.000000 1046.000000
943.000000 1264.000000 1392.000000 1008.000000 1404.000000
1466.000000 1993.000000 385.000000 1688.000000 164.000000
1290.000000 1893.000000 640.000000 1574.000000 499.000000
1027.000000 1677.000000 606.000000 1372.000000 515.000000
1063.000000 714.000000 390.000000 711.000000 496.000000
563.000000 1511.000000 396.000000 1237.758423 310.030823
1277.000000 1154.000000 885.000000 889.000000 918.000000
1405.000000 1521.000000 625.000000 1234.000000 572.000000
1549.000000 1942.000000 1551.000000 1752.000000 1548.000000
1200.000000 1239.000000 922.000000 1000.000000 931.000000
1476.000000 50.000000 1013.000000 281.000000 1137.000000
1208.000000 194.000000 1654.000000 530.000000 1642.000000
867.000000 2285.000000 699.000000 2004.000000 462.000000
1141.000000 375.000000 103.000000 481.000000 324.000000
1023.000000 2695.000000 1187.000000 2538.000000 1020.000000
385.000000 2695.000000 1044.000000 2541.437988 823.338806
1205.000000 200.000000 1609.000000 523.000000 1604.000000
1425.000000 2111.000000 546.000000 1996.000000 224.000000
877.000000 154.000000 1192.000000 395.000000 1271.000000
1468.000000 2186.000000 323.000000 1903.000000 15.000000
774.000000 1094.000000 1219.000000 888.000000 1242.000000
1168.000000 1289.000000 1126.000000 1040.000000 1134.000000
1345.000000 1596.000000 315.000000 1300.000000 220.000000
838.000000 2859.000000 641.000000 2812.000000 171.000000
1365.000000 1295.000000 888.000000 1052.000000 891.000000
529.000000 1714.000000 939.000000 1531.081909 873.288513
1179.000000 1240.000000 1415.000000 988.000000 1428.000000
568.000000 358.000000 477.000000 466.956757 644.400696
1150.000000 135.000000 1043.000000 342.000000 1152.000000
1238.000000 1159.000000 925.000000 983.000000 941.000000
1516.000000 1922.000000 456.000000 1612.000000 273.000000
912.000000 2157.000000 423.000000 1866.000000 152.000000
683.000000 1737.000000 1074.000000 1581.000000 1010.000000
1039.000000 865.000000 1102.000000 729.000000 1149.000000
1276.000000 1408.000000 695.000000 1138.000000 671.000000
773.000000 740.000000 1295.000000 661.000000 1330.000000
1284.000000 2611.000000 1383.000000 2394.000000 1318.000000
1416.000000 470.000000 698.000000 534.000000 822.000000
1090.000000 1273.000000 975.000000 1032.000000 982.000000
129.000000 2262.000000 1746.000000 1819.909302 1795.989990
1531.000000 2639.000000 1116.000000 2433.000000 942.000000
800.000000 1149.000000 480.000000 949.000000 504.000000
993.000000 1400.000000 376.000000 1143.000000 336.000000
1218.000000 2761.000000 567.000000 2671.000000 104.000000
963.000000 1289.000000 1150.000000 1052.000000 1158.000000
1309.000000 1474.000000 673.000000 1193.000000 633.000000
289.000000 256.000000 1538.000000 515.172546 1543.601807
1316.000000 2592.000000 1185.000000 2376.000000 1045.000000
220.000000 68.000000 1016.000000 294.883972 1134.317871
763.000000 116.000000 767.000000 327.000000 927.000000
941.000000 796.000000 1364.000000 690.000000 1395.000000
1504.000000 168.000000 1403.000000 506.000000 1434.000000
1223.000000 205.000000 119.000000 413.000000 374.000000
1367.000000 2707.000000 1201.000000 2632.000000 1032.000000
685.000000 1384.000000 1569.000000 1157.000000 1576.000000
1363.000000 1456.000000 1355.000000 1298.000000 1345.000000
805.000000 1096.000000 75.000000 923.000000 114.000000
402.000000 1290.000000 1062.000000 1075.451660 1056.014648
623.000000 923.000000 1575.000000 764.000000 1589.000000
1493.000000 1779.000000 355.000000 1489.000000 200.000000
870.000000 765.000000 1029.000000 688.000000 1088.000000
795.000000 1777.000000 1074.000000 1621.000000 1005.000000
937.000000 1564.000000 609.000000 1271.000000 545.000000
1473.000000 1932.000000 658.000000 1613.000000 509.000000
1093.000000 171.000000 1528.000000 507.000000 1538.000000
892.000000 1038.000000 1000.000000 856.000000 1034.000000
789.000000 2070.000000 1073.000000 1803.000000 972.000000
424.000000 2356.000000 843.000000 2080.103760 637.173584
1008.000000 1725.000000 319.000000 1425.000000 177.000000
641.000000 1592.000000 621.000000 1295.000000 552.000000
989.000000 214.000000 692.000000 378.000000 855.000000
1400.000000 2109.000000 1641.000000 1791.000000 1664.000000
1201.000000 1221.000000 427.000000 1002.000000 434.000000
1077.000000 15.000000 1115.000000 259.000000 1223.000000
345.000000 220.000000 870.000000 399.422333 1000.335449
1083.000000 1269.000000 1105.000000 1026.000000 1114.000000
769.000000 1212.000000 1188.000000 974.000000 1202.000000
1362.000000 254.000000 217.000000 415.000000 447.000000
1110.000000 1589.000000 541.000000 1286.000000 468.000000
1355.000000 800.000000 1292.000000 645.000000 1332.000000
1123.000000 1302.000000 502.000000 1112.000000 420.000000
1224.000000 1307.000000 865.000000 1055.000000 865.000000
1272.000000 865.000000 1113.000000 738.000000 1158.000000
1323.000000 2026.000000 566.000000 1715.000000 374.000000
809.000000 363.000000 593.000000 473.000000 756.000000
1078.000000 2675.000000 745.000000 2527.000000 400.000000
766.000000 166.000000 596.000000 355.000000 782.000000
1170.000000 2444.000000 1588.000000 2156.000000 1604.000000
1566.000000 971.000000 1417.000000 799.000000 1439.000000
829.000000 1268.000000 1211.000000 1016.000000 1221.000000
779.000000 184.000000 1505.000000 526.000000 1535.000000
706.000000 178.000000 1472.000000 511.000000 1491.000000
1399.000000 328.000000 1174.000000 632.000000 1234.000000
903.000000 404.000000 373.000000 464.000000 566.000000
584.000000 2583.000000 1330.000000 2360.157715 1246.656006
1192.000000 414.000000 530.000000 490.000000 688.000000
1436.000000 1443.000000 668.000000 1168.000000 635.000000
1497.000000 144.000000 53.000000 354.000000 326.000000
703.000000 367.000000 213.000000 663.000000 364.000000
901.000000 1282.000000 932.000000 1040.000000 936.000000
907.000000 1649.000000 526.000000 1342.000000 435.000000
332.000000 167.000000 924.000000 352.041809 1056.460693
1561.000000 1346.000000 249.000000 1104.000000 216.000000
1319.000000 1260.000000 1417.000000 1009.000000 1429.000000
1395.000000 1293.000000 836.000000 1045.000000 837.000000
974.000000 1269.000000 1061.000000 1026.000000 1069.000000
1370.000000 2123.000000 836.000000 1809.000000 679.000000
1455.000000 264.000000 1446.000000 566.000000 1467.000000
991.000000 1455.000000 1573.000000 1192.000000 1576.000000
1584.000000 1207.000000 246.000000 998.000000 253.000000
1383.000000 559.000000 540.000000 598.000000 671.000000
32.000000 2111.000000 1516.000000 1771.841675 1520.087280
1437.000000 1456.000000 1089.000000 1216.000000 1070.000000
1213.000000 1723.000000 241.000000 1440.000000 86.000000
906.000000 891.000000 384.000000 774.000000 467.000000
1385.000000 2232.000000 405.000000 1956.000000 102.000000
1414.000000 1653.000000 590.000000 1349.000000 502.000000
859.000000 1265.000000 1191.000000 1020.000000 1201.000000
1283.000000 900.000000 1679.000000 737.000000 1686.000000
1503.000000 805.000000 107.000000 753.000000 219.000000
1465.000000 250.000000 259.000000 410.000000 484.000000
1087.000000 473.000000 533.000000 512.000000 681.000000
1247.000000 2526.000000 448.000000 2329.000000 36.000000
1127.000000 1100.000000 151.000000 924.000000 187.000000
306.000000 191.000000 948.000000 377.012970 1065.925293
668.000000 175.000000 539.000000 360.000000 733.000000
710.000000 161.000000 248.000000 397.000000 404.000000
1196.000000 1367.000000 1608.000000 1248.000000 1617.000000
313.000000 2594.000000 1422.000000 2368.667969 1376.540405
1297.000000 1504.000000 1374.000000 1368.000000 1200.000000
875.000000 106.000000 1017.000000 317.000000 1135.000000
964.000000 1373.000000 725.000000 1110.000000 708.000000
1048.000000 1494.000000 159.000000 1228.000000 75.000000
1313.000000 305.000000 474.000000 429.000000 657.000000
1327.000000 1758.000000 1457.000000 1584.000000 1443.000000
1263.000000 2251.000000 966.000000 1958.000000 804.000000
1095.000000 1411.000000 111.000000 1161.000000 51.000000
456.000000 2692.000000 954.000000 2532.260498 704.065918
436.000000 2398.000000 1695.000000 2043.314209 1743.663208
796.000000 1136.000000 61.000000 952.000000 88.000000
1280.000000 2176.000000 546.000000 1883.000000 301.000000
887.000000 17.000000 1253.000000 284.000000 1334.000000
1306.000000 2316.000000 1779.000000 1903.000000 1838.000000
755.000000 1883.000000 293.000000 1564.000000 95.000000
1364.000000 2194.000000 1174.000000 1857.000000 1089.000000
1249.000000 759.000000 1835.000000 643.000000 1825.000000
393.000000 2573.000000 877.000000 2370.343994 625.245239
1447.000000 1069.000000 1969.000000 562.000000 2026.000000
662.000000 1888.000000 1075.000000 1731.000000 990.000000
258.000000 2670.000000 1047.000000 2498.304688 845.062317
1501.000000 562.000000 458.000000 571.000000 600.000000
1554.000000 96.000000 1041.000000 313.000000 1155.000000
1412.000000 1758.000000 1085.000000 1583.000000 1023.000000
1169.000000 1350.000000 790.000000 1090.000000 781.000000
1189.000000 1270.000000 1123.000000 1020.000000 1132.000000
816.000000 1907.000000 1076.000000 1711.000000 993.000000
429.000000 2236.000000 584.000000 1947.406616 329.435608
853.000000 590.000000 712.000000 572.000000 824.000000
1517.000000 1433.000000 377.000000 1170.000000 328.000000
936.000000 224.000000 249.000000 390.000000 482.000000
1242.000000 1210.000000 1232.000000 971.000000 1246.000000
940.000000 416.000000 357.000000 528.000000 533.000000
1570.000000 1673.000000 940.000000 1568.000000 864.000000
444.000000 2335.000000 842.000000 2066.661865 633.307983
386.000000 2700.000000 1141.000000 2541.853516 966.680603
1142.000000 1491.000000 1609.000000 1325.000000 1613.000000
1453.000000 2721.000000 1847.000000 2504.000000 1974.000000
514.000000 2615.000000 516.000000 2453.611084 101.000595
1054.000000 997.000000 371.000000 845.000000 430.000000
1467.000000 1436.000000 968.000000 1180.000000 955.000000
1270.000000 1376.000000 755.000000 1112.000000 739.000000
896.000000 1337.000000 445.000000 1091.000000 424.000000
1184.000000 1807.000000 332.000000 1520.000000 159.000000
1489.000000 1357.000000 410.000000 1015.000000 412.000000
1557.000000 1558.000000 1074.000000 1415.000000 1032.000000
485.000000 2127.000000 389.000000 1836.567261 126.348015
1505.000000 1317.000000 797.000000 1064.000000 793.000000
902.000000 1259.000000 669.000000 1024.000000 687.000000
262.000000 2665.000000 592.000000 2529.534912 184.857574
775.000000 2298.000000 955.000000 2007.000000 791.000000
1158.000000 1497.000000 1083.000000 1362.000000 1051.000000
1337.000000 1100.000000 1679.000000 847.000000 1689.000000
624.000000 1626.000000 542.000000 1308.000000 463.000000
1486.000000 1263.000000 924.000000 1021.000000 931.000000
1111.000000 2208.000000 1065.000000 1893.000000 946.000000
1081.000000 768.000000 1093.000000 687.000000 1145.000000
1372.000000 1338.000000 411.000000 1092.000000 389.000000
1053.000000 594.000000 1191.000000 550.000000 1255.000000
450.000000 2439.000000 551.000000 2213.633057 217.742874
762.000000 1296.000000 957.000000 1032.000000 956.000000

6.000000 146.763611 32.744793 2659.797363 94.868492 358.308533 311.023682 1173.518188 3.823993
2.000000 2516.667969 1860.192871 1043.331787 1869.756592 1926.687866 1916.335693 753.459167 1841.364380
8.000000 1066.653809 33.820507 129.936203 9.082350 919.587036 63.673996 344.694885 303.266968
9.000000 93.287590 428.880493 1009.976196 447.820099 323.728424 654.709534 850.076111 503.598541
4.000000 1273.329956 1859.414917 2146.673096 1854.455078 836.687134 1836.337769 1840.075073 1898.793823
20.000000 153.426666 0.061104 856.663269 20.118782 339.899323 293.077881 746.463989 132.819214
35.000000 1506.786011 1665.083496 2050.203613 1678.273315 1373.176147 1673.171997 1726.625366 1681.711548
88.000000 2536.629395 472.491577 3070.092529 480.486847 2340.117188 67.079735 2557.267334 5.449525
99.000000 733.332336 1046.722534 203.318588 1037.515137 659.917603 1109.338135 446.979065 1135.843140
46.000000 846.509705 413.122833 316.645935 404.626678 737.254517 505.302216 430.103149 597.012085
89.000000 206.643921 1031.381470 733.332397 1040.056030 436.792908 1131.000366 659.937744 1102.839966
52.000000 773.347107 66.198647 256.636871 51.013683 696.856445 200.499237 413.862793 308.059692
87.000000 833.307190 434.778870 323.293182 425.551941 659.768433 549.210876 437.029846 614.570984
60.000000 393.009460 97.332275 843.302795 111.006432 489.136322 317.619751 743.182373 225.436951
263.000000 3026.648926 471.122467 2579.988037 464.093872 2516.293213 2.060847 2400.769775 35.956573
32.000000 1493.358765 1102.717407 1913.341309 1105.419434 1359.825073 1071.926514 1716.367676 1027.595337
34.000000 1362.775513 1106.592651 1354.909058 1520.093384 1133.051636 1163.216553 1121.632690 1516.719360
18.000000 913.291748 11.837349 500.019257 2.483099 745.013123 124.239426 333.569794 287.263489
62.000000 2677.994385 1250.217407 2720.254883 1639.972412 2604.188965 1179.937744 2623.586182 1446.648315
39.000000 1373.151001 1543.331421 1377.007812 1170.003540 1163.026001 1510.090698 1173.420898 1163.335938
31.000000 1324.693970 1530.068970 1330.083374 1163.383545 1092.219604 1523.411621 1105.039185 1159.942627
12.000000 3070.000732 1062.590332 2703.331299 1062.238770 3070.501953 776.889160 2564.047852 848.393433
13.000000 2703.332275 1055.821899 3070.000244 1055.986572 2583.181885 838.945862 3070.322021 768.905945
279.000000 1080.000244 1683.116943 726.667480 1682.683472 743.412292 1689.485474 626.658020 1687.089233
19.000000 2116.132812 1513.174194 2096.809814 1173.135742 1829.209839 1530.014038 1821.421631 1089.915894
128.000000 1069.999634 1656.478516 733.328430 1657.033936 820.015686 1665.538818 643.336792 1663.085571
27.000000 1420.064697 1510.014648 1421.461304 1186.672974 1229.090332 1553.401001 1239.704346 1173.325073
81.000000 829.012085 393.262390 851.993042 73.237083 734.013306 496.471100 751.695984 256.545990
22.000000 2057.034912 1500.320312 2040.904663 1183.117798 1802.610474 1530.010376 1796.519043 1103.287842
41.000000 1446.219360 1189.992554 1445.605713 1503.331299 1200.340576 1173.342529 1191.194702 1509.941895
70.000000 1745.957397 642.874390 1451.538574 729.170959 1331.315186 587.843872 1145.721313 768.772461
11.000000 2733.333984 1654.774048 2433.333008 1654.679688 2616.596924 1700.272949 2089.934082 1690.072510
155.000000 1233.356445 22.294283 940.019775 15.777569 987.825684 16.120272 841.989624 76.768929
117.000000 1893.357422 1114.671265 1599.986328 1111.133057 1756.763672 1030.702271 1569.977051 1056.500366
152.000000 2139.333008 724.357910 1895.687988 561.490967 1712.746826 468.646606 1561.124390 416.717072
275.000000 413.338470 1845.531128 699.999268 1846.825317 493.193481 1818.447998 609.925781 1827.612061
154.000000 2070.460449 905.342224 1870.841309 718.393433 1768.900146 754.654907 1662.941772 637.019348
90.000000 273.749298 1563.379883 303.983887 1293.406128 581.365051 1563.707886 598.940430 1343.248901
17.000000 2795.625977 822.292175 3065.844971 810.754272 2640.503174 523.555908 3062.294434 360.114502
240.000000 1449.797119 736.817993 1314.064941 969.309570 1117.310791 820.152527 1176.471924 708.136658
94.000000 1514.602783 771.739258 1777.325073 724.972778 1276.802612 748.287231 1461.233032 631.424683
76.000000 1912.068970 580.390198 1650.365479 547.124451 1583.724487 422.591736 1339.605591 457.219452
86.000000 2143.082031 1006.806702 2027.952881 776.039673 1836.285400 822.335571 1717.775146 622.065735
95.000000 328.674103 1306.526978 301.979706 1559.857422 618.909241 1343.005981 602.817932 1560.455200
71.000000 1109.986084 448.548462 1359.997070 450.396881 859.398010 501.382172 1106.223999 425.231995
181.000000 1594.456909 794.475769 1843.817627 807.101318 1398.762207 735.891235 1541.217773 692.977112
243.000000 1870.841309 718.393433 1624.442749 699.643494 1480.659668 595.458984 1360.087769 632.874573
44.000000 1425.397705 719.746460 1656.015747 638.159973 1182.665527 661.276978 1481.797119 516.598694
109.000000 2014.844116 743.617920 2144.893799 950.253357 1732.573853 608.062561 1829.670044 778.286926
80.000000 1977.803833 734.343811 1748.906982 651.303223 1571.133301 543.903625 1334.041870 584.772705
286.000000 590.011597 475.644196 350.004608 472.926727 577.826904 614.269104 466.956757 644.400696
146.000000 1863.790527 693.971985 2051.579834 836.876892 1605.140869 577.243958 1741.977295 666.985107
170.000000 588.995422 149.822464 579.564758 380.255035 641.474121 376.868195 620.914124 527.247375
167.000000 1246.726807 795.751648 1016.682312 798.159363 996.108826 810.474487 846.598328 839.649780
45.000000 2676.651123 845.159973 2449.972412 843.226196 2527.235352 542.876038 2206.589111 606.274170
56.000000 2116.720459 587.501343 2343.353760 592.389526 1812.959717 371.854004 2080.254395 304.340363
65.000000 1907.171387 533.314026 1898.515869 306.850800 1592.480469 366.709717 1597.107788 100.065506
85.000000 1624.442749 699.643494 1433.106323 817.572876 1356.908569 626.899536 1193.384277 796.715759
97.000000 2340.045654 882.138489 2560.016846 877.453430 2150.326172 668.110046 2360.876221 620.545105
43.000000 2403.370361 1661.652710 2623.336914 1666.509521 2089.994141 1700.273926 2423.318848 1707.348389
110.000000 79.433372 973.537048 225.695236 809.841980 294.883972 1134.317871 376.379730 956.807556
208.000000 1070.000854 1380.894531 853.334412 1381.109863 866.674377 1400.132690 730.080200 1408.049927
101.000000 2181.553223 735.343994 2020.506836 592.760864 1860.914185 615.857666 1716.899658 469.816467
21.000000 2977.151611 813.398743 2773.527100 876.542603 3056.609863 385.715973 2657.343506 558.450073
30.000000 745.404419 1630.136841 759.310242 1419.734131 651.663574 1650.123291 678.579407 1286.808350
149.000000 741.620789 156.324005 733.013794 366.789917 734.003662 319.715302 716.828552 480.373657
51.000000 2453.330566 777.002747 2663.343750 778.755981 2209.128174 515.895813 2507.213867 452.576019
187.000000 1103.344116 300.742126 896.681030 299.880981 920.032532 336.759003 781.753052 385.518433
176.000000 753.189209 1124.686157 712.876953 924.079041 672.306519 1098.037964 623.101929 956.601562
48.000000 3049.751953 797.945984 2849.768066 802.060303 3067.618652 348.291626 2770.342773 432.815582
144.000000 1520.334595 343.514618 1526.053345 543.255432 1243.003174 306.146454 1230.834351 469.814209
161.000000 1880.576904 586.845459 2049.992432 688.951172 1595.619629 452.423309 1736.653687 513.363464
55.000000 2853.577393 822.713989 3050.216797 827.233032 2793.674316 461.991852 3068.129150 389.576416
145.000000 243.701630 1540.487183 86.805687 1659.108276 515.172546 1543.601807 367.783752 1615.453857
272.000000 1096.672363 1143.556152 906.666870 1143.209595 893.485474 1168.045898 776.768494 1180.923096
251.000000 2886.667236 1214.920776 2696.666016 1214.985352 2776.621826 1085.827271 2653.283447 1092.398438
245.000000 1056.634277 727.650513 1243.427856 733.793945 886.957458 764.877258 1009.703491 741.759155
23.000000 2789.996582 1802.299438 2976.672119 1801.703491 2656.457275 1907.519653 3070.089844 1928.201172
40.000000 2822.508057 815.301697 2687.911133 940.853943 2755.770508 446.374115 2521.010742 691.533508
200.000000 1256.686279 205.404312 1073.345459 202.552719 1036.163696 198.595642 906.129456 245.166641
216.000000 1076.653564 153.920944 1259.970459 157.993759 910.058960 196.828018 1036.849731 150.500885
47.000000 2729.980957 732.278320 2546.660400 730.736755 2653.626465 351.265778 2343.289795 423.145325
59.000000 2768.431396 884.185242 2686.751221 1046.691650 2659.638916 578.034180 2531.518555 818.820435
54.000000 2390.578125 1632.155151 2227.310059 1552.022339 2086.232422 1691.238770 1830.947144 1554.893311
37.000000 2673.441162 930.116150 2799.941650 803.292053 2493.896240 677.838196 2733.850342 421.343445
73.000000 372.828247 1280.983398 344.754486 1456.893433 649.504639 1309.963501 630.820312 1563.393799
280.000000 1283.315430 1652.625244 1106.677246 1657.086792 973.351501 1669.290527 856.676086 1666.298828
295.000000 2034.480835 668.967346 2149.668945 796.964478 1731.948853 514.497864 1816.544434 590.512268
127.000000 1532.340576 943.696960 1686.108887 874.665771 1380.990234 916.848694 1514.299438 800.154541
106.000000 1279.462891 1552.226562 1127.859985 1625.792480 986.473572 1559.710205 821.063232 1669.926392
26.000000 1556.110352 565.492065 1403.934204 637.563843 1061.398315 720.183289 1344.489868 463.250183
67.000000 1331.292236 989.206421 1391.831665 833.490967 1095.104248 1065.599487 1150.695068 810.578369
164.000000 2392.987549 1643.411499 2226.871338 1649.202026 2036.369507 1676.296753 1883.161987 1680.687012
61.000000 2703.369629 553.576721 2539.980469 551.660706 2575.751953 113.274078 2316.613037 183.134750
221.000000 1673.319580 1651.794434 1509.999268 1653.253174 1703.332764 1663.082397 1570.000000 1663.357300
58.000000 1513.504761 546.710205 1366.723267 616.785156 1236.025146 489.269073 1045.567871 686.268555
207.000000 92.923973 1806.612305 114.247162 1645.903320 313.500671 1800.014282 325.221466 1663.209473
91.000000 2559.985840 1241.287476 2400.005371 1239.521729 2333.431396 1127.811401 2113.333984 1146.674438
271.000000 326.209442 728.588989 182.936859 795.821777 430.278931 873.719238 350.907837 961.742126
247.000000 1309.997192 506.827759 1466.674072 509.577271 1069.428955 494.577972 1189.561768 461.730499
84.000000 2499.998291 593.522278 2656.682373 594.963013 2283.120605 249.188110 2513.048096 188.912094
256.000000 2466.665039 770.382202 2310.001221 769.704468 2236.500977 502.590637 2116.523682 529.358826
147.000000 2563.331055 1680.402832 2406.669434 1679.505737 2280.030029 1728.989258 2116.643311 1724.118042
126.000000 284.781677 1383.132690 268.417328 1536.853027 458.688416 1396.550171 442.962555 1573.596436
231.000000 3.489928 1155.375122 154.901489 1173.732788 263.395599 1255.146118 393.586792 1260.476807
111.000000 1719.323364 756.804016 1570.355225 788.344604 1535.014771 657.866638 1349.198486 714.014221
49.000000 1394.947266 831.476929 1505.805176 728.804077 1147.164551 799.865112 1370.662598 586.868835
53.000000 1183.550171 1012.666809 1215.004028 865.598145 976.230042 1050.450317 1056.096924 761.334290
292.000000 1844.450195 847.143921 1697.254150 810.923157 1559.766968 722.199585 1448.308838 745.103943
289.000000 1951.670654 951.697632 1844.450195 847.143921 1670.295654 764.213074 1563.910767 721.882141
264.000000 1293.300415 252.916794 1439.985962 254.572891 1063.399414 236.851990 1176.593262 196.461075
130.000000 1641.044922 818.543945 1512.886719 889.875305 1453.146729 732.857971 1324.743408 851.525757
217.000000 1963.074341 834.683350 2041.247192 955.862061 1650.076782 719.922791 1745.364014 814.623474
298.000000 40.013603 1848.251221 183.338257 1849.366211 266.736877 1807.685669 380.067017 1811.124268
169.000000 2249.221436 979.147949 2204.530518 845.155640 1928.046753 828.678223 1886.998657 682.305420
160.000000 2016.652222 424.152802 2153.335205 426.556213 1712.405396 203.633560 1860.506958 158.323746
248.000000 74.145729 566.781311 92.985542 433.284241 309.295197 783.597534 321.733063 659.839172
195.000000 2153.336914 459.126709 2019.992310 458.593384 1859.919678 199.741348 1726.037964 241.308243
213.000000 933.335449 792.524536 800.002991 792.180359 792.946289 848.174316 659.937439 876.371643
281.000000 2618.122559 956.301697 2592.818359 1086.473145 2412.866455 765.022827 2394.773926 880.226257
166.000000 275.059540 841.360718 178.273712 931.479309 444.806091 935.242798 352.041809 1056.460693
196.000000 1299.890991 1551.940674 1430.041992 1559.252930 1170.000244 1554.527222 1029.999878 1554.508545
142.000000 2376.605225 464.699921 2246.717773 458.861176 2133.788574 121.724937 1972.693481 164.242111
268.000000 1925.401611 593.080017 2037.860596 657.929504 1601.406738 436.662079 1711.517456 483.066071
257.000000 1989.204956 910.807861 1897.767212 818.905090 1722.450195 760.309570 1626.978760 682.948242
254.000000 1692.852539 879.350769 1817.704102 912.793701 1520.145874 802.174133 1643.458130 803.785461
234.000000 729.755005 1673.538696 856.687317 1663.596802 683.373352 1681.159302 813.448486 1676.668457
74.000000 1096.635254 564.715393 969.958252 561.838318 906.511475 599.421326 663.658752 664.546814
138.000000 2439.998047 1754.109985 2566.663818 1754.437622 2126.687256 1822.935791 2293.426270 1831.530273
203.000000 1902.199951 681.748535 2005.389771 748.636597 1603.378174 542.700928 1723.992798 609.484375
165.000000 2156.860107 462.451630 2276.760498 467.955109 1859.176147 203.568405 2006.919434 164.283905
151.000000 2641.019287 1048.278076 2675.755615 934.356079 2456.640869 842.337280 2502.206055 688.677307
277.000000 1169.155640 1419.834717 1164.520874 1536.977417 933.328857 1433.333130 926.447510 1550.183350
159.000000 2450.098633 396.979980 2333.338867 393.166260 2226.160645 1.634798 2076.533936 46.220890
104.000000 2523.363770 1637.663696 2406.664795 1637.039062 2260.042236 1669.680420 2059.953369 1667.364990
265.000000 247.981720 1589.745850 233.670258 1703.375732 504.397156 1563.216919 501.900452 1683.372803
