Keypoint Matches and Line Matches for pairs 19, 23 
19 corresponds to the image ./resources/Data/HerzP25/images/0019.png 
23 corresponds to the image ./resources/Data/HerzP25/images/0023.png 

44.000000 1066.653809 33.820507 340.561279 -1.432102
65.000000 1009.976196 447.820099 340.691895 408.370850
107.000000 856.663269 20.118782 266.490021 36.347775
219.000000 1506.786011 1665.083496 783.406128 1588.694458
371.000000 733.332336 1046.722534 163.385391 1026.990967
150.000000 846.509705 413.122833 247.646103 412.326447
151.000000 316.645935 404.626678 2.802688 515.406250
336.000000 733.332397 1040.056030 163.365448 1020.190674
160.000000 773.347107 66.198647 241.791580 103.749519
1512.000000 256.636871 51.013683 11.000000 222.000000
131.000000 843.302795 111.006432 277.902557 128.997070
49.000000 1312.972290 1533.326904 600.350708 1466.469482
174.000000 1493.358765 1102.717407 809.591919 980.833313
1479.000000 1913.341309 1105.419434 1104.000000 919.000000
58.000000 1373.151001 1543.331421 641.958801 1466.804199
77.000000 1377.007812 1170.003540 598.840393 1076.584839
71.000000 1330.083374 1163.383545 527.006592 1073.358765
5.000000 2703.331299 1062.238770 1740.837402 737.666138
73.000000 1401.724243 1510.040161 530.028564 1429.764038
30.000000 2002.092529 1549.768555 1083.806519 1466.686768
427.000000 1080.000244 1683.116943 250.122482 1603.626465
428.000000 726.667480 1682.683472 110.081184 1597.984741
31.000000 2096.809814 1173.135742 1103.451904 1003.338379
532.000000 1069.999634 1656.478516 243.314117 1577.304077
533.000000 733.328430 1657.033936 116.762413 1573.489746
59.000000 1421.461304 1186.672974 668.665466 1086.572876
299.000000 1708.556519 1650.028931 943.237427 1579.995117
46.000000 1446.219360 1189.992554 696.482666 1079.530151
47.000000 1445.605713 1503.331299 669.737122 1469.524780
391.000000 1893.357422 1114.671265 970.029724 963.518921
392.000000 1599.986328 1111.133057 823.389832 987.019348
360.000000 1895.687988 561.490967 933.902710 280.588715
815.000000 1532.946777 290.005951 661.000000 86.000000
36.000000 2795.625977 822.292175 1870.531250 317.813446
1474.000000 1650.365479 547.124451 722.000000 339.000000
322.000000 2027.952881 776.039673 1038.617798 525.471680
53.000000 3070.701416 1559.899170 2065.154541 1473.374756
214.000000 1359.997070 450.396881 543.102783 322.797791
60.000000 3044.065186 1559.423828 2027.062256 1473.323486
783.000000 1425.397705 719.746460 546.000000 628.000000
349.000000 1901.760132 672.146179 887.631775 414.588684
1111.000000 590.011597 475.644196 118.000000 525.000000
321.000000 1863.790527 693.971985 887.489319 454.133972
142.000000 2676.651123 845.159973 1696.868774 410.742859
143.000000 2449.972412 843.226196 1429.159668 483.577942
223.000000 2116.720459 587.501343 1116.531372 246.285141
168.000000 1907.171387 533.314026 932.771362 250.179535
516.000000 890.005737 243.118607 292.470947 238.172089
517.000000 1113.357910 249.081146 409.764435 182.834045
266.000000 2560.016846 877.453430 1551.313843 497.664673
1074.000000 853.334412 1381.109863 196.000000 1322.000000
452.000000 2181.553223 735.343994 1150.924438 422.100983
56.000000 2977.151611 813.398743 2138.480957 236.825317
460.000000 2773.527100 876.542603 1822.317383 422.172943
604.000000 759.310242 1419.734131 153.000000 1356.000000
144.000000 2453.330566 777.002747 1429.016724 389.989563
145.000000 2663.343750 778.755981 1687.808960 313.884216
574.000000 1103.344116 300.742126 402.028503 237.341858
575.000000 896.681030 299.880981 292.290955 291.209808
78.000000 3049.751953 797.945984 2231.364746 173.721573
79.000000 2849.768066 802.060303 1901.847656 282.001587
908.000000 1520.334595 343.514618 646.000000 164.000000
127.000000 1526.053345 543.255432 634.377563 366.752594
84.000000 2853.577393 822.713989 1931.963989 309.306915
217.000000 1690.244873 1119.995117 967.343628 970.033386
218.000000 1694.118164 1313.317627 956.979126 1180.015381
40.000000 2886.667236 1214.920776 2539.890137 892.433655
54.000000 2822.508057 815.301697 1896.954346 300.604370
584.000000 2687.911133 940.853943 1725.468262 569.262573
1323.000000 1256.686279 205.404312 503.000000 89.000000
137.000000 2546.660400 730.736755 1550.046753 286.812439
118.000000 2768.431396 884.185242 1811.443237 442.325012
555.000000 2686.751221 1046.691650 1704.932861 729.524902
230.000000 2227.310059 1552.022339 1026.913208 1479.643433
1534.000000 2673.441162 930.116150 1641.000000 551.000000
1225.000000 1106.677246 1657.086792 262.000000 1583.000000
251.000000 1686.108887 874.665771 936.540649 700.870605
287.000000 1279.462891 1552.226562 375.089203 1468.173462
282.000000 583.953125 543.073547 150.247375 588.962646
1371.000000 2539.980469 551.660706 1568.000000 24.000000
798.000000 1509.999268 1653.253174 739.000000 1529.000000
256.000000 2559.985840 1241.287476 1496.810059 1034.600464
257.000000 2400.005371 1239.521729 1313.187500 1055.378052
422.000000 1466.674072 509.577271 605.872070 357.993347
538.000000 2499.998291 593.522278 1508.648682 102.857361
464.000000 2563.331055 1680.402832 1403.525269 1663.287720
465.000000 2406.669434 1679.505737 1269.865845 1655.695435
231.000000 1719.323364 756.804016 889.507568 558.254272
358.000000 716.617126 559.294067 189.859299 576.292603
712.000000 1370.061646 1686.458130 489.000000 1615.000000
429.000000 1641.044922 818.543945 863.731018 633.692871
430.000000 1512.886719 889.875305 770.344116 736.977783
272.000000 2553.334229 1696.423828 1383.322876 1683.539551
646.000000 1489.211792 1353.430298 790.000000 1260.000000
497.000000 1506.420410 1493.363647 701.616028 1350.109131
458.000000 2016.652222 424.152802 1039.156616 74.718689
459.000000 2153.335205 426.556213 1163.681885 20.805088
407.000000 796.662903 887.041748 206.973007 867.913452
588.000000 2153.336914 459.126709 1160.548828 64.604637
589.000000 2019.992310 458.593384 1049.633789 112.485092
719.000000 549.618042 516.171692 105.000000 569.000000
356.000000 2839.986328 1655.742676 1736.547119 1635.192383
526.000000 729.755005 1673.538696 119.911148 1585.721436
357.000000 1096.635254 564.715393 337.020782 520.941528
425.000000 2439.998047 1754.109985 1269.931152 1757.447266
426.000000 2566.663818 1754.437622 1409.725708 1769.776245
281.000000 611.076782 741.249023 122.101196 763.134216
1001.000000 2373.333252 726.666687 1359.000000 343.000000
900.000000 1744.903320 930.080688 985.000000 739.000000
350.000000 2005.389771 748.636597 1030.626953 485.400604
536.000000 2156.860107 462.451630 1165.653687 67.360481
537.000000 2276.760498 467.955109 1282.954468 22.346062
1525.000000 1153.317383 848.128418 392.000000 776.000000
246.000000 2641.019287 1048.278076 1610.680664 750.202148
247.000000 2675.755615 934.356079 1665.311401 566.264160
519.000000 1887.381714 569.969177 894.366638 303.759979
235.000000 2523.363770 1637.663696 1396.846924 1600.811157
746.000000 1869.718628 430.002319 899.000000 144.000000
1154.000000 861.182190 1533.406982 192.000000 1464.000000
959.000000 2523.000000 858.000000 1503.000000 484.000000
979.000000 632.000000 661.000000 141.000000 685.000000
967.000000 542.000000 362.000000 143.000000 428.000000
130.000000 269.000000 92.000000 22.639603 258.634003
818.000000 391.000000 370.000000 69.000000 466.000000
942.000000 2007.000000 705.000000 1000.000000 434.000000
698.000000 767.000000 1053.000000 187.000000 1027.000000
1055.000000 2569.000000 1128.000000 1522.000000 875.000000
1191.000000 2782.000000 701.000000 1858.000000 138.000000
797.000000 2548.000000 1294.000000 1472.000000 1112.000000
733.000000 2275.000000 1473.000000 1146.000000 1378.000000
1397.000000 1698.000000 584.000000 762.000000 377.000000
772.000000 1647.000000 1073.000000 916.000000 930.000000
1016.000000 2155.000000 1422.000000 1089.000000 1315.000000
1547.000000 343.000000 616.000000 9.000000 692.000000
1041.000000 1791.000000 310.000000 869.000000 21.000000
829.000000 1439.000000 697.000000 575.000000 570.000000
181.000000 814.000000 393.000000 247.742599 403.055145
1436.000000 1971.000000 680.000000 971.000000 413.000000
1044.000000 1704.000000 390.000000 778.000000 148.000000
855.000000 513.000000 635.000000 97.000000 680.000000
1398.000000 1291.000000 908.000000 468.000000 821.000000
924.000000 630.000000 677.000000 139.000000 699.000000
1145.000000 2826.000000 745.000000 1890.000000 191.000000
769.000000 1795.000000 1088.000000 1032.000000 925.000000
656.000000 175.000000 1489.000000 135.000000 1415.000000
1563.000000 593.000000 530.000000 119.000000 573.000000
751.000000 1758.000000 1074.000000 1003.000000 914.000000
963.000000 849.000000 68.000000 282.000000 80.000000
918.000000 2853.000000 1201.000000 2161.000000 918.000000
1502.000000 1123.000000 1058.000000 354.000000 1007.000000
1144.000000 1765.000000 608.000000 812.000000 386.000000
304.000000 2788.000000 749.000000 1861.680908 219.834717
1177.000000 565.000000 202.000000 154.000000 279.000000
864.000000 1326.000000 827.000000 493.000000 731.000000
1311.000000 1706.000000 540.000000 780.000000 311.000000
928.000000 1825.000000 325.000000 890.000000 16.000000
1175.000000 1284.000000 1261.000000 447.000000 1182.000000
387.000000 1891.000000 446.000000 910.115845 153.334122
767.000000 1748.000000 1577.000000 962.000000 1498.000000
1166.000000 2104.000000 770.000000 1079.000000 490.000000
875.000000 806.000000 1103.000000 181.000000 1068.000000
1058.000000 1607.000000 597.000000 696.000000 416.000000
1295.000000 428.000000 711.000000 67.000000 752.000000
695.000000 1511.000000 651.000000 627.000000 503.000000
1322.000000 1274.000000 995.000000 449.000000 913.000000
838.000000 1372.000000 1593.000000 554.000000 1517.000000
879.000000 2871.000000 1201.000000 2186.000000 914.000000
601.000000 1675.000000 534.000000 712.000000 317.000000
1245.000000 753.000000 1093.000000 129.000000 1102.000000
483.000000 2682.000000 1045.000000 1667.172729 719.182983
898.000000 2647.000000 1593.000000 1547.000000 1542.000000
760.000000 1551.000000 635.000000 655.000000 475.000000
1184.000000 1488.000000 1648.000000 722.000000 1593.000000
596.000000 1662.000000 1296.000000 916.000000 1180.000000
1276.000000 575.000000 487.000000 113.000000 538.000000
664.000000 1407.000000 724.000000 552.000000 606.000000
1516.000000 2133.000000 1069.000000 1090.000000 867.000000
1099.000000 2697.000000 1124.000000 1665.000000 838.000000
973.000000 1808.000000 614.000000 844.000000 381.000000
766.000000 1668.000000 1073.000000 932.000000 927.000000
777.000000 1721.000000 605.000000 779.000000 395.000000
488.000000 1318.000000 945.000000 500.678925 852.596375
1472.000000 1744.000000 540.000000 791.000000 313.000000
1201.000000 1708.000000 405.000000 778.000000 170.000000
22.000000 1501.000000 529.000000 615.766846 359.600098
869.000000 1344.000000 759.000000 509.000000 655.000000
1312.000000 1635.000000 612.000000 716.000000 427.000000
800.000000 1448.000000 1142.000000 677.000000 1037.000000
1117.000000 550.000000 655.000000 111.000000 685.000000
508.000000 2522.000000 1589.000000 1400.000000 1530.000000
1301.000000 735.000000 1130.000000 149.000000 1099.000000
1274.000000 517.000000 361.000000 119.000000 446.000000
618.000000 1273.000000 1038.000000 447.000000 957.000000
1573.000000 1264.000000 1392.000000 416.000000 1319.000000
1350.000000 1826.000000 1375.000000 1074.000000 1257.000000
1342.000000 2070.000000 765.000000 1071.000000 529.000000
1304.000000 1677.000000 606.000000 747.000000 408.000000
765.000000 1511.000000 396.000000 643.000000 201.000000
1382.000000 2250.000000 1183.000000 1170.000000 998.000000
1082.000000 1521.000000 625.000000 635.000000 471.000000
1445.000000 1942.000000 1551.000000 1069.000000 1465.000000
1538.000000 1519.000000 1479.000000 799.000000 1389.000000
1457.000000 1239.000000 922.000000 432.000000 841.000000
1176.000000 2584.000000 1115.000000 1514.000000 848.000000
654.000000 765.000000 1130.000000 162.000000 1096.000000
627.000000 2285.000000 699.000000 1263.000000 337.000000
1306.000000 921.000000 1169.000000 253.000000 1120.000000
1084.000000 1467.000000 378.000000 621.000000 211.000000
680.000000 2695.000000 1187.000000 1671.000000 920.000000
1101.000000 2272.000000 944.000000 1220.000000 674.000000
271.000000 2231.000000 1693.000000 1203.280518 1674.371582
831.000000 1744.000000 585.000000 797.000000 364.000000
1025.000000 1632.000000 382.000000 747.000000 164.000000
1284.000000 1901.000000 1137.000000 1079.000000 968.000000
634.000000 2111.000000 546.000000 1111.000000 196.000000
1439.000000 891.000000 369.000000 285.000000 359.000000
803.000000 1094.000000 1219.000000 332.000000 1156.000000
737.000000 1289.000000 1126.000000 459.000000 1046.000000
1237.000000 1904.000000 456.000000 936.000000 158.000000
1374.000000 1745.000000 1535.000000 961.000000 1448.000000
606.000000 1596.000000 315.000000 702.000000 105.000000
199.000000 2859.000000 641.000000 1924.954102 9.930726
674.000000 1295.000000 888.000000 480.000000 800.000000
1283.000000 1879.000000 613.000000 900.000000 358.000000
987.000000 1481.000000 643.000000 606.000000 501.000000
861.000000 1921.000000 629.000000 934.000000 366.000000
1309.000000 1240.000000 1415.000000 400.000000 1343.000000
906.000000 1398.000000 1432.000000 628.000000 1347.000000
1435.000000 1922.000000 456.000000 954.000000 150.000000
689.000000 2157.000000 423.000000 1168.000000 14.000000
840.000000 1737.000000 1074.000000 986.000000 917.000000
1352.000000 2040.000000 733.000000 1027.000000 460.000000
649.000000 865.000000 1102.000000 208.000000 1063.000000
877.000000 1408.000000 695.000000 554.000000 574.000000
1083.000000 2611.000000 1383.000000 1534.000000 1234.000000
958.000000 1519.000000 1021.000000 824.000000 887.000000
317.000000 356.000000 490.000000 20.112627 603.022156
1444.000000 1488.000000 1682.000000 733.000000 1608.000000
625.000000 1273.000000 975.000000 460.000000 893.000000
1090.000000 841.000000 830.000000 256.000000 803.000000
1165.000000 2639.000000 1116.000000 1581.000000 837.000000
722.000000 1149.000000 480.000000 416.000000 407.000000
633.000000 1289.000000 1150.000000 473.000000 1071.000000
1189.000000 1474.000000 673.000000 600.000000 535.000000
85.000000 3051.000000 821.000000 2254.222900 222.007523
991.000000 2750.000000 1200.000000 1767.000000 949.000000
988.000000 796.000000 1364.000000 174.000000 1308.000000
849.000000 168.000000 1403.000000 136.000000 1345.000000
1024.000000 1812.000000 516.000000 956.000000 239.000000
1552.000000 1384.000000 1569.000000 614.000000 1493.000000
782.000000 1456.000000 1355.000000 728.000000 1259.000000
1527.000000 1096.000000 75.000000 416.000000 9.000000
1305.000000 1435.000000 1571.000000 723.000000 1494.000000
622.000000 2253.000000 475.000000 1257.000000 43.000000
887.000000 1290.000000 1062.000000 480.000000 978.000000
599.000000 923.000000 1575.000000 220.000000 1501.000000
785.000000 2198.000000 1242.000000 1124.000000 1021.000000
1294.000000 765.000000 1029.000000 185.000000 993.000000
817.000000 1777.000000 1074.000000 1019.000000 911.000000
1320.000000 2003.000000 676.000000 998.000000 399.000000
1048.000000 1564.000000 609.000000 664.000000 441.000000
1146.000000 1038.000000 1000.000000 318.000000 946.000000
1383.000000 2423.000000 1172.000000 1303.000000 937.000000
702.000000 1725.000000 319.000000 808.000000 57.000000
626.000000 1592.000000 621.000000 685.000000 449.000000
1054.000000 2109.000000 1641.000000 1037.000000 1589.000000
796.000000 1221.000000 427.000000 460.000000 335.000000
663.000000 1269.000000 1105.000000 448.000000 1027.000000
635.000000 1212.000000 1188.000000 400.000000 1115.000000
1468.000000 2923.000000 1204.000000 1920.000000 931.000000
1443.000000 254.000000 217.000000 15.000000 362.000000
834.000000 1589.000000 541.000000 683.000000 357.000000
1205.000000 800.000000 1292.000000 180.000000 1257.000000
1256.000000 1234.000000 445.000000 427.000000 365.000000
637.000000 1307.000000 865.000000 478.000000 775.000000
1190.000000 865.000000 1113.000000 203.000000 1074.000000
1212.000000 363.000000 593.000000 23.000000 668.000000
776.000000 2675.000000 745.000000 1707.000000 258.000000
984.000000 2256.000000 679.000000 1235.000000 321.000000
1125.000000 1761.000000 1749.000000 879.000000 1727.000000
1249.000000 2444.000000 1588.000000 1318.000000 1532.000000
1346.000000 1809.000000 461.000000 912.000000 208.000000
1548.000000 1815.000000 493.000000 862.000000 233.000000
902.000000 2154.000000 848.000000 1116.000000 577.000000
941.000000 606.000000 720.000000 124.000000 741.000000
569.000000 2583.000000 1330.000000 1510.060669 1163.375732
598.000000 1383.000000 1070.000000 537.000000 974.000000
1511.000000 414.000000 530.000000 59.000000 603.000000
1292.000000 930.000000 884.000000 349.000000 829.000000
701.000000 1443.000000 668.000000 579.000000 537.000000
1149.000000 894.000000 681.000000 295.000000 648.000000
1356.000000 736.000000 1177.000000 149.000000 1121.000000
784.000000 1282.000000 932.000000 468.000000 846.000000
732.000000 2158.000000 438.000000 1168.000000 32.000000
729.000000 1649.000000 526.000000 723.000000 325.000000
935.000000 1260.000000 1417.000000 420.000000 1344.000000
1462.000000 1293.000000 836.000000 472.000000 745.000000
862.000000 1269.000000 1061.000000 451.000000 981.000000
1524.000000 2123.000000 836.000000 1089.000000 570.000000
859.000000 1117.000000 612.000000 400.000000 545.000000
1197.000000 1455.000000 1573.000000 703.000000 1516.000000
857.000000 1207.000000 246.000000 467.000000 149.000000
672.000000 2211.000000 929.000000 1156.000000 672.000000
628.000000 1456.000000 1089.000000 744.000000 991.000000
878.000000 891.000000 384.000000 283.000000 373.000000
910.000000 1952.000000 669.000000 989.000000 418.000000
793.000000 1416.000000 1645.000000 641.000000 1572.000000
774.000000 1653.000000 590.000000 729.000000 395.000000
892.000000 1265.000000 1191.000000 439.000000 1115.000000
1185.000000 2559.000000 1153.000000 1504.000000 906.000000
1302.000000 1075.000000 1325.000000 275.000000 1263.000000
1553.000000 995.000000 1056.000000 260.000000 1011.000000
1013.000000 1438.000000 1644.000000 624.000000 1571.000000
725.000000 1614.000000 965.000000 899.000000 811.000000
1526.000000 2415.000000 1330.000000 1320.000000 1177.000000
727.000000 473.000000 533.000000 70.000000 595.000000
1059.000000 1950.000000 1496.000000 1068.000000 1408.000000
970.000000 3004.000000 1187.000000 2016.000000 911.000000
1375.000000 1367.000000 1608.000000 495.000000 1535.000000
331.000000 2594.000000 1422.000000 1509.487427 1296.695068
775.000000 1373.000000 725.000000 530.000000 613.000000
874.000000 1758.000000 1457.000000 963.000000 1358.000000
388.000000 1862.000000 317.000000 911.138916 3.318368
699.000000 2251.000000 966.000000 1203.000000 697.000000
1081.000000 2687.000000 1347.000000 1631.000000 1174.000000
907.000000 1246.000000 1189.000000 419.000000 1114.000000
482.000000 2692.000000 954.000000 1703.780396 592.499268
1199.000000 1788.000000 966.000000 1037.000000 784.000000
1003.000000 2176.000000 546.000000 1173.000000 170.000000
897.000000 1142.000000 1188.000000 360.000000 1120.000000
1281.000000 2194.000000 1174.000000 1117.000000 994.000000
1298.000000 2402.000000 634.000000 1360.000000 213.000000
1220.000000 2099.000000 1280.000000 1098.000000 1076.000000
1140.000000 2505.000000 729.000000 1458.000000 312.000000
648.000000 1292.000000 1565.000000 523.000000 1491.000000
932.000000 1369.000000 1068.000000 649.000000 983.000000
1297.000000 1834.000000 600.000000 865.000000 356.000000
786.000000 1758.000000 1085.000000 1004.000000 928.000000
866.000000 1350.000000 790.000000 511.000000 688.000000
1345.000000 1237.000000 374.000000 549.000000 243.000000
813.000000 1270.000000 1123.000000 440.000000 1045.000000
653.000000 2161.000000 1004.000000 1073.000000 775.000000
1489.000000 1734.000000 431.000000 800.000000 177.000000
1183.000000 1276.000000 880.000000 460.000000 793.000000
1062.000000 590.000000 712.000000 15.000000 768.000000
1385.000000 776.000000 1482.000000 158.000000 1415.000000
605.000000 224.000000 249.000000 56.000000 413.000000
462.000000 1210.000000 1232.000000 410.016205 1160.129272
616.000000 416.000000 357.000000 51.000000 455.000000
1152.000000 1673.000000 940.000000 951.000000 789.000000
1282.000000 1396.000000 1054.000000 623.000000 954.000000
1121.000000 2335.000000 842.000000 1297.000000 519.000000
756.000000 2700.000000 1141.000000 1712.000000 877.000000
1155.000000 2405.000000 680.000000 1392.000000 268.000000
759.000000 1464.000000 1624.000000 643.000000 1548.000000
965.000000 1491.000000 1609.000000 721.000000 1532.000000
1376.000000 1690.000000 1526.000000 923.000000 1438.000000
820.000000 2186.000000 1045.000000 1186.000000 786.000000
998.000000 997.000000 371.000000 338.000000 335.000000
687.000000 1400.000000 1260.000000 696.000000 1169.000000
1038.000000 2072.000000 735.000000 1054.000000 454.000000
571.000000 2705.000000 1506.000000 1633.224243 1416.667114
1568.000000 1436.000000 968.000000 822.000000 846.000000
895.000000 1376.000000 755.000000 530.000000 646.000000
1265.000000 1807.000000 332.000000 882.000000 30.000000
1103.000000 1357.000000 410.000000 546.000000 279.000000
1368.000000 1754.000000 1416.000000 979.000000 1311.000000
1163.000000 1558.000000 1074.000000 849.000000 941.000000
1540.000000 2289.000000 510.000000 1289.000000 76.000000
949.000000 2167.000000 942.000000 1126.000000 689.000000
1337.000000 1317.000000 797.000000 490.000000 700.000000
826.000000 2665.000000 592.000000 1716.000000 23.000000
1434.000000 906.000000 149.000000 307.000000 140.000000
805.000000 1095.000000 1203.000000 333.000000 1140.000000
1164.000000 2342.000000 550.000000 1340.000000 109.000000
1207.000000 1143.000000 1145.000000 472.000000 1093.000000
749.000000 1100.000000 1679.000000 259.000000 1601.000000
1451.000000 2300.000000 771.000000 1268.000000 432.000000
896.000000 1263.000000 924.000000 449.000000 841.000000
886.000000 2208.000000 1065.000000 1141.000000 847.000000
1109.000000 2924.000000 786.000000 2033.000000 215.000000
1381.000000 2204.000000 1351.000000 1116.000000 1050.000000
748.000000 1039.000000 202.000000 330.000000 156.000000
1042.000000 2230.000000 1374.000000 1091.000000 1256.000000
1420.000000 2439.000000 551.000000 1447.000000 69.000000
1046.000000 1296.000000 957.000000 475.000000 870.000000

22.000000 1066.653809 33.820507 129.936203 9.082350 340.561279 -1.432102 2.493267 195.222519
32.000000 93.287590 428.880493 1009.976196 447.820099 2.869412 545.523987 340.691895 408.370850
53.000000 153.426666 0.061104 856.663269 20.118782 2.821979 182.410248 266.490021 36.347775
110.000000 1506.786011 1665.083496 2050.203613 1678.273315 783.406128 1588.694458 993.311035 1600.399414
187.000000 733.332336 1046.722534 203.318588 1037.515137 163.385391 1026.990967 13.502574 1051.054199
75.000000 846.509705 413.122833 316.645935 404.626678 247.646103 412.326447 2.802688 515.406250
169.000000 206.643921 1031.381470 733.332397 1040.056030 3.411792 1047.132446 163.365448 1020.190674
80.000000 773.347107 66.198647 256.636871 51.013683 241.791580 103.749519 17.795208 222.135300
65.000000 393.009460 97.332275 843.302795 111.006432 22.639603 258.634003 277.902557 128.997070
24.000000 1320.515381 1110.009155 1312.972290 1533.326904 626.134583 1076.411133 600.350708 1466.469482
3.000000 1349.998657 1819.078003 1773.330933 1818.438721 100.387383 1783.632202 966.973877 1894.260132
87.000000 1493.358765 1102.717407 1913.341309 1105.419434 809.591919 980.833313 1052.970093 941.107971
36.000000 1362.775513 1106.592651 1354.909058 1520.093384 555.488037 1073.249146 530.028564 1429.764038
50.000000 913.291748 11.837349 500.019257 2.483099 269.220856 24.559916 1.980591 174.251648
21.000000 1385.462280 645.751099 1785.513550 553.811646 486.932770 624.657349 754.296509 338.857819
35.000000 1324.693970 1530.068970 1330.083374 1163.383545 500.068787 1433.587769 527.006592 1073.358765
2.000000 3070.000732 1062.590332 2703.331299 1062.238770 2600.299805 571.550781 1740.837402 737.666138
4.000000 2703.332275 1055.821899 3070.000244 1055.986572 1773.280273 723.059021 2599.936768 563.006409
215.000000 1080.000244 1683.116943 726.667480 1682.683472 250.122482 1603.626465 110.081184 1597.984741
15.000000 2116.132812 1513.174194 2096.809814 1173.135742 1083.806519 1466.686768 1103.451904 1003.338379
268.000000 1069.999634 1656.478516 733.328430 1657.033936 243.314117 1577.304077 116.762413 1573.489746
131.000000 1746.647339 1751.214844 1416.674805 1754.223877 1003.423828 1685.034790 820.099487 1674.871582
29.000000 1420.064697 1510.014648 1421.461304 1186.672974 641.958801 1466.804199 668.665466 1086.572876
91.000000 829.012085 393.262390 851.993042 73.237083 247.742599 403.055145 277.325317 163.003723
151.000000 1708.556519 1650.028931 1702.272583 1336.687988 943.237427 1579.995117 952.130127 1406.604980
23.000000 1446.219360 1189.992554 1445.605713 1503.331299 696.482666 1079.530151 669.737122 1469.524780
281.000000 1745.957397 642.874390 1451.538574 729.170959 767.233093 494.299866 886.027588 457.913574
16.000000 2733.333984 1654.774048 2433.333008 1654.679688 1670.112915 1637.171021 1220.297241 1619.218994
197.000000 1893.357422 1114.671265 1599.986328 1111.133057 970.029724 963.518921 823.389832 987.019348
181.000000 2139.333008 724.357910 1895.687988 561.490967 1066.199097 365.536957 933.902710 280.588715
18.000000 2795.625977 822.292175 3065.844971 810.754272 1870.531250 317.813446 2286.140137 195.548218
11.000000 1449.797119 736.817993 1314.064941 969.309570 615.766846 359.600098 357.213623 880.365234
159.000000 1912.068970 580.390198 1650.365479 547.124451 832.159790 311.526306 678.853088 384.587830
107.000000 1109.986084 448.548462 1359.997070 450.396881 345.706665 407.769836 543.102783 322.797791
290.000000 1594.456909 794.475769 1843.817627 807.101318 817.377747 637.029968 930.063354 590.152283
30.000000 3044.065186 1559.423828 3009.068115 1312.520508 2027.062256 1473.323486 2017.618652 1093.309692
94.000000 1425.397705 719.746460 1656.015747 638.159973 537.326660 721.263794 653.872620 519.788879
95.000000 1660.904419 634.251526 1901.760132 672.146179 645.268921 527.569580 845.604370 412.356781
130.000000 1977.803833 734.343811 1748.906982 651.303223 900.960022 434.970184 722.612915 485.687988
162.000000 1863.790527 693.971985 2051.579834 836.876892 887.489319 454.133972 1038.617798 525.471680
71.000000 2676.651123 845.159973 2449.972412 843.226196 1696.868774 410.742859 1429.159668 483.577942
112.000000 2116.720459 587.501343 2343.353760 592.389526 1116.531372 246.285141 1313.272583 176.495407
84.000000 1907.171387 533.314026 1898.515869 306.850800 932.771362 250.179535 948.781311 3.038450
154.000000 1624.442749 699.643494 1433.106323 817.572876 776.534302 516.432983 654.190247 637.565491
260.000000 890.005737 243.118607 1113.357910 249.081146 292.470947 238.172089 409.764435 182.834045
134.000000 2340.045654 882.138489 2560.016846 877.453430 1376.844482 550.586243 1551.313843 497.664673
46.000000 2403.370361 1661.652710 2623.336914 1666.509521 1249.987793 1630.269409 1570.087036 1644.740845
164.000000 1070.000854 1380.894531 853.334412 1381.109863 380.140350 1308.602417 216.699554 1320.453491
228.000000 2181.553223 735.343994 2020.506836 592.760864 1150.924438 422.100983 1061.274780 319.314209
28.000000 2977.151611 813.398743 2773.527100 876.542603 2138.480957 236.825317 1804.182007 430.903534
72.000000 2453.330566 777.002747 2663.343750 778.755981 1429.016724 389.989563 1687.808960 313.884216
289.000000 1103.344116 300.742126 896.681030 299.880981 402.028503 237.341858 292.290955 291.209808
177.000000 753.189209 1124.686157 712.876953 924.079041 176.350296 1012.597107 138.601440 857.901062
39.000000 3049.751953 797.945984 2849.768066 802.060303 2231.364746 173.721573 1901.847656 282.001587
63.000000 1520.334595 343.514618 1526.053345 543.255432 657.941528 80.379181 634.377563 366.752594
138.000000 1880.576904 586.845459 2049.992432 688.951172 769.721008 348.789307 949.452881 337.755249
42.000000 2853.577393 822.713989 3050.216797 827.233032 1931.963989 309.306915 2254.222900 222.007523
109.000000 1690.244873 1119.995117 1694.118164 1313.317627 967.343628 970.033386 956.979126 1180.015381
233.000000 1096.672363 1143.556152 906.666870 1143.209595 410.016205 1160.129272 276.690613 1176.857422
20.000000 2886.667236 1214.920776 2696.666016 1214.985352 2539.890137 892.433655 2136.870117 941.665039
120.000000 1056.634277 727.650513 1243.427856 733.793945 152.914688 698.624146 342.595184 640.907471
27.000000 2822.508057 815.301697 2687.911133 940.853943 1896.954346 300.604370 1659.252808 606.466736
68.000000 2729.980957 732.278320 2546.660400 730.736755 1820.057861 200.180496 1550.046753 286.812439
59.000000 2768.431396 884.185242 2686.751221 1046.691650 1811.443237 442.325012 1679.230103 704.570312
115.000000 2390.578125 1632.155151 2227.310059 1552.022339 1194.989990 1594.746094 1026.913208 1479.643433
34.000000 2673.441162 930.116150 2799.941650 803.292053 1657.217773 558.499207 1881.882812 274.282013
182.000000 2034.480835 668.967346 2149.668945 796.964478 1154.960449 524.053589 1082.026123 385.599335
126.000000 1532.340576 943.696960 1686.108887 874.665771 813.803345 844.712524 936.540649 700.870605
145.000000 1279.462891 1552.226562 1127.859985 1625.792480 375.089203 1468.173462 242.656326 1582.549438
141.000000 1556.110352 565.492065 1403.934204 637.563843 690.326599 380.591339 568.082397 508.162476
217.000000 1331.292236 989.206421 1391.831665 833.490967 605.265137 896.253662 644.610779 762.727539
142.000000 568.275696 706.820740 583.953125 543.073547 122.101196 763.134216 150.247375 588.962646
113.000000 1673.319580 1651.794434 1509.999268 1653.253174 990.032349 1619.229858 783.310242 1610.550415
129.000000 2559.985840 1241.287476 2400.005371 1239.521729 1496.810059 1034.600464 1313.187500 1055.378052
212.000000 1309.997192 506.827759 1466.674072 509.577271 473.496216 410.411377 605.872070 357.993347
271.000000 2499.998291 593.522278 2656.682373 594.963013 1508.648682 102.857361 1626.979614 60.882336
234.000000 2563.331055 1680.402832 2406.669434 1679.505737 1403.525269 1663.287720 1269.865845 1655.695435
116.000000 1719.323364 756.804016 1570.355225 788.344604 889.507568 558.254272 714.373291 659.360779
56.000000 1394.947266 831.476929 1505.805176 728.804077 632.082520 753.565430 826.734741 529.361877
90.000000 1183.550171 1012.666809 1215.004028 865.598145 522.382751 979.803589 571.597351 741.597290
180.000000 866.689453 562.125183 716.617126 559.294067 337.020782 520.941528 189.859299 576.292603
12.000000 1370.061646 1686.458130 1520.003296 1683.502197 496.668671 1609.933105 990.056152 1624.803833
132.000000 1701.274902 1330.026245 1699.405029 1183.340942 966.743591 1166.669922 974.612183 983.388245
216.000000 1641.044922 818.543945 1512.886719 889.875305 863.731018 633.692871 770.344116 736.977783
165.000000 2553.334229 1696.423828 2696.666016 1696.880493 1463.070190 1691.242920 1626.629395 1700.647217
250.000000 1489.211792 1353.430298 1506.420410 1493.363647 710.415527 1219.802979 701.616028 1350.109131
231.000000 2016.652222 424.152802 2153.335205 426.556213 1039.156616 74.718689 1163.681885 20.805088
205.000000 796.662903 887.041748 930.016235 888.373474 206.973007 867.913452 346.726074 833.575134
296.000000 2153.336914 459.126709 2019.992310 458.593384 1160.548828 64.604637 1049.633789 112.485092
119.000000 2618.122559 956.301697 2592.818359 1086.473145 1656.900391 476.276733 1585.883423 662.555664
280.000000 2376.605225 464.699921 2246.717773 458.861176 1482.731201 1.776442 1366.666870 46.667297
277.000000 2031.131226 661.336609 1918.172119 597.342529 1087.949219 435.536407 1001.039429 345.661499
261.000000 1925.401611 593.080017 2037.860596 657.929504 1016.486938 347.172272 894.366638 303.759979
242.000000 1989.204956 910.807861 1897.767212 818.905090 1074.591431 636.637207 996.551575 530.084290
265.000000 729.755005 1673.538696 856.687317 1663.596802 119.911148 1585.721436 246.526550 1590.432495
273.000000 2622.280518 1099.768677 2628.971924 972.927429 1598.817261 689.652222 1634.211182 569.278015
214.000000 2439.998047 1754.109985 2566.663818 1754.437622 1269.931152 1757.447266 1409.725708 1769.776245
176.000000 1902.199951 681.748535 2005.389771 748.636597 887.631775 414.588684 1030.626953 485.400604
270.000000 2156.860107 462.451630 2276.760498 467.955109 1165.653687 67.360481 1282.954468 22.346062
124.000000 2641.019287 1048.278076 2675.755615 934.356079 1610.680664 750.202148 1665.311401 566.264160
118.000000 2523.363770 1637.663696 2406.664795 1637.039062 1396.846924 1600.811157 1194.989990 1594.746094
