Keypoint Matches and Line Matches for pairs 1, 13 
1 corresponds to the image ./resources/Data/HerzP25/images/0001.png 
13 corresponds to the image ./resources/Data/HerzP25/images/0013.png 

4.000000 1070.555664 809.942139 1735.776001 836.469788
5.000000 1059.933594 1319.998657 1748.026367 1403.303955
8.000000 911.405396 1310.097534 1582.619629 1390.110474
9.000000 946.121643 809.730896 1606.133423 832.748352
22.000000 881.646912 866.426758 1580.758301 919.958496
491.000000 493.259399 1010.636780 1366.575195 1154.745728
480.000000 490.141876 1085.107910 1363.389893 1215.557251
12.000000 1238.949097 1263.287598 2002.774780 1360.006470
226.000000 1272.360962 1303.405640 2064.070801 1363.336426
58.000000 1279.616699 1066.654907 2019.397217 1029.968506
132.000000 130.360779 897.045532 1203.668213 1091.267822
123.000000 1182.284912 648.332825 1849.541382 636.153687
124.000000 991.118713 595.919800 1617.466187 598.416626
41.000000 1148.137329 246.898087 1492.807861 254.169739
99.000000 1278.657959 1056.844116 2019.007568 1023.303345
171.000000 1163.952148 677.591370 1833.877686 673.514404
510.000000 990.105286 632.923523 1627.148438 641.058533
210.000000 1070.465454 1327.278564 1763.554565 1406.177002
211.000000 900.387634 1318.847168 1566.778320 1403.027222
1057.000000 1088.186768 423.159729 1574.000000 401.000000
268.000000 996.008118 645.390259 1639.251953 653.123779
269.000000 1142.862793 685.111389 1813.445068 682.699341
348.000000 1085.045410 798.344604 1746.795044 814.544006
349.000000 950.798401 783.010437 1593.408325 812.919678
551.000000 880.406128 674.883057 1532.940063 702.470703
285.000000 1127.097290 609.799927 1807.586060 602.377686
1344.000000 1004.000000 730.000000 1742.000000 751.000000
1215.000000 1184.000000 793.000000 1869.000000 784.000000
1146.000000 3017.000000 87.000000 479.000000 261.000000
1437.000000 861.000000 1383.000000 494.000000 1425.000000
618.000000 2987.000000 335.000000 16.000000 524.000000
1309.000000 1117.000000 1173.000000 1888.000000 1223.000000
1440.000000 1403.000000 1426.000000 1995.000000 1453.000000
1341.000000 1233.000000 1703.000000 1292.000000 1818.000000
772.000000 1135.000000 1075.000000 1895.000000 1058.000000
1520.000000 1165.000000 788.000000 1851.000000 788.000000
951.000000 1116.000000 1191.000000 1888.000000 1240.000000
1465.000000 3058.000000 186.000000 378.000000 285.000000
1375.000000 995.000000 1449.000000 1601.000000 1540.000000
1091.000000 913.000000 1667.000000 663.000000 1722.000000
980.000000 1375.000000 835.000000 2014.000000 734.000000
777.000000 1238.000000 821.000000 1980.000000 784.000000
1507.000000 821.000000 1402.000000 1117.000000 1462.000000
1469.000000 632.000000 1431.000000 1350.000000 1492.000000
1242.000000 3025.000000 10.000000 191.000000 526.000000

118.000000 1675.790527 669.385559 1159.072021 502.879639 2019.543213 685.972473 1836.501465 654.288025
2.000000 1070.555664 809.942139 1059.933594 1319.998657 1735.776001 836.469788 1748.026367 1403.303955
4.000000 911.405396 1310.097534 946.121643 809.730896 1582.619629 1390.110474 1606.133423 832.748352
11.000000 881.646912 866.426758 861.548889 1286.900024 1580.758301 919.958496 1573.616455 1363.337891
195.000000 1308.260742 903.483215 1300.885986 1310.016113 1931.485596 1063.327759 1932.020996 1206.671509
99.000000 1068.633179 1216.620850 1082.057739 816.623840 1833.534302 1133.330933 1831.162109 929.986450
248.000000 112.967567 966.483704 493.259399 1010.636780 1240.007446 1146.550781 1366.575195 1154.745728
30.000000 1356.862793 966.671936 1347.680298 1310.027100 2187.103027 1139.956543 2190.834717 1463.285278
143.000000 1180.350830 271.667938 1096.031128 603.112976 1835.539917 434.262268 1807.586060 602.377686
128.000000 1078.951050 592.716797 1118.946289 308.444794 1562.107910 600.012085 1560.328613 419.963806
6.000000 1238.949097 1263.287598 1249.833862 1013.181030 2002.774780 1360.006470 1997.247070 886.659912
29.000000 1272.360962 1303.405640 1279.616699 1066.654907 2023.161865 1356.707031 2019.397217 1029.968506
291.000000 520.427673 754.326721 292.834473 712.729492 1369.994019 990.060669 1256.779175 978.862244
66.000000 346.651489 923.457520 130.360779 897.045532 1433.404663 1105.515625 1203.668213 1091.267822
62.000000 1182.284912 648.332825 991.118713 595.919800 1849.541382 636.153687 1617.466187 598.416626
20.000000 1148.137329 246.898087 1083.216309 425.411865 1548.094482 611.565552 1492.807861 254.169739
50.000000 1278.657959 1056.844116 1284.882202 870.051636 2019.007568 1023.303345 2015.723022 766.678772
86.000000 1163.952148 677.591370 990.105286 632.923523 1833.877686 673.514404 1626.487915 637.701538
106.000000 1070.465454 1327.278564 900.387634 1318.847168 1763.554565 1406.177002 1566.778320 1403.027222
135.000000 996.008118 645.390259 1142.862793 685.111389 1639.251953 653.123779 1813.445068 682.699341
105.000000 909.888062 1347.265137 1056.625610 1351.441772 1556.216797 1437.898071 1753.230713 1430.573730
281.000000 940.353027 157.434341 810.269775 217.253311 1193.735718 217.071640 1111.807373 298.485443
175.000000 1085.045410 798.344604 950.798401 783.010437 1746.795044 814.544006 1593.408325 812.919678
220.000000 698.072083 360.092834 689.273254 493.285309 1279.366455 473.558167 1324.885254 601.815247
279.000000 880.406128 674.883057 996.008118 645.390259 1532.940063 702.470703 1639.251953 653.123779
