Keypoint Matches and Line Matches for pairs 1, 7 
1 corresponds to the image ./resources/Data/HerzP25/images/0001.png 
7 corresponds to the image ./resources/Data/HerzP25/images/0007.png 

1195.000000 2384.742920 143.571747 1472.000000 309.000000
327.000000 1664.128784 222.937759 253.385757 701.516174
50.000000 1675.790527 669.385559 370.039612 1015.354309
52.000000 1159.739868 494.135529 3.292670 998.045837
53.000000 1670.127197 659.607544 370.033630 1008.858948
518.000000 2434.848389 451.612549 1580.666382 588.927002
21.000000 2829.491699 294.428802 2786.442139 156.924240
15.000000 2855.893311 284.601685 2806.671387 129.926834
1433.000000 2532.900879 -3.652199 2007.000000 56.000000
273.000000 1773.259399 648.569946 409.729492 976.320923
288.000000 1634.155396 284.200317 227.089676 737.984009
290.000000 1082.057739 816.623840 213.353210 1172.373291
166.000000 2343.916504 498.695099 1460.002563 665.471558
305.000000 2467.516357 817.840454 1753.327637 966.640198
70.000000 2383.250977 1336.519409 1635.920044 1513.285522
59.000000 2375.797119 1003.129211 984.239441 1136.825684
84.000000 2424.782959 1300.048340 1722.175537 1480.029419
64.000000 2338.519287 1009.959900 1100.862549 1163.277466
69.000000 2345.593506 1336.689941 994.806641 1489.933838
93.000000 2318.082275 1009.849915 1077.979736 1163.369385
124.000000 2260.469971 329.992767 1197.739380 553.341003
807.000000 2255.538086 9.966022 1211.000000 275.000000
196.000000 2441.985352 611.707397 1663.040649 736.258850
272.000000 1680.969482 368.415833 314.275940 810.372498
218.000000 2227.268555 3.286136 1186.087769 266.652832
433.000000 2228.634033 310.020935 1157.217529 537.367371
88.000000 2440.682861 1300.260864 1742.006592 1480.039673
85.000000 2432.278320 1000.029541 1713.780640 1149.988647
60.000000 2453.378906 1006.665588 1704.616455 1153.297852
77.000000 2460.499756 1306.733887 1766.586304 1486.775391
68.000000 2396.914062 1009.994507 1007.133118 1143.349976
103.000000 2403.334229 1300.073730 1660.156006 1470.076294
107.000000 1679.590820 353.109344 294.309875 789.975586
82.000000 1783.794434 1449.983398 335.151306 1593.507202
236.000000 1785.452515 1163.307007 391.335236 1389.837891
780.000000 2466.657227 1460.409058 1374.000000 1646.000000
74.000000 2060.086670 1450.053833 706.637451 1625.933105
75.000000 1793.253540 1456.883789 363.321838 1628.401733
1298.000000 1773.725220 661.127808 405.000000 999.000000
463.000000 1697.636841 417.613800 320.298920 817.433899
355.000000 2520.541016 682.845886 1790.653809 792.782227
1451.000000 1378.683105 1213.383789 409.000000 1454.000000
241.000000 2806.848145 818.430115 2644.359375 813.920654
565.000000 1279.616699 1066.654907 382.750580 1349.946167
10.000000 2858.055176 579.573303 2849.644287 490.593475
8.000000 2645.321289 468.720337 2163.155518 487.177185
9.000000 2838.656250 595.384460 2830.090576 518.041748
40.000000 2303.085693 986.607483 1021.628906 1086.722534
78.000000 2304.444092 427.261200 1220.772217 633.960693
553.000000 2442.250732 603.768799 1653.353149 739.971130
1084.000000 1852.489380 833.388428 498.000000 1116.000000
381.000000 2076.414795 739.659241 832.929382 989.118408
263.000000 2657.806396 439.964508 2217.089844 446.401917
451.000000 2484.338135 923.208130 1863.496704 1039.458130
1471.000000 1735.724609 658.283203 377.000000 998.000000
275.000000 2805.905762 799.686096 2642.648926 792.785706
346.000000 2809.164307 294.296051 2700.075684 165.087173
171.000000 2654.068604 159.659576 2283.245361 141.552307
377.000000 2166.754150 677.359985 1456.729126 883.661194
143.000000 2836.974365 1166.655151 2870.322021 1251.452637
261.000000 2236.579346 1552.355835 1049.981567 1719.081299
26.000000 2651.356689 201.661194 2190.115723 177.829544
27.000000 2798.897461 321.358978 2663.346924 203.078232
278.000000 2717.239258 579.995361 2390.516357 573.349792
254.000000 1623.249512 266.465424 201.220703 735.175781
255.000000 1474.142212 170.247482 3.970139 718.933228
265.000000 2226.014648 579.470337 1375.067993 766.207214
516.000000 2318.445801 723.383057 1585.057129 877.548218
545.000000 2306.434326 609.211853 1488.270996 769.114685
121.000000 2089.598633 1626.988770 749.977112 1795.322998
1180.000000 2485.714844 1133.360840 1776.000000 1284.000000
43.000000 2480.887939 966.640930 1768.180664 1096.712646
348.000000 1612.107666 166.742905 204.146133 670.475281
568.000000 2150.664795 836.852234 1404.192993 1030.006592
306.000000 2727.734375 812.970276 2368.609619 880.967834
157.000000 1556.734741 258.244171 111.540993 741.847046
314.000000 2789.767822 789.537659 2652.775879 764.181458
226.000000 1936.662842 1426.030273 764.299011 1595.315918
383.000000 2739.609375 753.442322 2425.572021 770.395630
384.000000 2735.216309 603.375793 2411.553467 613.492371
192.000000 1943.339478 1483.513428 583.331909 1653.092773
193.000000 1796.616943 1488.550293 349.987030 1654.474976
540.000000 1685.527832 405.000916 315.679321 829.516235
499.000000 1933.692017 1469.974487 560.209351 1641.136719
371.000000 1826.371460 83.829216 520.036560 529.174561
372.000000 1707.009399 12.757710 359.907745 522.083313
541.000000 1603.559570 306.499512 212.424255 766.055542
1055.000000 1786.148682 1023.332275 400.000000 1276.000000
47.000000 2364.891846 392.544800 1444.885498 551.696472
519.000000 2472.725342 541.766113 1687.521729 655.289856
276.000000 2407.182617 427.786469 1535.322510 580.229309
562.000000 2058.429443 1189.994385 810.251892 1389.822388
563.000000 2058.846436 1320.025024 803.495972 1507.060181
292.000000 2007.345703 870.666382 743.331970 1116.768433
293.000000 1883.551025 839.145020 556.654602 1114.212524
649.000000 2307.728760 328.104218 1307.000000 538.000000
1067.000000 2249.258057 1283.458984 1390.000000 1502.000000
123.000000 2245.450684 1159.934692 1353.678955 1340.001709
515.000000 2536.627197 1487.272095 1793.341797 1671.742188
421.000000 2075.016357 1190.051025 833.440735 1384.055176
1080.000000 2313.225586 0.998432 1364.000000 210.000000
405.000000 2053.518555 489.615417 816.524353 773.659241
406.000000 1943.373047 436.584198 666.621460 767.829468
437.000000 2310.685791 776.954773 1600.256348 936.524536
438.000000 2264.273926 664.896484 1501.845703 834.879700
286.000000 2873.281982 1570.000366 2907.447510 1803.683472
360.000000 2014.622681 334.220032 793.412170 657.469604
361.000000 1912.986084 280.658875 630.029724 652.379028
1257.000000 1760.101685 824.045410 368.000000 1123.000000
618.000000 2656.000000 64.000000 2468.000000 28.000000
1260.000000 2725.000000 1444.000000 2858.000000 1617.000000
1199.000000 2389.000000 461.000000 1505.000000 617.000000
1126.000000 2233.000000 381.000000 1182.000000 610.000000
739.000000 1793.000000 1569.000000 399.000000 1725.000000
724.000000 2635.000000 789.000000 2140.000000 856.000000
796.000000 1184.000000 793.000000 162.000000 1156.000000
1547.000000 2788.000000 1385.000000 2849.000000 1545.000000
676.000000 2276.000000 374.000000 1267.000000 584.000000
795.000000 2351.000000 422.000000 1422.000000 599.000000
1489.000000 2601.000000 1158.000000 1986.000000 1289.000000
1197.000000 2157.000000 453.000000 1032.000000 705.000000
1205.000000 2631.000000 1455.000000 1999.000000 1637.000000
1472.000000 2538.000000 1201.000000 1851.000000 1348.000000
737.000000 2320.000000 384.000000 1357.000000 573.000000
0.000000 2847.000000 290.000000 2802.944824 141.701767
1266.000000 2398.000000 1656.000000 890.000000 1861.000000
1473.000000 2809.000000 317.000000 2704.000000 195.000000
1179.000000 2371.000000 440.000000 1464.000000 606.000000
1028.000000 2271.000000 70.000000 1262.000000 305.000000
902.000000 2297.000000 40.000000 1972.000000 195.000000
810.000000 2672.000000 1388.000000 2235.000000 1556.000000
1010.000000 2331.000000 409.000000 1380.000000 595.000000
840.000000 1715.000000 1800.000000 58.000000 2029.000000
688.000000 1646.000000 122.000000 272.000000 623.000000
917.000000 1632.000000 180.000000 226.000000 675.000000
1457.000000 2545.000000 1038.000000 1875.000000 1165.000000
1330.000000 2478.000000 641.000000 1714.000000 759.000000
356.000000 2554.000000 1510.000000 1834.393677 1696.650513
776.000000 2078.000000 1414.000000 837.000000 1594.000000
922.000000 2320.000000 432.000000 1338.000000 615.000000
645.000000 1870.000000 784.000000 507.000000 1073.000000
828.000000 2123.000000 594.000000 961.000000 843.000000
1567.000000 2142.000000 827.000000 1035.000000 1047.000000
927.000000 2828.000000 675.000000 2771.000000 626.000000
1136.000000 2145.000000 519.000000 1006.000000 769.000000
1382.000000 2584.000000 948.000000 1984.000000 1054.000000
768.000000 2406.000000 485.000000 1545.000000 633.000000
1232.000000 2800.000000 482.000000 2764.000000 393.000000
1475.000000 2799.000000 445.000000 2691.000000 273.000000
777.000000 2621.000000 940.000000 2100.000000 1036.000000
1212.000000 2478.000000 614.000000 1716.000000 729.000000
1047.000000 2004.000000 402.000000 660.000000 732.000000
1332.000000 2647.000000 898.000000 2174.000000 976.000000
1222.000000 2684.000000 799.000000 2056.000000 872.000000
11.000000 2651.000000 446.000000 2189.595215 458.261963
1202.000000 2676.000000 1235.000000 2227.000000 1333.000000
799.000000 2400.000000 920.000000 1655.000000 1065.000000
1143.000000 2436.000000 512.000000 1613.000000 645.000000
1239.000000 1252.000000 824.000000 386.000000 1145.000000
1415.000000 2518.000000 834.000000 1808.000000 948.000000
631.000000 1135.000000 1075.000000 231.000000 1370.000000
975.000000 2270.000000 247.000000 1377.000000 438.000000
1159.000000 2682.000000 317.000000 2466.000000 296.000000
788.000000 2007.000000 959.000000 739.000000 1192.000000
762.000000 1165.000000 788.000000 189.000000 1157.000000
685.000000 2851.000000 1084.000000 2576.000000 1205.000000
1138.000000 2030.000000 16.000000 795.000000 381.000000
858.000000 2532.000000 1220.000000 1832.000000 1371.000000
1113.000000 2400.000000 457.000000 1533.000000 606.000000
1541.000000 2196.000000 441.000000 1142.000000 672.000000
1175.000000 2076.000000 936.000000 859.000000 1161.000000
813.000000 1784.000000 1042.000000 398.000000 1294.000000
1308.000000 1787.000000 1485.000000 340.000000 1653.000000
1381.000000 2684.000000 1198.000000 2710.000000 1347.000000
1131.000000 2482.000000 403.000000 1928.000000 517.000000
1012.000000 2437.000000 542.000000 1620.000000 673.000000
912.000000 2457.000000 921.000000 1707.000000 1057.000000
1040.000000 2358.000000 988.000000 1971.000000 1166.000000
476.000000 2632.000000 336.000000 2140.176514 351.452026
931.000000 2452.000000 544.000000 1651.000000 670.000000
1466.000000 1520.000000 1171.000000 610.000000 1388.000000
877.000000 2452.000000 573.000000 1654.000000 699.000000
730.000000 2287.000000 55.000000 1263.000000 278.000000
710.000000 1673.000000 158.000000 271.000000 640.000000
938.000000 2350.000000 1357.000000 1002.000000 1536.000000
1347.000000 2657.000000 1289.000000 2192.000000 1437.000000
959.000000 2139.000000 1233.000000 904.000000 1388.000000
1379.000000 2513.000000 894.000000 1815.000000 1013.000000
1365.000000 2057.000000 736.000000 801.000000 990.000000
1161.000000 2382.000000 433.000000 1490.000000 592.000000
893.000000 1777.000000 750.000000 405.000000 1063.000000
277.000000 2466.000000 578.000000 1696.351807 683.421387
79.000000 2387.000000 476.000000 1554.295410 650.018250
1118.000000 2372.000000 274.000000 1710.000000 423.000000
1075.000000 2277.000000 1335.000000 992.000000 1494.000000
1386.000000 2172.000000 883.000000 1450.000000 1067.000000
1555.000000 2610.000000 22.000000 2084.000000 23.000000
1031.000000 2234.000000 1508.000000 1214.000000 1681.000000
1445.000000 2517.000000 1046.000000 1843.000000 1177.000000
1269.000000 2498.000000 716.000000 1762.000000 829.000000
767.000000 2095.000000 702.000000 857.000000 932.000000
1049.000000 2536.000000 339.000000 1879.000000 413.000000
362.000000 1847.000000 1054.000000 486.642395 1298.560303
625.000000 2465.000000 605.000000 1686.000000 727.000000
862.000000 1238.000000 821.000000 372.000000 1147.000000
1354.000000 2527.000000 1139.000000 1829.000000 1327.000000
48.000000 2069.000000 786.000000 1546.656738 1093.832764
1500.000000 2770.000000 370.000000 2600.000000 291.000000
1103.000000 2574.000000 751.000000 1985.000000 839.000000
1383.000000 2592.000000 876.000000 2109.000000 971.000000
908.000000 2298.000000 378.000000 1312.000000 578.000000
800.000000 1658.000000 888.000000 718.000000 1297.000000
1361.000000 2309.000000 399.000000 1336.000000 594.000000
1324.000000 2524.000000 1425.000000 1803.000000 1601.000000
1329.000000 2147.000000 1198.000000 1402.000000 1387.000000
1162.000000 1778.000000 795.000000 402.000000 1100.000000
1071.000000 2219.000000 994.000000 857.000000 1206.000000
1527.000000 1919.000000 1344.000000 578.000000 1530.000000
958.000000 2019.000000 93.000000 810.000000 454.000000
1530.000000 1787.000000 273.000000 446.000000 689.000000
1434.000000 1500.000000 1171.000000 715.000000 1441.000000
1337.000000 2108.000000 701.000000 1424.000000 971.000000
819.000000 1404.000000 111.000000 116.000000 664.000000
1447.000000 2064.000000 60.000000 885.000000 405.000000
1558.000000 2539.000000 1281.000000 1857.000000 1435.000000
990.000000 2411.000000 147.000000 1524.000000 314.000000
1011.000000 2526.000000 1025.000000 1825.000000 1198.000000
731.000000 1349.000000 805.000000 281.000000 1159.000000
417.000000 2836.000000 750.000000 2803.427490 716.876709
1422.000000 2382.000000 310.000000 1514.000000 473.000000
1380.000000 2797.000000 733.000000 2649.000000 712.000000
1340.000000 2538.000000 1364.000000 1338.000000 1519.000000
477.000000 2618.000000 328.000000 2009.450928 339.185028
1469.000000 2070.000000 225.000000 885.000000 542.000000
1317.000000 2034.000000 823.000000 696.000000 1067.000000
1579.000000 2589.000000 861.000000 2009.000000 938.000000
1255.000000 1908.000000 1786.000000 196.000000 1976.000000
793.000000 1138.000000 782.000000 115.000000 1155.000000
1506.000000 2662.000000 1009.000000 2175.000000 1114.000000
1505.000000 2095.000000 296.000000 1046.000000 548.000000
1452.000000 1146.000000 1398.000000 229.000000 1609.000000
673.000000 1776.000000 699.000000 406.000000 1023.000000
1524.000000 2820.000000 1007.000000 2828.000000 1043.000000
1256.000000 1762.000000 748.000000 379.000000 1065.000000
838.000000 2418.000000 925.000000 1768.000000 1054.000000
808.000000 1783.000000 1307.000000 380.000000 1508.000000
416.000000 2089.000000 424.000000 896.619080 710.807922
576.000000 1890.000000 411.000000 583.338928 762.933044
1430.000000 2284.000000 82.000000 1335.000000 300.000000
1437.000000 2639.000000 936.000000 2147.000000 1024.000000
391.000000 1940.000000 684.000000 650.018860 972.371765
666.000000 2557.000000 1311.000000 2452.000000 1452.000000
1259.000000 2644.000000 83.000000 2177.000000 76.000000
1328.000000 2388.000000 361.000000 1515.000000 520.000000
806.000000 2488.000000 678.000000 1739.000000 792.000000
1510.000000 2526.000000 853.000000 1809.000000 880.000000
1129.000000 2341.000000 396.000000 1402.000000 575.000000
846.000000 2150.000000 1452.000000 1006.000000 1652.000000
83.000000 1383.000000 960.000000 366.761475 1263.023560
1171.000000 2488.000000 939.000000 1708.000000 1075.000000
1301.000000 2757.000000 892.000000 2671.000000 919.000000
1036.000000 2149.000000 506.000000 968.000000 827.000000

25.000000 1675.790527 669.385559 1159.072021 502.879639 370.039612 1015.354309 3.304610 1004.284973
26.000000 1159.739868 494.135529 1670.127197 659.607544 3.292670 998.045837 370.033630 1008.858948
178.000000 2434.848389 451.612549 2561.078857 925.320740 1682.544189 664.522156 1790.653809 792.782227
10.000000 2487.876221 -1.903852 2829.491699 294.428802 2283.822266 125.510132 2786.442139 156.924240
7.000000 2855.893311 284.601685 2532.900879 -3.652199 2183.349121 89.753662 2806.671387 129.926834
145.000000 1795.925781 653.014587 1634.155396 284.200317 227.089676 737.984009 381.517670 846.425171
83.000000 2343.916504 498.695099 2467.516357 817.840454 1460.002563 665.471558 1673.150513 792.449280
35.000000 2383.250977 1336.519409 2375.797119 1003.129211 1635.920044 1513.285522 1629.574951 1169.946289
42.000000 2416.388428 973.254883 2424.782959 1300.048340 1722.175537 1480.029419 1713.780640 1149.988647
34.000000 2338.519287 1009.959900 2345.593506 1336.689941 1007.133118 1143.349976 994.806641 1489.933838
46.000000 2324.148926 1336.527710 2318.082275 1009.849915 1069.364990 1476.740845 1077.979736 1163.369385
62.000000 2260.469971 329.992767 2255.538086 9.966022 1197.739380 553.341003 1199.689209 279.997772
98.000000 2441.985352 611.707397 2500.300537 922.024048 1663.040649 736.258850 1781.098267 937.398926
137.000000 1680.969482 368.415833 1782.436035 663.537048 314.275940 810.372498 409.729492 976.320923
109.000000 2227.268555 3.286136 2228.634033 310.020935 1186.087769 266.652832 1187.192383 486.680756
91.000000 2448.744873 813.446167 2345.603516 533.375549 1699.260376 873.199951 1521.654419 710.894531
51.000000 2396.914062 1009.994507 2403.334229 1300.073730 1652.947632 1170.009277 1660.156006 1470.076294
53.000000 1451.859497 178.857040 1679.590820 353.109344 6.242233 723.971130 294.309875 789.975586
118.000000 1783.794434 1449.983398 1785.452515 1163.307007 374.256165 1600.345337 391.335236 1389.837891
135.000000 2837.340820 567.036438 2820.424561 292.895752 2739.293701 467.169800 2715.226318 273.927856
9.000000 2193.395020 1454.025269 2466.657227 1460.409058 1143.248413 1630.393066 1706.668823 1643.239746
155.000000 2874.303711 1048.215210 2812.843994 785.223083 2873.675049 1036.138306 2786.636475 878.179871
37.000000 2060.086670 1450.053833 1793.253540 1456.883789 706.637451 1625.933105 363.321838 1628.401733
233.000000 1773.725220 661.127808 1697.636841 417.613800 397.662659 926.941467 320.298920 817.433899
269.000000 2257.708252 680.941650 2309.064697 918.036560 1728.345703 1003.839111 1692.305664 885.961731
119.000000 1689.802856 417.841583 1766.531006 647.821045 390.986786 1094.565186 351.323395 887.196594
41.000000 1272.360962 1303.405640 1279.616699 1066.654907 335.151306 1593.507202 366.761475 1263.023560
5.000000 2858.055176 579.573303 2661.364502 447.960815 2849.644287 490.593475 2189.595215 458.261963
206.000000 2675.505615 1031.944580 2697.585693 801.505066 2241.242188 1036.582275 2296.149902 899.607910
4.000000 2645.321289 468.720337 2838.656250 595.384460 2163.155518 487.177185 2830.090576 518.041748
20.000000 2303.085693 986.607483 2307.436523 1213.382568 1021.628906 1086.722534 1007.800598 1490.038818
278.000000 2304.444092 427.261200 2442.250732 603.768799 1554.331665 671.881409 1653.353149 739.971130
192.000000 2076.414795 739.659241 2097.348633 519.431091 832.929382 989.118408 869.125916 835.674133
132.000000 2651.160645 226.526733 2657.806396 439.964508 2203.264404 250.239792 2217.089844 446.401917
227.000000 2484.338135 923.208130 2458.479248 715.610474 1842.347534 902.969604 1863.496704 1039.458130
158.000000 2805.905762 799.686096 2780.920898 594.927368 2652.775879 764.181458 2614.437256 588.306091
174.000000 2809.164307 294.296051 2654.068604 159.659576 2700.075684 165.087173 2529.828125 156.917145
190.000000 2166.754150 677.359985 2240.897217 867.043396 1456.729126 883.661194 1565.108643 998.714294
19.000000 2690.075684 1323.330688 2683.139648 1123.340088 2424.813232 1610.163940 2388.843506 1203.435669
71.000000 2844.309814 1363.545288 2836.974365 1166.655151 2906.395020 1513.370728 2870.322021 1251.452637
107.000000 2429.859375 1535.093384 2236.579346 1552.355835 1666.675537 1707.046021 1443.308472 1712.267944
13.000000 2651.356689 201.661194 2798.897461 321.358978 2190.115723 177.829544 2663.346924 203.078232
140.000000 2717.239258 579.995361 2718.722656 763.316711 2390.516357 573.349792 2384.442139 763.581604
287.000000 2253.437012 1584.323242 2433.554199 1565.440796 1343.361084 1737.795410 1226.683105 1740.667725
128.000000 1623.249512 266.465424 1474.142212 170.247482 201.220703 735.175781 3.970139 718.933228
103.000000 2226.014648 579.470337 2318.445801 723.383057 1384.968140 763.359253 1590.461060 865.715759
261.000000 2434.848389 451.612549 2504.179199 604.737976 1580.666382 588.927002 1687.521729 655.289856
274.000000 2371.934570 764.443848 2306.434326 609.211853 1586.667847 838.612244 1488.270996 769.114685
21.000000 2485.714844 1133.360840 2480.887939 966.640930 1778.106812 1489.963623 1768.180664 1096.712646
175.000000 1612.107666 166.742905 1613.527832 3.306060 204.146133 670.475281 223.350754 502.953186
286.000000 2150.664795 836.852234 2139.495117 676.238159 1404.192993 1030.006592 1405.089722 913.295593
154.000000 2727.734375 812.970276 2681.853760 965.216248 2368.609619 880.967834 2287.514160 1043.781006
74.000000 2400.522705 386.709198 2398.202148 233.360535 1546.813965 563.755371 1562.739014 306.629852
113.000000 2089.995850 1426.250366 1936.662842 1426.030273 957.985107 1500.328369 764.299011 1595.315918
193.000000 2739.609375 753.442322 2735.216309 603.375793 2425.572021 770.395630 2411.553467 613.492371
96.000000 1943.339478 1483.513428 1796.616943 1488.550293 583.331909 1653.092773 349.987030 1654.474976
272.000000 1685.527832 405.000916 1599.267578 291.359100 315.679321 829.516235 212.424255 766.055542
216.000000 1793.558716 1462.462524 1933.692017 1469.974487 359.625549 1644.813721 503.412659 1634.431885
187.000000 1826.371460 83.829216 1707.009399 12.757710 520.036560 529.174561 359.907745 522.083313
179.000000 2422.600586 1453.351685 2419.261230 1320.018555 1834.393677 1696.650513 1831.849731 1529.971802
23.000000 2240.444580 345.490631 2364.891846 392.544800 1074.647827 608.366821 1444.885498 551.696472
139.000000 2472.725342 541.766113 2407.182617 427.786469 1535.322510 580.229309 1696.351807 683.421387
112.000000 1603.366211 1124.056885 1473.332031 1129.972656 710.001099 1353.147583 493.322357 1351.890503
283.000000 2058.429443 1189.994385 2058.846436 1320.025024 810.251892 1389.822388 803.495972 1507.060181
106.000000 1153.362793 716.595581 1273.489624 766.288940 16.410501 1120.447632 239.465652 1100.647095
147.000000 2007.345703 870.666382 1883.551025 839.145020 743.331970 1116.768433 556.654602 1114.212524
61.000000 2249.258057 1283.458984 2245.450684 1159.934692 1352.338013 1616.661865 1353.678955 1340.001709
68.000000 2379.958984 522.380859 2282.129395 447.228088 1625.311279 720.959717 1372.642090 635.520081
259.000000 2413.319580 1489.051514 2536.627197 1487.272095 1666.661865 1672.358887 1793.341797 1671.742188
204.000000 2053.518555 489.615417 1943.373047 436.584198 816.524353 773.659241 666.621460 767.829468
220.000000 2310.685791 776.954773 2264.273926 664.896484 1600.256348 936.524536 1501.845703 834.879700
144.000000 2873.281982 1570.000366 2872.330566 1449.955078 2907.447510 1803.683472 2881.762939 1616.424805
182.000000 1580.139893 1021.583252 1696.779419 1011.275818 486.642395 1298.560303 649.991577 1300.654907
181.000000 2014.622681 334.220032 1912.986084 280.658875 793.412170 657.469604 630.029724 652.379028
