Keypoint Matches and Line Matches for pairs 2, 20 
2 corresponds to the image ./resources/Data/HerzP25/images/0002.png 
20 corresponds to the image ./resources/Data/HerzP25/images/0020.png 

48.000000 1802.682861 489.960327 830.014832 1090.326416
49.000000 1036.286255 338.592621 483.305359 1106.050171
46.000000 1036.785278 329.404572 480.012878 1100.270752
47.000000 1786.905151 478.802612 826.688416 1083.790649
468.000000 1696.352783 11.541501 720.743652 845.584534
454.000000 1680.186646 33.567886 723.105652 860.302246
172.000000 561.144409 873.164490 431.441650 1370.165649
193.000000 577.867615 873.295288 439.845856 1369.982422
194.000000 570.141296 1306.669189 417.095032 1570.048706
296.000000 426.524658 966.059082 306.647003 1415.840576
116.000000 2833.334229 816.666626 1436.251465 1146.659302
83.000000 2860.057373 1226.880127 1373.312012 1490.081665
54.000000 2878.766113 1222.774170 1437.047729 1526.751831
69.000000 2853.458008 826.020813 1334.219727 1166.793579
68.000000 2802.091309 1226.334717 1324.195068 1500.126221
379.000000 1473.793823 1239.992920 614.421448 1536.769531
174.000000 1467.944580 856.596313 604.264832 1320.091187
167.000000 1505.601562 860.015259 625.218140 1316.532959
168.000000 1511.081909 1243.317871 604.604797 1539.809692
343.000000 276.254669 1799.987061 117.086952 1776.718262
344.000000 287.803986 1433.159302 135.914505 1623.241089
91.000000 2980.670654 1186.845825 1408.193481 1483.368774
1236.000000 533.270752 964.542236 462.000000 1409.000000
86.000000 2953.884766 1180.936768 1382.618652 1490.065796
78.000000 2881.760010 830.101257 1359.444824 1169.983765
79.000000 2904.284180 1180.153320 1349.978638 1493.430298
283.000000 2794.356445 388.995026 1838.313354 792.622437
243.000000 1957.657715 1380.081055 828.636475 1610.144287
565.000000 1946.347046 1053.229004 845.653503 1376.576538
429.000000 306.199402 1162.294556 296.890808 1503.965332
134.000000 2723.245605 205.180878 1777.510010 658.035400
546.000000 1603.259888 1230.126709 520.325439 1533.878418
1361.000000 443.487274 691.776855 412.000000 1288.000000
173.000000 1425.420654 1236.681396 582.702087 1540.264648
154.000000 2910.321777 507.883789 2031.648071 846.384888
155.000000 2782.667480 287.402527 1848.708252 698.443176
437.000000 1804.581909 257.132416 795.732361 959.723083
96.000000 2691.312744 162.857086 1705.881592 635.837769
82.000000 2759.426270 813.164001 1381.203735 1170.111938
595.000000 1189.560547 690.541687 699.929077 1235.105225
395.000000 1390.453857 1196.657959 648.130066 1516.805786
396.000000 1386.341064 983.339600 661.757141 1373.500366
210.000000 2965.389404 279.088654 2014.715942 643.563782
209.000000 2840.401123 120.392166 1837.573120 564.632385
373.000000 2256.962158 694.703125 1116.646240 1159.567505
374.000000 2073.274902 667.054749 966.666748 1166.668701
279.000000 2253.290283 1014.216431 1089.995239 1376.473999
280.000000 2076.556885 1005.577393 923.348022 1380.593750
238.000000 2142.775635 185.159546 1056.852783 848.675659
327.000000 2069.896973 607.513855 960.075989 1130.991455
328.000000 2240.616455 628.260071 1116.589966 1118.999023
761.000000 436.690460 769.676147 404.000000 1323.000000
759.000000 266.611694 884.174438 399.000000 1382.000000
1038.000000 2686.118164 24.322550 1608.000000 554.000000
568.000000 163.600708 677.656677 316.529541 1296.097778
487.000000 1036.661255 580.708130 673.236328 1196.157349
561.000000 2153.139893 477.631592 1040.045654 1034.081665
562.000000 1996.740723 446.296753 923.203613 1041.205444
1468.000000 740.311157 915.873047 576.000000 1379.000000
1487.000000 583.280518 904.033630 621.000000 1384.000000
970.000000 1941.151367 889.956848 849.000000 1315.000000
244.000000 2368.923096 1073.219482 842.082642 1426.575073
217.000000 2673.365723 1343.674438 1193.044678 1573.303101
202.000000 2166.757324 805.928223 1033.274780 1244.972534
1164.000000 2052.142334 796.711670 936.000000 1249.000000
1219.000000 627.833923 596.740112 481.000000 1234.000000
489.000000 2878.093750 148.944504 1881.158081 564.203857
490.000000 2953.008301 250.240433 1994.507568 617.502686
311.000000 2060.398682 158.553070 986.785889 851.316284
157.000000 2610.273926 209.874313 1608.835693 700.910706
638.000000 736.951904 1416.520020 250.000000 1583.000000
361.000000 2672.761719 313.556396 1716.688477 746.551941
362.000000 2553.695068 294.415802 1570.523926 791.689514
1066.000000 2037.403198 1050.038330 907.000000 1411.000000
39.000000 169.260330 549.985229 143.589386 1249.554810
207.000000 1893.091431 626.941406 845.965759 1154.701050
1167.000000 2481.000000 483.000000 1715.000000 907.000000
161.000000 2468.000000 298.000000 1389.677124 843.704834
862.000000 2836.000000 1250.000000 1355.000000 1544.000000
1307.000000 2576.000000 87.000000 1495.000000 641.000000
977.000000 101.000000 1275.000000 215.000000 1547.000000
1014.000000 2963.000000 376.000000 2030.000000 722.000000
667.000000 245.000000 1320.000000 262.000000 1547.000000
492.000000 2430.000000 379.000000 1287.482056 869.277710
742.000000 2816.000000 167.000000 1767.000000 598.000000
853.000000 2483.000000 930.000000 828.000000 1401.000000
910.000000 191.000000 1213.000000 234.000000 1547.000000
1544.000000 1382.000000 712.000000 659.000000 1238.000000
1248.000000 688.000000 1743.000000 204.000000 1757.000000
903.000000 2424.000000 839.000000 1259.000000 1238.000000
1481.000000 2963.000000 342.000000 2031.000000 692.000000
1052.000000 2432.000000 306.000000 1317.000000 852.000000
697.000000 2134.000000 1277.000000 968.000000 1553.000000
201.000000 2456.000000 843.000000 1230.052002 1238.169434
1421.000000 2805.000000 132.000000 1793.000000 581.000000
1274.000000 2921.000000 296.000000 1965.000000 668.000000
653.000000 2693.000000 102.000000 1642.000000 605.000000
821.000000 2845.000000 194.000000 1809.000000 605.000000
1322.000000 1484.000000 681.000000 825.000000 1204.000000
877.000000 2640.000000 73.000000 1575.000000 605.000000
936.000000 2836.000000 159.000000 1837.000000 589.000000
1187.000000 80.000000 1225.000000 235.000000 1537.000000
1071.000000 2767.000000 1106.000000 1304.000000 1407.000000
739.000000 2409.000000 407.000000 1286.000000 930.000000
829.000000 1297.000000 683.000000 778.000000 1219.000000
1242.000000 2080.000000 112.000000 1049.000000 816.000000
1326.000000 1940.000000 914.000000 848.000000 1331.000000
399.000000 2216.000000 107.000000 1103.415405 781.334717
1532.000000 2382.000000 486.000000 1251.000000 991.000000
1563.000000 2871.000000 644.000000 1425.000000 1036.000000
1001.000000 2897.000000 259.000000 1890.000000 627.000000
1106.000000 2442.000000 220.000000 1333.000000 786.000000
999.000000 2322.000000 529.000000 1266.000000 1036.000000
1017.000000 2562.000000 1257.000000 1557.000000 1460.000000
1177.000000 1107.000000 510.000000 482.000000 1171.000000
1575.000000 2741.000000 93.000000 1705.000000 577.000000
1240.000000 2943.000000 333.000000 1999.000000 692.000000
1196.000000 16.000000 55.000000 131.000000 1125.000000
1198.000000 1274.000000 679.000000 764.000000 1220.000000
524.000000 2382.000000 247.000000 1236.787964 843.390564
738.000000 2757.000000 127.000000 1725.000000 597.000000
1129.000000 2465.000000 182.000000 1360.000000 751.000000
1286.000000 3056.000000 726.000000 1261.000000 1174.000000
460.000000 2826.000000 111.000000 1740.919434 546.746094
760.000000 2063.000000 1128.000000 904.000000 1472.000000
755.000000 714.000000 772.000000 508.000000 1311.000000
1205.000000 2786.000000 52.000000 1703.000000 533.000000
136.000000 1440.000000 830.000000 656.566406 1296.657227
1092.000000 2546.000000 101.000000 1458.000000 663.000000
77.000000 2848.000000 212.000000 1865.217285 632.055420
1096.000000 2401.000000 885.000000 1258.000000 1279.000000
995.000000 2674.000000 75.000000 1618.000000 592.000000
1495.000000 3038.000000 772.000000 1495.000000 1135.000000
1176.000000 87.000000 1353.000000 204.000000 1576.000000
992.000000 2608.000000 77.000000 1535.000000 621.000000
1221.000000 2160.000000 193.000000 1067.000000 848.000000
1023.000000 3029.000000 1247.000000 1384.000000 1546.000000
1370.000000 1090.000000 657.000000 698.000000 1222.000000
786.000000 742.000000 1146.000000 505.000000 1467.000000
947.000000 1116.000000 660.000000 712.000000 1221.000000
926.000000 2708.000000 81.000000 1661.000000 581.000000
945.000000 1979.000000 547.000000 870.000000 1125.000000
925.000000 1916.000000 571.000000 853.000000 1129.000000
432.000000 2170.000000 462.000000 1073.354614 1000.349304
1157.000000 3046.000000 1272.000000 1373.000000 1569.000000
1394.000000 2416.000000 671.000000 1289.000000 1109.000000
1095.000000 2562.000000 695.000000 1561.000000 1078.000000
861.000000 862.000000 1423.000000 265.000000 1607.000000
920.000000 2495.000000 613.000000 1423.000000 1049.000000
1364.000000 2364.000000 767.000000 1212.000000 1196.000000
1098.000000 2217.000000 333.000000 1108.000000 925.000000
958.000000 714.000000 719.000000 433.000000 1288.000000
1442.000000 2978.000000 1151.000000 1464.000000 1419.000000
788.000000 740.000000 1124.000000 503.000000 1481.000000
1578.000000 2983.000000 387.000000 2064.000000 725.000000
885.000000 42.000000 1303.000000 214.000000 1562.000000
1162.000000 1915.000000 539.000000 854.000000 1110.000000
1074.000000 1025.000000 649.000000 731.000000 1221.000000
390.000000 3015.000000 426.000000 2110.140381 749.871216
996.000000 2950.000000 719.000000 1352.000000 1077.000000
1410.000000 2303.000000 760.000000 1062.000000 1202.000000
1565.000000 2404.000000 312.000000 1288.000000 863.000000
716.000000 2517.000000 123.000000 1423.000000 690.000000
1193.000000 2849.000000 629.000000 1404.000000 1031.000000
1192.000000 2629.000000 100.000000 1560.000000 630.000000
585.000000 2441.000000 322.000000 1373.489868 856.784363
1045.000000 3033.000000 885.000000 1449.000000 1154.000000
312.000000 1912.000000 117.000000 826.590759 865.828430
1304.000000 1906.000000 475.000000 853.000000 1073.000000
1408.000000 2749.000000 734.000000 1492.000000 1183.000000
1222.000000 2363.000000 97.000000 1262.000000 723.000000
1351.000000 2368.000000 1406.000000 1094.000000 1646.000000
1271.000000 3033.000000 606.000000 2132.000000 914.000000
1521.000000 2008.000000 15.000000 957.000000 774.000000
1335.000000 2997.000000 465.000000 2056.000000 755.000000
433.000000 2520.000000 181.000000 1425.744263 748.567200
720.000000 2470.000000 222.000000 1362.000000 780.000000
679.000000 757.000000 1151.000000 69.000000 1547.000000
1054.000000 2599.000000 107.000000 1522.000000 648.000000
1373.000000 3011.000000 512.000000 2081.000000 791.000000
464.000000 1971.000000 475.000000 872.432861 1069.154053
897.000000 2418.000000 354.000000 1299.000000 889.000000
1428.000000 2317.000000 83.000000 1261.000000 709.000000
929.000000 2367.000000 826.000000 1209.000000 1236.000000
678.000000 3021.000000 699.000000 1861.000000 1065.000000
512.000000 2353.000000 108.000000 1287.321777 730.570007
893.000000 2811.000000 46.000000 1638.000000 534.000000
76.000000 2619.000000 128.000000 1541.304810 658.218262
840.000000 2490.000000 150.000000 1391.000000 720.000000
1419.000000 2069.000000 294.000000 984.000000 934.000000
1006.000000 2407.000000 378.000000 1291.000000 912.000000
1531.000000 2261.000000 756.000000 1154.000000 1159.000000
663.000000 1912.000000 512.000000 854.000000 1094.000000
803.000000 1982.000000 976.000000 872.000000 1367.000000
273.000000 2621.000000 21.000000 1524.219238 579.350647

24.000000 1802.682861 489.960327 1036.286255 338.592621 830.014832 1090.326416 483.305359 1106.050171
23.000000 1036.785278 329.404572 1786.905151 478.802612 480.012878 1100.270752 826.688416 1083.790649
235.000000 1696.352783 11.541501 1966.607910 462.725433 828.272156 919.479980 720.743652 845.584534
75.000000 2849.125977 232.681320 3030.793945 707.434204 1982.387695 707.424133 2112.227539 906.370789
228.000000 1936.525024 452.475159 1680.186646 33.567886 723.105652 860.302246 829.079285 940.130554
195.000000 2874.342773 149.683853 3072.748535 557.214417 2011.405762 642.316223 2110.140381 749.871216
86.000000 552.873108 1306.912109 561.144409 873.164490 406.148254 1590.323364 431.441650 1370.165649
97.000000 577.867615 873.295288 570.141296 1306.669189 439.845856 1369.982422 417.095032 1570.048706
219.000000 1813.279053 240.158859 1478.683960 -28.991787 795.732361 959.723083 683.309998 885.018799
148.000000 3.298140 944.008850 426.524658 966.059082 143.326920 1419.730957 306.647003 1415.840576
58.000000 2833.334229 816.666626 2860.057373 1226.880127 1436.251465 1146.659302 1431.469971 1416.633667
68.000000 1451.083984 833.079468 1460.479736 1243.322388 656.566406 1296.657227 633.411682 1543.340698
34.000000 2878.766113 1222.774170 2853.458008 826.020813 1324.195068 1500.126221 1334.219727 1166.793579
39.000000 2805.291016 836.538452 2830.850586 1226.829224 1359.444824 1169.983765 1349.978638 1493.430298
66.000000 2346.895508 1377.652222 1963.050293 1397.992065 1070.020142 1625.537354 819.995117 1624.410278
190.000000 1473.793823 1239.992920 1467.944580 856.596313 614.421448 1536.769531 628.311279 1389.840332
84.000000 1505.601562 860.015259 1511.081909 1243.317871 625.218140 1316.532959 604.604797 1539.809692
172.000000 276.254669 1799.987061 287.803986 1433.159302 117.086952 1776.718262 135.914505 1623.241089
28.000000 2956.230713 823.586914 2980.670654 1186.845825 1469.486572 1183.322998 1462.596069 1526.651855
43.000000 2953.884766 1180.936768 2927.635986 822.773682 1382.618652 1490.065796 1390.575317 1173.347778
80.000000 2359.237793 561.833984 2407.375732 216.301071 1326.284912 1064.644287 1389.677124 843.704834
142.000000 2794.356445 388.995026 2893.735596 717.863892 1838.313354 792.622437 1968.343140 893.545410
122.000000 1957.657715 1380.081055 1946.347046 1053.229004 828.636475 1610.144287 842.082642 1426.575073
67.000000 2723.245605 205.180878 2902.171631 422.730957 1777.510010 658.035400 2001.599121 766.473755
247.000000 2347.077881 532.802551 2370.013672 262.486023 1220.870605 975.116699 1287.482056 869.277710
77.000000 2910.321777 507.883789 2782.667480 287.402527 2031.648071 846.384888 1848.708252 698.443176
104.000000 1890.431030 494.095276 1804.581909 257.132416 845.965759 1154.701050 805.669189 964.059204
73.000000 2882.173096 319.209167 2691.312744 162.857086 1940.536377 697.574158 1705.804565 639.935974
98.000000 2918.421875 945.148621 2933.460938 1180.206299 1320.920166 1303.257324 1314.614258 1503.373657
299.000000 1189.560547 690.541687 962.786316 664.823242 813.331238 1229.953979 699.929077 1235.105225
248.000000 3075.819092 625.210205 3020.857666 405.617706 2199.796387 902.174194 2156.571289 785.467407
198.000000 1390.453857 1196.657959 1386.341064 983.339600 648.130066 1516.805786 661.757141 1373.500366
15.000000 2443.322510 696.735596 2653.342773 729.941040 1536.597290 1098.664917 1943.377930 1077.526001
38.000000 2602.516602 132.472244 2796.461670 197.308517 1541.304810 658.218262 1865.217285 632.055420
105.000000 2965.389404 279.088654 2840.401123 120.392166 1837.573120 564.632385 2014.715942 643.563782
187.000000 2256.962158 694.703125 2073.274902 667.054749 1116.646240 1159.567505 966.666748 1166.668701
233.000000 1922.374878 299.275726 1974.062988 468.760895 829.500732 945.681274 872.432861 1069.154053
140.000000 2253.290283 1014.216431 2076.556885 1005.577393 1089.995239 1376.473999 923.348022 1380.593750
119.000000 2310.125000 236.257568 2142.775635 185.159546 1240.462891 831.662842 1056.852783 848.675659
164.000000 2069.896973 607.513855 2240.616455 628.260071 960.075989 1130.991455 1116.589966 1118.999023
274.000000 799.997131 1313.205200 963.472290 1309.551392 418.729034 1594.537964 520.325439 1533.878418
245.000000 1036.661255 580.708130 1196.702759 581.929016 673.236328 1196.157349 796.540039 1172.668701
282.000000 2153.139893 477.631592 1996.740723 446.296753 1040.045654 1034.081665 923.203613 1041.205444
259.000000 3053.743164 566.197327 3073.392090 722.908020 1964.574707 897.520630 2010.420166 1009.828491
221.000000 1163.857788 0.565055 1054.663818 111.359413 518.603943 922.006042 425.940247 1019.473694
37.000000 2546.901123 192.541687 2700.292480 197.363541 1453.338867 749.661377 1763.872925 647.958496
99.000000 2648.523438 269.840881 2764.205078 357.803009 1643.436157 784.802795 1843.489746 788.760864
109.000000 2533.672363 1356.911133 2673.365723 1343.674438 1193.044678 1573.303101 1004.795288 1616.387573
48.000000 2682.781006 165.883057 2545.455811 184.309906 1705.881592 635.837769 1437.683838 750.069336
55.000000 2509.223389 269.779327 2646.204102 261.929535 1497.858643 793.223389 1761.408447 707.220032
197.000000 1194.604370 1080.036499 1190.674438 1216.686035 670.517944 1373.072998 657.237610 1516.719482
101.000000 2296.437012 821.868591 2166.757324 805.928223 1230.052002 1238.169434 1033.274780 1244.972534
284.000000 2056.932373 923.449280 2052.142334 796.711670 845.653503 1376.576538 855.999268 1260.237061
246.000000 2878.093750 148.944504 2953.008301 250.240433 1881.158081 564.203857 1994.507568 617.502686
154.000000 2676.650635 426.691589 2570.660156 358.967010 1894.383667 846.825500 1740.274536 795.836975
156.000000 2060.398682 158.553070 1940.328735 125.473267 986.785889 851.316284 826.590759 865.828430
83.000000 2610.273926 209.874313 2502.846680 269.117401 1608.835693 700.910706 1427.434082 836.562439
181.000000 2672.761719 313.556396 2553.695068 294.415802 1716.688477 746.551941 1570.523926 791.689514
50.000000 2643.151611 737.867371 2526.630127 720.241638 1926.703491 1087.444702 1640.047974 1101.012573
