Keypoint Matches and Line Matches for pairs 3, 11 
3 corresponds to the image ./resources/Data/HerzP25/images/0003.png 
11 corresponds to the image ./resources/Data/HerzP25/images/0011.png 

56.000000 2510.665283 1016.624451 593.592773 1106.466064
57.000000 2532.681885 1363.374756 571.828796 1439.901855
89.000000 2666.173096 1333.366821 511.730957 1406.545532
84.000000 2641.690186 1327.262817 549.069702 1403.505371
85.000000 2618.885742 1009.362610 570.320007 1106.689575
78.000000 2572.904297 1323.145630 486.173981 1410.203247
79.000000 2552.444336 1006.508728 508.121948 1103.437500
88.000000 2578.170166 1013.236511 533.903198 1113.376465
589.000000 2517.931152 386.751251 818.141846 456.932648
1494.000000 2769.857178 915.091736 1035.000000 926.000000
47.000000 1747.054932 71.843842 339.975861 516.596924
111.000000 2430.354004 364.790436 707.774658 483.160736
725.000000 2625.872314 691.315186 969.000000 704.000000
979.000000 2469.855225 462.261536 754.000000 543.000000
588.000000 2621.395264 499.549927 920.188721 506.009796
224.000000 2073.894531 157.827881 519.713867 452.553741
1308.000000 2955.281494 353.443359 1421.000000 91.000000
198.000000 2306.239746 578.214172 807.754395 690.830383
156.000000 3016.347412 748.713806 1460.402710 588.409546
177.000000 2403.967041 475.487396 743.687927 588.604614
541.000000 3060.616699 739.825439 1498.521240 568.516479
1525.000000 1451.579468 540.965210 351.000000 887.000000
1541.000000 1346.748657 347.592133 148.000000 820.000000
147.000000 2335.716309 522.602356 774.744751 634.860107
75.000000 2909.974609 1492.100220 1083.153076 1564.627686
1048.000000 2459.063477 136.798401 821.000000 230.000000
263.000000 3039.609863 651.944885 1513.644531 434.491058
119.000000 2986.683105 776.557556 1422.400024 639.171265
269.000000 2660.219971 439.101959 1002.549683 420.701050
223.000000 1766.917480 145.665375 346.473206 516.139526
475.000000 1916.703125 183.187576 453.633484 527.561829
459.000000 2404.233398 582.849854 775.670776 674.708252
1364.000000 2970.146484 1180.006958 1305.000000 1195.000000
26.000000 2929.223145 389.629547 1368.289551 161.706360
535.000000 2468.880615 477.810364 740.016724 559.342285
426.000000 1309.446045 89.930412 173.975784 666.171021
1545.000000 2863.606934 488.758545 1270.000000 332.000000
1204.000000 3000.249023 518.870361 1478.000000 270.000000
493.000000 3066.203369 802.204285 1549.736938 625.226746
465.000000 2257.685303 856.631042 904.785583 949.805481
466.000000 2252.905518 720.014954 917.885742 823.114685
1172.000000 1009.985413 120.062294 66.000000 778.000000
1374.000000 2786.964355 1369.592407 542.000000 1409.000000
185.000000 2886.979004 665.061768 1256.211914 558.168152
186.000000 3020.446533 691.039124 1453.934570 509.089020
572.000000 1783.452759 1005.262146 293.217529 1188.848022
810.000000 1679.077637 1349.964355 216.000000 1437.000000
1142.000000 1009.152466 324.272583 31.000000 876.000000
713.000000 1961.414795 1223.296753 394.000000 1354.000000
391.000000 2264.827393 603.616821 760.745239 752.621826
406.000000 1982.441284 1349.785156 106.109215 1433.604126
242.000000 2110.501953 550.488342 540.840271 759.168335
1479.000000 3071.009277 396.129761 1668.000000 18.000000
1472.000000 2420.303467 226.685410 685.000000 358.000000
643.000000 1192.000000 995.000000 152.000000 1145.000000
616.000000 2951.000000 1147.000000 1277.000000 1154.000000
1284.000000 2199.000000 712.000000 873.000000 824.000000
940.000000 1503.000000 105.000000 262.000000 616.000000
867.000000 3028.000000 370.000000 1436.000000 77.000000
1041.000000 2587.000000 512.000000 904.000000 544.000000
660.000000 2927.000000 747.000000 1308.000000 640.000000
1271.000000 3014.000000 1413.000000 241.000000 1470.000000
654.000000 1664.000000 841.000000 237.000000 1077.000000
986.000000 2782.000000 817.000000 1083.000000 787.000000
913.000000 2627.000000 41.000000 698.000000 56.000000
1471.000000 2461.000000 117.000000 817.000000 208.000000
1164.000000 2375.000000 167.000000 733.000000 312.000000
803.000000 2158.000000 1338.000000 36.000000 1423.000000
637.000000 1882.000000 145.000000 409.000000 520.000000
813.000000 2763.000000 1124.000000 1004.000000 1166.000000
1023.000000 2283.000000 883.000000 927.000000 968.000000
1017.000000 2948.000000 761.000000 1338.000000 647.000000
777.000000 651.000000 739.000000 53.000000 1141.000000
836.000000 2322.000000 368.000000 708.000000 512.000000
1517.000000 2952.000000 747.000000 1347.000000 627.000000
1002.000000 2474.000000 437.000000 776.000000 520.000000
726.000000 2736.000000 1437.000000 413.000000 1375.000000
785.000000 2753.000000 1439.000000 967.000000 1523.000000
1526.000000 2903.000000 1489.000000 1053.000000 1588.000000
1377.000000 3018.000000 452.000000 1514.000000 165.000000
1422.000000 3035.000000 1003.000000 1446.000000 937.000000
1476.000000 2589.000000 543.000000 905.000000 575.000000
1014.000000 2876.000000 1041.000000 1122.000000 1046.000000
1119.000000 2505.000000 459.000000 830.000000 530.000000
989.000000 1997.000000 674.000000 425.000000 901.000000
358.000000 2477.000000 116.000000 833.925476 183.303055
874.000000 2258.000000 1151.000000 699.000000 1145.000000
1130.000000 2684.000000 795.000000 1038.000000 851.000000
425.000000 1334.000000 311.000000 149.830795 797.249512
1157.000000 702.000000 624.000000 15.000000 1012.000000
379.000000 3013.000000 964.000000 1391.868530 852.905945
947.000000 2528.000000 453.000000 851.000000 513.000000
1395.000000 2252.000000 879.000000 900.000000 971.000000
911.000000 2516.000000 980.000000 657.000000 1081.000000
856.000000 2393.000000 396.000000 764.000000 517.000000
784.000000 2495.000000 429.000000 824.000000 503.000000
638.000000 2387.000000 210.000000 735.000000 352.000000
734.000000 1085.000000 49.000000 79.000000 700.000000
631.000000 2324.000000 299.000000 674.000000 466.000000
1456.000000 2510.000000 89.000000 758.000000 183.000000
791.000000 2050.000000 599.000000 477.000000 828.000000
872.000000 1238.000000 90.000000 117.000000 677.000000
939.000000 2683.000000 281.000000 1046.000000 225.000000
1207.000000 1880.000000 978.000000 338.000000 1159.000000
1075.000000 2328.000000 18.000000 767.000000 170.000000
747.000000 2064.000000 579.000000 477.000000 807.000000
684.000000 2672.000000 688.000000 979.000000 694.000000
1262.000000 2700.000000 793.000000 1001.000000 752.000000
1490.000000 2634.000000 611.000000 946.000000 626.000000
795.000000 2267.000000 59.000000 656.000000 272.000000
1427.000000 1564.000000 1096.000000 185.000000 1271.000000
367.000000 3010.000000 1441.000000 1206.689087 1548.841919
1234.000000 2890.000000 902.000000 1227.000000 858.000000
626.000000 2386.000000 111.000000 799.000000 228.000000
855.000000 2472.000000 334.000000 785.000000 420.000000
1074.000000 2309.000000 65.000000 723.000000 238.000000
885.000000 1984.000000 969.000000 397.000000 1138.000000
1276.000000 2760.000000 1390.000000 982.000000 1469.000000
657.000000 2110.000000 520.000000 523.000000 745.000000
700.000000 2103.000000 506.000000 509.000000 734.000000
28.000000 2196.000000 276.000000 583.040894 488.130585
1401.000000 1922.000000 964.000000 362.000000 1141.000000
1072.000000 1430.000000 762.000000 75.000000 1081.000000
636.000000 2039.000000 665.000000 455.000000 884.000000
1300.000000 2524.000000 327.000000 850.000000 414.000000
1109.000000 1600.000000 781.000000 423.000000 1061.000000
1505.000000 2024.000000 205.000000 427.000000 531.000000
1007.000000 2798.000000 1303.000000 841.000000 1195.000000
1511.000000 2493.000000 954.000000 639.000000 1048.000000
1509.000000 2984.000000 976.000000 1345.000000 924.000000
904.000000 2090.000000 553.000000 508.000000 779.000000
1225.000000 2676.000000 660.000000 986.000000 661.000000
655.000000 970.000000 237.000000 60.000000 825.000000
1108.000000 2934.000000 1589.000000 8.000000 1591.000000
1230.000000 2699.000000 770.000000 998.000000 775.000000
1564.000000 3004.000000 364.000000 1559.000000 33.000000
414.000000 2848.000000 848.000000 1183.335327 806.678406
1042.000000 3049.000000 1377.000000 384.000000 1375.000000
926.000000 2035.000000 585.000000 460.000000 819.000000
796.000000 2635.000000 581.000000 950.000000 594.000000
621.000000 2218.000000 385.000000 599.000000 587.000000
601.000000 2144.000000 1011.000000 337.000000 1172.000000
753.000000 2658.000000 620.000000 971.000000 625.000000
615.000000 2100.000000 472.000000 509.000000 706.000000
1429.000000 2287.000000 58.000000 705.000000 246.000000
733.000000 2613.000000 575.000000 927.000000 597.000000
1360.000000 1986.000000 1019.000000 394.000000 1176.000000
767.000000 2076.000000 506.000000 491.000000 742.000000
828.000000 1095.000000 32.000000 88.000000 689.000000
848.000000 2767.000000 1031.000000 1041.000000 1055.000000
1118.000000 1929.000000 732.000000 472.000000 958.000000
602.000000 1364.000000 254.000000 164.000000 752.000000
822.000000 2728.000000 832.000000 1011.000000 743.000000
718.000000 2533.000000 1387.000000 504.000000 1460.000000
617.000000 2701.000000 895.000000 974.000000 851.000000
901.000000 2979.000000 988.000000 1312.000000 941.000000
1232.000000 2942.000000 1409.000000 1220.000000 1494.000000
633.000000 2671.000000 948.000000 382.000000 1026.000000
1523.000000 2373.000000 140.000000 722.000000 370.000000
890.000000 2835.000000 929.000000 1143.000000 913.000000
1320.000000 2732.000000 275.000000 1110.000000 182.000000
1452.000000 2535.000000 483.000000 856.000000 539.000000
1229.000000 2078.000000 965.000000 719.000000 1109.000000
404.000000 2880.000000 275.000000 1313.303467 56.586842
1433.000000 2362.000000 114.000000 696.000000 270.000000
1176.000000 2694.000000 702.000000 1000.000000 701.000000
742.000000 2468.000000 57.000000 799.000000 166.000000
53.000000 2944.000000 364.000000 1391.652588 108.320450
1550.000000 1992.000000 1220.000000 380.000000 1332.000000
1485.000000 2410.000000 407.000000 750.000000 523.000000
536.000000 2524.000000 501.000000 860.014648 559.845703
1235.000000 2828.000000 518.000000 1199.000000 407.000000
651.000000 2404.000000 93.000000 799.000000 209.000000
1196.000000 2594.000000 561.000000 942.000000 606.000000
1179.000000 1729.000000 19.000000 290.000000 496.000000
1302.000000 2862.000000 1257.000000 1106.000000 1265.000000
612.000000 2128.000000 476.000000 528.000000 701.000000
1388.000000 2924.000000 1260.000000 1244.000000 1259.000000
664.000000 1364.000000 274.000000 162.000000 765.000000
645.000000 2286.000000 368.000000 651.000000 543.000000
910.000000 1947.000000 101.000000 447.000000 459.000000
1192.000000 2879.000000 242.000000 1226.000000 45.000000
1160.000000 2697.000000 371.000000 1049.000000 319.000000
1001.000000 2414.000000 175.000000 792.000000 287.000000
1101.000000 2794.000000 279.000000 1186.000000 137.000000
1508.000000 2567.000000 181.000000 891.000000 209.000000
936.000000 2028.000000 1075.000000 410.000000 1216.000000
1559.000000 2514.000000 183.000000 843.000000 269.000000
1381.000000 2521.000000 276.000000 870.000000 327.000000
1291.000000 2789.000000 643.000000 1197.000000 516.000000
1275.000000 2614.000000 247.000000 970.000000 252.000000
1534.000000 2524.000000 1457.000000 457.000000 1484.000000
1372.000000 2975.000000 440.000000 1442.000000 188.000000
799.000000 2809.000000 435.000000 1184.000000 317.000000
738.000000 2186.000000 398.000000 574.000000 612.000000
1576.000000 1318.000000 1473.000000 69.000000 1578.000000
629.000000 2154.000000 419.000000 551.000000 642.000000
908.000000 3002.000000 979.000000 1385.000000 953.000000
1482.000000 2127.000000 169.000000 553.000000 437.000000
1224.000000 1524.000000 221.000000 230.000000 689.000000
1246.000000 2327.000000 326.000000 674.000000 478.000000
1008.000000 2462.000000 409.000000 736.000000 503.000000
1120.000000 2423.000000 275.000000 777.000000 383.000000
408.000000 2856.000000 1093.000000 1159.818848 1104.661987
1469.000000 2714.000000 373.000000 1071.000000 310.000000
814.000000 1601.000000 1147.000000 198.000000 1302.000000
562.000000 2983.000000 1303.000000 1293.320190 1359.664429
745.000000 2014.000000 975.000000 414.000000 1137.000000
811.000000 2377.000000 397.000000 695.000000 539.000000
1011.000000 3011.000000 992.000000 1364.000000 934.000000
1475.000000 2457.000000 1389.000000 413.000000 1461.000000
971.000000 1340.000000 1393.000000 20.000000 1349.000000
854.000000 608.000000 649.000000 72.000000 1104.000000
1065.000000 2856.000000 347.000000 1232.000000 202.000000
927.000000 2654.000000 648.000000 964.000000 658.000000
1146.000000 2572.000000 528.000000 897.000000 560.000000
1252.000000 2917.000000 461.000000 1340.000000 266.000000
1152.000000 2956.000000 1020.000000 1329.000000 970.000000
1411.000000 2981.000000 868.000000 1373.000000 772.000000
690.000000 2660.000000 1424.000000 460.000000 1496.000000
967.000000 2906.000000 535.000000 1312.000000 373.000000
1504.000000 2827.000000 847.000000 1079.000000 893.000000
647.000000 1768.000000 451.000000 322.000000 788.000000
1426.000000 2369.000000 419.000000 677.000000 571.000000
1449.000000 2737.000000 590.000000 1042.000000 558.000000
625.000000 2471.000000 75.000000 815.000000 162.000000
1080.000000 2819.000000 256.000000 1141.000000 116.000000
689.000000 2102.000000 82.000000 484.000000 397.000000
818.000000 2135.000000 16.000000 508.000000 324.000000

0.000000 3070.069336 1660.934570 2289.666260 1718.836792 880.159912 1798.498901 73.415276 1712.564087
228.000000 2810.607178 823.794678 2576.151611 387.731384 1038.706909 689.183960 990.434692 568.492920
3.000000 2713.353027 1563.753662 2253.264648 1585.189941 893.388672 1702.605713 263.482422 1654.705933
28.000000 2644.035400 1006.619080 2666.173096 1333.366821 593.592773 1106.466064 571.828796 1439.901855
42.000000 2641.690186 1327.262817 2618.885742 1009.362610 549.069702 1403.505371 570.320007 1106.689575
39.000000 2572.904297 1323.145630 2552.444336 1006.508728 486.173981 1410.203247 508.121948 1103.437500
44.000000 2578.170166 1013.236511 2598.147217 1323.452637 533.903198 1113.376465 511.730957 1406.545532
179.000000 2517.931152 386.751251 2505.934814 93.363258 832.304993 330.025452 833.925476 183.303055
284.000000 2528.229248 420.496124 2702.203125 652.515320 1029.378052 570.487793 957.746643 479.152985
23.000000 1468.598145 -0.742826 1747.054932 71.843842 3.250285 633.093262 339.975861 516.596924
134.000000 1018.182495 3.155960 1012.322571 283.451569 53.585449 673.359985 35.925755 840.274292
69.000000 2366.526367 931.168518 2090.243652 897.972534 700.158386 1045.941650 463.332062 1036.699585
240.000000 2699.322998 655.240540 2760.946533 914.060364 1040.952881 803.813599 1016.262390 681.426514
97.000000 2126.491211 894.907410 2383.309570 923.546509 746.131287 1022.865784 946.844055 994.592590
41.000000 2653.380127 1597.573608 2909.879639 1584.334839 589.974792 1670.313965 889.913574 1694.409058
55.000000 2177.730469 354.324585 2430.354004 364.790436 506.860962 658.782104 707.774658 483.160736
79.000000 2232.469971 419.591827 2469.855225 462.261536 561.547668 685.531372 735.220520 553.703430
295.000000 2621.395264 499.549927 2431.354004 352.936981 920.188721 506.009796 818.141846 456.932648
112.000000 1842.947021 98.162125 2073.894531 157.827881 346.473206 516.139526 519.713867 452.553741
143.000000 2552.584961 560.144409 2351.158447 439.186615 806.504517 563.699585 649.894836 620.523254
201.000000 1629.720825 782.146057 1559.094849 563.725830 197.445984 1042.317017 164.283737 908.117737
78.000000 3016.347412 748.713806 2819.781494 718.067566 1460.402710 588.409546 1246.914429 637.738770
88.000000 2207.093506 466.890747 2403.967041 475.487396 583.077759 724.550476 743.687927 588.604614
50.000000 2994.771484 915.958130 3060.616699 739.825439 1422.564819 707.344543 1596.301147 491.650818
264.000000 2800.788818 1550.108765 2793.796631 1386.504395 911.238525 1453.425903 902.259277 1573.502319
177.000000 2490.317871 356.826599 2481.827393 196.746536 827.189697 245.996887 792.893921 389.895264
73.000000 2176.082764 536.738525 2335.716309 522.602356 613.892090 797.284546 774.744751 634.860107
64.000000 2909.998047 1476.923096 3070.040527 1478.185303 1099.963379 1574.251709 1346.636597 1584.087769
132.000000 3039.609863 651.944885 2883.219482 620.567444 1513.644531 434.491058 1349.616821 478.574188
207.000000 2830.061279 752.927917 2986.683105 776.557556 1316.298828 784.465210 1183.335327 806.678406
135.000000 2660.219971 439.101959 2810.975098 476.017914 1002.549683 420.701050 1163.197388 372.876648
238.000000 1766.917480 145.665375 1916.703125 183.187576 453.633484 527.561829 572.557556 487.686279
230.000000 2404.233398 582.849854 2253.944580 547.408325 775.670776 674.708252 675.468445 756.684265
13.000000 2929.223145 389.629547 3070.848633 426.763794 1368.289551 161.706360 1844.638794 -2.547554
268.000000 2468.880615 477.810364 2573.314209 580.019592 740.016724 559.342285 860.014648 559.845703
213.000000 1308.063965 233.346802 1309.446045 89.930412 149.830795 797.249512 173.975784 666.171021
54.000000 2609.995361 1525.531372 2749.992920 1524.950928 640.022522 1562.937256 907.884399 1577.338501
37.000000 3066.651367 1467.755615 2926.657959 1468.704102 1393.331665 1576.708984 1083.153076 1564.627686
247.000000 3066.203369 802.204285 3026.795410 934.722473 1549.736938 625.226746 1484.979004 730.236938
233.000000 2257.685303 856.631042 2252.905518 720.014954 904.785583 949.805481 917.885742 823.114685
93.000000 2886.979004 665.061768 3020.446533 691.039124 1256.211914 558.168152 1453.934570 509.089020
286.000000 1916.672729 1016.595032 1783.452759 1005.262146 406.744019 1177.436279 293.217529 1188.848022
202.000000 2786.489014 160.590515 2905.724121 196.466263 1183.979980 105.058632 1313.303467 56.586842
121.000000 2197.361328 464.047485 2110.501953 550.488342 652.557556 622.698242 540.840271 759.168335
26.000000 3071.009277 396.129761 2952.818359 365.307648 1712.853149 1.884066 1391.652588 108.320450
