Keypoint Matches and Line Matches for pairs 3, 12 
3 corresponds to the image ./resources/Data/HerzP25/images/0003.png 
12 corresponds to the image ./resources/Data/HerzP25/images/0012.png 

70.000000 2510.665283 1016.624451 585.140625 1183.230835
54.000000 2644.035400 1006.619080 699.382996 1183.112793
71.000000 2666.173096 1333.366821 564.933167 1484.112427
75.000000 2618.885742 1009.362610 617.903687 1186.743408
68.000000 2572.904297 1323.145630 539.950989 1486.874878
69.000000 2552.444336 1006.508728 559.183167 1183.492920
56.000000 2578.170166 1013.236511 640.162842 1189.827393
142.000000 2198.837891 3.027824 626.221008 327.144562
440.000000 2505.934814 93.363258 816.261719 206.178497
148.000000 2351.158447 439.186615 699.329163 650.574646
576.000000 1559.094849 563.725830 332.076569 952.947998
1463.000000 2955.281494 353.443359 1243.000000 59.000000
256.000000 2475.305664 623.987549 802.275574 762.374817
263.000000 3016.347412 748.713806 1263.166748 589.604187
139.000000 2403.967041 475.487396 726.768799 656.437012
120.000000 3060.616699 739.825439 1381.350952 455.378265
465.000000 2616.259033 748.783386 875.926819 847.331116
359.000000 1346.748657 347.592133 300.825043 926.773193
203.000000 2793.796631 1386.504395 821.798584 1543.536987
1249.000000 2481.827393 196.746536 775.000000 346.000000
493.000000 2909.974609 1492.100220 929.942688 1674.315674
550.000000 2461.835693 296.808105 736.390808 517.689758
385.000000 3039.609863 651.944885 1317.526367 415.084503
386.000000 2883.219482 620.567444 1183.714722 480.776855
1580.000000 2986.683105 776.557556 1221.000000 651.000000
407.000000 2660.219971 439.101959 912.419434 458.296906
408.000000 2810.975098 476.017914 1041.131104 389.229340
87.000000 1916.703125 183.187576 429.295502 622.199280
290.000000 2404.233398 582.849854 738.824646 760.030579
930.000000 2977.389648 1026.700806 1154.000000 1034.000000
174.000000 2970.146484 1180.006958 1144.929810 1246.709473
338.000000 3063.393066 1116.504395 1310.000977 1186.657715
90.000000 2929.223145 389.629547 1200.951172 146.198593
551.000000 2293.366699 329.814850 637.142822 587.345093
1445.000000 3000.249023 518.870361 1276.000000 203.000000
225.000000 3066.203369 802.204285 1399.712646 571.356750
286.000000 2886.979004 665.061768 1109.850098 572.999939
287.000000 3020.446533 691.039124 1267.603516 502.083984
474.000000 589.844421 1216.414673 152.898544 1406.254639
1301.000000 2470.797119 996.417419 613.000000 1179.000000
1172.000000 1961.414795 1223.296753 454.000000 1437.000000
95.000000 3017.575195 877.480286 1258.966187 725.566162
320.000000 3071.009277 396.129761 1350.874390 -0.492920
321.000000 2952.818359 365.307648 1214.737061 86.997421
893.000000 2951.000000 1147.000000 1120.000000 1204.000000
873.000000 2719.000000 1167.000000 743.000000 1323.000000
1025.000000 2587.000000 512.000000 835.000000 594.000000
547.000000 2969.000000 998.000000 1240.031006 1013.142395
623.000000 2927.000000 747.000000 1149.000000 655.000000
1063.000000 2827.000000 732.000000 1083.000000 704.000000
1023.000000 3014.000000 1413.000000 1161.000000 1576.000000
928.000000 2375.000000 167.000000 710.000000 379.000000
689.000000 1882.000000 145.000000 481.000000 616.000000
1117.000000 2763.000000 1124.000000 899.000000 1227.000000
1311.000000 2768.000000 827.000000 959.000000 861.000000
1460.000000 2658.000000 670.000000 898.000000 757.000000
1395.000000 2626.000000 913.000000 786.000000 1048.000000
1153.000000 3018.000000 452.000000 1155.000000 118.000000
1174.000000 2747.000000 1103.000000 886.000000 1254.000000
1255.000000 3035.000000 1003.000000 1297.000000 966.000000
897.000000 3013.000000 964.000000 1266.000000 917.000000
659.000000 2528.000000 453.000000 796.000000 568.000000
1072.000000 3016.000000 1240.000000 750.000000 1480.000000
1522.000000 2516.000000 980.000000 700.000000 1156.000000
677.000000 607.000000 1486.000000 184.000000 1675.000000
1295.000000 2443.000000 117.000000 759.000000 288.000000
1276.000000 2393.000000 396.000000 718.000000 600.000000
1120.000000 2495.000000 429.000000 776.000000 560.000000
1302.000000 2387.000000 210.000000 711.000000 418.000000
821.000000 2358.000000 370.000000 712.000000 569.000000
439.000000 2516.000000 198.000000 806.579956 346.430573
619.000000 1085.000000 49.000000 261.000000 816.000000
872.000000 2324.000000 299.000000 655.000000 488.000000
1264.000000 2050.000000 599.000000 536.000000 876.000000
1550.000000 2718.000000 960.000000 903.000000 1042.000000
1289.000000 2687.000000 1168.000000 728.000000 1337.000000
1305.000000 2710.000000 812.000000 904.000000 917.000000
1565.000000 2328.000000 18.000000 708.000000 291.000000
1370.000000 2672.000000 688.000000 890.000000 740.000000
1391.000000 2101.000000 296.000000 534.000000 656.000000
1323.000000 2611.000000 545.000000 854.000000 615.000000
1215.000000 2634.000000 611.000000 867.000000 673.000000
415.000000 3012.000000 923.000000 1215.069214 867.063049
502.000000 3010.000000 1441.000000 1060.013916 1626.958618
1449.000000 2890.000000 902.000000 1081.000000 892.000000
719.000000 2383.000000 87.000000 740.000000 276.000000
1343.000000 1984.000000 969.000000 463.000000 1223.000000
1257.000000 2760.000000 1390.000000 884.000000 1545.000000
272.000000 2993.000000 1262.000000 1133.353271 1509.023560
864.000000 2110.000000 520.000000 549.000000 861.000000
1100.000000 2103.000000 506.000000 560.000000 784.000000
1320.000000 2196.000000 276.000000 650.000000 533.000000
1132.000000 1922.000000 964.000000 451.000000 1224.000000
797.000000 2739.000000 1387.000000 526.000000 1542.000000
1394.000000 2524.000000 327.000000 796.000000 468.000000
767.000000 2798.000000 1303.000000 909.000000 1439.000000
1140.000000 2090.000000 553.000000 561.000000 827.000000
1490.000000 3055.000000 1443.000000 1231.000000 1676.000000
1533.000000 1600.000000 29.000000 402.000000 578.000000
919.000000 3021.000000 340.000000 1262.000000 64.000000
1292.000000 2756.000000 1420.000000 312.000000 1584.000000
692.000000 2635.000000 581.000000 869.000000 641.000000
1091.000000 1549.000000 819.000000 273.000000 1221.000000
1399.000000 2963.000000 913.000000 1172.000000 867.000000
752.000000 2144.000000 1011.000000 421.000000 1259.000000
762.000000 2100.000000 472.000000 547.000000 790.000000
1272.000000 2287.000000 58.000000 693.000000 341.000000
1307.000000 2342.000000 390.000000 682.000000 608.000000
962.000000 3051.000000 1412.000000 1235.000000 1609.000000
1075.000000 1986.000000 1019.000000 460.000000 1260.000000
1578.000000 2073.000000 1017.000000 437.000000 1290.000000
666.000000 2076.000000 506.000000 534.000000 827.000000
729.000000 1095.000000 32.000000 267.000000 804.000000
1159.000000 2655.000000 1170.000000 778.000000 1336.000000
1186.000000 2728.000000 832.000000 916.000000 936.000000
756.000000 2533.000000 1387.000000 555.000000 1541.000000
1336.000000 2204.000000 861.000000 499.000000 1106.000000
691.000000 2455.000000 1425.000000 527.000000 1580.000000
1180.000000 2040.000000 932.000000 516.000000 1182.000000
684.000000 2979.000000 988.000000 1141.000000 974.000000
1340.000000 2662.000000 1457.000000 482.000000 1609.000000
1130.000000 2373.000000 140.000000 701.000000 438.000000
1242.000000 1751.000000 136.000000 464.000000 642.000000
545.000000 2880.000000 275.000000 1157.015259 43.848289
1440.000000 2694.000000 702.000000 906.000000 746.000000
1122.000000 2803.000000 1153.000000 949.000000 1250.000000
984.000000 2944.000000 364.000000 1211.000000 90.000000
1568.000000 1992.000000 1220.000000 448.000000 1415.000000
1531.000000 2052.000000 147.000000 581.000000 572.000000
1319.000000 2524.000000 501.000000 796.000000 610.000000
1524.000000 2828.000000 518.000000 1063.000000 422.000000
791.000000 2594.000000 561.000000 863.000000 654.000000
1344.000000 2966.000000 1697.000000 954.000000 1899.000000
491.000000 2924.000000 1260.000000 1106.738525 1367.530884
700.000000 2286.000000 368.000000 650.000000 617.000000
806.000000 2101.000000 1020.000000 499.000000 1201.000000
1387.000000 2697.000000 371.000000 947.000000 350.000000
941.000000 2414.000000 175.000000 759.000000 347.000000
1405.000000 2864.000000 899.000000 820.000000 974.000000
787.000000 2766.000000 1448.000000 879.000000 1625.000000
1359.000000 2880.000000 970.000000 1060.000000 989.000000
831.000000 2028.000000 1075.000000 471.000000 1299.000000
912.000000 2355.000000 161.000000 697.000000 395.000000
1040.000000 2862.000000 1594.000000 675.000000 1781.000000
1356.000000 2636.000000 202.000000 899.000000 209.000000
868.000000 2521.000000 837.000000 762.000000 1020.000000
1324.000000 2614.000000 229.000000 908.000000 240.000000
1474.000000 2707.000000 979.000000 670.000000 1162.000000
1119.000000 2186.000000 398.000000 594.000000 692.000000
932.000000 2154.000000 419.000000 578.000000 724.000000
1428.000000 3002.000000 979.000000 1209.000000 982.000000
1540.000000 1991.000000 1184.000000 450.000000 1388.000000
1168.000000 2481.000000 389.000000 762.000000 533.000000
63.000000 2327.000000 326.000000 690.200439 542.588867
1269.000000 2856.000000 1093.000000 995.000000 1163.000000
1109.000000 3027.000000 584.000000 1332.000000 162.000000
779.000000 2014.000000 975.000000 475.000000 1221.000000
889.000000 2873.000000 1175.000000 854.000000 1358.000000
709.000000 2402.000000 114.000000 745.000000 335.000000
1239.000000 3011.000000 992.000000 1184.000000 963.000000
813.000000 2671.000000 915.000000 872.000000 1009.000000
938.000000 2572.000000 528.000000 847.000000 629.000000
1169.000000 2632.000000 1444.000000 660.000000 1606.000000
904.000000 2906.000000 535.000000 1115.000000 190.000000
1013.000000 2791.000000 492.000000 1024.000000 422.000000
1126.000000 1768.000000 451.000000 417.000000 884.000000
1576.000000 2742.000000 1189.000000 886.000000 1307.000000
828.000000 2369.000000 419.000000 653.000000 662.000000
518.000000 2737.000000 590.000000 931.036865 606.951355
1022.000000 552.000000 1422.000000 87.000000 1622.000000
1501.000000 2435.000000 104.000000 757.000000 269.000000

8.000000 3070.069336 1660.934570 2289.666260 1718.836792 687.082520 1894.446411 153.126099 1794.439819
36.000000 2248.806641 1466.557861 2221.006348 919.948792 655.459167 1520.128662 673.430237 1223.137451
262.000000 2810.607178 823.794678 2576.151611 387.731384 931.036865 606.951355 858.069824 502.354462
17.000000 2713.353027 1563.753662 2253.264648 1585.189941 743.343323 1789.919922 316.656372 1736.749268
27.000000 2644.035400 1006.619080 2666.173096 1333.366821 699.382996 1183.112793 680.587585 1519.846680
37.000000 2641.690186 1327.262817 2618.885742 1009.362610 599.489990 1483.508545 617.903687 1186.743408
34.000000 2572.904297 1323.145630 2552.444336 1006.508728 539.950989 1486.874878 559.183167 1183.492920
224.000000 3028.287109 1116.516602 3057.123291 1427.859253 1141.495972 1366.561646 1138.651001 1506.639282
71.000000 2198.837891 3.027824 2215.867676 309.859344 626.221008 327.144562 608.577515 556.813477
222.000000 2517.931152 386.751251 2505.934814 93.363258 806.579956 346.430573 816.261719 206.178497
235.000000 2510.199463 621.849426 2608.479492 897.941711 800.944031 961.767761 875.926819 847.331116
43.000000 1468.598145 -0.742826 1747.054932 71.843842 192.205643 769.485657 429.295502 622.199280
75.000000 2126.491211 894.907410 2383.309570 923.546509 743.331604 1118.763794 516.660645 1119.083862
107.000000 2232.469971 419.591827 2469.855225 462.261536 590.785522 771.668030 716.532898 623.719849
291.000000 1629.720825 782.146057 1559.094849 563.725830 353.781464 1069.916870 332.076569 952.947998
132.000000 3016.347412 748.713806 2819.781494 718.067566 1263.166748 589.604187 1099.389160 658.549011
41.000000 2994.771484 915.958130 3060.616699 739.825439 1239.879150 721.395203 1378.838501 473.737335
190.000000 2800.788818 1550.108765 2793.796631 1386.504395 917.484924 1696.692749 912.696960 1846.646362
130.000000 2490.317871 356.826599 2481.827393 196.746536 781.872192 273.136963 758.076172 450.189453
88.000000 2176.082764 536.738525 2335.716309 522.602356 650.649292 875.850281 769.850586 703.000732
98.000000 2909.998047 1476.923096 3070.040527 1478.185303 969.913879 1655.082764 1169.921509 1664.927002
249.000000 3069.975830 1488.819092 2909.974609 1492.100220 1060.083252 1681.907104 929.942688 1674.315674
194.000000 3039.609863 651.944885 2883.219482 620.567444 1317.526367 415.084503 1183.714722 480.776855
206.000000 2660.219971 439.101959 2810.975098 476.017914 912.419434 458.296906 1041.131104 389.229340
87.000000 2977.389648 1026.700806 2970.146484 1180.006958 1150.551392 1036.770630 1144.929810 1246.709473
45.000000 2929.223145 389.629547 3070.848633 426.763794 1200.951172 146.198593 1432.986328 0.793712
278.000000 2433.627686 355.029419 2293.366699 329.814850 736.390808 517.689758 637.142822 587.345093
51.000000 3066.651367 1467.755615 2926.657959 1468.704102 1209.777710 1657.776001 946.436584 1644.598389
138.000000 3066.203369 802.204285 3026.795410 934.722473 1238.782593 648.483398 1183.458862 814.486084
144.000000 2886.979004 665.061768 3020.446533 691.039124 1109.850098 572.999939 1267.603516 502.083984
47.000000 3067.923340 762.424561 3017.575195 877.480286 1394.722290 489.789307 1258.966187 725.566162
275.000000 2786.489014 160.590515 2905.724121 196.466263 1055.939087 112.258362 1157.015259 43.848289
161.000000 3071.009277 396.129761 2952.818359 365.307648 1350.874390 -0.492920 1214.737061 86.997421
