Keypoint Matches and Line Matches for pairs 3, 14 
3 corresponds to the image ./resources/Data/HerzP25/images/0003.png 
14 corresponds to the image ./resources/Data/HerzP25/images/0014.png 

488.000000 2289.666260 1718.836792 2942.572510 1771.865723
8.000000 1459.976074 753.512390 2162.947021 822.099915
9.000000 783.389465 662.914001 1669.747681 731.371399
10.000000 786.810059 655.598877 1670.005127 723.305664
11.000000 1453.540283 745.125549 2159.908447 813.828613
17.000000 986.336487 919.992737 1630.402710 993.318909
12.000000 2209.383545 920.031189 2655.737549 986.472839
1451.000000 2248.806641 1466.557861 2730.000000 1519.000000
35.000000 2221.006348 919.948792 2664.424805 986.550049
129.000000 2253.264648 1585.189941 2793.447266 1641.153198
104.000000 491.119232 529.927307 1240.674072 586.650818
18.000000 476.783508 966.670532 1233.988892 1039.991577
20.000000 717.532776 950.017273 1613.207397 1013.172974
21.000000 709.036743 1376.647461 1635.549805 1460.055786
243.000000 1239.986938 1512.131348 1946.702881 1584.043335
26.000000 517.201172 66.518494 1236.443970 106.634674
27.000000 496.185699 463.484344 1240.626709 513.361145
76.000000 1183.307739 1729.381836 2023.163086 1808.124268
77.000000 1533.397705 1714.889893 2326.418945 1780.603638
102.000000 1920.044800 1485.832764 2626.161621 1543.322388
103.000000 1569.918213 1492.102783 2339.887207 1557.766724
58.000000 2510.665283 1016.624451 2913.988281 1083.255615
59.000000 2532.681885 1363.374756 2953.615479 1417.028931
60.000000 2507.217041 1366.240967 2930.053223 1415.894409
61.000000 2486.769287 1019.600708 2891.724365 1082.369019
43.000000 733.214722 1359.995728 1466.343506 1440.160767
560.000000 1316.234375 426.258209 2069.277100 497.375854
1238.000000 439.634857 1407.366333 1238.000000 1499.000000
7.000000 457.863770 1069.525024 1233.892212 1143.318970
268.000000 471.544220 1069.903931 1254.608887 1146.660278
84.000000 16.575104 1125.287354 849.860901 1206.506958
85.000000 349.957397 1140.909302 1143.360962 1219.370483
92.000000 350.075470 1201.049927 1143.358887 1282.356201
93.000000 16.665720 1190.028687 853.295837 1274.765137
168.000000 2242.113037 326.935120 2743.281494 413.809601
45.000000 1333.834595 405.008575 2092.781494 475.243988
30.000000 1342.044922 388.537659 2102.876953 459.252289
66.000000 1242.399658 1366.694702 1879.497314 1439.861084
67.000000 1246.130615 1046.699341 1863.786987 1119.650635
53.000000 2552.444336 1006.508728 2955.214844 1072.320557
283.000000 1111.909790 340.438782 1912.201904 395.751648
1381.000000 545.407715 503.444763 1270.000000 549.000000
70.000000 1275.692749 1053.325928 1892.951782 1120.018921
71.000000 1273.317505 1366.666504 1908.524170 1433.406616
1503.000000 1556.125366 595.035278 2274.000000 664.000000
108.000000 150.005493 763.280823 950.087524 822.663696
109.000000 460.099762 795.712891 1216.557861 857.499329
50.000000 2536.547119 1003.126770 2936.296387 1066.314453
78.000000 2578.170166 1013.236511 2978.704834 1076.821411
79.000000 2598.147217 1323.452637 3014.220703 1374.023926
173.000000 2215.867676 309.859344 2718.004639 403.185394
47.000000 1231.348511 1363.351318 1864.680786 1440.110596
117.000000 1552.717651 733.139343 2266.005615 805.748718
55.000000 1012.322571 283.451569 1827.293457 343.085785
1048.000000 2366.526367 931.168518 2777.000000 1008.000000
140.000000 852.465027 419.123108 1708.510620 482.367340
141.000000 723.695374 661.547241 1621.961182 713.658508
88.000000 204.282257 1770.064819 1079.049316 1890.005005
89.000000 222.976456 1496.414551 1079.670166 1596.658936
98.000000 1031.495361 276.701447 1849.457886 340.195099
99.000000 1037.853882 3.283425 1835.012085 53.248817
401.000000 1067.522827 360.576691 1871.329834 433.504700
112.000000 1569.342407 1476.674072 2330.713867 1543.278442
113.000000 1566.326660 1210.003906 2310.207764 1276.650635
424.000000 2383.309570 923.546509 2776.495361 991.198792
721.000000 825.671326 521.081116 1688.000000 569.000000
1516.000000 756.183350 767.078735 1661.000000 833.000000
1485.000000 601.762451 713.474548 1531.000000 771.000000
87.000000 622.061218 460.165161 1527.491333 516.648621
282.000000 1317.468506 385.658936 2077.266357 459.876007
165.000000 1207.009399 1146.678467 1827.868652 1209.946777
436.000000 1474.291016 633.628540 2205.329590 700.763184
559.000000 1425.143311 515.712158 2151.161865 578.832092
1032.000000 2469.855225 462.261536 2896.000000 547.000000
495.000000 2474.462158 903.600037 2883.471191 969.954468
15.000000 87.457764 407.500244 842.132385 433.516998
1461.000000 1842.947021 98.162125 2433.000000 184.000000
1264.000000 2073.894531 157.827881 2609.000000 250.000000
80.000000 239.939636 1292.922729 1076.668335 1390.238892
288.000000 2552.584961 560.144409 2951.147949 636.241272
1327.000000 1559.094849 563.725830 2261.000000 636.000000
1312.000000 1346.984741 16.255934 2061.000000 95.000000
361.000000 1266.870728 1679.744629 2103.120850 1747.437378
362.000000 1487.007935 1665.146240 2259.815430 1734.440674
111.000000 1315.301147 1345.347778 2012.882568 1414.196777
1101.000000 2531.404785 841.157166 2944.000000 921.000000
62.000000 219.975174 1489.203857 1083.423584 1591.711060
186.000000 1960.348755 1693.392090 2660.288330 1746.642822
187.000000 1956.085815 1476.678101 2642.625488 1533.391968
222.000000 680.043518 746.673401 1606.778687 816.671387
174.000000 1495.122314 1713.346924 2275.607910 1783.400879
175.000000 1496.742432 1500.000610 2261.763672 1566.554077
292.000000 793.257568 794.023926 1697.718262 859.698730
654.000000 583.948425 771.059998 1528.000000 831.000000
210.000000 2460.440674 717.857544 2860.591797 796.873108
211.000000 2520.982422 918.699036 2916.625977 986.678650
90.000000 2475.305664 623.987549 2890.630127 706.465576
284.000000 2306.239746 578.214172 2744.240967 662.825073
285.000000 2461.625488 710.857605 2863.010010 793.940063
272.000000 173.153564 832.259888 973.150391 895.171265
273.000000 376.789337 848.457764 1150.055298 912.777710
260.000000 373.475891 931.437195 1150.077271 999.106995
261.000000 169.790207 916.123779 969.983032 983.529846
393.000000 559.968262 1518.100952 1556.671265 1610.081665
394.000000 763.300537 1514.704102 1703.433716 1601.773560
330.000000 783.203003 133.933975 1636.087402 188.517059
331.000000 980.005920 176.639359 1793.977905 237.940704
523.000000 611.134399 356.786102 1465.013306 406.701569
1527.000000 570.480347 3.162035 1310.000000 49.000000
347.000000 976.896790 245.505539 1793.556274 305.875336
348.000000 780.671021 206.614456 1640.190796 262.656097
49.000000 330.372864 244.460953 1076.989136 285.341034
363.000000 756.616577 1507.458130 1710.191406 1593.483765
364.000000 556.628540 1511.400513 1553.265869 1602.104126
278.000000 126.351807 525.430115 912.899353 572.193726
279.000000 323.576599 555.046631 1086.684814 606.574707
530.000000 2403.967041 475.487396 2844.577393 570.580078
270.000000 320.150055 625.066711 1087.172607 679.200012
271.000000 126.952805 606.948853 910.300049 657.548767
65.000000 1913.383423 1699.705200 2619.875488 1758.364380
588.000000 383.171234 641.541809 1136.819946 695.359192
309.000000 224.232269 1660.060303 1089.026855 1760.015259
357.000000 780.262390 820.737183 1683.275024 887.096619
358.000000 593.482483 801.857727 1526.777344 865.851318
499.000000 1686.422974 843.022522 2386.615967 913.795227
500.000000 1873.486328 858.102600 2509.925781 927.342407
521.000000 33.303108 1070.723877 859.956970 1147.828125
320.000000 1976.782837 1458.900024 2663.195068 1519.270996
321.000000 1789.919312 1462.797729 2493.192139 1522.446777
335.000000 146.316223 81.939423 909.222168 109.705200
336.000000 327.040985 114.595116 1067.465332 150.213440
427.000000 423.334229 1483.453369 1233.364014 1577.419189
308.000000 240.010986 1484.813354 1090.149414 1586.667603
453.000000 1876.937622 910.634460 2516.733154 979.510559
454.000000 1696.746216 892.541260 2386.863525 961.883789
244.000000 1177.267700 1323.354492 1805.338501 1400.059692
245.000000 1178.235962 1143.341797 1796.959473 1213.469849
545.000000 927.582153 388.013153 1765.725220 453.753784
582.000000 1382.146240 533.741455 2103.359863 606.639893
395.000000 240.008133 1553.673340 1096.601440 1655.510132
396.000000 416.653534 1549.450806 1243.364990 1647.226685
97.000000 1566.655273 1522.795044 2346.597168 1588.865845
375.000000 223.539841 25.663036 976.140930 55.145424
376.000000 396.413116 61.232262 1123.017334 97.755997
110.000000 1485.494629 1471.717041 2250.825195 1538.419434
522.000000 734.749390 452.874176 1627.705078 514.951294
304.000000 193.495346 1203.378174 1013.501831 1286.544922
369.000000 396.687683 119.886391 1127.224731 157.851959
370.000000 226.348663 88.386314 976.974792 118.814026
514.000000 1090.176636 1749.186279 2000.189697 1831.542847
515.000000 919.845520 1761.130249 1879.553955 1846.371216
170.000000 634.117798 173.561844 1519.814209 223.338135
300.000000 1203.738159 1136.725830 1826.880493 1206.808228
301.000000 1206.431641 966.662964 1819.001953 1033.227295
489.000000 1943.222778 527.233765 2536.838867 606.059692
490.000000 1776.401245 494.694244 2416.150635 571.818726
315.000000 1464.979492 439.839966 2186.659668 510.027161
349.000000 1610.465942 181.412857 2293.676270 269.024200
350.000000 1446.282593 141.582947 2143.482178 216.242966
471.000000 602.879944 814.441956 1539.486694 876.760437
472.000000 769.848572 831.483582 1666.303955 895.755066
246.000000 64.323151 656.479858 824.870789 706.636719
247.000000 51.014847 823.414246 821.760864 893.307129
403.000000 370.050873 246.386230 1109.916504 287.002136
404.000000 206.651810 216.748611 969.490662 252.046127
486.000000 1346.748657 347.592133 2082.846680 412.945038
289.000000 2348.859375 442.712769 2809.784180 530.280273
989.000000 419.936401 397.095306 1175.000000 450.000000
1332.000000 259.995514 373.363556 1011.000000 414.000000
267.000000 202.871948 1479.955322 1062.083618 1576.701294
373.000000 733.528870 1385.777100 1650.062500 1466.786865
374.000000 573.563171 1378.369873 1496.714233 1465.817505
421.000000 332.853241 115.630432 1072.994507 151.167908
422.000000 487.111938 147.869461 1206.681396 189.949066
57.000000 160.106537 925.260315 963.679810 992.570068
208.000000 2125.164551 1583.493408 2773.643555 1637.427124
1400.000000 2119.973145 1426.667603 2710.000000 1482.000000
214.000000 3.283865 1307.170166 859.994934 1399.674927
413.000000 219.659149 155.281906 973.014709 187.973053
414.000000 373.531860 182.198380 1110.448853 221.493179
1574.000000 1766.917480 145.665375 2397.000000 240.000000
531.000000 1101.913208 9.294140 1887.581543 68.284439
532.000000 1249.571655 44.473320 1992.947754 124.472183
345.000000 65.899559 479.430298 820.530151 519.968262
346.000000 54.647175 626.256470 818.720764 679.910095
224.000000 224.354156 1483.379150 1084.857666 1580.034424
265.000000 1287.716797 1530.036255 1988.292480 1610.077148
506.000000 360.310211 1.878863 1089.486450 35.051605
1506.000000 609.434082 147.008026 1439.000000 196.000000
152.000000 453.002899 1413.327637 1259.077637 1506.490601
391.000000 1308.063965 233.346802 2056.492676 306.930817
392.000000 1309.446045 89.930412 2045.434326 160.092804
131.000000 146.636902 1481.383179 1019.808777 1582.756958
512.000000 336.763428 549.238525 1096.657104 600.056702
513.000000 196.487289 531.411438 976.679077 579.926086
156.000000 2599.385742 973.087952 2996.835449 1036.275024
477.000000 1320.000000 96.666664 2056.596436 170.004379
478.000000 1320.000000 236.666672 2064.472656 296.595764
351.000000 313.420624 166.212570 1060.000244 203.332321
352.000000 176.680710 139.926987 906.938782 162.317917
31.000000 1600.968018 741.955627 2300.310791 802.143799
193.000000 1965.695801 1659.982300 2663.310303 1716.999268
197.000000 427.837708 1550.336670 1252.594360 1653.350952
379.000000 1977.068237 1653.379761 2663.501221 1707.813477
380.000000 2113.730957 1670.078369 2813.385010 1719.325928
333.000000 1420.502563 1038.203491 2053.191162 1105.911133
334.000000 1550.744873 995.610901 2213.781250 1075.714844
439.000000 2257.685303 856.631042 2686.622070 926.996338
440.000000 2252.905518 720.014954 2673.574707 793.309753
28.000000 92.778290 909.794250 902.994141 979.954041
280.000000 650.856079 743.435181 1580.218506 806.478821
389.000000 2165.323242 668.855469 2637.975342 739.934509
1421.000000 2096.941650 1481.589600 2730.000000 1541.000000
459.000000 608.704651 226.767548 1443.147705 283.281097
460.000000 602.104614 360.104187 1445.305542 413.300598
94.000000 1569.967041 1500.882935 2339.986084 1565.396484
634.000000 1679.077637 1349.964355 2319.000000 1416.000000
1036.000000 1677.109253 1216.610962 2391.000000 1276.000000
491.000000 2422.480713 1313.645996 2842.060059 1367.267578
492.000000 2412.732666 1183.129272 2825.849854 1243.005005
144.000000 2470.797119 996.417419 2871.118896 1049.868042
29.000000 118.928864 533.240662 905.661621 573.304871
473.000000 1961.414795 1223.296753 2601.735107 1286.500610
474.000000 1964.783569 1353.554443 2613.927490 1413.914429
565.000000 76.664032 126.680611 849.782288 154.175140
566.000000 203.215698 150.621841 960.157898 182.722870
316.000000 784.521606 460.759216 1654.891724 518.100830
595.000000 236.604568 984.575928 1036.539917 1055.510742
596.000000 363.454163 990.915833 1146.748535 1061.928223
541.000000 583.289551 1404.449097 1516.491577 1492.880249
542.000000 710.104187 1401.945557 1633.524536 1487.468750
185.000000 2007.746094 512.956604 2612.280518 589.892334
1051.000000 2114.877930 1506.729736 2742.000000 1562.000000
539.000000 1982.441284 1349.785156 2630.464355 1406.620117
540.000000 1977.858276 1226.622314 2618.768311 1289.789551
298.000000 596.897766 1099.783447 1433.481567 1181.578369
299.000000 476.755920 1091.962402 1259.978027 1166.926514
457.000000 627.629333 303.390686 1523.068481 363.339691
458.000000 634.789429 183.221481 1519.945190 233.334656
483.000000 123.379623 1329.599731 986.683655 1421.885376
484.000000 3.315425 1328.111206 859.967224 1423.025513
466.000000 2420.303467 226.685410 2853.536621 325.958099
564.000000 2421.045898 346.722046 2868.794434 436.894867
725.000000 2199.000000 712.000000 2635.000000 786.000000
1031.000000 2436.000000 1365.000000 2861.000000 1417.000000
854.000000 1503.000000 105.000000 2186.000000 183.000000
601.000000 2372.000000 1570.000000 2926.000000 1616.000000
1254.000000 1132.000000 1714.000000 1827.000000 1807.000000
613.000000 20.000000 1394.000000 897.000000 1493.000000
622.000000 2097.000000 1787.000000 2781.000000 1824.000000
849.000000 1743.000000 1396.000000 2454.000000 1459.000000
701.000000 1052.000000 1161.000000 1695.000000 1233.000000
754.000000 21.000000 1418.000000 899.000000 1519.000000
1323.000000 108.000000 1237.000000 935.000000 1323.000000
740.000000 1664.000000 841.000000 2366.000000 911.000000
752.000000 33.000000 1349.000000 906.000000 1444.000000
659.000000 158.000000 729.000000 952.000000 786.000000
1476.000000 445.000000 1557.000000 1271.000000 1656.000000
1071.000000 1971.000000 1100.000000 2604.000000 1165.000000
1226.000000 722.000000 855.000000 1634.000000 923.000000
1390.000000 429.000000 1462.000000 1238.000000 1555.000000
837.000000 117.000000 1410.000000 986.000000 1507.000000
1546.000000 1882.000000 145.000000 2467.000000 234.000000
1519.000000 2283.000000 883.000000 2708.000000 952.000000
757.000000 2193.000000 413.000000 2709.000000 502.000000
971.000000 931.000000 1757.000000 1887.000000 1842.000000
1468.000000 2063.000000 1228.000000 2686.000000 1296.000000
1054.000000 2442.000000 419.000000 2884.000000 510.000000
703.000000 1034.000000 1265.000000 1686.000000 1340.000000
806.000000 2322.000000 368.000000 2796.000000 459.000000
1478.000000 2474.000000 437.000000 2907.000000 528.000000
744.000000 1322.000000 74.000000 2057.000000 147.000000
749.000000 1673.000000 1686.000000 2435.000000 1749.000000
751.000000 1084.000000 903.000000 1704.000000 971.000000
1395.000000 2410.000000 789.000000 2803.000000 863.000000
1424.000000 2260.000000 328.000000 2758.000000 419.000000
853.000000 325.000000 1118.000000 1118.000000 1196.000000
1087.000000 136.000000 1429.000000 997.000000 1528.000000
833.000000 2570.000000 864.000000 2964.000000 935.000000
868.000000 2564.000000 830.000000 2957.000000 903.000000
705.000000 2258.000000 1151.000000 2706.000000 1212.000000
713.000000 1334.000000 311.000000 2083.000000 382.000000
1464.000000 347.000000 1566.000000 1175.000000 1666.000000
688.000000 128.000000 1415.000000 998.000000 1514.000000
1515.000000 60.000000 525.000000 819.000000 577.000000
1504.000000 966.000000 397.000000 1796.000000 459.000000
153.000000 434.000000 1633.000000 1276.136353 1740.038696
939.000000 2528.000000 453.000000 2923.000000 520.000000
1148.000000 155.000000 1326.000000 1015.000000 1418.000000
1231.000000 2252.000000 879.000000 2684.000000 949.000000
1137.000000 1938.000000 772.000000 2559.000000 844.000000
950.000000 1033.000000 170.000000 1843.000000 233.000000
1427.000000 549.000000 1532.000000 1548.000000 1606.000000
1002.000000 2387.000000 210.000000 2850.000000 307.000000
871.000000 2358.000000 370.000000 2822.000000 463.000000
843.000000 2392.000000 1178.000000 2805.000000 1237.000000
1368.000000 2657.000000 1396.000000 3016.000000 1445.000000
1145.000000 1279.000000 79.000000 2022.000000 151.000000
949.000000 1880.000000 978.000000 2525.000000 1046.000000
1389.000000 2250.000000 1037.000000 2690.000000 1102.000000
1329.000000 598.000000 552.000000 1479.000000 609.000000
888.000000 498.000000 79.000000 1216.000000 121.000000
1112.000000 2056.000000 1375.000000 2679.000000 1433.000000
743.000000 2045.000000 1526.000000 2692.000000 1581.000000
679.000000 2513.000000 993.000000 2933.000000 1057.000000
204.000000 2543.000000 1257.000000 2955.458252 1306.805908
896.000000 1493.000000 766.000000 2199.000000 836.000000
1085.000000 2328.000000 18.000000 2767.000000 125.000000
462.000000 480.000000 410.000000 1215.383057 456.673462
642.000000 2064.000000 579.000000 2621.000000 697.000000
526.000000 586.000000 988.000000 1339.092773 1059.956543
1105.000000 1459.000000 764.000000 2221.000000 837.000000
785.000000 1564.000000 1096.000000 2300.000000 1163.000000
580.000000 112.000000 191.000000 852.923218 225.087982
776.000000 2383.000000 87.000000 2813.000000 195.000000
1034.000000 1565.000000 1599.000000 2349.000000 1666.000000
517.000000 1048.000000 252.000000 1866.687378 313.090149
1271.000000 1012.000000 24.000000 1819.000000 89.000000
864.000000 1984.000000 969.000000 2599.000000 1037.000000
795.000000 2110.000000 520.000000 2657.000000 601.000000
894.000000 2103.000000 506.000000 2651.000000 588.000000
1220.000000 1922.000000 964.000000 2555.000000 1031.000000
672.000000 2567.000000 846.000000 2961.000000 919.000000
847.000000 1546.000000 771.000000 2265.000000 841.000000
1024.000000 1600.000000 781.000000 2296.000000 850.000000
726.000000 1383.000000 1210.000000 2043.000000 1277.000000
1177.000000 2493.000000 954.000000 2902.000000 1021.000000
819.000000 2402.000000 1016.000000 2808.000000 1080.000000
817.000000 733.000000 1395.000000 1470.000000 1478.000000
1081.000000 2195.000000 1103.000000 2655.000000 1164.000000
1308.000000 2090.000000 553.000000 2644.000000 632.000000
762.000000 2164.000000 433.000000 2689.000000 521.000000
1242.000000 61.000000 512.000000 820.000000 542.000000
1410.000000 476.000000 469.000000 1221.000000 520.000000
1475.000000 1600.000000 29.000000 2224.000000 101.000000
908.000000 1105.000000 905.000000 1721.000000 973.000000
729.000000 2460.000000 1366.000000 2878.000000 1417.000000
671.000000 744.000000 60.000000 1599.000000 111.000000
951.000000 1205.000000 1396.000000 1847.000000 1469.000000
608.000000 2264.000000 1751.000000 2947.000000 1803.000000
680.000000 2245.000000 1658.000000 2905.000000 1704.000000
1405.000000 1495.000000 1009.000000 2098.000000 1092.000000
1377.000000 1052.000000 99.000000 1839.000000 156.000000
1157.000000 760.000000 1761.000000 1739.000000 1845.000000
867.000000 2035.000000 585.000000 2608.000000 663.000000
1235.000000 1887.000000 844.000000 2540.000000 916.000000
735.000000 2218.000000 385.000000 2724.000000 473.000000
727.000000 1549.000000 819.000000 2270.000000 888.000000
931.000000 412.000000 582.000000 1166.000000 635.000000
1459.000000 2249.000000 995.000000 2688.000000 1061.000000
1167.000000 1550.000000 863.000000 2275.000000 931.000000
1488.000000 567.000000 1447.000000 1549.000000 1537.000000
925.000000 1344.000000 899.000000 1956.000000 968.000000
880.000000 2100.000000 472.000000 2645.000000 555.000000
766.000000 2572.000000 881.000000 2966.000000 951.000000
1247.000000 1442.000000 1226.000000 2043.000000 1300.000000
1069.000000 1318.000000 351.000000 2074.000000 419.000000
857.000000 2342.000000 390.000000 2836.000000 485.000000
1164.000000 103.000000 707.000000 902.000000 763.000000
583.000000 75.000000 463.000000 826.515503 497.496826
1185.000000 2076.000000 506.000000 2618.000000 624.000000
1535.000000 1095.000000 32.000000 1880.000000 97.000000
809.000000 661.000000 872.000000 1586.000000 938.000000
827.000000 1929.000000 732.000000 2542.000000 805.000000
1062.000000 2547.000000 1424.000000 2975.000000 1471.000000
761.000000 1364.000000 254.000000 2092.000000 326.000000
863.000000 1055.000000 901.000000 1680.000000 968.000000
621.000000 2207.000000 1131.000000 2665.000000 1192.000000
1536.000000 2558.000000 917.000000 2972.000000 986.000000
557.000000 614.000000 214.000000 1465.225952 264.366486
1372.000000 2533.000000 1387.000000 2960.000000 1436.000000
750.000000 1277.000000 1769.000000 2160.000000 1845.000000
1118.000000 759.000000 645.000000 1649.000000 707.000000
1338.000000 400.000000 100.000000 1129.000000 139.000000
1175.000000 2455.000000 1425.000000 2881.000000 1462.000000
859.000000 1548.000000 792.000000 2268.000000 862.000000
1360.000000 1189.000000 50.000000 1959.000000 128.000000
249.000000 881.000000 443.000000 1734.132446 505.513245
1200.000000 2463.000000 1871.000000 3031.000000 1915.000000
1450.000000 476.000000 488.000000 1222.000000 541.000000
780.000000 19.000000 26.000000 793.000000 46.000000
497.000000 1463.000000 1183.000000 2136.702881 1250.335938
670.000000 847.000000 473.000000 1708.000000 534.000000
1147.000000 660.000000 802.000000 1623.000000 871.000000
1258.000000 1751.000000 136.000000 2419.000000 174.000000
1012.000000 73.000000 1430.000000 943.000000 1529.000000
91.000000 2579.000000 918.000000 2982.418945 982.529053
719.000000 1604.000000 835.000000 2322.000000 905.000000
928.000000 2259.000000 1192.000000 2707.000000 1252.000000
999.000000 213.000000 393.000000 981.000000 435.000000
1202.000000 1482.000000 959.000000 2168.000000 1026.000000
899.000000 2525.000000 1257.000000 2940.000000 1312.000000
1537.000000 2525.000000 853.000000 2917.000000 926.000000
1166.000000 1137.000000 61.000000 1901.000000 125.000000
461.000000 488.000000 269.000000 1214.693726 326.659454
921.000000 2591.000000 920.000000 2993.000000 989.000000
658.000000 1731.000000 915.000000 2412.000000 984.000000
966.000000 40.000000 1416.000000 918.000000 1516.000000
775.000000 2410.000000 407.000000 2860.000000 496.000000
1192.000000 455.000000 406.000000 1194.000000 455.000000
1093.000000 2287.000000 1271.000000 2741.000000 1327.000000
889.000000 1758.000000 1752.000000 2531.000000 1813.000000
465.000000 2404.000000 93.000000 2828.109863 199.043030
982.000000 640.000000 846.000000 1569.000000 912.000000
1209.000000 70.000000 617.000000 840.000000 668.000000
960.000000 1364.000000 274.000000 2094.000000 346.000000
790.000000 2286.000000 368.000000 2771.000000 460.000000
909.000000 2583.000000 1090.000000 2986.000000 1150.000000
1025.000000 1296.000000 13.000000 2033.000000 85.000000
325.000000 487.000000 1482.000000 1283.333496 1577.139404
691.000000 2005.000000 534.000000 2593.000000 614.000000
893.000000 36.000000 576.000000 790.000000 625.000000
1422.000000 1849.000000 425.000000 2359.000000 556.000000
1325.000000 2601.000000 1110.000000 3009.000000 1170.000000
693.000000 2561.000000 812.000000 2954.000000 887.000000
1011.000000 226.000000 398.000000 992.000000 440.000000
577.000000 69.000000 194.000000 839.791809 220.856659
1528.000000 1652.000000 1103.000000 2365.000000 1169.000000
1028.000000 102.000000 724.000000 903.000000 781.000000
936.000000 2238.000000 306.000000 2742.000000 399.000000
609.000000 2068.000000 123.000000 2605.000000 229.000000
1373.000000 1874.000000 1652.000000 2579.000000 1709.000000
507.000000 501.000000 29.000000 1206.646362 70.067772
976.000000 2028.000000 1075.000000 2642.000000 1139.000000
811.000000 989.000000 95.000000 1794.000000 157.000000
945.000000 2224.000000 400.000000 2729.000000 490.000000
1473.000000 2355.000000 161.000000 2806.000000 288.000000
787.000000 2524.000000 1457.000000 2961.000000 1504.000000
146.000000 900.000000 430.000000 1744.575684 493.778564
431.000000 1879.000000 1279.000000 2539.998291 1340.209229
1110.000000 148.000000 231.000000 899.000000 253.000000
934.000000 2186.000000 398.000000 2702.000000 486.000000
1365.000000 1318.000000 1473.000000 2080.000000 1545.000000
1058.000000 1542.000000 742.000000 2259.000000 811.000000
1150.000000 2154.000000 419.000000 2681.000000 505.000000
1016.000000 1674.000000 1103.000000 2382.000000 1170.000000
1106.000000 864.000000 458.000000 1719.000000 519.000000
1507.000000 1239.000000 952.000000 1866.000000 1035.000000
772.000000 1999.000000 1470.000000 2688.000000 1524.000000
1565.000000 1869.000000 1116.000000 2476.000000 1176.000000
1168.000000 2600.000000 1088.000000 3006.000000 1149.000000
1123.000000 732.000000 1356.000000 1457.000000 1438.000000
1127.000000 1649.000000 364.000000 2313.000000 441.000000
1218.000000 2481.000000 389.000000 2893.000000 466.000000
1195.000000 1524.000000 221.000000 2209.000000 297.000000
996.000000 2462.000000 409.000000 2897.000000 501.000000
904.000000 757.000000 882.000000 1664.000000 949.000000
533.000000 1340.000000 177.000000 2089.472412 257.500702
1500.000000 1451.000000 809.000000 2087.000000 880.000000
891.000000 1179.000000 929.000000 1786.000000 995.000000
798.000000 184.000000 1389.000000 1044.000000 1484.000000
1564.000000 2423.000000 275.000000 2861.000000 373.000000
1299.000000 740.000000 1446.000000 1520.000000 1536.000000
804.000000 1558.000000 1519.000000 2336.000000 1585.000000
1282.000000 769.000000 225.000000 1630.000000 280.000000
1041.000000 225.000000 369.000000 993.000000 411.000000
805.000000 2014.000000 975.000000 2622.000000 1043.000000
1174.000000 2175.000000 1149.000000 2800.000000 1221.000000
1420.000000 1581.000000 1060.000000 2309.000000 1127.000000
1276.000000 2457.000000 1389.000000 2878.000000 1440.000000
377.000000 1279.000000 25.000000 2022.410156 95.649208
710.000000 2072.000000 488.000000 2670.000000 574.000000
1412.000000 620.000000 1447.000000 1593.000000 1534.000000
1479.000000 1877.000000 1219.000000 2467.000000 1280.000000
1460.000000 2288.000000 106.000000 2744.000000 205.000000
448.000000 1270.000000 228.000000 2025.431641 297.942230
915.000000 1652.000000 1289.000000 2378.000000 1354.000000
1342.000000 439.000000 321.000000 1175.000000 367.000000
1317.000000 401.000000 253.000000 1139.000000 295.000000
1155.000000 2039.000000 878.000000 2628.000000 954.000000
898.000000 1066.000000 53.000000 1859.000000 112.000000
956.000000 1207.000000 933.000000 1772.000000 995.000000
948.000000 1768.000000 451.000000 2406.000000 528.000000
1021.000000 2369.000000 419.000000 2827.000000 509.000000
1547.000000 1403.000000 1194.000000 2041.000000 1262.000000
1074.000000 2135.000000 16.000000 2640.000000 117.000000
1394.000000 2040.000000 1149.000000 2653.000000 1212.000000
1223.000000 552.000000 1422.000000 1468.000000 1523.000000
1573.000000 768.000000 1562.000000 1732.000000 1647.000000
992.000000 2032.000000 1278.000000 2664.000000 1341.000000
875.000000 1563.000000 1074.000000 2298.000000 1142.000000
86.000000 603.000000 751.000000 1533.914917 810.060242
890.000000 743.000000 770.000000 1645.000000 830.000000
598.000000 2435.000000 104.000000 2854.000000 214.000000

4.000000 1459.976074 753.512390 783.389465 662.914001 2162.947021 822.099915 1669.747681 731.371399
5.000000 786.810059 655.598877 1453.540283 745.125549 1670.005127 723.305664 2159.908447 813.828613
8.000000 973.976501 1480.014160 986.336487 919.992737 1646.987549 1456.774414 1630.402710 993.318909
6.000000 2209.383545 920.031189 2237.035889 1466.647949 2655.737549 986.472839 2694.196045 1463.532471
17.000000 2248.806641 1466.557861 2221.006348 919.948792 2706.184814 1377.430420 2664.424805 986.550049
57.000000 2163.122559 1478.363037 2666.550049 1499.449219 2769.886963 1547.132080 3036.795654 1536.604492
64.000000 2713.353027 1563.753662 2253.264648 1585.189941 3046.614502 1616.139160 2793.447266 1641.153198
52.000000 491.119232 529.927307 476.783508 966.670532 1240.674072 586.650818 1247.339844 869.984131
10.000000 717.532776 950.017273 709.036743 1376.647461 1613.207397 1013.172974 1635.549805 1460.055786
121.000000 823.369141 1516.642578 1239.986938 1512.131348 1760.011353 1593.557007 1946.702881 1584.043335
13.000000 517.201172 66.518494 496.185699 463.484344 1236.443970 106.634674 1240.626709 513.361145
38.000000 1183.307739 1729.381836 1533.397705 1714.889893 2023.163086 1808.124268 2326.418945 1780.603638
51.000000 1920.044800 1485.832764 1569.918213 1492.102783 2626.161621 1543.322388 2339.887207 1557.766724
29.000000 2510.665283 1016.624451 2532.681885 1363.374756 2913.988281 1083.255615 2953.615479 1417.028931
30.000000 2507.217041 1366.240967 2486.769287 1019.600708 2930.053223 1415.894409 2891.724365 1082.369019
59.000000 2173.334229 1623.352905 2516.611572 1605.602661 2790.016602 1676.813477 3050.088867 1647.454834
21.000000 745.514221 1016.625366 733.214722 1359.995728 1457.751709 1066.718384 1466.343506 1440.160767
41.000000 1527.194824 690.801147 1316.234375 426.258209 2216.903564 695.067017 2024.973877 470.533783
3.000000 439.634857 1407.366333 457.863770 1069.525024 1246.811768 1646.919434 1233.892212 1143.318970
134.000000 471.544220 1069.903931 453.455353 1406.673218 1254.608887 1146.660278 1254.053589 1326.668945
42.000000 16.575104 1125.287354 349.957397 1140.909302 849.860901 1206.506958 1143.360962 1219.370483
46.000000 350.075470 1201.049927 16.665720 1190.028687 1143.358887 1282.356201 853.295837 1274.765137
84.000000 2242.113037 326.935120 2223.037109 3.350791 2743.281494 413.809601 2727.597656 192.558472
22.000000 1541.199219 651.087097 1333.834595 405.008575 2279.801025 793.661194 2092.781494 475.243988
15.000000 1342.044922 388.537659 1556.109497 628.607788 2102.876953 459.252289 2300.310791 802.143799
33.000000 1242.399658 1366.694702 1246.130615 1046.699341 1879.497314 1439.861084 1863.786987 1119.650635
26.000000 2572.904297 1323.145630 2552.444336 1006.508728 2995.493896 1412.287476 2955.214844 1072.320557
95.000000 1111.909790 340.438782 1404.962646 459.597321 1867.630371 410.145538 2068.072021 475.456635
19.000000 545.407715 503.444763 562.276245 189.406067 1225.434082 513.339661 1223.477417 133.332596
35.000000 1275.692749 1053.325928 1273.317505 1366.666504 1892.951782 1120.018921 1908.524170 1433.406616
54.000000 150.005493 763.280823 460.099762 795.712891 950.087524 822.663696 1216.557861 857.499329
25.000000 2536.547119 1003.126770 2556.500244 1313.558228 2936.296387 1066.314453 2977.977539 1416.907104
39.000000 2578.170166 1013.236511 2598.147217 1323.452637 2978.704834 1076.821411 3014.220703 1374.023926
86.000000 2198.837891 3.027824 2215.867676 309.859344 2694.093506 186.951187 2718.004639 403.185394
23.000000 1235.381226 1060.027222 1231.348511 1363.351318 1844.592285 1079.558472 1864.680786 1440.110596
58.000000 1413.157715 474.437042 1552.717651 733.139343 2156.625000 565.466736 2266.005615 805.748718
103.000000 2510.199463 621.849426 2608.479492 897.941711 2948.943359 788.674927 2994.660645 982.232544
18.000000 1468.598145 -0.742826 1747.054932 71.843842 1962.397949 0.657116 2317.120361 142.196411
108.000000 2460.977051 505.608154 2626.001465 740.097168 2849.030518 574.719177 2973.858643 726.233948
27.000000 1018.182495 3.155960 1012.322571 283.451569 1806.045654 3.163793 1827.293457 343.085785
279.000000 436.708557 1139.129517 160.040878 1125.817139 1173.304199 1214.060059 1056.691772 1209.375244
70.000000 852.465027 419.123108 723.695374 661.547241 1708.510620 482.367340 1621.961182 713.658508
44.000000 204.282257 1770.064819 222.976456 1496.414551 1079.049316 1890.005005 1079.670166 1596.658936
49.000000 1031.495361 276.701447 1037.853882 3.283425 1849.457886 340.195099 1835.012085 53.248817
201.000000 1067.522827 360.576691 1330.392700 429.023346 1871.329834 433.504700 2014.791870 462.876190
56.000000 1569.342407 1476.674072 1566.326660 1210.003906 2330.713867 1543.278442 2310.207764 1276.650635
212.000000 2126.491211 894.907410 2383.309570 923.546509 2640.227539 971.739258 2776.495361 991.198792
92.000000 1962.619141 772.776733 1997.675659 517.846863 2590.480469 803.041565 2612.280518 589.892334
73.000000 825.671326 521.081116 756.183350 767.078735 1744.575684 493.778564 1654.728271 716.529114
43.000000 601.762451 713.474548 622.061218 460.165161 1533.914917 810.060242 1527.491333 516.648621
89.000000 729.625671 717.575439 810.644653 482.297272 1632.535278 728.783630 1693.845581 520.539978
141.000000 1317.468506 385.658936 1076.614746 329.307953 2077.266357 459.876007 1912.201904 395.751648
82.000000 1198.598999 1390.181885 1207.009399 1146.678467 1837.769653 1433.432129 1827.868652 1209.946777
37.000000 1820.466309 1732.935059 2060.467285 1762.927246 2586.801025 1785.580444 2890.841064 1823.203979
234.000000 2232.469971 419.591827 2469.855225 462.261536 2679.308105 536.450806 2805.719482 511.808105
124.000000 1022.677734 382.996185 825.671326 521.081116 1907.617554 440.326263 1734.132446 505.513245
248.000000 2386.560791 680.151917 2474.462158 903.600037 2883.471191 969.954468 2844.458740 851.860352
7.000000 68.969170 646.844543 87.457764 407.500244 837.574768 900.008850 842.132385 433.516998
40.000000 239.939636 1292.922729 3.166353 1290.637939 1076.668335 1390.238892 779.992981 1392.345215
144.000000 2552.584961 560.144409 2351.158447 439.186615 2951.147949 636.241272 2809.784180 530.280273
147.000000 2594.046143 723.632446 2455.259277 538.557190 2964.209229 752.271057 2862.062012 608.534607
12.000000 1629.720825 782.146057 1559.094849 563.725830 2347.127930 849.879150 2157.636230 464.761871
181.000000 1266.870728 1679.744629 1487.007935 1665.146240 2103.120850 1747.437378 2259.815430 1734.440674
55.000000 1495.913330 1467.777954 1315.301147 1345.347778 2250.825195 1538.419434 2012.882568 1414.196777
31.000000 219.975174 1489.203857 3.207484 1495.965332 1083.423584 1591.711060 756.610840 1608.940918
93.000000 1960.348755 1693.392090 1956.085815 1476.678101 2660.288330 1746.642822 2642.625488 1533.391968
111.000000 680.043518 746.673401 712.863220 535.042969 1606.778687 816.671387 1614.906128 623.259338
87.000000 1495.122314 1713.346924 1496.742432 1500.000610 2275.607910 1783.400879 2261.763672 1566.554077
146.000000 793.257568 794.023926 583.948425 771.059998 1697.718262 859.698730 1523.326416 833.379272
105.000000 2460.440674 717.857544 2520.982422 918.699036 2860.591797 796.873108 2916.625977 986.678650
45.000000 2475.305664 623.987549 2568.033447 807.626709 2890.630127 706.465576 2982.418945 982.529053
142.000000 2306.239746 578.214172 2461.625488 710.857605 2744.240967 662.825073 2863.010010 793.940063
136.000000 173.153564 832.259888 376.789337 848.457764 973.150391 895.171265 1150.055298 912.777710
130.000000 373.475891 931.437195 169.790207 916.123779 1150.077271 999.106995 969.983032 983.529846
197.000000 559.968262 1518.100952 763.300537 1514.704102 1556.671265 1610.081665 1703.433716 1601.773560
165.000000 783.203003 133.933975 980.005920 176.639359 1636.087402 188.517059 1793.977905 237.940704
263.000000 611.134399 356.786102 590.123535 556.328674 1465.013306 406.701569 1467.546509 526.718445
174.000000 976.896790 245.505539 780.671021 206.614456 1793.556274 305.875336 1640.190796 262.656097
24.000000 133.144119 211.119293 330.372864 244.460953 732.934692 201.638626 1076.989136 285.341034
182.000000 756.616577 1507.458130 556.628540 1511.400513 1710.191406 1593.483765 1553.265869 1602.104126
139.000000 126.351807 525.430115 323.576599 555.046631 912.899353 572.193726 1086.684814 606.574707
266.000000 2207.093506 466.890747 2403.967041 475.487396 2727.357422 546.620056 2844.577393 570.580078
135.000000 320.150055 625.066711 126.952805 606.948853 1087.172607 679.200012 910.300049 657.548767
247.000000 2300.371826 705.316040 2397.904053 872.042969 2747.699219 841.831177 2788.178223 959.479919
32.000000 2103.562988 1731.979980 1913.383423 1699.705200 2939.624268 1781.794189 2619.875488 1758.364380
295.000000 193.168610 621.566895 383.171234 641.541809 1026.384033 682.410522 1136.819946 695.359192
154.000000 236.988312 1470.021606 224.232269 1660.060303 1090.149414 1586.667603 1089.026855 1760.015259
179.000000 780.262390 820.737183 593.482483 801.857727 1683.275024 887.096619 1526.777344 865.851318
250.000000 1686.422974 843.022522 1873.486328 858.102600 2386.615967 913.795227 2509.925781 927.342407
261.000000 220.061722 1078.521973 33.303108 1070.723877 980.039185 1152.274414 859.956970 1147.828125
160.000000 1976.782837 1458.900024 1789.919312 1462.797729 2663.195068 1519.270996 2493.192139 1522.446777
168.000000 146.316223 81.939423 327.040985 114.595116 909.222168 109.705200 1067.465332 150.213440
66.000000 1240.204346 1636.330688 1423.142090 1623.861206 1959.961060 1712.849243 2209.687500 1692.777588
214.000000 423.334229 1483.453369 240.010986 1484.813354 1233.364014 1577.419189 1096.381348 1583.009888
227.000000 1876.937622 910.634460 1696.746216 892.541260 2516.733154 979.510559 2386.863525 961.883789
122.000000 1177.267700 1323.354492 1178.235962 1143.341797 1805.338501 1400.059692 1796.959473 1213.469849
274.000000 927.582153 388.013153 1103.183960 352.592560 1765.725220 453.753784 1877.026733 417.780884
292.000000 1239.107910 428.796112 1382.146240 533.741455 2022.925415 527.043823 2103.359863 606.639893
281.000000 1451.579468 540.965210 1316.234375 426.258209 2151.161865 578.832092 2069.277100 497.375854
198.000000 240.008133 1553.673340 416.653534 1549.450806 1096.601440 1655.510132 1243.364990 1647.226685
48.000000 1743.242188 1519.043457 1566.655273 1522.795044 2633.411621 1571.275024 2346.597168 1588.865845
188.000000 223.539841 25.663036 396.413116 61.232262 976.140930 55.145424 1123.017334 97.755997
53.000000 1340.433350 1372.698486 1485.494629 1471.717041 2006.572998 1420.469482 2253.552246 1549.581421
269.000000 1793.663452 281.898438 1623.468262 242.746536 2483.260742 463.569824 2370.337646 428.899933
262.000000 664.315430 612.294556 734.749390 452.874176 1591.790039 629.728943 1627.705078 514.951294
152.000000 193.495346 1203.378174 366.736633 1211.913208 1013.501831 1286.544922 1186.748291 1294.992432
185.000000 396.687683 119.886391 226.348663 88.386314 1127.224731 157.851959 976.974792 118.814026
258.000000 1090.176636 1749.186279 919.845520 1761.130249 2000.189697 1831.542847 1879.553955 1846.371216
85.000000 634.117798 173.561844 643.573730 3.161699 1519.814209 223.338135 1514.128418 3.226691
150.000000 1203.738159 1136.725830 1206.431641 966.662964 1826.880493 1206.808228 1819.001953 1033.227295
245.000000 1943.222778 527.233765 1776.401245 494.694244 2536.838867 606.059692 2416.150635 571.818726
157.000000 1562.052856 578.211121 1464.979492 439.839966 2353.325928 553.362244 2186.659668 510.027161
175.000000 1610.465942 181.412857 1446.282593 141.582947 2293.676270 269.024200 2143.482178 216.242966
236.000000 602.879944 814.441956 769.848572 831.483582 1539.486694 876.760437 1666.303955 895.755066
123.000000 64.323151 656.479858 51.014847 823.414246 824.870789 706.636719 821.760864 893.307129
202.000000 370.050873 246.386230 206.651810 216.748611 1109.916504 287.002136 969.490662 252.046127
243.000000 1477.112549 447.115601 1346.748657 347.592133 2177.428223 495.797241 2082.846680 412.945038
133.000000 218.337692 1320.161743 202.871948 1479.955322 1063.233276 1396.644775 1062.083618 1576.701294
110.000000 2490.317871 356.826599 2481.827393 196.746536 2864.362793 283.068085 2912.990234 471.806030
225.000000 2176.082764 536.738525 2335.716309 522.602356 2702.803955 598.305298 2828.723877 640.532166
187.000000 733.528870 1385.777100 573.563171 1378.369873 1650.062500 1466.786865 1496.714233 1465.817505
211.000000 332.853241 115.630432 487.111938 147.869461 1072.994507 151.167908 1206.681396 189.949066
28.000000 3.329548 913.383301 160.106537 925.260315 626.885193 964.082886 963.679810 992.570068
104.000000 2125.164551 1583.493408 2119.973145 1426.667603 2773.643555 1637.427124 2750.024170 1439.997070
107.000000 3.283865 1307.170166 160.053406 1309.191406 859.994934 1399.674927 1056.666626 1400.007690
207.000000 219.659149 155.281906 373.531860 182.198380 973.014709 187.973053 1110.448853 221.493179
267.000000 1101.913208 9.294140 1249.571655 44.473320 1887.581543 68.284439 1992.947754 124.472183
173.000000 65.899559 479.430298 54.647175 626.256470 820.530151 519.968262 818.720764 679.910095
143.000000 224.354156 1483.379150 230.941818 1336.559326 1074.431274 1573.337280 1075.074219 1396.660889
132.000000 1292.777344 1383.314209 1287.716797 1530.036255 1980.162109 1429.992676 1988.292480 1610.077148
254.000000 360.310211 1.878863 503.526947 32.425533 1089.486450 35.051605 1206.646362 70.067772
170.000000 2468.880615 477.810364 2573.314209 580.019592 2811.115479 513.878174 2942.754639 609.542969
76.000000 453.002899 1413.327637 450.548859 1556.733154 1259.077637 1506.490601 1276.136353 1740.038696
196.000000 1308.063965 233.346802 1309.446045 89.930412 2056.492676 306.930817 2045.434326 160.092804
65.000000 3.286084 1483.571411 146.636902 1481.383179 766.592041 1595.140625 1019.808777 1582.756958
257.000000 336.763428 549.238525 196.487289 531.411438 1096.657104 600.056702 976.679077 579.926086
78.000000 2599.385742 973.087952 2612.080078 1113.747314 2996.835449 1036.275024 3022.484863 1265.643311
239.000000 1320.000000 96.666664 1320.000000 236.666672 2056.596436 170.004379 2064.472656 296.595764
176.000000 313.420624 166.212570 176.680710 139.926987 1060.000244 203.332321 906.938782 162.317917
190.000000 1977.068237 1653.379761 2113.730957 1670.078369 2663.501221 1707.813477 2813.385010 1719.325928
167.000000 1420.502563 1038.203491 1550.744873 995.610901 2053.191162 1105.911133 2213.781250 1075.714844
259.000000 1066.190308 166.584000 1063.221436 303.403229 1875.502686 193.003189 1866.687378 313.090149
98.000000 491.730042 1759.990601 492.533997 1623.289429 1253.487549 1859.999390 1252.594360 1653.350952
220.000000 2257.685303 856.631042 2252.905518 720.014954 2686.622070 926.996338 2673.574707 793.309753
14.000000 92.778290 909.794250 99.998352 773.333252 902.994141 979.954041 905.661621 573.304871
140.000000 650.856079 743.435181 666.821472 609.225342 1580.218506 806.478821 1591.790039 629.728943
195.000000 2165.323242 668.855469 2295.374756 701.987122 2637.975342 739.934509 2750.771973 835.135864
230.000000 608.704651 226.767548 602.104614 360.104187 1443.147705 283.281097 1445.305542 413.300598
47.000000 1569.967041 1500.882935 1703.365967 1499.087769 2339.986084 1565.396484 2630.061035 1562.198120
246.000000 2422.480713 1313.645996 2412.732666 1183.129272 2842.060059 1367.267578 2825.849854 1243.005005
72.000000 2470.797119 996.417419 2478.662354 1126.747437 2871.118896 1049.868042 2899.501465 1290.452026
237.000000 1961.414795 1223.296753 1964.783569 1353.554443 2601.735107 1286.500610 2613.927490 1413.914429
284.000000 76.664032 126.680611 203.215698 150.621841 849.782288 154.175140 960.157898 182.722870
158.000000 784.521606 460.759216 877.650696 374.394409 1654.891724 518.100830 1777.427979 397.341064
299.000000 236.604568 984.575928 363.454163 990.915833 1036.539917 1055.510742 1146.748535 1061.928223
272.000000 583.289551 1404.449097 710.104187 1401.945557 1516.491577 1492.880249 1633.524536 1487.468750
271.000000 1982.441284 1349.785156 1977.858276 1226.622314 2630.464355 1406.620117 2618.768311 1289.789551
233.000000 2410.611816 96.000343 2421.727783 217.423965 2828.109863 199.043030 2853.536621 325.958099
149.000000 596.897766 1099.783447 476.755920 1091.962402 1433.481567 1181.578369 1259.978027 1166.926514
229.000000 627.629333 303.390686 634.789429 183.221481 1523.068481 363.339691 1519.945190 233.334656
242.000000 123.379623 1329.599731 3.315425 1328.111206 986.683655 1421.885376 859.967224 1423.025513
283.000000 2420.303467 226.685410 2421.045898 346.722046 2847.509277 324.435669 2868.794434 436.894867
