Keypoint Matches and Line Matches for pairs 3, 20 
3 corresponds to the image ./resources/Data/HerzP25/images/0003.png 
20 corresponds to the image ./resources/Data/HerzP25/images/0020.png 

48.000000 1459.976074 753.512390 830.014832 1090.326416
49.000000 783.389465 662.914001 483.305359 1106.050171
46.000000 786.810059 655.598877 480.012878 1100.270752
47.000000 1453.540283 745.125549 826.688416 1083.790649
136.000000 717.532776 950.017273 656.566406 1296.657227
69.000000 2052.179688 953.374329 1334.219727 1166.793579
56.000000 2072.375488 976.571533 1469.486572 1183.322998
57.000000 2087.865479 1363.418823 1462.596069 1526.651855
133.000000 1569.918213 1492.102783 819.995117 1624.410278
52.000000 2510.665283 1016.624451 2053.936035 1149.978760
53.000000 2532.681885 1363.374756 2066.068359 1493.472168
67.000000 2486.769287 1019.600708 2028.865967 1149.937744
167.000000 745.514221 1016.625366 625.218140 1316.532959
137.000000 733.214722 1359.995728 633.411682 1543.340698
172.000000 457.863770 1069.525024 431.441650 1370.165649
193.000000 471.544220 1069.903931 439.845856 1369.982422
194.000000 453.455353 1406.673218 417.095032 1570.048706
296.000000 349.957397 1140.909302 306.647003 1415.840576
1321.000000 350.075470 1201.049927 240.000000 1451.000000
262.000000 1333.834595 405.008575 714.919495 873.494751
454.000000 1342.044922 388.537659 723.105652 860.302246
173.000000 1242.399658 1366.694702 582.702087 1540.264648
174.000000 1246.130615 1046.699341 604.264832 1320.091187
66.000000 2641.690186 1327.262817 2038.296997 1483.381470
88.000000 2572.904297 1323.145630 1997.686035 1473.389648
45.000000 2552.444336 1006.508728 2070.514893 1133.316284
468.000000 1346.299316 364.272186 720.743652 845.584534
394.000000 774.096069 1320.002930 657.237610 1516.719482
276.000000 2517.931152 386.751251 1841.725586 542.392517
489.000000 2528.229248 420.496124 1881.158081 564.203857
11.000000 1747.054932 71.843842 1056.804321 531.189758
134.000000 2460.977051 505.608154 1777.510010 658.035400
100.000000 2366.526367 931.168518 1926.703491 1087.444702
243.000000 1569.342407 1476.674072 828.636475 1610.144287
513.000000 2699.322998 655.240540 2114.945557 757.447327
30.000000 2126.491211 894.907410 1536.597290 1098.664917
31.000000 2383.309570 923.546509 1943.377930 1077.526001
309.000000 1302.805176 424.401245 675.170959 882.957642
442.000000 825.671326 521.081116 425.940247 1019.473694
460.000000 2430.354004 364.790436 1740.919434 546.746094
369.000000 1317.468506 385.658936 696.110229 859.033752
370.000000 1076.614746 329.307953 546.178040 869.963440
380.000000 1207.009399 1146.678467 628.311279 1389.840332
490.000000 2621.395264 499.549927 1994.507568 617.502686
189.000000 2431.354004 352.936981 1742.741821 540.332947
150.000000 2579.381592 580.679565 1982.387695 707.424133
429.000000 239.939636 1292.922729 296.890808 1503.965332
146.000000 2552.584961 560.144409 1940.536377 697.574158
154.000000 2594.046143 723.632446 2031.648071 846.384888
155.000000 2455.259277 538.557190 1848.708252 698.443176
594.000000 1016.526428 914.879333 813.331238 1229.953979
1526.000000 793.257568 794.023926 485.000000 1198.000000
406.000000 2568.033447 807.626709 2031.344849 922.434937
197.000000 2306.239746 578.214172 1643.436157 784.802795
1367.000000 783.203003 133.933975 417.000000 791.000000
85.000000 2625.053467 1323.436523 2021.986450 1480.140503
122.000000 3016.347412 748.713806 2699.811523 744.429443
560.000000 2819.781494 718.067566 2319.926758 775.591858
327.000000 1686.422974 843.022522 960.075989 1130.991455
328.000000 1873.486328 858.102600 1116.589966 1118.999023
132.000000 1789.919312 1462.797729 1070.020142 1625.537354
373.000000 1876.937622 910.634460 1116.646240 1159.567505
374.000000 1696.746216 892.541260 966.666748 1166.668701
1251.000000 1743.242188 1519.043457 943.000000 1645.000000
256.000000 1566.655273 1522.795044 806.682983 1647.824585
448.000000 1793.663452 281.898438 1083.173218 678.314697
449.000000 1623.468262 242.746536 949.777161 690.988037
238.000000 1776.401245 494.694244 1056.852783 848.675659
1413.000000 1610.465942 181.412857 943.000000 649.000000
226.000000 1446.282593 141.582947 823.178101 661.901978
312.000000 1477.112549 447.115601 826.590759 865.828430
106.000000 2909.998047 1476.923096 2356.683594 1642.539185
230.000000 2909.974609 1492.100220 2356.645264 1661.367310
124.000000 3039.609863 651.944885 2813.445068 607.802246
235.000000 2830.061279 752.927917 2393.458496 811.170471
568.000000 160.106537 925.260315 316.529541 1296.097778
152.000000 2660.219971 439.101959 2083.357422 533.580566
153.000000 2810.975098 476.017914 2319.406738 510.578583
561.000000 1779.846069 734.495361 1040.045654 1034.081665
562.000000 1629.828247 714.630188 923.203613 1041.205444
166.000000 2140.158936 599.247742 1427.434082 836.562439
22.000000 2929.223145 389.629547 2552.629150 350.902161
528.000000 2573.314209 580.019592 1972.127686 712.196167
157.000000 2328.314453 485.587097 1608.835693 700.910706
412.000000 2595.812012 1346.716064 2054.328369 1555.770874
42.000000 3066.651367 1467.755615 2753.319092 1638.275879
220.000000 3000.249023 518.870361 2696.766113 467.572144
464.000000 1600.968018 741.955627 872.432861 1069.154053
765.000000 3026.795410 934.722473 2711.000000 965.000000
831.000000 1009.985413 120.062294 545.000000 744.000000
128.000000 2886.979004 665.061768 2446.414551 693.798035
129.000000 3020.446533 691.039124 2696.824463 671.795288
811.000000 589.844421 1216.414673 570.000000 1444.000000
403.000000 2096.941650 1481.589600 1240.018677 1651.992188
386.000000 1963.312500 1486.041748 1100.001099 1626.724854
202.000000 1783.452759 1005.262146 1033.274780 1244.972534
225.000000 1713.232422 203.740128 1010.175720 641.619934
266.000000 885.922058 367.896545 460.100006 918.778870
175.000000 2786.489014 160.590515 2306.505371 172.231628
176.000000 2905.724121 196.466263 2523.404541 140.487152
68.000000 1982.441284 1349.785156 1324.195068 1500.126221
1047.000000 3017.822754 347.508911 2763.000000 244.000000
1468.000000 596.897766 1099.783447 576.000000 1379.000000
1111.000000 2951.000000 1147.000000 2541.000000 1247.000000
1167.000000 2199.000000 712.000000 1715.000000 907.000000
579.000000 3028.000000 370.000000 2806.512939 255.374985
947.000000 837.000000 880.000000 712.000000 1221.000000
1107.000000 2969.000000 998.000000 2564.000000 1064.000000
697.000000 1743.000000 1396.000000 968.000000 1553.000000
853.000000 1052.000000 1161.000000 828.000000 1401.000000
651.000000 2927.000000 747.000000 2526.000000 774.000000
1486.000000 2827.000000 732.000000 2339.000000 791.000000
665.000000 3014.000000 1413.000000 2647.000000 1570.000000
1226.000000 2782.000000 817.000000 2240.000000 890.000000
1496.000000 2627.000000 41.000000 2061.000000 136.000000
1101.000000 2872.000000 1159.000000 2386.000000 1272.000000
1043.000000 2375.000000 167.000000 1688.000000 387.000000
670.000000 1882.000000 145.000000 1171.000000 544.000000
829.000000 1002.000000 895.000000 778.000000 1219.000000
1534.000000 2283.000000 883.000000 1809.000000 1054.000000
1071.000000 2063.000000 1228.000000 1304.000000 1407.000000
742.000000 2442.000000 419.000000 1767.000000 598.000000
299.000000 2901.000000 1473.000000 2333.041016 1623.739624
995.000000 2322.000000 368.000000 1618.000000 592.000000
493.000000 2768.000000 827.000000 2199.796387 902.174194
821.000000 2474.000000 437.000000 1809.000000 605.000000
1082.000000 1322.000000 74.000000 725.000000 648.000000
583.000000 2657.000000 917.000000 2124.875488 1025.953491
812.000000 2626.000000 913.000000 2031.000000 1038.000000
708.000000 2268.000000 880.000000 1789.000000 1055.000000
1370.000000 813.000000 878.000000 698.000000 1222.000000
273.000000 2260.000000 328.000000 1524.219238 579.350647
1274.000000 2589.000000 543.000000 1965.000000 668.000000
1297.000000 2505.000000 459.000000 1850.000000 615.000000
1010.000000 2736.000000 1143.000000 2136.000000 1273.000000
1471.000000 1997.000000 674.000000 1239.000000 947.000000
1313.000000 2563.000000 512.000000 1929.000000 646.000000
964.000000 2198.000000 148.000000 1490.000000 438.000000
959.000000 1306.000000 86.000000 717.000000 658.000000
1257.000000 2477.000000 116.000000 1826.000000 292.000000
151.000000 2684.000000 795.000000 2112.227539 906.370789
1081.000000 3027.000000 1144.000000 2698.000000 1231.000000
221.000000 2993.000000 1505.000000 2563.300293 1682.310913
1200.000000 1334.000000 311.000000 703.000000 807.000000
840.000000 2135.000000 456.000000 1391.000000 720.000000
1567.000000 2975.000000 1213.000000 2587.000000 1323.000000
779.000000 2252.000000 879.000000 1769.000000 1057.000000
861.000000 607.000000 1486.000000 265.000000 1607.000000
1198.000000 979.000000 893.000000 764.000000 1220.000000
936.000000 2495.000000 429.000000 1837.000000 589.000000
926.000000 2358.000000 370.000000 1661.000000 581.000000
893.000000 2324.000000 299.000000 1638.000000 534.000000
1208.000000 1233.000000 192.000000 681.000000 747.000000
1357.000000 2683.000000 281.000000 2129.000000 356.000000
1006.000000 2037.000000 641.000000 1291.000000 912.000000
953.000000 1279.000000 79.000000 700.000000 660.000000
1271.000000 2710.000000 812.000000 2132.000000 914.000000
1052.000000 2064.000000 579.000000 1317.000000 852.000000
1373.000000 2672.000000 688.000000 2081.000000 791.000000
755.000000 586.000000 988.000000 508.000000 1311.000000
1014.000000 2634.000000 611.000000 2030.000000 722.000000
575.000000 3012.000000 923.000000 2663.035156 965.554565
816.000000 2267.000000 59.000000 1579.000000 332.000000
1326.000000 1564.000000 1096.000000 848.000000 1331.000000
822.000000 3010.000000 1441.000000 2638.000000 1604.000000
680.000000 474.000000 520.000000 204.000000 1034.000000
1511.000000 2383.000000 87.000000 1729.000000 301.000000
1155.000000 1012.000000 24.000000 550.000000 681.000000
1513.000000 1082.000000 12.000000 579.000000 663.000000
1364.000000 1984.000000 969.000000 1212.000000 1196.000000
1234.000000 2993.000000 1262.000000 2616.000000 1383.000000
720.000000 2103.000000 506.000000 1362.000000 780.000000
1216.000000 2196.000000 276.000000 1478.000000 551.000000
1510.000000 2739.000000 1387.000000 2130.000000 1539.000000
739.000000 2039.000000 665.000000 1286.000000 930.000000
663.000000 1546.000000 771.000000 854.000000 1094.000000
1212.000000 2024.000000 205.000000 1301.000000 548.000000
1427.000000 792.000000 162.000000 428.000000 814.000000
855.000000 2798.000000 1303.000000 2223.000000 1445.000000
1440.000000 2493.000000 954.000000 2011.000000 1086.000000
921.000000 733.000000 1395.000000 585.000000 1563.000000
898.000000 2195.000000 1103.000000 1694.000000 1279.000000
259.000000 2670.000000 1385.000000 2032.999268 1542.974243
1118.000000 2898.000000 1116.000000 2436.000000 1216.000000
1229.000000 1580.000000 158.000000 899.000000 631.000000
790.000000 3031.000000 930.000000 2727.000000 964.000000
1455.000000 3004.000000 364.000000 2753.000000 271.000000
1565.000000 2035.000000 585.000000 1288.000000 863.000000
1481.000000 2635.000000 581.000000 2031.000000 692.000000
1307.000000 2218.000000 385.000000 1495.000000 641.000000
925.000000 1549.000000 819.000000 853.000000 1129.000000
1322.000000 1531.000000 920.000000 825.000000 1204.000000
1384.000000 2963.000000 913.000000 2572.000000 961.000000
207.000000 1550.000000 863.000000 845.965759 1154.701050
1578.000000 2658.000000 620.000000 2064.000000 725.000000
1129.000000 2100.000000 472.000000 1360.000000 751.000000
1221.000000 1792.000000 499.000000 1067.000000 848.000000
1382.000000 2287.000000 58.000000 1610.000000 317.000000
653.000000 2342.000000 390.000000 1642.000000 605.000000
1240.000000 2613.000000 575.000000 1999.000000 692.000000
1166.000000 3051.000000 1412.000000 2733.000000 1561.000000
929.000000 1986.000000 1019.000000 1209.000000 1236.000000
1106.000000 2076.000000 506.000000 1333.000000 786.000000
618.000000 1364.000000 254.000000 756.000000 758.000000
1442.000000 2256.000000 1264.000000 1464.000000 1419.000000
1162.000000 1548.000000 792.000000 854.000000 1110.000000
725.000000 2599.000000 404.000000 1988.000000 524.000000
972.000000 2040.000000 932.000000 1288.000000 1158.000000
1576.000000 2118.000000 876.000000 1597.000000 1067.000000
1345.000000 2979.000000 988.000000 2581.000000 1050.000000
1128.000000 2942.000000 1409.000000 2502.000000 1565.000000
479.000000 2175.000000 309.000000 1430.110474 594.602051
1095.000000 2100.000000 873.000000 1561.000000 1078.000000
1441.000000 2671.000000 948.000000 2053.000000 1085.000000
1197.000000 2373.000000 140.000000 1693.000000 315.000000
1430.000000 2732.000000 275.000000 2212.000000 326.000000
1164.000000 1672.000000 997.000000 936.000000 1249.000000
998.000000 2234.000000 15.000000 1517.000000 311.000000
1156.000000 2815.000000 1298.000000 2258.000000 1438.000000
1001.000000 2535.000000 483.000000 1890.000000 627.000000
473.000000 1006.000000 280.000000 536.357422 842.885864
1176.000000 73.000000 1430.000000 204.000000 1576.000000
324.000000 2880.000000 275.000000 2470.166992 247.976349
480.000000 2027.000000 277.000000 1303.244629 605.647583
25.000000 2944.000000 364.000000 2587.502441 310.721008
1019.000000 1050.000000 173.000000 574.000000 775.000000
310.000000 1010.000000 384.000000 517.814880 916.378418
1376.000000 2052.000000 147.000000 1334.000000 490.000000
738.000000 2410.000000 407.000000 1725.000000 597.000000
1544.000000 1119.000000 922.000000 659.000000 1238.000000
1235.000000 1729.000000 19.000000 1045.000000 493.000000
1218.000000 2128.000000 476.000000 1391.000000 748.000000
889.000000 1364.000000 274.000000 755.000000 773.000000
877.000000 2286.000000 368.000000 1575.000000 605.000000
1580.000000 1947.000000 101.000000 1232.000000 487.000000
1386.000000 1436.000000 1275.000000 1059.000000 1458.000000
390.000000 2693.000000 653.000000 2110.140381 749.871216
1467.000000 2879.000000 242.000000 2471.000000 207.000000
1505.000000 2697.000000 371.000000 2145.000000 445.000000
1074.000000 869.000000 884.000000 731.000000 1221.000000
1500.000000 2794.000000 279.000000 2314.000000 299.000000
1528.000000 2746.000000 1042.000000 2173.000000 1157.000000
918.000000 2740.000000 1253.000000 2163.000000 1391.000000
142.000000 2696.000000 854.000000 2110.482910 964.758484
582.000000 2690.000000 815.000000 2108.364502 913.084961
590.000000 2808.000000 647.000000 2316.655273 706.546448
903.000000 2043.000000 1028.000000 1259.000000 1238.000000
1007.000000 2745.000000 1298.000000 2164.000000 1440.000000
1171.000000 2567.000000 181.000000 1959.000000 310.000000
805.000000 501.000000 29.000000 353.000000 782.000000
1096.000000 2028.000000 1075.000000 1258.000000 1279.000000
907.000000 989.000000 95.000000 533.000000 730.000000
1159.000000 2521.000000 276.000000 1884.000000 424.000000
1501.000000 2739.000000 617.000000 2274.000000 685.000000
240.000000 2789.000000 643.000000 2283.305908 703.044800
578.000000 2975.000000 440.000000 2646.883789 391.809296
1092.000000 2186.000000 398.000000 1458.000000 663.000000
1304.000000 1542.000000 742.000000 853.000000 1073.000000
716.000000 2154.000000 419.000000 1423.000000 690.000000
977.000000 33.000000 1367.000000 215.000000 1547.000000
385.000000 1999.000000 1470.000000 1246.611084 1623.839844
871.000000 2064.000000 1253.000000 1269.000000 1429.000000
1521.000000 1649.000000 364.000000 957.000000 774.000000
1144.000000 1524.000000 221.000000 872.000000 699.000000
1038.000000 2327.000000 326.000000 1608.000000 554.000000
1421.000000 2462.000000 409.000000 1793.000000 581.000000
786.000000 737.000000 1223.000000 505.000000 1467.000000
1177.000000 467.000000 695.000000 482.000000 1171.000000
246.000000 2856.000000 1093.000000 2376.618896 1195.300659
302.000000 1558.000000 1519.000000 803.254028 1642.441772
803.000000 1601.000000 1147.000000 872.000000 1367.000000
1091.000000 2014.000000 975.000000 1241.000000 1195.000000
1227.000000 2402.000000 114.000000 1763.000000 316.000000
825.000000 2377.000000 397.000000 1683.000000 599.000000
1013.000000 3011.000000 992.000000 2648.000000 1048.000000
1334.000000 2671.000000 915.000000 2032.000000 1049.000000
553.000000 2856.000000 347.000000 2423.344727 366.751984
1335.000000 2654.000000 648.000000 2056.000000 755.000000
962.000000 620.000000 1447.000000 275.000000 1584.000000
384.000000 2917.000000 461.000000 2550.095459 437.527496
1314.000000 2956.000000 1020.000000 2560.000000 1092.000000
1531.000000 1921.000000 917.000000 1154.000000 1159.000000
1503.000000 2981.000000 868.000000 2642.000000 900.000000
997.000000 2356.000000 48.000000 1680.000000 282.000000
1543.000000 1270.000000 228.000000 696.000000 760.000000
760.000000 1652.000000 1289.000000 904.000000 1472.000000
1350.000000 2717.000000 854.000000 2138.000000 957.000000
593.000000 2906.000000 535.000000 2510.092041 530.927734
1394.000000 2039.000000 878.000000 1289.000000 1109.000000
1242.000000 1768.000000 451.000000 1049.000000 816.000000
1270.000000 2721.000000 897.000000 2142.000000 1002.000000
751.000000 2040.000000 1149.000000 1255.000000 1340.000000
1222.000000 1998.000000 407.000000 1262.000000 723.000000
970.000000 1563.000000 1074.000000 849.000000 1315.000000
1359.000000 2728.000000 1274.000000 2142.000000 1414.000000

24.000000 1459.976074 753.512390 783.389465 662.914001 830.014832 1090.326416 483.305359 1106.050171
23.000000 786.810059 655.598877 1453.540283 745.125549 480.012878 1100.270752 826.688416 1083.790649
51.000000 2163.122559 1478.363037 2666.550049 1499.449219 1639.826660 1688.647827 1923.511597 1678.150879
68.000000 717.532776 950.017273 709.036743 1376.647461 656.566406 1296.657227 633.411682 1543.340698
34.000000 2066.278809 1350.013794 2052.179688 953.374329 1324.195068 1500.126221 1334.219727 1166.793579
28.000000 2072.375488 976.571533 2087.865479 1363.418823 1469.486572 1183.322998 1462.596069 1526.651855
66.000000 1920.044800 1485.832764 1569.918213 1492.102783 1070.020142 1625.537354 819.995117 1624.410278
26.000000 2510.665283 1016.624451 2532.681885 1363.374756 2053.936035 1149.978760 2066.068359 1493.472168
84.000000 745.514221 1016.625366 733.214722 1359.995728 625.218140 1316.532959 604.604797 1539.809692
86.000000 439.634857 1407.366333 457.863770 1069.525024 406.148254 1590.323364 431.441650 1370.165649
97.000000 471.544220 1069.903931 453.455353 1406.673218 439.845856 1369.982422 417.095032 1570.048706
148.000000 16.575104 1125.287354 349.957397 1140.909302 143.326920 1419.730957 306.647003 1415.840576
228.000000 1342.044922 388.537659 1556.109497 628.607788 723.105652 860.302246 829.079285 940.130554
87.000000 1242.399658 1366.694702 1246.130615 1046.699341 582.702087 1540.264648 604.264832 1320.091187
22.000000 2641.690186 1327.262817 2618.885742 1009.362610 2082.458496 1493.362305 2070.514893 1133.316284
33.000000 2572.904297 1323.145630 2552.444336 1006.508728 2038.296997 1483.381470 2028.865967 1149.937744
54.000000 3028.287109 1116.516602 3057.123291 1427.859253 2780.079346 1256.658203 2809.692627 1533.722412
235.000000 1556.125366 595.035278 1346.299316 364.272186 828.272156 919.479980 720.743652 845.584534
197.000000 773.748291 1013.332886 774.096069 1320.002930 670.517944 1373.072998 657.237610 1516.719482
82.000000 2517.931152 386.751251 2505.934814 93.363258 1867.833496 503.335419 1867.616455 276.662567
248.000000 2769.857178 915.091736 2701.184570 630.633240 2199.796387 902.174194 2156.571289 785.467407
105.000000 2528.229248 420.496124 2702.203125 652.515320 1837.573120 564.632385 2014.715942 643.563782
5.000000 1468.598145 -0.742826 1747.054932 71.843842 376.543365 610.051392 1056.804321 531.189758
67.000000 2460.977051 505.608154 2626.001465 740.097168 1777.510010 658.035400 2001.599121 766.473755
50.000000 2366.526367 931.168518 2090.243652 897.972534 1926.703491 1087.444702 1640.047974 1101.012573
131.000000 1067.522827 360.576691 1330.392700 429.023346 535.937073 886.989990 714.919495 873.494751
122.000000 1569.342407 1476.674072 1566.326660 1210.003906 828.636475 1610.144287 842.082642 1426.575073
258.000000 2699.322998 655.240540 2760.946533 914.060364 2114.945557 757.447327 2171.041748 866.129028
15.000000 2126.491211 894.907410 2383.309570 923.546509 1536.597290 1098.664917 1943.377930 1077.526001
155.000000 1302.805176 424.401245 1048.698120 378.703857 675.170959 882.957642 517.814880 916.378418
57.000000 3071.413330 1373.211060 3049.208740 1116.446777 2784.797607 1532.853638 2757.476318 1259.585815
80.000000 1962.619141 772.776733 1997.675659 517.846863 1326.284912 1064.644287 1389.677124 843.704834
18.000000 2177.730469 354.324585 2430.354004 364.790436 1350.084717 702.640747 1684.824707 542.243164
185.000000 1317.468506 385.658936 1076.614746 329.307953 696.110229 859.033752 546.178040 869.963440
190.000000 1198.598999 1390.181885 1207.009399 1146.678467 614.421448 1536.769531 628.311279 1389.840332
219.000000 1474.291016 633.628540 1312.962036 451.472229 795.732361 959.723083 683.309998 885.018799
129.000000 2677.976318 928.982117 2625.872314 691.315186 2066.278564 1031.949463 2027.598755 856.461243
104.000000 1425.143311 515.712158 1534.824219 732.540222 845.965759 1154.701050 805.669189 964.059204
38.000000 2232.469971 419.591827 2469.855225 462.261536 1541.304810 658.218262 1865.217285 632.055420
221.000000 1022.677734 382.996185 825.671326 521.081116 518.603943 922.006042 425.940247 1019.473694
138.000000 2621.395264 499.549927 2431.354004 352.936981 1996.712158 604.964111 1841.725586 542.392517
75.000000 2579.381592 580.679565 2675.244385 799.161499 1982.387695 707.424133 2112.227539 906.370789
73.000000 2552.584961 560.144409 2351.158447 439.186615 1940.536377 697.574158 1705.804565 639.935974
77.000000 2594.046143 723.632446 2455.259277 538.557190 2031.648071 846.384888 1848.708252 698.443176
299.000000 1016.526428 914.879333 799.828674 895.222168 813.331238 1229.953979 699.929077 1235.105225
259.000000 2460.440674 717.857544 2520.982422 918.699036 1964.574707 897.520630 2010.420166 1009.828491
203.000000 2475.305664 623.987549 2568.033447 807.626709 1951.743042 803.275452 2031.344849 922.434937
99.000000 2306.239746 578.214172 2461.625488 710.857605 1643.436157 784.802795 1843.489746 788.760864
61.000000 3016.347412 748.713806 2819.781494 718.067566 2699.811523 744.429443 2443.281738 766.053650
37.000000 2207.093506 466.890747 2403.967041 475.487396 1453.338867 749.661377 1763.872925 647.958496
164.000000 1686.422974 843.022522 1873.486328 858.102600 960.075989 1130.991455 1116.589966 1118.999023
187.000000 1876.937622 910.634460 1696.746216 892.541260 1116.646240 1159.567505 966.666748 1166.668701
128.000000 1743.242188 1519.043457 1566.655273 1522.795044 986.671509 1648.358521 806.682983 1647.824585
225.000000 1793.663452 281.898438 1623.468262 242.746536 1083.173218 678.314697 949.777161 690.988037
119.000000 1943.222778 527.233765 1776.401245 494.694244 1240.462891 831.662842 1056.852783 848.675659
113.000000 1610.465942 181.412857 1446.282593 141.582947 1010.175720 641.619934 823.178101 661.901978
224.000000 602.879944 814.441956 769.848572 831.483582 303.553467 1213.748535 437.382507 1223.843628
48.000000 2348.859375 442.712769 2188.102051 467.874512 1705.881592 635.837769 1437.683838 750.069336
55.000000 2176.082764 536.738525 2335.716309 522.602356 1497.858643 793.223389 1761.408447 707.220032
53.000000 2909.998047 1476.923096 3070.040527 1478.185303 2356.683594 1642.539185 2639.959717 1648.557251
62.000000 3039.609863 651.944885 2883.219482 620.567444 2813.445068 607.802246 2559.940918 632.732056
118.000000 2830.061279 752.927917 2986.683105 776.557556 2393.458496 811.170471 2576.834717 791.572815
285.000000 3.329548 913.383301 160.106537 925.260315 199.889771 1300.196777 316.529541 1296.097778
76.000000 2660.219971 439.101959 2810.975098 476.017914 2083.357422 533.580566 2319.406738 510.578583
242.000000 1766.917480 145.665375 1916.703125 183.187576 1020.148376 587.796692 1146.388916 571.218140
181.000000 2404.233398 582.849854 2253.944580 547.408325 1716.688477 746.551941 1570.523926 791.689514
282.000000 1779.846069 734.495361 1629.828247 714.630188 1040.045654 1034.081665 923.203613 1041.205444
238.000000 1001.948730 278.339233 857.169128 318.478912 536.357422 842.885864 429.870911 916.479919
264.000000 2276.577637 540.877869 2140.158936 599.247742 1572.196533 795.300598 1479.354126 872.557129
11.000000 2929.223145 389.629547 3070.848633 426.763794 2552.629150 350.902161 3070.524414 287.626282
265.000000 2468.880615 477.810364 2573.314209 580.019592 1866.258667 654.076538 1972.127686 712.196167
78.000000 2459.225830 545.044678 2328.314453 485.587097 1843.271851 696.230286 1608.835693 700.910706
95.000000 2433.627686 355.029419 2293.366699 329.814850 1742.741821 540.332947 1538.159790 580.666016
21.000000 3066.651367 1467.755615 2926.657959 1468.704102 2753.319092 1638.275879 2389.984619 1635.081665
110.000000 2863.606934 488.758545 3000.249023 518.870361 2506.861328 488.438843 2696.766113 467.572144
233.000000 1558.513550 609.408447 1600.968018 741.955627 829.500732 945.681274 872.432861 1069.154053
52.000000 3066.203369 802.204285 3026.795410 934.722473 2811.014404 777.025574 2705.058350 1039.948730
140.000000 1986.684570 1218.815186 1849.998657 1216.751709 1089.995239 1376.473999 923.348022 1380.593750
29.000000 2896.792969 1449.827148 2786.964355 1369.592407 2385.639160 1638.839233 2075.470947 1492.146729
64.000000 2886.979004 665.061768 3020.446533 691.039124 2446.414551 693.798035 2696.824463 671.795288
171.000000 2165.323242 668.855469 2295.374756 701.987122 1748.061890 861.703918 1891.366699 919.971985
193.000000 2096.941650 1481.589600 1963.312500 1486.041748 1246.611084 1623.839844 1100.001099 1626.724854
101.000000 1916.672729 1016.595032 1783.452759 1005.262146 1230.052002 1238.169434 1033.274780 1244.972534
83.000000 2328.314453 485.587097 2203.587158 504.998047 1608.835693 700.910706 1427.434082 836.562439
133.000000 784.521606 460.759216 877.650696 374.394409 360.496948 1062.387573 460.100006 918.778870
154.000000 2378.904297 659.957031 2264.827393 603.616821 1894.383667 846.825500 1740.274536 795.836975
263.000000 2007.746094 512.956604 2077.301025 408.207825 1288.343262 734.124390 1236.787964 843.390564
94.000000 3067.923340 762.424561 3017.575195 877.480286 2872.189697 705.128845 2720.171631 849.843811
88.000000 2786.489014 160.590515 2905.724121 196.466263 2306.505371 172.231628 2523.404541 140.487152
12.000000 3071.009277 396.129761 2952.818359 365.307648 3070.685791 256.062927 2587.502441 310.721008
163.000000 3046.739502 376.984955 3034.977783 256.506134 2920.798828 240.835510 2902.666504 83.008430
208.000000 2999.596191 228.256790 3017.822754 347.508911 2616.105469 133.065903 2629.671631 273.686584
