Keypoint Matches and Line Matches for pairs 4, 24 
4 corresponds to the image ./resources/Data/HerzP25/images/0004.png 
24 corresponds to the image ./resources/Data/HerzP25/images/0024.png 

27.000000 1996.469849 1663.841309 2.725852 1796.201904
98.000000 1857.254395 910.094421 419.233490 1133.043701
68.000000 2341.002930 949.945312 543.280273 1139.766602
69.000000 2360.281982 1303.317993 519.145752 1489.941162
74.000000 2334.115234 1303.125610 494.051208 1490.051636
75.000000 2316.272217 949.683350 518.979309 1143.260010
1175.000000 2448.342041 929.683716 454.000000 1129.000000
99.000000 2494.302490 1270.137695 396.626831 1453.095093
97.000000 2382.225830 939.688416 393.662262 1136.691162
949.000000 2233.262207 279.628052 609.000000 433.000000
102.000000 2328.957764 303.363556 646.568176 399.992554
103.000000 2320.255615 3.132692 670.562378 82.871468
1092.000000 2534.819336 550.459473 741.000000 512.000000
1188.000000 2279.387695 379.455078 598.000000 509.000000
145.000000 2275.665527 514.799133 600.898315 636.464417
775.000000 2402.296143 497.363983 698.000000 570.000000
322.000000 2269.277588 458.490143 598.213623 582.472778
330.000000 2893.414795 662.677246 1137.053833 484.204254
288.000000 3026.658936 1250.000732 1179.638062 1321.064331
1023.000000 2956.397217 1089.742554 1088.000000 1117.000000
440.000000 2974.614014 1306.559082 995.075012 1476.612915
153.000000 1996.351929 216.683670 449.822845 483.541626
123.000000 2962.280273 400.049103 1286.028564 1.405687
1497.000000 1413.302734 837.070129 203.000000 1158.000000
1504.000000 1146.469727 84.332878 173.000000 691.000000
427.000000 2493.699219 351.469757 769.926758 349.871277
428.000000 2664.322021 384.963623 904.698853 273.207306
576.000000 2619.535156 1489.987305 645.876953 1729.961060
379.000000 2278.542969 394.982117 593.808167 520.132141
13.000000 2913.196777 868.208679 1214.120972 782.514771
222.000000 2842.582275 949.948792 1021.918274 973.222595
223.000000 2831.909424 1106.569580 1004.666504 1193.698486
300.000000 2746.864502 578.734558 973.326050 469.984772
301.000000 2900.610352 602.760986 1144.183716 388.448486
176.000000 2270.945068 43.394932 633.422668 156.418472
411.000000 2235.614014 519.265076 597.818420 679.158142
108.000000 2888.059570 804.048218 1124.239136 678.583374
148.000000 2947.365967 721.276550 1225.039185 509.031158
128.000000 2901.687744 853.801636 1149.589722 780.837402
1200.000000 1390.309814 1296.665527 155.000000 1493.000000
968.000000 1296.585571 260.484467 200.000000 772.000000
988.000000 1700.403931 1166.661377 278.000000 1402.000000
699.000000 1715.762817 1170.026978 293.000000 1403.000000
237.000000 2809.942627 543.701965 1054.105103 368.154816
1314.000000 1730.041626 1124.290283 275.000000 1351.000000
457.000000 2793.810547 331.106293 1066.420166 69.603012
458.000000 2676.802002 306.035461 939.153381 148.636719
83.000000 2232.978516 274.875549 534.073792 449.872192
563.000000 2118.786133 248.611038 480.289459 497.049927
206.000000 2740.673584 1406.630737 757.092468 1629.873047
827.000000 1870.016724 1086.036987 425.000000 1297.000000
1532.000000 1983.358765 1089.039795 576.000000 1283.000000
489.000000 2836.681396 1427.232544 906.818726 1667.935547
736.000000 2791.000000 663.000000 1017.000000 556.000000
681.000000 2896.000000 851.000000 1126.000000 768.000000
149.000000 2907.000000 850.000000 1131.635986 761.471985
1343.000000 2989.000000 1380.000000 1592.000000 1610.000000
922.000000 2640.000000 1083.000000 796.000000 1202.000000
1416.000000 2472.000000 69.000000 779.000000 30.000000
1334.000000 2113.000000 217.000000 508.000000 441.000000
830.000000 2095.000000 793.000000 609.000000 960.000000
942.000000 1010.000000 21.000000 124.000000 660.000000
684.000000 2520.000000 1186.000000 575.000000 1298.000000
657.000000 2579.000000 1376.000000 712.000000 1580.000000
1463.000000 2246.000000 337.000000 589.000000 487.000000
1212.000000 2579.000000 533.000000 818.000000 443.000000
715.000000 2810.000000 1075.000000 979.000000 1150.000000
803.000000 2381.000000 429.000000 670.000000 511.000000
1502.000000 2720.000000 1089.000000 878.000000 1192.000000
756.000000 2565.000000 1413.000000 704.000000 1626.000000
1371.000000 2983.000000 993.000000 1473.000000 958.000000
1079.000000 1729.000000 960.000000 288.000000 1214.000000
923.000000 1626.000000 74.000000 319.000000 529.000000
844.000000 2152.000000 289.000000 536.000000 488.000000
1308.000000 2535.000000 279.000000 807.000000 234.000000
1182.000000 2832.000000 922.000000 1104.000000 885.000000
855.000000 2164.000000 25.000000 562.000000 199.000000
1555.000000 2603.000000 959.000000 742.000000 1048.000000
1109.000000 2350.000000 400.000000 651.000000 497.000000
834.000000 2462.000000 498.000000 721.000000 547.000000
1552.000000 2450.000000 96.000000 757.000000 83.000000
33.000000 2819.000000 785.000000 1034.539185 720.473511
763.000000 2317.000000 376.000000 630.000000 490.000000
808.000000 2485.000000 844.000000 750.000000 928.000000
1572.000000 1560.000000 749.000000 211.000000 1035.000000
1094.000000 2502.000000 607.000000 742.000000 654.000000
1179.000000 2184.000000 124.000000 558.000000 313.000000
691.000000 1281.000000 995.000000 72.000000 1254.000000
760.000000 2831.000000 897.000000 1004.000000 901.000000
1333.000000 2943.000000 983.000000 1560.000000 898.000000
885.000000 2499.000000 841.000000 732.000000 932.000000
794.000000 1960.000000 373.000000 443.000000 652.000000
1540.000000 2038.000000 311.000000 497.000000 541.000000
1420.000000 2798.000000 1607.000000 515.000000 1778.000000
963.000000 1459.000000 1342.000000 171.000000 1526.000000
1123.000000 2460.000000 529.000000 731.000000 616.000000
1242.000000 2072.000000 289.000000 493.000000 526.000000
1205.000000 2380.000000 1501.000000 522.000000 1710.000000
1395.000000 1977.000000 66.000000 456.000000 362.000000
1465.000000 1793.000000 870.000000 348.000000 1132.000000
599.000000 2631.000000 1238.000000 752.000000 1404.000000
1433.000000 1891.000000 1352.000000 362.000000 1535.000000
1462.000000 2371.000000 1362.000000 457.000000 1552.000000
329.000000 3030.000000 596.000000 1335.610229 253.511459
1478.000000 1874.000000 1453.000000 273.000000 1656.000000
1213.000000 2306.000000 346.000000 624.000000 464.000000
731.000000 2112.000000 288.000000 514.000000 506.000000
978.000000 2507.000000 630.000000 736.000000 680.000000
1119.000000 2365.000000 922.000000 625.000000 1051.000000
729.000000 2101.000000 1209.000000 354.000000 1381.000000
555.000000 3004.000000 1005.000000 1240.043701 973.079224
653.000000 1840.000000 1354.000000 342.000000 1551.000000
821.000000 2719.000000 832.000000 963.000000 825.000000
776.000000 2168.000000 140.000000 548.000000 334.000000
174.000000 3012.000000 426.000000 1313.378784 2.527092
688.000000 2269.000000 325.000000 602.000000 464.000000
907.000000 2588.000000 1326.000000 726.000000 1518.000000
405.000000 3018.000000 614.000000 1320.824463 290.107544
740.000000 2375.000000 397.000000 667.000000 481.000000
1544.000000 2521.000000 186.000000 807.000000 131.000000
809.000000 2619.000000 727.000000 824.000000 747.000000
703.000000 2877.000000 1347.000000 1018.000000 1553.000000
1479.000000 2199.000000 1472.000000 367.000000 1695.000000
32.000000 2965.000000 567.000000 1256.969849 284.905914
1108.000000 1878.000000 1370.000000 356.000000 1556.000000
890.000000 2336.000000 239.000000 647.000000 364.000000
1285.000000 2567.000000 862.000000 747.000000 944.000000
1247.000000 2674.000000 1563.000000 512.000000 1814.000000
1143.000000 2428.000000 1301.000000 539.000000 1489.000000
1021.000000 994.000000 33.000000 96.000000 733.000000
1280.000000 2282.000000 1364.000000 471.000000 1551.000000
1359.000000 2149.000000 1125.000000 552.000000 1295.000000
716.000000 2341.000000 370.000000 646.000000 471.000000
790.000000 2145.000000 1512.000000 371.000000 1740.000000
432.000000 3037.000000 1149.000000 1180.204346 1194.370850
638.000000 1228.000000 809.000000 135.000000 1164.000000
845.000000 2347.000000 910.000000 546.000000 1104.000000
1455.000000 2909.000000 924.000000 1174.000000 892.000000
887.000000 1811.000000 1560.000000 166.000000 1713.000000
1219.000000 2394.000000 197.000000 704.000000 243.000000
1380.000000 2172.000000 79.000000 558.000000 271.000000
641.000000 1960.000000 323.000000 434.000000 608.000000
1156.000000 2319.000000 884.000000 459.000000 1071.000000
1002.000000 2334.000000 185.000000 653.000000 276.000000
800.000000 1995.000000 308.000000 453.000000 578.000000
1388.000000 1226.000000 1125.000000 136.000000 1366.000000
548.000000 2627.000000 1445.000000 762.167175 1679.960815
1265.000000 2444.000000 135.000000 775.000000 75.000000
1178.000000 2640.000000 402.000000 887.000000 309.000000
723.000000 1835.000000 435.000000 369.000000 753.000000
717.000000 2870.000000 901.000000 1048.000000 888.000000
1230.000000 1310.000000 782.000000 147.000000 1147.000000
1551.000000 2572.000000 1186.000000 737.000000 1338.000000
1019.000000 2502.000000 723.000000 812.000000 782.000000
1309.000000 1728.000000 910.000000 291.000000 1174.000000
1451.000000 3021.000000 1354.000000 1496.000000 1548.000000
1042.000000 2853.000000 1157.000000 1017.000000 1263.000000
596.000000 2175.000000 50.000000 622.000000 158.000000
1488.000000 2653.000000 1279.000000 738.000000 1428.000000
1313.000000 2542.000000 1013.000000 705.000000 1148.000000
1172.000000 2868.000000 1135.000000 1037.000000 1227.000000
725.000000 2921.000000 963.000000 1111.000000 964.000000
807.000000 2594.000000 1054.000000 745.000000 1176.000000
1351.000000 2693.000000 523.000000 924.000000 430.000000
1114.000000 1165.000000 1362.000000 105.000000 1594.000000
627.000000 2718.000000 268.000000 986.000000 57.000000
696.000000 1862.000000 401.000000 384.000000 713.000000
1065.000000 1676.000000 1455.000000 175.000000 1615.000000
911.000000 3033.000000 1345.000000 299.000000 1425.000000
1426.000000 2747.000000 824.000000 941.000000 813.000000
1072.000000 1903.000000 1367.000000 339.000000 1574.000000
1406.000000 2487.000000 538.000000 737.000000 580.000000
1562.000000 3002.000000 953.000000 1251.000000 887.000000
1239.000000 1724.000000 645.000000 299.000000 964.000000
675.000000 2574.000000 1233.000000 732.000000 1396.000000
1355.000000 1814.000000 70.000000 451.000000 411.000000
395.000000 2868.000000 843.000000 1083.865356 786.793823
1511.000000 2549.000000 777.000000 754.000000 842.000000
843.000000 1860.000000 906.000000 330.000000 1151.000000
1472.000000 2688.000000 223.000000 962.000000 24.000000
1447.000000 2553.000000 710.000000 768.000000 705.000000
1397.000000 2615.000000 1147.000000 771.000000 1289.000000
1162.000000 2283.000000 1399.000000 419.000000 1587.000000
718.000000 1973.000000 803.000000 456.000000 1042.000000
1278.000000 2619.000000 1071.000000 763.000000 1192.000000
1392.000000 2612.000000 193.000000 834.000000 31.000000
1344.000000 1809.000000 819.000000 350.000000 1081.000000
939.000000 1326.000000 755.000000 176.000000 1118.000000
1264.000000 1860.000000 847.000000 480.000000 1091.000000
1091.000000 1782.000000 130.000000 399.000000 494.000000
1530.000000 2033.000000 296.000000 472.000000 550.000000
1557.000000 2148.000000 219.000000 551.000000 427.000000
861.000000 1461.000000 739.000000 209.000000 1082.000000
1237.000000 1499.000000 1161.000000 248.000000 1432.000000
936.000000 2795.000000 1344.000000 923.000000 1545.000000
700.000000 2620.000000 1226.000000 740.000000 1380.000000
619.000000 2086.000000 18.000000 491.000000 311.000000
1163.000000 2110.000000 332.000000 496.000000 574.000000
1231.000000 2566.000000 1074.000000 781.000000 1198.000000
799.000000 2418.000000 478.000000 714.000000 562.000000
1576.000000 2698.000000 769.000000 923.000000 711.000000
730.000000 1832.000000 522.000000 374.000000 828.000000
987.000000 2796.000000 1093.000000 960.000000 1181.000000
1070.000000 1806.000000 532.000000 362.000000 845.000000
1236.000000 2258.000000 773.000000 612.000000 904.000000
996.000000 2578.000000 180.000000 867.000000 50.000000
773.000000 2902.000000 390.000000 1172.000000 109.000000
1034.000000 3047.000000 614.000000 1369.000000 278.000000
912.000000 2811.000000 883.000000 994.000000 887.000000
646.000000 2856.000000 1193.000000 723.000000 1248.000000
1358.000000 2428.000000 1324.000000 385.000000 1514.000000
734.000000 1865.000000 435.000000 398.000000 706.000000
973.000000 1728.000000 931.000000 289.000000 1194.000000
719.000000 1901.000000 927.000000 585.000000 1133.000000
1037.000000 2467.000000 265.000000 698.000000 301.000000
1185.000000 2829.000000 833.000000 1060.000000 781.000000
1180.000000 2269.000000 896.000000 604.000000 1085.000000
1387.000000 2848.000000 1270.000000 995.000000 1435.000000
1105.000000 835.000000 299.000000 48.000000 882.000000
625.000000 2192.000000 296.000000 558.000000 474.000000
665.000000 1762.000000 915.000000 303.000000 1173.000000
470.000000 2584.000000 364.000000 849.703003 296.161621
1041.000000 1775.000000 1218.000000 271.000000 1424.000000
1430.000000 2174.000000 100.000000 557.000000 285.000000
469.000000 2734.000000 392.000000 973.385498 223.422043
874.000000 1006.000000 1344.000000 75.000000 1578.000000
833.000000 2082.000000 965.000000 592.000000 1283.000000
905.000000 2098.000000 1484.000000 370.000000 1668.000000
659.000000 2134.000000 310.000000 526.000000 516.000000
1419.000000 2729.000000 673.000000 946.000000 612.000000
1499.000000 1343.000000 1354.000000 138.000000 1534.000000
770.000000 2091.000000 770.000000 526.000000 962.000000

72.000000 1929.861572 1422.424683 2489.938721 1435.887573 356.652039 1624.063721 633.474670 1629.606201
19.000000 2680.031738 1533.930298 2189.822021 1559.986938 583.213501 1787.431152 123.454620 1722.469482
34.000000 2341.002930 949.945312 2360.281982 1303.317993 543.280273 1139.766602 519.145752 1489.941162
37.000000 2334.115234 1303.125610 2316.272217 949.683350 494.051208 1490.051636 518.979309 1143.260010
67.000000 2896.243408 1040.033813 2923.653320 1383.573730 1085.491577 1206.636475 1078.212769 1490.039673
91.000000 2199.776855 862.538940 1860.347168 832.715393 593.350525 1065.041138 346.675262 1064.186035
115.000000 480.912415 976.580566 468.939453 1313.295654 29.870752 1299.385620 10.606006 1512.484131
49.000000 2408.148438 936.584290 2426.143799 1260.214478 419.233490 1133.043701 396.626831 1453.095093
63.000000 2400.180176 1259.989868 2382.225830 939.688416 539.696777 1376.885864 560.485474 1089.552734
41.000000 1919.783447 281.779327 2233.262207 279.628052 354.078796 731.670044 534.073792 449.872192
51.000000 2328.957764 303.363556 2320.255615 3.132692 646.568176 399.992554 670.562378 82.871468
118.000000 249.776642 696.654968 264.622131 413.575745 11.672029 1205.497925 60.291519 997.728149
191.000000 2014.953735 344.432251 2279.387695 379.455078 468.685120 631.860840 593.808167 520.132141
162.000000 2421.862305 645.766846 2269.277588 458.490143 598.213623 582.472778 481.395294 725.079102
125.000000 1342.426514 729.494141 1265.553955 510.217682 184.727631 1098.123779 164.796478 889.224304
177.000000 1230.480835 701.844604 1134.055786 492.265533 160.400726 1088.512817 124.060959 915.812134
166.000000 2893.414795 662.677246 2666.518066 634.530396 1137.053833 484.204254 969.428467 558.714294
235.000000 2868.552734 921.715698 2888.202637 701.684387 1057.273438 722.926880 1035.791992 867.033142
77.000000 1984.774536 2.355205 1996.351929 216.683670 467.227936 219.817047 449.822845 483.541626
234.000000 2138.176758 359.416840 1935.882080 410.293091 613.965454 534.840759 494.878815 619.459473
62.000000 2962.280273 400.049103 2971.792480 604.026978 1286.028564 1.405687 1259.109985 289.605530
36.000000 2875.664551 816.590332 2954.451660 639.384460 1282.203247 368.763092 1114.067261 676.448364
216.000000 2493.699219 351.469757 2664.322021 384.963623 769.926758 349.871277 904.698853 273.207306
88.000000 3000.867432 600.184204 2988.429199 433.699738 1313.378784 2.527092 1301.379272 249.905212
42.000000 2933.289062 1401.560791 2766.643311 1405.733398 1119.623657 1644.076294 786.472534 1627.156006
208.000000 2089.755615 466.726227 1935.950806 522.083008 597.818420 679.158142 514.053406 815.055908
6.000000 3070.109619 882.095581 2913.196777 868.208679 1777.517578 606.049988 1214.120972 782.514771
11.000000 2913.463135 861.846252 3070.100342 875.517700 1246.018311 764.615234 1776.729980 596.866882
112.000000 2842.582275 949.948792 2831.909424 1106.569580 1021.918274 973.222595 1004.666504 1193.698486
151.000000 2746.864502 578.734558 2900.610352 602.760986 973.326050 469.984772 1144.183716 388.448486
89.000000 2270.945068 43.394932 2272.596191 196.782257 633.422668 156.418472 614.582520 402.663818
54.000000 2953.024170 673.203125 2888.059570 804.048218 1124.239136 678.583374 1269.206299 401.029114
153.000000 1943.546021 413.508026 1853.042603 523.689880 498.692078 617.626221 414.044739 785.343384
75.000000 2947.365967 721.276550 2901.687744 853.801636 1225.039185 509.031158 1131.635986 761.471985
119.000000 2929.640869 562.309692 2809.942627 543.701965 1243.339722 270.012207 1054.105103 368.154816
231.000000 2793.810547 331.106293 2676.802002 306.035461 1066.420166 69.603012 939.153381 148.636719
285.000000 2232.978516 274.875549 2118.786133 248.611038 581.919250 420.287506 480.289459 497.049927
104.000000 2746.888672 1523.321533 2740.673584 1406.630737 757.092468 1629.873047 747.186829 1856.689331
