Keypoint Matches and Line Matches for pairs 5, 24 
5 corresponds to the image ./resources/Data/HerzP25/images/0005.png 
24 corresponds to the image ./resources/Data/HerzP25/images/0024.png 

118.000000 2563.298096 1755.841797 793.182007 1865.454468
228.000000 1521.009521 1063.327393 29.870752 1299.385620
98.000000 2213.050781 1076.681885 419.233490 1133.043701
1175.000000 2186.080078 1076.512817 454.000000 1129.000000
22.000000 2726.537109 995.301086 1246.018311 764.615234
23.000000 3069.916992 1017.926636 1776.729980 596.866882
12.000000 3069.939209 1024.264648 1777.517578 606.049988
13.000000 2726.546143 1001.846130 1214.120972 782.514771
104.000000 2135.791748 1423.053833 434.356689 1453.641602
97.000000 2119.384033 1083.041382 393.662262 1136.691162
1188.000000 1988.373047 505.754456 598.000000 509.000000
102.000000 2027.075928 423.456604 646.568176 399.992554
103.000000 2032.422729 116.534668 670.562378 82.871468
775.000000 2127.597168 622.906738 698.000000 570.000000
292.000000 2786.648682 1712.738159 1103.322998 1903.504028
1402.000000 3070.125488 1704.135376 1236.000000 1910.000000
463.000000 1975.301392 523.079895 613.965454 534.840759
46.000000 2826.702881 1469.996582 2097.490967 1466.759155
949.000000 2047.797607 440.414368 609.000000 433.000000
31.000000 2913.998779 1166.596924 2132.442871 873.373169
16.000000 2860.203857 1239.642822 2001.780273 940.094360
17.000000 2884.192871 1477.252930 2036.185669 1506.493408
62.000000 2859.644775 1473.040771 1564.743042 1483.327393
19.000000 2837.046631 1242.968628 1870.055298 943.333374
236.000000 2746.353760 679.163696 1243.339722 270.012207
1351.000000 2519.901855 650.782104 924.000000 430.000000
563.000000 1796.016846 380.764557 480.289459 497.049927
86.000000 2805.906982 770.596741 1269.335327 379.122894
488.000000 3011.230713 790.866394 1561.763550 255.203049
322.000000 1983.851685 588.046509 598.213623 582.472778
427.000000 2226.689453 469.847046 769.926758 349.871277
428.000000 2427.193848 499.804779 904.698853 273.207306
330.000000 2703.143555 785.262634 1137.053833 484.204254
331.000000 2519.617920 767.218262 969.428467 558.714294
231.000000 2350.439941 1673.315796 635.221985 1726.560303
230.000000 2343.104248 1489.875854 650.921997 1513.401245
300.000000 2523.366211 699.714722 973.326050 469.984772
301.000000 2693.405518 719.375122 1144.183716 388.448486
106.000000 2684.783203 866.034241 1115.553589 626.049316
202.000000 2947.101318 786.152588 1381.086304 338.083191
207.000000 2506.582275 1736.671265 747.186829 1856.689331
206.000000 2498.195068 1583.249756 757.092468 1629.873047
596.000000 1972.443726 163.466431 622.000000 158.000000
199.000000 2847.301514 757.573059 1281.501953 350.884064
405.000000 2855.893555 726.377075 1320.824463 290.107544
148.000000 2766.459473 847.470703 1225.039185 509.031158
149.000000 2714.728271 988.060242 1131.635986 761.471985
457.000000 2586.987305 441.305908 1066.420166 69.603012
458.000000 2443.550781 418.624329 939.153381 148.636719
490.000000 2353.064941 1574.717285 766.597412 1657.606812
273.000000 2873.500977 781.529114 1383.009766 334.679321
203.000000 2758.044189 852.673767 1224.345947 504.680511
108.000000 2697.691162 938.865417 1124.239136 678.583374
489.000000 2763.335449 1603.622559 906.818726 1667.935547
190.000000 2789.997803 1584.476196 1199.945190 1692.415894
247.000000 3047.009277 1375.893311 1473.574829 1479.998901
226.000000 2563.130615 518.096436 980.527344 227.555664
227.000000 2690.080811 536.096558 1166.873535 117.015366
358.000000 2785.817627 592.706299 1256.926270 200.483749
1544.000000 2259.990723 303.388489 807.000000 131.000000
1017.000000 2596.706543 912.943970 1021.000000 705.000000
515.000000 2896.663574 1613.178589 1563.442139 1661.823120
749.000000 2844.000000 1146.000000 1702.000000 936.000000
1380.000000 1856.000000 203.000000 558.000000 271.000000
909.000000 2416.000000 1705.000000 621.000000 1871.000000
1573.000000 2876.000000 1809.000000 773.000000 1911.000000
124.000000 2793.000000 701.000000 1259.109985 289.605530
1179.000000 1868.000000 248.000000 558.000000 313.000000
1371.000000 2889.000000 1137.000000 1473.000000 958.000000
736.000000 2579.000000 787.000000 1017.000000 556.000000
1218.000000 2681.000000 1701.000000 695.000000 1743.000000
33.000000 2612.000000 915.000000 1034.539185 720.473511
1182.000000 2623.000000 1060.000000 1104.000000 885.000000
1486.000000 2668.000000 976.000000 1071.000000 860.000000
890.000000 2039.000000 358.000000 647.000000 364.000000
715.000000 2601.000000 1224.000000 979.000000 1150.000000
1419.000000 2608.000000 802.000000 946.000000 612.000000
791.000000 1854.000000 148.000000 13.000000 237.000000
936.000000 2580.000000 1514.000000 923.000000 1545.000000
1116.000000 2705.000000 1745.000000 889.000000 1914.000000
555.000000 2911.000000 1148.000000 1240.043701 973.079224
1457.000000 3036.000000 1379.000000 1439.000000 1482.000000
738.000000 1847.000000 861.000000 334.000000 1012.000000
599.000000 2377.000000 1399.000000 752.000000 1404.000000
400.000000 2489.000000 1715.000000 743.400574 1810.603271
246.000000 2914.000000 1556.000000 1474.522705 1689.994629
475.000000 2674.000000 1549.000000 913.299622 1608.087769
1110.000000 1934.000000 963.000000 407.000000 1044.000000
1034.000000 2905.000000 748.000000 1369.000000 278.000000
250.000000 2975.000000 1210.000000 1436.993774 1107.657349
1343.000000 2896.000000 1555.000000 1592.000000 1610.000000
725.000000 2722.000000 1124.000000 1111.000000 964.000000
299.000000 2982.000000 1082.000000 1766.144043 794.566467
1406.000000 2217.000000 662.000000 737.000000 580.000000
627.000000 2494.000000 378.000000 986.000000 57.000000
1362.000000 2919.000000 621.000000 1340.000000 48.000000
1424.000000 2812.000000 1328.000000 1200.000000 1319.000000
1405.000000 2642.000000 1649.000000 925.000000 1730.000000
717.000000 2682.000000 1052.000000 1048.000000 888.000000
1318.000000 2311.000000 1274.000000 545.000000 1395.000000
776.000000 1850.000000 264.000000 548.000000 334.000000
1207.000000 2478.000000 549.000000 952.000000 296.000000
1387.000000 2645.000000 1434.000000 995.000000 1435.000000
1308.000000 2278.000000 394.000000 807.000000 234.000000
1503.000000 3008.000000 1280.000000 2322.000000 1066.000000
803.000000 2094.000000 552.000000 670.000000 511.000000
740.000000 2087.000000 520.000000 667.000000 481.000000
801.000000 1810.000000 438.000000 486.000000 556.000000
548.000000 2515.000000 1623.000000 762.167175 1679.960815
1472.000000 2460.000000 333.000000 962.000000 24.000000
675.000000 2347.000000 1390.000000 732.000000 1396.000000
1094.000000 2234.000000 734.000000 742.000000 654.000000
1002.000000 2038.000000 305.000000 653.000000 276.000000
1543.000000 2304.000000 887.000000 766.000000 811.000000
621.000000 1496.000000 536.000000 356.000000 794.000000
541.000000 2909.000000 1133.000000 1243.378296 966.426697
748.000000 1679.000000 946.000000 142.000000 1305.000000
1420.000000 2386.000000 1720.000000 515.000000 1778.000000
1111.000000 2631.000000 1718.000000 723.000000 1706.000000
760.000000 2635.000000 1048.000000 1004.000000 901.000000
123.000000 2788.000000 528.000000 1286.028564 1.405687
1502.000000 2490.000000 1239.000000 878.000000 1192.000000
807.000000 2336.000000 1203.000000 745.000000 1176.000000
1447.000000 2400.000000 787.000000 768.000000 705.000000
937.000000 2425.000000 989.000000 777.000000 905.000000
703.000000 2680.000000 1519.000000 1018.000000 1553.000000
716.000000 2048.000000 493.000000 646.000000 471.000000
728.000000 2124.000000 551.000000 687.000000 498.000000
987.000000 2547.000000 1242.000000 960.000000 1181.000000
329.000000 2948.000000 736.000000 1335.610229 253.511459
659.000000 1896.000000 451.000000 526.000000 516.000000
1564.000000 2387.000000 1368.000000 745.000000 1367.000000
1361.000000 2762.000000 1599.000000 1129.000000 1673.000000
1176.000000 2427.000000 456.000000 873.000000 238.000000
1349.000000 2642.000000 1676.000000 925.000000 1769.000000
622.000000 1681.000000 455.000000 430.000000 639.000000
1555.000000 2349.000000 1102.000000 742.000000 1048.000000
673.000000 2549.000000 895.000000 977.000000 719.000000
625.000000 1876.000000 423.000000 558.000000 474.000000
1061.000000 2407.000000 961.000000 831.000000 868.000000
1213.000000 2007.000000 470.000000 624.000000 464.000000
1194.000000 2719.000000 1351.000000 1080.000000 1331.000000
1561.000000 2527.000000 1308.000000 923.000000 1386.000000
1100.000000 2040.000000 1353.000000 497.000000 1417.000000
1374.000000 591.000000 70.000000 38.000000 682.000000
1251.000000 2565.000000 655.000000 1019.000000 381.000000
504.000000 2910.000000 1069.000000 1433.681885 878.331970
657.000000 2316.000000 1547.000000 712.000000 1580.000000
1042.000000 2652.000000 1312.000000 1017.000000 1263.000000
1216.000000 2731.000000 496.000000 1173.000000 93.000000
1438.000000 1663.000000 824.000000 58.000000 1134.000000
1348.000000 2472.000000 1346.000000 850.000000 1332.000000
464.000000 1781.000000 496.000000 494.878815 619.459473
912.000000 2603.000000 1020.000000 994.000000 887.000000
1455.000000 2721.000000 1062.000000 1174.000000 892.000000
1499.000000 1843.000000 1370.000000 138.000000 1534.000000
809.000000 2366.000000 857.000000 824.000000 747.000000
470.000000 2335.000000 480.000000 849.703003 296.161621
996.000000 2329.000000 292.000000 867.000000 50.000000
1410.000000 2389.000000 635.000000 817.000000 485.000000
922.000000 2390.000000 1232.000000 796.000000 1202.000000
799.000000 2187.000000 622.000000 714.000000 562.000000
605.000000 1865.000000 173.000000 573.000000 189.000000
1456.000000 2457.000000 595.000000 926.000000 371.000000
469.000000 2512.000000 505.000000 973.385498 223.422043
1546.000000 2707.000000 1219.000000 1114.000000 1186.000000
1302.000000 2838.000000 1101.000000 1573.000000 823.000000
1537.000000 2333.000000 1297.000000 712.000000 1445.000000
845.000000 2086.000000 1052.000000 546.000000 1104.000000
1166.000000 2733.000000 1126.000000 1196.000000 1025.000000
420.000000 2817.000000 1379.000000 1176.018433 1320.092041
1154.000000 2262.000000 748.000000 759.000000 659.000000
1367.000000 2670.000000 887.000000 748.000000 817.000000
1426.000000 2525.000000 958.000000 941.000000 813.000000
1297.000000 2249.000000 1227.000000 553.000000 1255.000000
1285.000000 2292.000000 957.000000 747.000000 944.000000
289.000000 2994.000000 1378.000000 1369.994507 1336.733521
1163.000000 1809.000000 461.000000 496.000000 574.000000
1172.000000 2669.000000 1288.000000 1037.000000 1227.000000
1473.000000 2241.000000 704.000000 750.000000 617.000000
842.000000 2959.000000 821.000000 2032.000000 184.000000
1363.000000 2573.000000 477.000000 1053.000000 127.000000
884.000000 2933.000000 1515.000000 1484.000000 1518.000000
1358.000000 2090.000000 1491.000000 385.000000 1514.000000
93.000000 2699.000000 869.000000 1096.764160 612.169495
1232.000000 2520.000000 1679.000000 785.000000 1831.000000
1482.000000 2675.000000 1078.000000 1054.000000 925.000000
1214.000000 2866.000000 1304.000000 1476.000000 1217.000000
1165.000000 2285.000000 1226.000000 584.000000 1449.000000
1333.000000 2840.000000 1125.000000 1560.000000 898.000000
696.000000 1610.000000 456.000000 384.000000 713.000000
1422.000000 2562.000000 609.000000 1020.000000 321.000000
700.000000 2357.000000 1376.000000 740.000000 1380.000000
1434.000000 1586.000000 951.000000 165.000000 1141.000000
1511.000000 2288.000000 911.000000 754.000000 842.000000
705.000000 1956.000000 473.000000 564.000000 508.000000
862.000000 2392.000000 941.000000 788.000000 852.000000
601.000000 2765.000000 565.000000 1189.000000 77.000000

55.000000 143.923203 -0.272913 1080.078369 152.854126 22.255505 696.602051 270.419891 533.974060
59.000000 2563.298096 1755.841797 1649.927856 1794.983276 793.182007 1865.454468 503.004425 1901.892944
108.000000 880.875305 81.600861 403.386383 3.010934 210.868225 541.324524 22.952679 664.504395
132.000000 2610.073242 76.299255 3003.088867 154.560867 82.290955 412.028229 239.707977 286.301025
41.000000 1562.124878 415.596588 1923.035767 404.039581 354.078796 731.670044 534.073792 449.872192
11.000000 2726.537109 995.301086 3069.916992 1017.926636 1246.018311 764.615234 1776.729980 596.866882
6.000000 3069.939209 1024.264648 2726.546143 1001.846130 1777.517578 606.049988 1214.120972 782.514771
265.000000 2463.290283 1718.656250 2149.957764 1728.681519 716.633606 1776.284180 583.213501 1787.431152
51.000000 2027.075928 423.456604 2032.422729 116.534668 646.568176 399.992554 670.562378 82.871468
153.000000 1581.484619 554.402283 1883.334839 505.921844 498.692078 617.626221 414.044739 785.343384
77.000000 1695.492432 66.418137 1703.853027 363.318695 467.227936 219.817047 449.822845 483.541626
147.000000 2786.648682 1712.738159 3070.125488 1704.135376 1103.322998 1903.504028 1293.634888 1915.014526
234.000000 1975.301392 523.079895 1694.711792 495.814240 613.965454 534.840759 494.878815 619.459473
45.000000 1690.007935 493.797241 1483.563843 654.083923 361.716400 926.998352 473.482880 618.556091
15.000000 2940.601074 1420.286499 2913.998779 1166.596924 2154.815918 1373.266968 2132.442871 873.373169
8.000000 2860.203857 1239.642822 2884.192871 1477.252930 2001.780273 940.094360 2036.185669 1506.493408
92.000000 2019.700928 775.441833 2096.970459 996.396729 555.324341 1024.323486 623.728455 790.523193
31.000000 2859.644775 1473.040771 2837.046631 1242.968628 1564.743042 1483.327393 1563.185913 1110.000610
119.000000 2746.353760 679.163696 2519.901855 650.782104 1243.339722 270.012207 1054.105103 368.154816
42.000000 2749.965332 1577.726074 2526.633057 1581.134277 1119.623657 1644.076294 786.472534 1627.156006
36.000000 2678.153564 947.341675 2775.523682 757.614624 1282.203247 368.763092 1114.067261 676.448364
43.000000 2805.906982 770.596741 3011.230713 790.866394 1269.335327 379.122894 1572.563599 245.550964
162.000000 1983.851685 588.046509 1787.726440 536.006042 598.213623 582.472778 481.395294 725.079102
216.000000 2226.689453 469.847046 2427.193848 499.804779 769.926758 349.871277 904.698853 273.207306
166.000000 2703.143555 785.262634 2519.617920 767.218262 1137.053833 484.204254 969.428467 558.714294
116.000000 2350.439941 1673.315796 2343.104248 1489.875854 650.921997 1513.401245 635.221985 1726.560303
151.000000 2523.366211 699.714722 2693.405518 719.375122 973.326050 469.984772 1144.183716 388.448486
89.000000 1999.364014 396.721252 1997.025635 226.661728 633.422668 156.418472 614.582520 402.663818
50.000000 2853.173584 1746.361450 3013.303955 1739.329346 1219.455688 1848.042236 1536.509399 1884.693481
137.000000 3078.120605 874.643127 2947.101318 786.152588 1576.046509 296.836426 1383.009766 334.679321
104.000000 2506.582275 1736.671265 2498.195068 1583.249756 757.092468 1629.873047 747.186829 1856.689331
100.000000 2997.500244 768.060425 2847.301514 757.573059 1484.034790 236.137711 1281.501953 350.884064
205.000000 2855.893555 726.377075 2839.012939 577.155396 1320.824463 290.107544 1324.966431 129.956024
75.000000 2766.459473 847.470703 2714.728271 988.060242 1225.039185 509.031158 1131.635986 761.471985
231.000000 2586.987305 441.305908 2443.550781 418.624329 1066.420166 69.603012 939.153381 148.636719
102.000000 2873.500977 781.529114 2758.044189 852.673767 1381.086304 338.083191 1224.345947 504.680511
54.000000 2756.858887 818.456482 2697.691162 938.865417 1124.239136 678.583374 1269.206299 401.029114
247.000000 2763.335449 1603.622559 2629.984619 1604.615479 906.818726 1667.935547 766.597412 1657.606812
124.000000 3061.097412 1503.580078 3047.009277 1375.893311 1474.522705 1689.994629 1473.574829 1479.998901
114.000000 2563.130615 518.096436 2690.080811 536.096558 980.527344 227.555664 1166.873535 117.015366
62.000000 2785.817627 592.706299 2799.340088 718.174805 1286.028564 1.405687 1259.109985 289.605530
88.000000 2937.544189 598.593628 2974.610596 709.573364 1313.378784 2.527092 1301.379272 249.905212
