Keypoint Matches and Line Matches for pairs 5, 8 
5 corresponds to the image ./resources/Data/HerzP25/images/0005.png 
8 corresponds to the image ./resources/Data/HerzP25/images/0008.png 

31.000000 1080.078369 152.854126 500.016907 484.175201
223.000000 743.310120 853.611389 220.001617 1064.357666
236.000000 733.402527 845.839478 216.671112 1058.400269
109.000000 2143.350830 1763.734619 1293.330811 1789.702271
23.000000 2219.950928 1611.345215 1516.643066 1657.615967
92.000000 866.137573 106.540405 333.372345 478.766876
6.000000 2592.860596 399.590271 1989.889282 454.603943
84.000000 880.875305 81.600861 340.029114 458.140289
85.000000 403.386383 3.010934 3.296268 464.789642
9.000000 2611.692871 369.504639 2020.165283 422.359650
11.000000 2630.090088 396.116516 2033.352905 444.314880
105.000000 1548.510254 1420.013672 854.483154 1496.215576
90.000000 1458.420044 1036.667725 814.611938 1169.879883
75.000000 1442.307007 1039.972168 790.294006 1166.889893
50.000000 1936.844727 1004.000061 1383.345947 1104.571533
266.000000 1519.970947 1709.167725 806.673584 1730.585571
129.000000 1193.368286 1598.965088 490.019135 1639.029663
130.000000 783.311157 1605.211304 193.317947 1641.433716
24.000000 2610.073242 76.299255 2026.567017 130.146667
25.000000 3003.088867 154.560867 2560.108154 113.455925
1229.000000 1491.556763 1046.667725 924.000000 1177.000000
43.000000 1491.801392 1446.669678 757.202759 1510.032227
74.000000 1474.625732 1453.332153 769.164795 1510.153809
20.000000 2688.137695 29.895304 2129.778320 68.396233
40.000000 1570.003906 969.942444 996.634460 1101.104858
41.000000 1956.709717 996.028931 1400.028076 1095.273804
124.000000 2052.800049 1086.546265 1447.356567 1179.994263
110.000000 2079.211426 1093.214722 1469.705200 1176.673584
69.000000 1504.465332 1063.303101 900.035522 1183.486084
76.000000 1521.009521 1063.327393 924.682922 1186.572021
91.000000 1523.188843 1433.353760 795.309082 1500.115479
32.000000 3042.704590 122.908279 2603.327393 69.798340
33.000000 2686.816650 45.973289 2130.005859 83.536484
35.000000 1923.035767 404.039581 1235.541260 562.416870
72.000000 2213.050781 1076.681885 1554.939209 1159.985352
73.000000 2232.455811 1436.893555 1558.105835 1506.683960
102.000000 2206.051270 1432.994263 1487.555664 1486.669067
71.000000 2186.080078 1076.512817 1530.661255 1149.955566
480.000000 396.635284 483.549377 3.093444 814.086670
28.000000 2726.537109 995.301086 2129.987305 1032.715332
29.000000 3069.916992 1017.926636 2643.310547 1022.213806
26.000000 3069.939209 1024.264648 2643.379150 1028.869629
27.000000 2726.546143 1001.846130 2129.990967 1039.563477
243.000000 2143.424805 1728.930786 1286.664551 1759.791138
557.000000 1799.843994 1742.803589 949.973938 1764.091309
58.000000 2146.472168 1083.509888 1512.750488 1163.357666
111.000000 2163.648438 1426.817627 1470.291992 1486.672363
123.000000 2135.791748 1423.053833 1446.700684 1480.007324
103.000000 2119.384033 1083.041382 1487.656982 1169.999268
436.000000 1263.417725 1571.163574 550.175964 1614.461914
394.000000 573.498535 491.849091 94.967117 810.952393
164.000000 2149.957764 1728.681519 1303.331543 1759.315186
496.000000 1988.373047 505.754456 1299.971191 646.952454
593.000000 2027.075928 423.456604 1335.656372 573.390015
116.000000 1581.484619 554.402283 921.588867 752.690491
117.000000 1883.334839 505.921844 1215.989014 666.327148
1364.000000 2258.985596 616.314514 1583.000000 720.000000
190.000000 2028.805908 416.521454 1337.818604 568.926941
171.000000 1629.978638 1796.129517 743.336853 1801.034546
199.000000 2127.597168 622.906738 1462.401855 741.351746
175.000000 1885.890503 514.967957 1227.581909 673.760132
1486.000000 1703.853027 363.318695 1013.000000 562.000000
132.000000 2876.966064 1186.636841 2568.523438 1220.146484
187.000000 1193.193481 170.891083 593.300598 482.136627
188.000000 1476.864624 215.405334 829.972717 475.667847
141.000000 2229.989014 1686.246338 1413.335938 1724.999634
142.000000 1943.343018 1693.705933 1133.331421 1725.436523
345.000000 768.763306 626.338501 216.544876 875.202698
346.000000 549.142334 455.850250 82.869041 785.714294
211.000000 2047.797607 440.414368 1358.312866 584.944763
1047.000000 1787.002563 368.777222 1100.000000 562.000000
251.000000 1040.041626 1633.028442 383.340576 1664.515015
252.000000 776.666504 1636.652588 176.620300 1665.784546
5.000000 1202.357788 1831.622559 393.318573 1840.937012
193.000000 2153.463623 773.602844 1503.644165 878.277283
336.000000 1173.305176 1217.338623 520.016174 1328.405151
145.000000 2940.601074 1420.286499 2639.422119 1463.396484
146.000000 2913.998779 1166.596924 2610.217041 1196.278442
140.000000 1892.987427 585.745911 1246.577515 725.604248
287.000000 1298.343628 852.231262 631.870728 1025.414307
316.000000 768.059143 631.855957 217.734955 880.046997
534.000000 2359.966797 1799.210327 1470.000366 1826.767212
191.000000 2860.203857 1239.642822 2558.119141 1276.855957
361.000000 403.319855 1026.913452 163.339264 1214.178589
267.000000 963.235779 935.637268 360.125275 1113.814697
268.000000 1200.042358 945.666260 553.359680 1107.468628
269.000000 1253.014404 382.260284 630.020447 644.649475
270.000000 1486.404785 415.189209 823.307007 641.642822
173.000000 2859.644775 1473.040771 2557.860107 1526.875244
174.000000 2837.046631 1242.968628 2533.795166 1279.954956
899.000000 537.256775 129.762360 90.000000 538.000000
323.000000 2746.353760 679.163696 2160.035400 708.237366
301.000000 1200.020752 999.650024 549.999512 1149.972656
302.000000 973.358398 986.242737 373.329803 1153.135498
113.000000 2526.633057 1581.134277 1817.051880 1630.887207
341.000000 1796.016846 380.764557 1131.338135 563.080688
416.000000 2285.635986 630.906433 1617.644775 729.185425
387.000000 2632.046387 359.816376 2056.175537 396.487305
384.000000 539.042053 413.489075 75.737251 746.992859
385.000000 553.068176 199.545547 96.590836 593.323059
120.000000 2360.188965 897.846741 1681.549194 962.789856
246.000000 2775.523682 757.614624 2216.945557 787.921387
88.000000 2805.906982 770.596741 2240.435059 789.884338
886.000000 795.704651 825.481567 246.000000 1048.000000
281.000000 2010.529297 441.882812 1330.091187 590.878479
282.000000 2170.536377 571.079285 1489.961426 685.463806
1124.000000 3006.635986 748.762634 2501.000000 740.000000
310.000000 2981.376953 545.254578 2498.853760 532.368164
377.000000 1126.627075 360.283600 526.651611 642.415588
378.000000 923.535034 331.890564 369.972443 644.989624
240.000000 1286.779175 252.569077 666.694214 534.243225
194.000000 1983.851685 588.046509 1328.223633 723.983643
546.000000 2226.689453 469.847046 1563.367676 584.584778
293.000000 699.154846 668.876648 192.745575 933.165955
438.000000 863.145203 24.270216 343.309662 416.891876
439.000000 1056.705811 63.138203 486.685455 415.799286
330.000000 1842.631958 760.965759 1286.571777 890.128723
209.000000 2509.997803 1588.933594 1786.660522 1637.245117
1430.000000 910.310181 271.235352 365.000000 599.000000
218.000000 716.289673 242.550018 219.967758 601.478210
456.000000 2423.392334 163.033737 1803.448242 256.196899
1551.000000 1236.166626 1599.990967 520.000000 1643.000000
355.000000 1230.023560 456.472595 606.681641 707.443359
356.000000 1039.984741 433.459503 446.676819 710.527100
367.000000 1433.389282 1596.380127 686.411926 1633.630371
368.000000 1243.345459 1598.045044 526.667480 1640.019653
296.000000 1265.018188 1566.871460 544.953186 1609.927368
399.000000 2613.256836 811.088562 1996.796143 860.867432
339.000000 2154.300049 546.912415 1476.757080 666.953796
340.000000 2262.340576 697.379578 1584.952148 788.559753
201.000000 2703.143555 785.262634 2116.712646 821.995728
202.000000 2519.617920 767.218262 1886.681030 827.290527
450.000000 1083.222778 821.431213 466.686584 1015.162231
451.000000 899.953247 807.272034 326.666870 1016.686523
1518.000000 3072.960205 413.017273 2636.000000 366.000000
420.000000 1310.000610 1317.498413 636.896545 1404.696533
421.000000 1136.666504 1317.456543 490.092133 1411.882324
263.000000 2393.391113 163.021042 1773.350342 263.957489
264.000000 2563.127930 194.443222 1966.721802 258.694092
402.000000 1423.404541 272.886993 779.968262 531.455627
403.000000 1593.332397 300.006073 929.981750 528.919922
422.000000 1757.842041 606.469177 1162.437134 763.782898
329.000000 1671.299072 739.586853 1119.856445 891.731262
229.000000 2523.366211 699.714722 1889.956543 760.840576
230.000000 2693.405518 719.375122 2103.399414 757.123901
1.000000 2692.762207 26.843195 2136.970459 69.161087
412.000000 2664.230957 1035.563232 2035.871582 1078.732422
462.000000 1183.185181 504.306335 566.655334 752.507141
463.000000 1350.539795 529.788513 703.334290 753.123596
260.000000 916.650879 1270.514893 316.704926 1379.546021
564.000000 2118.642822 625.098633 1452.243286 745.035278
544.000000 996.914673 564.235046 413.381348 818.251282
545.000000 833.244202 547.540649 293.289581 821.889526
554.000000 833.328186 663.384888 286.641235 911.518188
555.000000 996.703430 679.630493 406.664368 909.836365
1474.000000 2140.844727 1603.394409 1467.000000 1656.000000
292.000000 1767.220093 662.260437 1191.520630 808.806030
442.000000 1253.359375 596.452332 633.327148 818.329102
443.000000 1093.289185 577.030884 489.995758 818.861816
370.000000 808.884827 834.463806 253.851318 1043.558594
297.000000 2947.101318 786.152588 2415.048340 790.013428
275.000000 2446.176270 33.205795 1833.413330 127.875069
276.000000 2599.989014 56.738171 2023.463013 115.292633
1308.000000 1977.281250 316.962463 1313.000000 485.000000
221.000000 2997.500244 768.060425 2499.397461 766.010071
222.000000 2847.301514 757.573059 2282.702148 775.342712
542.000000 2855.893555 726.377075 2306.250488 740.029541
1156.000000 1153.335083 1523.666260 482.000000 1574.000000
178.000000 2714.728271 988.060242 2109.174805 1020.065735
752.000000 762.596802 1006.890137 211.000000 1188.000000
325.000000 2586.987305 441.305908 1983.331055 496.537720
326.000000 2443.550781 418.624329 1813.326294 499.612793
571.000000 1176.916016 1280.972168 519.956360 1380.674316
572.000000 1320.061157 1296.087524 636.780945 1388.234619
46.000000 791.481934 1583.544189 202.530502 1626.947632
65.000000 2240.973145 1076.604858 1565.957031 1153.312256
423.000000 1664.986938 631.241943 1022.281494 807.341003
315.000000 857.845276 828.419250 284.313324 1036.751221
541.000000 2943.195068 1452.656006 2644.380859 1542.013550
408.000000 2153.382568 1764.415039 1303.333496 1790.076782
409.000000 2293.396240 1758.052612 1453.332886 1789.789795
522.000000 2055.958252 453.336792 1370.507202 595.767517
523.000000 2164.316895 538.752319 1478.527344 656.701416
327.000000 2489.702881 1570.461670 1766.242310 1620.208130
328.000000 2353.064941 1574.717285 1596.705200 1627.554688
548.000000 1696.646118 1575.252563 1109.975708 1629.286499
549.000000 1560.008423 1577.242920 990.001587 1633.379517
486.000000 1479.009888 775.656555 860.381409 945.513672
404.000000 2629.984619 1604.615479 1946.667236 1654.987305
278.000000 970.683594 485.873749 400.075317 759.670532
789.000000 1710.956787 929.986267 1164.000000 1050.000000
375.000000 2563.130615 518.096436 1949.993652 576.375488
376.000000 2690.080811 536.096558 2106.659180 572.989990
531.000000 1006.685852 769.743774 416.634674 974.721558
219.000000 2785.793457 376.440765 2292.308105 390.033203
591.000000 2785.817627 592.706299 2222.583740 616.733459
400.000000 2406.680420 259.926422 1770.020630 354.416962
401.000000 2530.074707 282.932007 1920.029785 351.568665
472.000000 2136.765869 282.741730 1473.315918 425.879791
473.000000 2259.990723 303.388489 1606.657715 422.930908
393.000000 831.022888 838.207581 271.418976 1042.810181
273.000000 2670.596924 360.242584 2146.207520 393.082153
819.000000 1556.078003 1110.003418 998.000000 1218.000000
494.000000 2360.162598 1587.797119 1643.338135 1636.587524
495.000000 2480.246338 1596.664429 1770.145386 1644.264404
470.000000 2256.979004 337.904327 1606.720947 454.834961
471.000000 2139.931885 320.457764 1473.320801 459.654541
1101.000000 2974.610596 709.573364 2517.000000 705.000000
506.000000 2296.555176 77.180809 1663.348511 204.160629
507.000000 2409.626221 101.722511 1790.033691 201.840164
524.000000 2710.691162 223.631470 2179.506836 257.732452
569.000000 2723.486084 337.025574 2174.227051 359.519745
782.000000 2713.000000 1303.000000 2379.000000 1345.000000
636.000000 1030.000000 117.000000 462.000000 462.000000
763.000000 2844.000000 1146.000000 2509.000000 1178.000000
1054.000000 2725.000000 359.000000 2179.000000 386.000000
1191.000000 2416.000000 1705.000000 1639.000000 1748.000000
1444.000000 556.000000 94.000000 84.000000 511.000000
216.000000 2015.000000 141.000000 1358.362549 313.182922
610.000000 616.000000 359.000000 140.000000 701.000000
313.000000 2831.000000 720.000000 2269.234131 736.950684
592.000000 2793.000000 701.000000 2232.654053 729.763550
1355.000000 1868.000000 248.000000 1189.000000 442.000000
893.000000 2889.000000 1137.000000 2617.000000 1158.000000
880.000000 452.000000 1011.000000 160.000000 1199.000000
1249.000000 2963.000000 1408.000000 2673.000000 1456.000000
749.000000 2579.000000 787.000000 1956.000000 839.000000
670.000000 2681.000000 1701.000000 2016.000000 1753.000000
851.000000 930.000000 935.000000 332.000000 1115.000000
912.000000 2957.000000 1232.000000 2669.000000 1263.000000
1012.000000 2178.000000 978.000000 1499.000000 1063.000000
1147.000000 567.000000 418.000000 95.000000 751.000000
1110.000000 2946.000000 1253.000000 2654.000000 1287.000000
961.000000 2601.000000 1224.000000 1957.000000 1272.000000
799.000000 1566.000000 949.000000 1017.000000 1082.000000
1107.000000 2726.000000 1434.000000 2104.000000 1481.000000
1501.000000 2608.000000 802.000000 1990.000000 851.000000
1379.000000 1407.000000 917.000000 743.000000 1068.000000
1581.000000 2580.000000 1514.000000 1915.000000 1564.000000
1258.000000 1736.000000 113.000000 1089.000000 345.000000
823.000000 1242.000000 216.000000 629.000000 511.000000
704.000000 1828.000000 956.000000 1269.000000 1068.000000
692.000000 2197.000000 53.000000 1552.000000 201.000000
934.000000 2724.000000 84.000000 2182.000000 110.000000
1218.000000 2112.000000 203.000000 1451.000000 357.000000
935.000000 2184.000000 1027.000000 1474.000000 1119.000000
1312.000000 2935.000000 1377.000000 2634.000000 1422.000000
917.000000 1522.000000 1032.000000 922.000000 1157.000000
703.000000 567.000000 185.000000 105.000000 578.000000
1334.000000 996.000000 267.000000 427.000000 585.000000
1038.000000 857.000000 892.000000 275.000000 1086.000000
620.000000 1635.000000 844.000000 1083.000000 984.000000
1579.000000 2708.000000 356.000000 2159.000000 387.000000
1441.000000 2618.000000 1749.000000 2050.000000 1742.000000
1385.000000 1484.000000 913.000000 903.000000 1059.000000
835.000000 1847.000000 861.000000 1290.000000 981.000000
514.000000 2950.000000 250.000000 2480.267334 231.201706
1459.000000 1529.000000 1510.000000 895.000000 1570.000000
255.000000 782.000000 938.000000 234.168625 1138.716797
1040.000000 1407.000000 1016.000000 740.000000 1154.000000
1468.000000 1743.000000 1466.000000 1166.000000 1532.000000
1187.000000 1651.000000 440.000000 979.000000 640.000000
1244.000000 2040.000000 21.000000 1386.000000 205.000000
1493.000000 2362.000000 830.000000 1694.000000 906.000000
1564.000000 2442.000000 1164.000000 1768.000000 1223.000000
1157.000000 1677.000000 57.000000 1011.000000 309.000000
676.000000 2377.000000 1399.000000 1671.000000 1453.000000
1483.000000 1131.000000 2003.000000 754.000000 1968.000000
695.000000 1938.000000 463.000000 1256.000000 620.000000
775.000000 858.000000 931.000000 277.000000 1116.000000
1253.000000 2211.000000 693.000000 1533.000000 793.000000
1031.000000 1724.000000 99.000000 1074.000000 338.000000
867.000000 1808.000000 954.000000 1249.000000 1068.000000
1397.000000 1196.000000 1089.000000 544.000000 1223.000000
1369.000000 461.000000 307.000000 29.000000 679.000000
1117.000000 2110.000000 983.000000 1455.000000 1073.000000
1251.000000 1934.000000 963.000000 1375.000000 1066.000000
988.000000 1767.000000 145.000000 1116.000000 362.000000
1092.000000 857.000000 1840.000000 227.000000 1824.000000
1162.000000 2975.000000 1210.000000 2699.000000 1238.000000
985.000000 2722.000000 1124.000000 2109.000000 1165.000000
628.000000 1007.000000 1505.000000 370.000000 1563.000000
737.000000 1269.000000 853.000000 606.000000 1027.000000
989.000000 2217.000000 662.000000 1540.000000 764.000000
1560.000000 2728.000000 1450.000000 2106.000000 1508.000000
944.000000 2268.000000 821.000000 1590.000000 907.000000
1205.000000 2494.000000 378.000000 1874.000000 451.000000
1489.000000 2919.000000 621.000000 2402.000000 622.000000
536.000000 1529.000000 944.000000 884.990356 1072.137207
1137.000000 2186.000000 654.000000 1508.000000 760.000000
1141.000000 2443.000000 1306.000000 1762.000000 1361.000000
1360.000000 1638.000000 238.000000 977.000000 469.000000
1309.000000 2589.000000 207.000000 2000.000000 264.000000
921.000000 1628.000000 328.000000 962.000000 547.000000
723.000000 484.000000 1014.000000 101.000000 1200.000000
1346.000000 3005.000000 728.000000 2515.000000 720.000000
1029.000000 2295.000000 1587.000000 1567.000000 1634.000000
1311.000000 2478.000000 549.000000 1845.000000 619.000000
710.000000 2956.000000 213.000000 2494.000000 186.000000
1246.000000 2645.000000 1434.000000 2001.000000 1482.000000
738.000000 434.000000 1271.000000 174.000000 1399.000000
673.000000 1896.000000 960.000000 1336.000000 1067.000000
1445.000000 1869.000000 1618.000000 1151.000000 1660.000000
1153.000000 2278.000000 394.000000 1682.000000 540.000000
1353.000000 2614.000000 787.000000 1998.000000 834.000000
760.000000 2094.000000 552.000000 1413.000000 679.000000
562.000000 1542.000000 530.000000 883.825623 740.995178
939.000000 1641.000000 469.000000 968.000000 666.000000
838.000000 309.000000 1003.000000 20.000000 1201.000000
790.000000 335.000000 1005.000000 38.000000 1201.000000
1488.000000 767.000000 959.000000 213.000000 1144.000000
768.000000 1810.000000 438.000000 1131.000000 616.000000
845.000000 1784.000000 416.000000 1107.000000 601.000000
644.000000 508.000000 1015.000000 119.000000 1200.000000
1130.000000 808.000000 979.000000 242.000000 1157.000000
1213.000000 2735.000000 87.000000 2212.000000 99.000000
699.000000 1384.000000 1322.000000 695.000000 1409.000000
1248.000000 2460.000000 333.000000 1836.000000 414.000000
1196.000000 2234.000000 734.000000 1556.000000 829.000000
956.000000 2038.000000 305.000000 1354.000000 462.000000
649.000000 1496.000000 536.000000 832.000000 741.000000
840.000000 1963.000000 94.000000 1306.000000 289.000000
734.000000 2909.000000 1133.000000 2605.000000 1158.000000
163.000000 2386.000000 1720.000000 1563.329834 1758.651367
143.000000 1500.000000 1015.000000 891.402344 1146.734985
1475.000000 1522.000000 1884.000000 599.000000 1866.000000
1136.000000 2873.000000 1515.000000 2555.000000 1574.000000
857.000000 1712.000000 1191.000000 1148.000000 1286.000000
788.000000 508.000000 339.000000 66.000000 698.000000
648.000000 1447.000000 649.000000 782.000000 841.000000
1495.000000 1785.000000 345.000000 1105.000000 539.000000
680.000000 615.000000 380.000000 138.000000 716.000000
720.000000 2172.000000 285.000000 1512.000000 421.000000
949.000000 1390.000000 814.000000 727.000000 985.000000
950.000000 565.000000 1018.000000 201.000000 1199.000000
1195.000000 1979.000000 480.000000 1297.000000 630.000000
698.000000 1201.000000 1627.000000 519.000000 1660.000000
1104.000000 1742.000000 802.000000 1188.000000 937.000000
1509.000000 2328.000000 675.000000 1664.000000 762.000000
1074.000000 2668.000000 1039.000000 2039.000000 1082.000000
1011.000000 2158.000000 616.000000 1479.000000 730.000000
1568.000000 2276.000000 1090.000000 1591.000000 1161.000000
993.000000 2252.000000 777.000000 1574.000000 868.000000
1398.000000 2020.000000 501.000000 1338.000000 643.000000
852.000000 994.000000 1019.000000 387.000000 1178.000000
1008.000000 2680.000000 1519.000000 2041.000000 1568.000000
758.000000 2487.000000 111.000000 1880.000000 195.000000
837.000000 1261.000000 211.000000 645.000000 504.000000
821.000000 1719.000000 960.000000 1123.000000 1080.000000
771.000000 1741.000000 1440.000000 1166.000000 1510.000000
812.000000 1198.000000 1070.000000 547.000000 1208.000000
1329.000000 2396.000000 1679.000000 1622.000000 1718.000000
1091.000000 2124.000000 551.000000 1444.000000 674.000000
1296.000000 804.000000 889.000000 247.000000 1087.000000
753.000000 2939.000000 407.000000 2465.000000 394.000000
1288.000000 1545.000000 936.000000 998.000000 1082.000000
727.000000 802.000000 916.000000 245.000000 1108.000000
1161.000000 1896.000000 451.000000 1215.000000 615.000000
1155.000000 2387.000000 1368.000000 1685.000000 1423.000000
645.000000 2692.000000 64.000000 2139.000000 99.000000
677.000000 2146.000000 437.000000 1474.000000 566.000000
1033.000000 1512.000000 1510.000000 802.000000 1576.000000
1347.000000 2943.000000 1233.000000 2651.000000 1264.000000
1041.000000 2966.000000 1443.000000 2676.000000 1495.000000
881.000000 2427.000000 456.000000 1790.000000 538.000000
902.000000 2848.000000 518.000000 2303.000000 529.000000
900.000000 1473.000000 167.000000 831.000000 436.000000
215.000000 2041.000000 387.000000 1351.601196 536.614258
1291.000000 2219.000000 25.000000 1578.000000 172.000000
1576.000000 2626.000000 1017.000000 1999.000000 1051.000000
1079.000000 537.000000 180.000000 84.000000 577.000000
1055.000000 2858.000000 530.000000 2340.000000 540.000000
958.000000 802.000000 867.000000 247.000000 1071.000000
1540.000000 1326.000000 1644.000000 647.000000 1675.000000
1228.000000 2825.000000 375.000000 2311.000000 382.000000
850.000000 1681.000000 455.000000 1007.000000 649.000000
1325.000000 2349.000000 1102.000000 1665.000000 1167.000000
1080.000000 1817.000000 30.000000 1171.000000 256.000000
959.000000 2411.000000 65.000000 1792.000000 168.000000
773.000000 1411.000000 715.000000 751.000000 901.000000
828.000000 2264.000000 1567.000000 1577.000000 1615.000000
765.000000 886.000000 599.000000 325.000000 856.000000
1403.000000 520.000000 27.000000 82.000000 467.000000
1575.000000 1876.000000 423.000000 1196.000000 593.000000
846.000000 1433.000000 1225.000000 756.000000 1325.000000
371.000000 1694.000000 378.000000 1012.063843 580.676880
1094.000000 2354.000000 1544.000000 1643.000000 1595.000000
1061.000000 1061.000000 100.000000 488.000000 445.000000
684.000000 1410.000000 739.000000 745.000000 920.000000
181.000000 1785.000000 461.000000 1112.115723 644.440002
200.000000 2252.000000 849.000000 1578.875854 940.084961
1064.000000 1637.000000 197.000000 977.000000 434.000000
1180.000000 2007.000000 470.000000 1326.000000 616.000000
1109.000000 1991.000000 143.000000 1323.000000 325.000000
1105.000000 2966.000000 387.000000 2504.000000 365.000000
1184.000000 2292.000000 1343.000000 1592.000000 1402.000000
1193.000000 1433.000000 1326.000000 751.000000 1411.000000
666.000000 1831.000000 416.000000 1151.000000 594.000000
1268.000000 2440.000000 760.000000 1788.000000 829.000000
885.000000 497.000000 418.000000 52.000000 757.000000
213.000000 3006.000000 782.000000 2518.628174 770.113831
624.000000 1991.000000 396.000000 1294.000000 552.000000
794.000000 1411.000000 656.000000 751.000000 850.000000
1263.000000 1799.000000 962.000000 1249.000000 1079.000000
1294.000000 946.000000 450.000000 379.000000 733.000000
1241.000000 1464.000000 47.000000 829.000000 336.000000
1432.000000 2230.000000 1489.000000 1541.000000 1543.000000
854.000000 2910.000000 1069.000000 2599.000000 1090.000000
709.000000 248.000000 1000.000000 61.000000 1201.000000
814.000000 2851.000000 1125.000000 2543.000000 1155.000000
1284.000000 2315.000000 1393.000000 1616.000000 1448.000000
816.000000 2907.000000 1110.000000 2603.000000 1134.000000
1144.000000 1568.000000 1387.000000 1002.000000 1465.000000
1532.000000 2050.000000 1026.000000 1475.000000 1108.000000
1164.000000 2652.000000 1312.000000 2016.000000 1359.000000
1039.000000 1493.000000 1560.000000 829.000000 1611.000000
751.000000 1425.000000 691.000000 762.000000 879.000000
1290.000000 1526.000000 2022.000000 670.000000 1949.000000
798.000000 1711.000000 64.000000 1062.000000 308.000000
1098.000000 1909.000000 146.000000 1258.000000 342.000000
736.000000 692.000000 31.000000 243.000000 441.000000
348.000000 1541.000000 656.000000 902.250122 835.255005
1005.000000 801.000000 961.000000 241.000000 1143.000000
1132.000000 832.000000 460.000000 292.000000 754.000000
894.000000 1677.000000 19.000000 1026.000000 274.000000
971.000000 1370.000000 412.000000 727.000000 653.000000
547.000000 2335.000000 480.000000 1683.368774 581.292847
731.000000 1323.000000 167.000000 700.000000 458.000000
685.000000 2737.000000 74.000000 2197.000000 98.000000
1023.000000 2466.000000 900.000000 1778.000000 965.000000
1342.000000 947.000000 422.000000 380.000000 712.000000
982.000000 2329.000000 292.000000 1688.000000 399.000000
1027.000000 1914.000000 974.000000 1356.000000 1077.000000
1127.000000 1731.000000 52.000000 1063.000000 295.000000
114.000000 854.000000 54.000000 330.318695 439.653168
1093.000000 2187.000000 622.000000 1510.000000 730.000000
1077.000000 2457.000000 595.000000 1846.000000 666.000000
1274.000000 2388.000000 1752.000000 1562.000000 1790.000000
818.000000 1470.000000 608.000000 806.000000 805.000000
1373.000000 2979.000000 1251.000000 2703.000000 1283.000000
755.000000 1256.000000 679.000000 617.000000 885.000000
1471.000000 2375.000000 61.000000 1751.000000 170.000000
1042.000000 2637.000000 1117.000000 2008.000000 1164.000000
955.000000 805.000000 1199.000000 234.000000 1325.000000
1421.000000 2707.000000 1219.000000 2092.000000 1261.000000
1173.000000 2838.000000 1101.000000 2528.000000 1130.000000
1125.000000 1553.000000 142.000000 905.000000 401.000000
1472.000000 584.000000 430.000000 112.000000 757.000000
1152.000000 2151.000000 987.000000 1473.000000 1073.000000
882.000000 1790.000000 102.000000 1135.000000 336.000000
697.000000 2293.000000 1529.000000 1576.000000 1579.000000
928.000000 2948.000000 1269.000000 2639.000000 1306.000000
1215.000000 1745.000000 124.000000 1106.000000 345.000000
1028.000000 930.000000 950.000000 331.000000 1126.000000
1497.000000 1235.000000 456.000000 611.000000 706.000000
1250.000000 2670.000000 887.000000 2064.000000 929.000000
1539.000000 2300.000000 1090.000000 1610.000000 1161.000000
1506.000000 2918.000000 712.000000 2392.000000 716.000000
487.000000 1502.000000 940.000000 836.925049 1073.380737
1163.000000 2411.000000 291.000000 1780.000000 383.000000
1492.000000 2525.000000 958.000000 1879.000000 1014.000000
232.000000 2505.000000 1802.000000 1599.997559 1832.646118
719.000000 1465.000000 572.000000 802.000000 775.000000
1046.000000 1788.000000 953.000000 1229.000000 1069.000000
1265.000000 993.000000 763.000000 399.000000 975.000000
1484.000000 2171.000000 249.000000 1513.000000 388.000000
948.000000 1442.000000 1492.000000 769.000000 1551.000000
1527.000000 2391.000000 681.000000 1736.000000 759.000000
1479.000000 1477.000000 1491.000000 800.000000 1552.000000
1446.000000 805.000000 316.000000 280.000000 646.000000
1224.000000 1809.000000 461.000000 1133.000000 637.000000
1073.000000 1692.000000 89.000000 1033.000000 333.000000
1552.000000 1178.000000 1212.000000 522.000000 1324.000000
974.000000 2129.000000 278.000000 1535.000000 458.000000
714.000000 3034.000000 272.000000 2599.000000 228.000000
1553.000000 2573.000000 477.000000 1965.000000 534.000000
1281.000000 1506.000000 355.000000 850.000000 588.000000
1577.000000 2437.000000 917.000000 1776.000000 981.000000
865.000000 2845.000000 193.000000 2342.000000 191.000000
1267.000000 765.000000 1633.000000 168.000000 1664.000000
618.000000 1723.000000 444.000000 1047.000000 634.000000
1400.000000 2699.000000 869.000000 2088.000000 908.000000
1043.000000 2759.000000 1583.000000 2126.000000 1632.000000
647.000000 2945.000000 385.000000 2474.000000 369.000000
526.000000 1598.000000 365.000000 935.167175 577.515686
1072.000000 1499.000000 571.000000 833.000000 770.000000
532.000000 2520.000000 1679.000000 1819.996216 1728.038818
705.000000 2057.000000 524.000000 1376.000000 658.000000
1384.000000 1610.000000 456.000000 939.000000 659.000000
484.000000 2516.000000 1394.000000 1853.343750 1450.565430
1194.000000 2072.000000 1516.000000 1474.000000 1573.000000
1024.000000 1272.000000 813.000000 624.000000 993.000000
975.000000 1602.000000 488.000000 931.000000 688.000000
1368.000000 2562.000000 609.000000 1943.000000 665.000000
64.000000 2262.000000 1447.000000 1568.792358 1506.676392
1227.000000 1997.000000 1487.000000 1399.000000 1549.000000
1238.000000 2288.000000 911.000000 1604.000000 990.000000
1090.000000 2713.000000 499.000000 2139.000000 532.000000
1462.000000 3026.000000 230.000000 2594.000000 186.000000
883.000000 1085.000000 533.000000 484.000000 785.000000
1032.000000 1328.000000 1109.000000 654.000000 1233.000000
1231.000000 1879.000000 975.000000 1320.000000 1080.000000
635.000000 2655.000000 452.000000 2071.000000 482.000000

2.000000 2683.220947 1794.395386 1523.259277 1851.837402 1593.334595 1833.547363 393.318573 1840.937012
15.000000 143.923203 -0.272913 1080.078369 152.854126 3.282767 494.148010 500.016907 484.175201
112.000000 743.310120 853.611389 3.186862 791.752502 220.001617 1064.357666 3.330231 1064.699341
118.000000 3.214509 784.753662 733.402527 845.839478 3.330633 1058.947632 216.671112 1058.400269
54.000000 1423.264648 1795.090698 2143.350830 1763.734619 983.324951 1792.350952 1293.330811 1789.702271
11.000000 1566.512695 1587.564697 2219.950928 1611.345215 971.927490 1643.824829 1516.643066 1657.615967
46.000000 866.137573 106.540405 230.279709 1.637888 333.372345 478.766876 3.300478 484.897797
3.000000 2592.860596 399.590271 3071.037109 476.920959 1989.889282 454.603943 2756.711914 438.871246
42.000000 880.875305 81.600861 403.386383 3.010934 340.029114 458.140289 3.296268 464.789642
4.000000 3070.232666 448.652313 2611.692871 369.504639 2760.039307 408.813293 2020.165283 422.359650
5.000000 3070.285156 468.259766 2630.090088 396.116516 2756.730713 429.879791 2033.352905 444.314880
102.000000 1544.623779 996.685425 1548.510254 1420.013672 996.991821 1110.171875 986.343140 1336.808105
45.000000 1458.420044 1036.667725 1458.714233 1460.000854 814.611938 1169.879883 795.309082 1500.115479
37.000000 1444.381836 1459.978394 1442.307007 1039.972168 769.164795 1510.153809 790.294006 1166.889893
25.000000 1936.844727 1004.000061 1520.033691 976.162659 1383.345947 1104.571533 1013.350159 1108.327148
133.000000 1936.710938 1694.600464 1519.970947 1709.167725 1000.019287 1728.298950 806.673584 1730.585571
65.000000 1193.368286 1598.965088 783.311157 1605.211304 490.019135 1639.029663 193.317947 1641.433716
12.000000 2610.073242 76.299255 3003.088867 154.560867 2026.567017 130.146667 2560.108154 113.455925
10.000000 2688.137695 29.895304 3072.173828 113.326813 2129.778320 68.396233 2700.261963 53.101982
20.000000 1570.003906 969.942444 1956.709717 996.028931 996.634460 1101.104858 1400.028076 1095.273804
62.000000 2069.141357 1466.560303 2052.800049 1086.546265 1446.700684 1480.007324 1447.356567 1179.994263
55.000000 2079.211426 1093.214722 2096.778564 1470.150146 1469.705200 1176.673584 1470.291992 1486.672363
34.000000 1507.012695 1439.975098 1504.465332 1063.303101 884.314209 1530.195679 900.035522 1183.486084
38.000000 1521.009521 1063.327393 1523.188843 1433.353760 924.682922 1186.572021 908.293518 1530.077637
6.000000 2713.373779 3.152513 3070.126709 82.765236 2016.649048 39.334408 2726.682373 20.598831
16.000000 3042.704590 122.908279 2686.816650 45.973289 2603.327393 69.798340 2130.005859 83.536484
17.000000 1562.124878 415.596588 1923.035767 404.039581 832.660828 664.579163 1235.541260 562.416870
36.000000 2213.050781 1076.681885 2232.455811 1436.893555 1554.939209 1159.985352 1558.105835 1506.683960
35.000000 2206.051270 1432.994263 2186.080078 1076.512817 1532.106934 1496.685669 1530.661255 1149.955566
92.000000 2257.908936 961.391541 2125.861816 635.554443 1575.178467 998.137634 1478.651245 778.076416
147.000000 702.160889 654.195007 396.635284 483.549377 192.745575 933.165955 45.571148 830.560913
14.000000 2726.537109 995.301086 3069.916992 1017.926636 2129.987305 1032.715332 2643.310547 1022.213806
13.000000 3069.939209 1024.264648 2726.546143 1001.846130 2643.379150 1028.869629 2129.990967 1039.563477
122.000000 2143.424805 1728.930786 1799.843994 1742.803589 1286.664551 1759.791138 1076.652344 1761.908325
29.000000 2146.472168 1083.509888 2163.648438 1426.817627 1512.750488 1163.357666 1514.983887 1523.343750
23.000000 662.340515 1469.948364 680.193420 1126.676758 202.530502 1626.947632 244.321793 1250.479736
51.000000 2135.791748 1423.053833 2119.384033 1083.041382 1487.555664 1486.669067 1487.656982 1169.999268
7.000000 3070.474365 74.550201 2740.611328 0.606428 2730.145996 12.169143 2026.600708 30.850195
227.000000 560.141846 112.348213 226.997528 64.369347 143.337891 529.440186 3.320029 528.298950
219.000000 1263.417725 1571.163574 939.942322 1574.649170 550.175964 1614.461914 406.540192 1620.126709
198.000000 573.498535 491.849091 810.858643 708.080322 94.967117 810.952393 219.249924 896.235413
82.000000 2463.290283 1718.656250 2149.957764 1728.681519 1563.329834 1758.651367 1303.331543 1759.315186
249.000000 1681.042969 475.922272 1988.373047 505.754456 1299.971191 646.952454 1173.579468 634.222351
298.000000 2027.075928 423.456604 2032.422729 116.534668 1335.656372 573.390015 1334.175903 459.989014
58.000000 1581.484619 554.402283 1883.334839 505.921844 921.588867 752.690491 1215.989014 666.327148
95.000000 2258.985596 616.314514 2028.805908 416.521454 1541.694458 687.076172 1337.818604 568.926941
100.000000 2127.597168 622.906738 2260.509766 891.465271 1462.401855 741.351746 1578.875854 940.084961
88.000000 1885.890503 514.967957 2132.348877 683.481140 1227.581909 673.760132 1452.479370 773.569092
66.000000 2905.555176 1473.444092 2876.966064 1186.636841 2597.304688 1510.267334 2568.523438 1220.146484
94.000000 1193.193481 170.891083 1476.864624 215.405334 593.300598 482.136627 829.972717 475.667847
71.000000 2229.989014 1686.246338 1943.343018 1693.705933 1413.335938 1724.999634 1133.331421 1725.436523
74.000000 1975.301392 523.079895 1694.711792 495.814240 1421.004028 723.537476 1162.930542 655.543884
173.000000 768.763306 626.338501 549.142334 455.850250 216.544876 875.202698 82.869041 785.714294
22.000000 2826.702881 1469.996582 2801.031250 1196.883057 2346.089844 1623.378906 2315.239502 1233.446289
106.000000 2047.797607 440.414368 1787.002563 368.777222 1358.312866 584.944763 1133.656128 560.380798
185.000000 677.327209 595.384949 810.054199 829.062683 190.422394 896.933350 253.851318 1043.558594
126.000000 1040.041626 1633.028442 776.666504 1636.652588 383.340576 1664.515015 176.620300 1665.784546
97.000000 2153.463623 773.602844 1975.653442 584.679077 1503.644165 878.277283 1328.223633 723.983643
168.000000 916.531250 1206.558838 1173.305176 1217.338623 356.665985 1329.925659 520.016174 1328.405151
119.000000 2130.041504 695.363953 2221.905518 933.357910 1452.281006 782.025269 1557.585693 965.649780
73.000000 2940.601074 1420.286499 2913.998779 1166.596924 2639.422119 1463.396484 2610.217041 1196.278442
70.000000 1642.972900 591.812622 1892.987427 585.745911 969.710327 791.427551 1246.577515 725.604248
144.000000 1298.343628 852.231262 1352.224731 608.282654 631.870728 1025.414307 678.036072 848.616760
158.000000 864.103699 859.303528 768.059143 631.855957 284.313324 1036.751221 217.734955 880.046997
204.000000 2359.966797 1799.210327 2603.290039 1788.969116 1600.000122 1826.535522 1750.000000 1826.663818
96.000000 2860.203857 1239.642822 2884.192871 1477.252930 2558.119141 1276.855957 2581.600586 1510.174438
181.000000 403.319855 1026.913452 166.631577 1013.975281 163.339264 1214.178589 3.323754 1215.300781
134.000000 963.235779 935.637268 1200.042358 945.666260 360.125275 1113.814697 553.359680 1107.468628
135.000000 1253.014404 382.260284 1486.404785 415.189209 630.020447 644.649475 823.307007 641.642822
294.000000 2019.700928 775.441833 2096.970459 996.396729 1430.843506 924.290222 1472.396973 1032.412109
87.000000 2859.644775 1473.040771 2837.046631 1242.968628 2557.860107 1526.875244 2533.795166 1279.954956
162.000000 2746.353760 679.163696 2519.901855 650.782104 2160.035400 708.237366 1989.971313 712.058899
151.000000 1200.020752 999.650024 973.358398 986.242737 549.999512 1149.972656 373.329803 1153.135498
245.000000 2846.621582 1678.470215 3070.055176 1671.868164 2296.668945 1709.816528 2426.649658 1711.401001
56.000000 2749.965332 1577.726074 2526.633057 1581.134277 2126.653564 1628.027954 1817.051880 1630.887207
171.000000 1796.016846 380.764557 1574.663086 405.134979 1131.338135 563.080688 975.161804 608.114563
209.000000 2285.635986 630.906433 2139.023193 464.192322 1617.644775 729.185425 1511.010376 625.531433
194.000000 2612.598877 143.100113 2632.046387 359.816376 2046.498657 243.133591 2056.175537 396.487305
193.000000 539.042053 413.489075 553.068176 199.545547 75.737251 746.992859 96.590836 593.323059
60.000000 2360.188965 897.846741 2296.018799 693.536804 1681.549194 962.789856 1549.587402 690.406921
123.000000 2678.153564 947.341675 2775.523682 757.614624 2078.250000 942.093628 2216.945557 787.921387
44.000000 2805.906982 770.596741 3011.230713 790.866394 2240.435059 789.884338 2573.747070 794.700623
141.000000 2010.529297 441.882812 2170.536377 571.079285 1330.091187 590.878479 1489.961426 685.463806
155.000000 3006.635986 748.762634 2981.376953 545.254578 2509.512939 703.778198 2498.853760 532.368164
189.000000 1126.627075 360.283600 923.535034 331.890564 526.651611 642.415588 369.972443 644.989624
120.000000 1083.917114 222.701324 1286.779175 252.569077 456.684692 540.596008 666.694214 534.243225
98.000000 1983.851685 588.046509 1787.726440 536.006042 1259.111206 700.026550 1028.776123 730.856689
274.000000 2226.689453 469.847046 2427.193848 499.804779 1563.367676 584.584778 1683.368774 581.292847
128.000000 781.013916 850.189148 699.154846 668.876648 234.168625 1138.716797 199.793610 937.754639
220.000000 863.145203 24.270216 1056.705811 63.138203 343.309662 416.891876 486.685455 415.799286
259.000000 1842.631958 760.965759 1966.061646 915.907471 1287.265137 895.981262 1381.512085 978.268188
105.000000 2509.997803 1588.933594 2706.670654 1588.510498 1786.660522 1637.245117 2013.301147 1639.672607
109.000000 910.310181 271.235352 716.289673 242.550018 443.349487 597.595154 219.967758 601.478210
229.000000 2423.392334 163.033737 2232.896484 125.553673 1803.448242 256.196899 1666.600708 261.690826
178.000000 1230.023560 456.472595 1039.984741 433.459503 606.681641 707.443359 446.676819 710.527100
184.000000 1433.389282 1596.380127 1243.345459 1598.045044 686.411926 1633.630371 526.667480 1640.019653
148.000000 1432.584229 1478.578369 1265.018188 1566.871460 705.157837 1530.339233 544.953186 1609.927368
200.000000 2426.574951 797.971924 2613.256836 811.088562 1846.733154 865.491699 1996.796143 860.867432
192.000000 1871.474243 654.850769 2016.585693 772.660583 1237.085571 791.402405 1379.482056 853.549011
170.000000 2154.300049 546.912415 2262.340576 697.379578 1476.757080 666.953796 1584.952148 788.559753
101.000000 2703.143555 785.262634 2519.617920 767.218262 2116.712646 821.995728 1886.681030 827.290527
226.000000 1083.222778 821.431213 899.953247 807.272034 466.686584 1015.162231 326.666870 1016.686523
177.000000 1610.709106 710.390991 1523.770630 868.060486 1091.156494 831.380005 968.468872 934.195374
99.000000 1690.217529 642.677490 1867.085327 652.320923 1008.800049 842.963928 1231.447144 783.718140
195.000000 783.338196 1613.822510 956.687561 1612.089355 186.586548 1655.783813 340.117798 1652.866333
211.000000 1310.000610 1317.498413 1136.666504 1317.456543 636.896545 1404.696533 490.092133 1411.882324
132.000000 2393.391113 163.021042 2563.127930 194.443222 1773.350342 263.957489 1966.721802 258.694092
202.000000 1423.404541 272.886993 1593.332397 300.006073 779.968262 531.455627 929.981750 528.919922
169.000000 1927.435791 635.508362 1757.842041 606.469177 1324.984253 786.038208 1163.697998 760.985901
165.000000 1671.299072 739.586853 1842.631958 760.965759 1119.856445 891.731262 1286.571777 890.128723
115.000000 2523.366211 699.714722 2693.405518 719.375122 1889.956543 760.840576 2103.399414 757.123901
207.000000 2664.230957 1035.563232 2684.783203 866.034241 2035.871582 1078.732422 2060.836426 931.776611
232.000000 1183.185181 504.306335 1350.539795 529.788513 566.655334 752.507141 703.334290 753.123596
130.000000 1083.365234 1275.624390 916.650879 1270.514893 516.669617 1376.888672 316.704926 1379.546021
283.000000 1987.163208 524.016113 2118.642822 625.098633 1352.566650 681.197021 1452.243286 745.035278
273.000000 996.914673 564.235046 833.244202 547.540649 413.381348 818.251282 293.289581 821.889526
278.000000 833.328186 663.384888 996.703430 679.630493 286.641235 911.518188 406.664368 909.836365
136.000000 1483.294800 670.988220 1429.335693 825.268494 785.652405 1062.137939 836.267578 878.057190
146.000000 1920.243164 715.974060 1767.220093 662.260437 1362.395996 866.199890 1191.520630 808.806030
222.000000 1253.359375 596.452332 1093.289185 577.030884 633.327148 818.329102 489.995758 818.861816
140.000000 2895.284424 376.883881 2870.535156 219.392090 2444.902588 383.144104 2422.334229 195.983261
77.000000 3078.120605 874.643127 2947.101318 786.152588 2658.632568 895.684692 2421.550293 779.719604
138.000000 2446.176270 33.205795 2599.989014 56.738171 1833.413330 127.875069 2023.463013 115.292633
242.000000 2019.864136 834.432495 1921.338867 718.858643 1429.896362 875.917908 1327.416870 794.838623
111.000000 2997.500244 768.060425 2847.301514 757.573059 2499.397461 766.010071 2282.702148 775.342712
272.000000 2855.893555 726.377075 2839.012939 577.155396 2306.250488 740.029541 2297.745117 620.159973
89.000000 2766.459473 847.470703 2714.728271 988.060242 2250.026611 819.319214 2109.174805 1020.065735
163.000000 2586.987305 441.305908 2443.550781 418.624329 1983.331055 496.537720 1813.326294 499.612793
287.000000 1176.916016 1280.972168 1320.061157 1296.087524 519.956360 1380.674316 636.780945 1388.234619
32.000000 2250.060791 1219.784546 2240.973145 1076.604858 1568.792358 1506.676392 1565.957031 1153.312256
271.000000 3072.015869 1508.699707 2943.195068 1452.656006 2738.552246 1616.758057 2644.380859 1542.013550
205.000000 2153.382568 1764.415039 2293.396240 1758.052612 1303.333496 1790.076782 1453.332886 1789.789795
262.000000 2055.958252 453.336792 2164.316895 538.752319 1370.507202 595.767517 1478.527344 656.701416
164.000000 2489.702881 1570.461670 2353.064941 1574.717285 1766.242310 1620.208130 1596.705200 1627.554688
275.000000 1696.646118 1575.252563 1560.008423 1577.242920 1109.975708 1629.286499 990.001587 1633.379517
149.000000 2873.500977 781.529114 2758.044189 852.673767 2415.048340 790.013428 2241.446045 832.240601
244.000000 1479.009888 775.656555 1461.321533 909.734619 860.381409 945.513672 836.925049 1073.380737
139.000000 839.856323 464.200592 970.683594 485.873749 210.025574 757.624817 400.075317 759.670532
19.000000 2789.997803 1584.476196 2920.003906 1584.735718 2196.776123 1636.754883 2599.988281 1650.346802
188.000000 2563.130615 518.096436 2690.080811 536.096558 1949.993652 576.375488 2106.659180 572.989990
110.000000 2785.793457 376.440765 2774.176025 249.922623 2292.308105 390.033203 2285.175537 169.724533
297.000000 2785.817627 592.706299 2799.340088 718.174805 2222.583740 616.733459 2232.654053 729.763550
201.000000 2406.680420 259.926422 2530.074707 282.932007 1770.020630 354.416962 1920.029785 351.568665
237.000000 2136.765869 282.741730 2259.990723 303.388489 1473.315918 425.879791 1606.657715 422.930908
197.000000 798.141602 717.777100 831.022888 838.207581 218.802521 900.088135 271.418976 1042.810181
137.000000 2670.596924 360.242584 2659.644531 236.698181 2146.207520 393.082153 2129.602783 203.076752
266.000000 1013.381958 772.693665 1136.762329 782.074524 539.989502 972.693176 416.634674 974.721558
248.000000 2360.162598 1587.797119 2480.246338 1596.664429 1643.338135 1636.587524 1770.145386 1644.264404
236.000000 2256.979004 337.904327 2139.931885 320.457764 1606.720947 454.834961 1473.320801 459.654541
254.000000 2296.555176 77.180809 2409.626221 101.722511 1663.348511 204.160629 1790.033691 201.840164
263.000000 2710.691162 223.631470 2723.486084 337.025574 2179.506836 257.732452 2197.756836 380.333923
206.000000 1985.080444 1386.885742 1980.016479 1273.184082 1400.441650 1433.264526 1404.010864 1283.349487
