Keypoint Matches and Line Matches for pairs 5, 9 
5 corresponds to the image ./resources/Data/HerzP25/images/0005.png 
9 corresponds to the image ./resources/Data/HerzP25/images/0009.png 

287.000000 1080.078369 152.854126 180.089386 558.260315
55.000000 2143.350830 1763.734619 813.333313 1803.603760
41.000000 2219.950928 1611.345215 1069.984619 1673.939575
419.000000 1753.550049 1570.097046 615.679321 1643.465454
10.000000 2592.860596 399.590271 1603.050781 478.391571
9.000000 2611.692871 369.504639 1610.351807 446.232819
13.000000 2630.090088 396.116516 1620.056763 467.670258
104.000000 1458.420044 1036.667725 451.089355 1206.442017
89.000000 1442.307007 1039.972168 425.894836 1200.600464
72.000000 1936.844727 1004.000061 1020.022095 1134.303955
1525.000000 1520.033691 976.162659 514.000000 1147.000000
42.000000 2610.073242 76.299255 1629.852905 154.810745
43.000000 3003.088867 154.560867 2080.193604 119.109741
1.000000 3072.173828 113.326813 2314.188232 44.656689
58.000000 1570.003906 969.942444 659.877502 1135.762329
59.000000 1956.709717 996.028931 1016.727783 1125.447632
92.000000 2079.211426 1093.214722 1106.281128 1199.853271
88.000000 1507.012695 1439.975098 392.654144 1526.937012
79.000000 1504.465332 1063.303101 546.475098 1213.611206
124.000000 1521.009521 1063.327393 511.760376 1216.832520
105.000000 1523.188843 1433.353760 420.002319 1517.000610
14.000000 2713.373779 3.152513 1616.513428 64.676247
95.000000 3042.704590 122.908279 2211.663330 70.113319
746.000000 2686.816650 45.973289 1698.000000 105.000000
61.000000 1923.035767 404.039581 849.061523 613.894165
93.000000 2232.455811 1436.893555 1093.527588 1523.209473
90.000000 2206.051270 1432.994263 1074.063477 1516.697266
65.000000 2186.080078 1076.512817 1118.467896 1179.942261
175.000000 2125.861816 635.554443 1064.432861 802.219055
30.000000 2726.537109 995.301086 1709.972900 1052.599365
31.000000 3069.916992 1017.926636 2239.988770 1033.031860
26.000000 3069.939209 1024.264648 2243.330322 1039.916504
27.000000 2726.546143 1001.846130 1703.331055 1059.937012
250.000000 2143.424805 1728.930786 813.325378 1774.308960
517.000000 1799.843994 1742.803589 493.336884 1775.339111
70.000000 2146.472168 1083.509888 1134.464355 1189.908936
111.000000 2163.648438 1426.817627 1062.873047 1513.314697
116.000000 2135.791748 1423.053833 1044.212524 1510.039673
17.000000 2740.611328 0.606428 1629.891357 55.248833
171.000000 2149.957764 1728.681519 820.010803 1774.382568
1375.000000 1681.042969 475.922272 676.000000 704.000000
557.000000 1988.373047 505.754456 903.558960 689.622681
224.000000 2027.075928 423.456604 940.723572 617.827881
84.000000 1581.484619 554.402283 541.969177 806.875610
240.000000 2127.597168 622.906738 1072.953735 792.052307
226.000000 1885.890503 514.967957 876.198669 724.380188
106.000000 2905.555176 1473.444092 2227.338379 1543.505859
107.000000 2876.966064 1186.636841 2207.226807 1233.296997
127.000000 1476.864624 215.405334 479.942688 539.154480
62.000000 2229.989014 1686.246338 969.997925 1741.234131
1247.000000 1943.343018 1693.705933 678.000000 1739.000000
146.000000 1975.301392 523.079895 932.466370 714.581299
147.000000 1694.711792 495.814240 659.060303 729.954529
130.000000 2801.031250 1196.883057 1740.229126 1256.661621
363.000000 1787.002563 368.777222 723.326904 613.570557
273.000000 1975.653442 584.679077 938.791321 766.907532
515.000000 1173.305176 1217.338623 160.009735 1359.745605
142.000000 2940.601074 1420.286499 2266.936768 1493.314209
143.000000 2913.998779 1166.596924 2246.799316 1209.753906
1552.000000 1298.343628 852.231262 269.000000 1070.000000
160.000000 2860.203857 1239.642822 2198.614258 1293.422363
375.000000 1200.042358 945.666260 199.963852 1149.243652
288.000000 1253.014404 382.260284 286.709625 707.535217
289.000000 1486.404785 415.189209 463.274078 698.801880
166.000000 2859.644775 1473.040771 1757.727539 1553.305908
183.000000 2837.046631 1242.968628 2176.429932 1296.681030
302.000000 2746.353760 679.163696 1733.367065 727.272522
100.000000 2749.965332 1577.726074 1646.666382 1649.893921
101.000000 2526.633057 1581.134277 1333.871338 1649.393799
264.000000 2285.635986 630.906433 1203.194702 760.414368
265.000000 2139.023193 464.192322 1064.574951 631.993164
134.000000 2360.188965 897.846741 1249.270508 993.131409
136.000000 2805.906982 770.596741 1808.637329 813.891907
137.000000 3011.230713 790.866394 2095.871338 796.705750
393.000000 2170.536377 571.079285 1087.460449 721.938538
739.000000 3006.635986 748.762634 2091.000000 746.000000
454.000000 2981.376953 545.254578 2086.748291 537.883606
420.000000 1126.627075 360.283600 196.726776 708.195496
421.000000 923.535034 331.890564 59.878487 713.576233
507.000000 1286.779175 252.569077 326.740570 601.303101
230.000000 2226.689453 469.847046 1156.590454 621.675354
231.000000 2427.193848 499.804779 1363.127441 612.184814
473.000000 863.145203 24.270216 43.299294 499.180603
474.000000 1056.705811 63.138203 170.024216 493.916290
365.000000 1842.631958 760.965759 929.727539 925.650879
1295.000000 1966.061646 915.907471 1031.000000 1054.000000
200.000000 2509.997803 1588.933594 1300.005371 1659.565063
446.000000 2423.392334 163.033737 1403.582153 289.650726
812.000000 1236.166626 1599.990967 137.000000 1659.000000
471.000000 1230.023560 456.472595 266.707214 767.486755
472.000000 1039.984741 433.459503 140.020630 773.750488
1095.000000 1433.389282 1596.380127 328.000000 1655.000000
381.000000 1243.345459 1598.045044 140.028473 1654.480713
361.000000 2613.256836 811.088562 1566.909546 885.026001
491.000000 1871.474243 654.850769 868.493652 834.727966
188.000000 2703.143555 785.262634 1683.469604 842.944336
189.000000 2519.617920 767.218262 1456.671631 853.441772
487.000000 1083.222778 821.431213 126.643715 1062.630493
488.000000 899.953247 807.272034 3.333013 1066.656860
1514.000000 3072.960205 413.017273 2230.000000 366.000000
860.000000 1549.412109 1436.630493 632.000000 1533.000000
547.000000 1547.749634 1616.676636 466.329071 1676.628418
258.000000 2393.391113 163.021042 1373.256104 298.940918
259.000000 2563.127930 194.443222 1563.460693 285.081024
422.000000 1423.404541 272.886993 429.923004 595.202637
423.000000 1593.332397 300.006073 566.562439 588.017395
495.000000 1927.435791 635.508362 930.707153 820.955200
496.000000 1757.842041 606.469177 810.486511 806.070740
364.000000 1671.299072 739.586853 779.561768 930.976746
216.000000 2523.366211 699.714722 1466.556274 787.566528
217.000000 2693.405518 719.375122 1676.728638 778.031311
354.000000 2664.230957 1035.563232 1589.033569 1105.075073
311.000000 1972.733276 535.371155 922.851990 723.437500
479.000000 1987.163208 524.016113 959.125244 722.989441
480.000000 2118.642822 625.098633 1064.419678 793.389771
370.000000 2140.844727 1603.394409 1011.310852 1670.005249
371.000000 2136.835938 1439.914062 1011.913879 1519.994263
214.000000 1483.294800 670.988220 472.672211 909.915955
315.000000 1767.220093 662.260437 828.734131 849.968872
180.000000 1193.136108 311.309814 236.697815 660.539917
429.000000 1093.289185 577.030884 156.655685 876.307800
169.000000 2947.101318 786.152588 2002.250610 794.753662
256.000000 2446.176270 33.205795 1436.863892 161.693329
257.000000 2599.989014 56.738171 1627.385010 139.499496
208.000000 2997.500244 768.060425 2063.053223 776.407532
209.000000 2847.301514 757.573059 1848.942383 793.102173
508.000000 2855.893555 726.377075 1876.610107 756.668518
342.000000 2714.728271 988.060242 1692.000488 1050.260376
322.000000 2586.987305 441.305908 1563.424805 521.791626
323.000000 2443.550781 418.624329 1400.006714 530.132263
368.000000 1176.916016 1280.972168 153.331604 1406.379395
182.000000 2943.195068 1452.656006 2190.569580 1529.965454
564.000000 2593.314453 1559.716553 1326.638306 1634.143188
280.000000 2164.316895 538.752319 1100.318237 693.304749
407.000000 2489.702881 1570.461670 1292.914551 1640.957886
408.000000 2353.064941 1574.717285 1153.214233 1647.428711
442.000000 1479.009888 775.656555 508.635162 985.637573
550.000000 2756.858887 818.456482 1752.021240 865.651062
573.000000 2923.287598 1735.195190 1823.336670 1822.837769
574.000000 2789.979248 1739.330688 1710.008667 1822.061157
512.000000 2763.335449 1603.622559 1466.671997 1675.386475
513.000000 2629.984619 1604.615479 1346.660156 1674.885620
51.000000 2920.003906 1584.735718 2219.991455 1673.571411
453.000000 3047.009277 1375.893311 2412.651123 1433.396973
1333.000000 2690.080811 536.096558 1694.000000 590.000000
350.000000 2785.793457 376.440765 1902.501587 410.187439
357.000000 1551.965454 654.864136 505.023865 887.584106
458.000000 2785.817627 592.706299 1800.085938 629.924500
459.000000 2799.340088 718.174805 1802.955688 759.934753
466.000000 2136.765869 282.741730 1079.978638 469.667023
467.000000 2259.990723 303.388489 1206.765869 461.550171
427.000000 2659.644531 236.698181 1747.912964 283.405518
1009.000000 1556.078003 1110.003418 654.000000 1249.000000
497.000000 1501.183350 414.828674 487.981628 688.118286
498.000000 1405.627686 490.445007 398.396881 769.269531
581.000000 1345.436035 783.209961 314.242035 1008.340393
485.000000 2256.979004 337.904327 1203.351562 493.594604
486.000000 2139.931885 320.457764 1079.919800 502.179626
669.000000 2296.555176 77.180809 1263.000000 240.000000
1414.000000 2710.691162 223.631470 1781.000000 277.000000
1516.000000 2723.486084 337.025574 1784.000000 378.000000
395.000000 1113.224609 691.164795 146.659363 963.007080
247.000000 1076.669312 1099.942993 103.337318 1273.520264
1047.000000 2844.000000 1146.000000 2189.000000 1191.000000
1195.000000 1856.000000 203.000000 880.000000 434.000000
1397.000000 933.000000 36.000000 87.000000 495.000000
825.000000 2793.000000 701.000000 1822.000000 742.000000
1227.000000 1868.000000 248.000000 790.000000 493.000000
741.000000 2889.000000 1137.000000 2228.000000 1177.000000
868.000000 2963.000000 1408.000000 2302.000000 1475.000000
1494.000000 1472.000000 180.000000 462.000000 504.000000
1175.000000 2681.000000 1701.000000 1537.000000 1774.000000
883.000000 2957.000000 1232.000000 2307.000000 1278.000000
977.000000 2178.000000 978.000000 1080.000000 1092.000000
1008.000000 2946.000000 1253.000000 2288.000000 1302.000000
1027.000000 2601.000000 1224.000000 1507.000000 1294.000000
1355.000000 1566.000000 949.000000 521.000000 1130.000000
737.000000 1534.000000 850.000000 541.000000 1029.000000
1566.000000 2580.000000 1514.000000 1375.000000 1586.000000
920.000000 1736.000000 113.000000 714.000000 412.000000
769.000000 1242.000000 216.000000 296.000000 580.000000
880.000000 1828.000000 956.000000 911.000000 1100.000000
726.000000 2724.000000 84.000000 1756.000000 129.000000
922.000000 2112.000000 203.000000 1059.000000 403.000000
1141.000000 2911.000000 1148.000000 2245.000000 1189.000000
1408.000000 2610.000000 1085.000000 1564.000000 1143.000000
1057.000000 1522.000000 1032.000000 565.000000 1192.000000
839.000000 996.000000 267.000000 38.000000 647.000000
1492.000000 3056.000000 268.000000 2258.000000 216.000000
965.000000 1635.000000 844.000000 755.000000 1022.000000
1060.000000 2708.000000 356.000000 1762.000000 395.000000
701.000000 1847.000000 861.000000 949.000000 1015.000000
731.000000 2950.000000 250.000000 2085.000000 256.000000
1344.000000 1529.000000 1510.000000 522.000000 1588.000000
1302.000000 1912.000000 124.000000 888.000000 375.000000
1192.000000 1407.000000 1016.000000 373.000000 1191.000000
271.000000 2220.000000 858.000000 1141.582275 990.864502
1183.000000 1651.000000 440.000000 606.000000 693.000000
861.000000 2040.000000 21.000000 1005.000000 257.000000
1470.000000 2362.000000 830.000000 1268.000000 936.000000
639.000000 2377.000000 1399.000000 1218.000000 1475.000000
1001.000000 1938.000000 463.000000 865.000000 666.000000
1573.000000 1408.000000 959.000000 376.000000 1142.000000
1003.000000 2127.000000 584.000000 1041.000000 742.000000
1277.000000 2211.000000 693.000000 1118.000000 828.000000
1540.000000 1724.000000 99.000000 686.000000 407.000000
1099.000000 2914.000000 1556.000000 2218.000000 1641.000000
729.000000 1808.000000 954.000000 892.000000 1101.000000
823.000000 1196.000000 1089.000000 187.000000 1259.000000
786.000000 2292.000000 1606.000000 1099.000000 1672.000000
1411.000000 2674.000000 1549.000000 1565.000000 1621.000000
734.000000 2956.000000 617.000000 1885.000000 633.000000
836.000000 1934.000000 963.000000 1012.000000 1097.000000
873.000000 1767.000000 145.000000 750.000000 419.000000
1305.000000 2381.000000 787.000000 1292.000000 892.000000
655.000000 1007.000000 1505.000000 18.000000 1582.000000
1513.000000 2268.000000 821.000000 1168.000000 939.000000
1005.000000 2494.000000 378.000000 1463.000000 480.000000
622.000000 2919.000000 621.000000 1997.000000 623.000000
932.000000 2186.000000 654.000000 1096.000000 796.000000
1299.000000 2443.000000 1306.000000 1313.000000 1384.000000
1422.000000 1638.000000 238.000000 590.000000 530.000000
234.000000 2781.000000 724.000000 1798.715210 768.892761
850.000000 2589.000000 207.000000 1594.000000 289.000000
1214.000000 2642.000000 1649.000000 1466.000000 1708.000000
1394.000000 1846.000000 189.000000 733.000000 457.000000
736.000000 1628.000000 328.000000 595.000000 604.000000
1555.000000 2311.000000 1274.000000 1171.000000 1359.000000
1176.000000 2213.000000 1568.000000 1040.000000 1640.000000
1315.000000 3005.000000 728.000000 2090.000000 729.000000
711.000000 2295.000000 1587.000000 1127.000000 1655.000000
1322.000000 1850.000000 264.000000 791.000000 512.000000
935.000000 1896.000000 960.000000 975.000000 1098.000000
1023.000000 1869.000000 1618.000000 730.000000 1676.000000
1433.000000 2278.000000 394.000000 1218.000000 541.000000
1093.000000 2094.000000 552.000000 1010.000000 719.000000
1033.000000 1542.000000 530.000000 511.000000 790.000000
762.000000 1641.000000 469.000000 596.000000 719.000000
732.000000 1810.000000 438.000000 748.000000 666.000000
957.000000 1784.000000 416.000000 726.000000 652.000000
947.000000 2735.000000 87.000000 1743.000000 132.000000
1506.000000 2460.000000 333.000000 1428.000000 444.000000
785.000000 2347.000000 1390.000000 1185.000000 1468.000000
704.000000 2234.000000 734.000000 1139.000000 863.000000
1064.000000 2038.000000 305.000000 985.000000 507.000000
902.000000 1496.000000 536.000000 468.000000 794.000000
1018.000000 2959.000000 1392.000000 2299.000000 1459.000000
973.000000 2257.000000 65.000000 1226.000000 242.000000
976.000000 2909.000000 1133.000000 2243.000000 1172.000000
170.000000 2386.000000 1720.000000 1066.671997 1775.545898
1271.000000 2631.000000 1718.000000 1475.000000 1790.000000
148.000000 1500.000000 1015.000000 539.065308 1177.164185
366.000000 2725.000000 204.000000 1796.629517 256.529327
1435.000000 1459.000000 1624.000000 328.000000 1673.000000
596.000000 1712.000000 1191.000000 790.000000 1314.000000
733.000000 1447.000000 649.000000 418.000000 891.000000
1327.000000 2172.000000 285.000000 1115.000000 463.000000
728.000000 1390.000000 814.000000 364.000000 1030.000000
930.000000 1979.000000 480.000000 903.000000 674.000000
664.000000 1201.000000 1627.000000 134.000000 1674.000000
979.000000 1742.000000 802.000000 855.000000 974.000000
191.000000 2669.000000 342.000000 1652.726074 413.331665
1351.000000 2328.000000 675.000000 1245.000000 794.000000
826.000000 2400.000000 787.000000 1314.000000 890.000000
954.000000 2402.000000 1393.000000 1252.000000 1470.000000
675.000000 2158.000000 616.000000 1070.000000 767.000000
959.000000 2252.000000 777.000000 1155.000000 900.000000
598.000000 2680.000000 1519.000000 1576.000000 1589.000000
1226.000000 2487.000000 111.000000 1481.000000 225.000000
1091.000000 1741.000000 1440.000000 799.000000 1530.000000
969.000000 1198.000000 1070.000000 190.000000 1244.000000
1078.000000 2939.000000 407.000000 2060.000000 401.000000
719.000000 1896.000000 451.000000 826.000000 663.000000
1004.000000 2692.000000 64.000000 1712.000000 120.000000
1368.000000 1390.000000 1567.000000 375.000000 1626.000000
876.000000 2146.000000 437.000000 1073.000000 607.000000
1249.000000 1512.000000 1510.000000 422.000000 1595.000000
1086.000000 2943.000000 1233.000000 2287.000000 1280.000000
1451.000000 1970.000000 145.000000 706.000000 399.000000
86.000000 1433.000000 1027.000000 414.580963 1199.789795
1554.000000 2427.000000 456.000000 1377.000000 569.000000
1508.000000 1473.000000 167.000000 481.000000 501.000000
1442.000000 2806.000000 185.000000 1893.000000 204.000000
389.000000 1112.000000 581.000000 163.348633 880.286072
1031.000000 2219.000000 25.000000 1190.000000 217.000000
688.000000 2858.000000 530.000000 1922.000000 553.000000
750.000000 1326.000000 1644.000000 255.000000 1689.000000
986.000000 1681.000000 455.000000 632.000000 701.000000
1436.000000 1964.000000 450.000000 890.000000 650.000000
645.000000 1817.000000 30.000000 806.000000 315.000000
937.000000 2411.000000 65.000000 1396.000000 203.000000
641.000000 1411.000000 715.000000 390.000000 949.000000
1461.000000 2237.000000 295.000000 1183.000000 458.000000
909.000000 2555.000000 906.000000 1484.000000 985.000000
1571.000000 2655.000000 1351.000000 1561.000000 1419.000000
1428.000000 2354.000000 1544.000000 1205.000000 1614.000000
924.000000 1061.000000 100.000000 170.000000 521.000000
1548.000000 1410.000000 739.000000 399.000000 974.000000
199.000000 1785.000000 461.000000 739.689148 699.190369
923.000000 2983.000000 324.000000 1947.000000 299.000000
241.000000 2252.000000 849.000000 1158.674561 970.771423
1320.000000 2007.000000 470.000000 930.000000 660.000000
949.000000 2966.000000 387.000000 1941.000000 382.000000
1137.000000 1433.000000 1326.000000 373.000000 1437.000000
1387.000000 1607.000000 941.000000 711.000000 1107.000000
1235.000000 1831.000000 416.000000 767.000000 644.000000
1448.000000 2440.000000 760.000000 1363.000000 857.000000
236.000000 3006.000000 782.000000 2087.181885 782.356506
637.000000 1991.000000 396.000000 903.000000 599.000000
1173.000000 2647.000000 1264.000000 1560.000000 1333.000000
864.000000 1411.000000 656.000000 389.000000 901.000000
1481.000000 2851.000000 1125.000000 2186.000000 1169.000000
1342.000000 2050.000000 1026.000000 1039.000000 1146.000000
988.000000 2837.000000 552.000000 1884.000000 581.000000
872.000000 1864.000000 1868.000000 424.000000 1874.000000
1353.000000 2264.000000 316.000000 1210.000000 472.000000
994.000000 2316.000000 1547.000000 1148.000000 1617.000000
1323.000000 2652.000000 1312.000000 1561.000000 1381.000000
1300.000000 2731.000000 496.000000 1744.000000 544.000000
724.000000 1209.000000 1213.000000 226.000000 1364.000000
1284.000000 2603.000000 1020.000000 1559.000000 1074.000000
623.000000 1425.000000 691.000000 398.000000 928.000000
506.000000 1117.000000 222.000000 206.748398 608.107788
1051.000000 1941.000000 155.000000 894.000000 397.000000
1363.000000 2145.000000 373.000000 1043.000000 550.000000
327.000000 1541.000000 656.000000 539.307678 882.447754
426.000000 2708.000000 370.000000 1752.641479 420.139191
996.000000 1843.000000 1370.000000 896.000000 1464.000000
439.000000 1677.000000 19.000000 664.414978 337.403900
1012.000000 1370.000000 412.000000 378.000000 713.000000
1117.000000 1323.000000 167.000000 360.000000 527.000000
693.000000 2737.000000 74.000000 1770.000000 115.000000
1395.000000 2329.000000 292.000000 1286.000000 435.000000
1538.000000 2389.000000 635.000000 1245.000000 778.000000
798.000000 2623.000000 1035.000000 1535.000000 1113.000000
1285.000000 1731.000000 52.000000 695.000000 357.000000
120.000000 854.000000 54.000000 32.036301 523.133362
1272.000000 1205.000000 10.000000 275.000000 427.000000
760.000000 1865.000000 173.000000 726.000000 405.000000
1100.000000 2457.000000 595.000000 1398.000000 697.000000
1385.000000 1470.000000 608.000000 441.000000 856.000000
797.000000 1256.000000 679.000000 267.000000 936.000000
981.000000 2637.000000 1117.000000 1560.000000 1186.000000
633.000000 1557.000000 881.000000 681.000000 1058.000000
723.000000 1553.000000 142.000000 550.000000 465.000000
1472.000000 2333.000000 1297.000000 1190.000000 1380.000000
328.000000 2950.000000 239.000000 2088.185791 237.417038
989.000000 1790.000000 102.000000 775.000000 383.000000
1019.000000 2948.000000 1269.000000 2291.000000 1321.000000
221.000000 2817.000000 1379.000000 2158.493896 1453.295410
542.000000 2699.000000 993.000000 1656.195190 1053.158081
1108.000000 930.000000 950.000000 11.000000 1168.000000
372.000000 2839.000000 227.000000 1939.946289 247.006012
355.000000 2670.000000 887.000000 1620.257202 955.330200
410.000000 2036.000000 1263.000000 1027.916382 1356.826538
1039.000000 2589.000000 1785.000000 1247.000000 1835.000000
1474.000000 2300.000000 1090.000000 1176.000000 1187.000000
742.000000 1502.000000 940.000000 477.000000 1120.000000
1068.000000 2411.000000 291.000000 1375.000000 416.000000
1007.000000 1465.000000 572.000000 439.000000 827.000000
1270.000000 2249.000000 1227.000000 1132.000000 1317.000000
1265.000000 1788.000000 953.000000 874.000000 1102.000000
789.000000 993.000000 763.000000 70.000000 1011.000000
1119.000000 2171.000000 249.000000 1118.000000 431.000000
725.000000 1739.000000 419.000000 685.000000 662.000000
822.000000 1442.000000 1492.000000 375.000000 1572.000000
1219.000000 1477.000000 1491.000000 420.000000 1571.000000
558.000000 1809.000000 461.000000 790.037292 682.720459
727.000000 1692.000000 89.000000 668.000000 396.000000
859.000000 2669.000000 1288.000000 1584.000000 1356.000000
1445.000000 1178.000000 1212.000000 162.000000 1355.000000
1388.000000 2129.000000 278.000000 1072.000000 466.000000
1497.000000 2380.000000 409.000000 1328.000000 534.000000
174.000000 2266.000000 913.000000 1161.371704 1023.559753
1254.000000 2573.000000 477.000000 1576.000000 559.000000
686.000000 2496.000000 1604.000000 1296.000000 1672.000000
714.000000 1597.000000 1075.000000 611.000000 1219.000000
771.000000 1723.000000 444.000000 670.000000 686.000000
1524.000000 2699.000000 869.000000 1661.000000 939.000000
1325.000000 2373.000000 319.000000 1330.000000 451.000000
679.000000 2945.000000 385.000000 2071.000000 375.000000
1434.000000 2874.000000 1532.000000 2179.000000 1615.000000
644.000000 1499.000000 571.000000 468.000000 823.000000
1103.000000 2057.000000 524.000000 976.000000 700.000000
966.000000 1666.000000 153.000000 641.000000 459.000000
1291.000000 2072.000000 1516.000000 1050.000000 1594.000000
802.000000 1602.000000 488.000000 561.000000 741.000000
890.000000 2713.000000 499.000000 1721.000000 552.000000
898.000000 1085.000000 533.000000 152.000000 844.000000
1075.000000 1293.000000 324.000000 352.000000 654.000000
1307.000000 1328.000000 1109.000000 285.000000 1267.000000
1298.000000 2488.000000 1210.000000 1373.000000 1288.000000
1243.000000 2392.000000 941.000000 1258.000000 1040.000000
1444.000000 1951.000000 201.000000 899.000000 437.000000
1526.000000 2655.000000 452.000000 1655.000000 517.000000

2.000000 2683.220947 1794.395386 1523.259277 1851.837402 1270.000488 1849.890747 3.327785 1844.682861
143.000000 143.923203 -0.272913 1080.078369 152.854126 3.044878 568.190430 180.089386 558.260315
27.000000 1423.264648 1795.090698 2143.350830 1763.734619 430.000000 1803.605225 813.333313 1803.603760
20.000000 1566.512695 1587.564697 2219.950928 1611.345215 616.605347 1662.412598 1069.984619 1673.939575
5.000000 2592.860596 399.590271 3071.037109 476.920959 1603.050781 478.391571 2346.812012 435.874695
4.000000 3070.232666 448.652313 2611.692871 369.504639 2357.085449 404.087555 1610.351807 446.232819
6.000000 3070.285156 468.259766 2630.090088 396.116516 2353.493408 426.162567 1620.056763 467.670258
96.000000 1544.623779 996.685425 1548.510254 1420.013672 659.109985 1139.030518 639.121826 1363.551880
52.000000 1458.420044 1036.667725 1458.714233 1460.000854 451.089355 1206.442017 420.002319 1517.000610
44.000000 1444.381836 1459.978394 1442.307007 1039.972168 392.654144 1526.937012 425.894836 1200.600464
36.000000 1936.844727 1004.000061 1520.033691 976.162659 1020.022095 1134.303955 673.383484 1142.202148
124.000000 1936.710938 1694.600464 1519.970947 1709.167725 576.663574 1742.192505 379.998352 1742.725342
21.000000 2610.073242 76.299255 3003.088867 154.560867 1629.852905 154.810745 2080.193604 119.109741
29.000000 1570.003906 969.942444 1956.709717 996.028931 659.877502 1135.762329 1016.727783 1125.447632
46.000000 2079.211426 1093.214722 2096.778564 1470.150146 1106.281128 1199.853271 1093.527588 1523.209473
111.000000 2016.642822 1725.886353 2393.365967 1714.404053 843.328796 1804.681274 1053.337646 1805.386475
39.000000 1507.012695 1439.975098 1504.465332 1063.303101 516.406860 1553.605103 546.475098 1213.611206
62.000000 1521.009521 1063.327393 1523.188843 1433.353760 511.760376 1216.832520 484.123199 1510.074463
7.000000 2713.373779 3.152513 3070.126709 82.765236 1616.513428 64.676247 2333.549072 9.468325
19.000000 3042.704590 122.908279 2686.816650 45.973289 2196.669189 66.697990 1733.315796 103.110382
30.000000 1562.124878 415.596588 1923.035767 404.039581 505.802032 704.938416 849.061523 613.894165
35.000000 2213.050781 1076.681885 2232.455811 1436.893555 1134.464355 1189.908936 1120.120605 1536.671631
45.000000 2206.051270 1432.994263 2186.080078 1076.512817 1074.063477 1516.697266 1087.729736 1190.044434
87.000000 2257.908936 961.391541 2125.861816 635.554443 1161.371704 1023.559753 1064.432861 802.219055
15.000000 2726.537109 995.301086 3069.916992 1017.926636 1709.972900 1052.599365 2239.988770 1033.031860
13.000000 3069.939209 1024.264648 2726.546143 1001.846130 2243.330322 1039.916504 1703.331055 1059.937012
125.000000 2143.424805 1728.930786 1799.843994 1742.803589 813.325378 1774.308960 616.660950 1774.973389
55.000000 2146.472168 1083.509888 2163.648438 1426.817627 1075.258545 1206.609863 1062.873047 1513.314697
58.000000 2135.791748 1423.053833 2119.384033 1083.041382 1044.212524 1510.039673 1057.889160 1206.721802
8.000000 3070.474365 74.550201 2740.611328 0.606428 2333.183594 1.377257 1629.891357 55.248833
85.000000 2463.290283 1718.656250 2149.957764 1728.681519 1066.671997 1775.545898 820.010803 1774.382568
172.000000 2006.041748 644.411194 2156.170898 914.339294 1123.108643 1039.036011 1077.230469 891.091125
105.000000 1681.042969 475.922272 1988.373047 505.754456 743.789062 694.582825 957.572388 712.566528
112.000000 2027.075928 423.456604 2032.422729 116.534668 940.723572 617.827881 963.113281 411.059021
42.000000 1581.484619 554.402283 1883.334839 505.921844 541.969177 806.875610 863.693054 709.221558
140.000000 2258.985596 616.314514 2028.805908 416.521454 1100.318237 693.304749 938.308289 619.719055
120.000000 2127.597168 622.906738 2260.509766 891.465271 1072.953735 792.052307 1158.674561 970.771423
113.000000 1885.890503 514.967957 2132.348877 683.481140 876.198669 724.380188 1060.823486 818.513977
53.000000 2905.555176 1473.444092 2876.966064 1186.636841 2227.338379 1543.505859 2207.226807 1233.296997
63.000000 1193.193481 170.891083 1476.864624 215.405334 186.601334 559.036011 479.942688 539.154480
31.000000 2229.989014 1686.246338 1943.343018 1693.705933 969.997925 1741.234131 616.671143 1740.643188
73.000000 1975.301392 523.079895 1694.711792 495.814240 932.466370 714.581299 659.060303 729.954529
28.000000 2826.702881 1469.996582 2801.031250 1196.883057 1650.109253 1643.254517 1645.769043 1269.932983
181.000000 2047.797607 440.414368 1787.002563 368.777222 873.578430 617.658325 723.326904 613.570557
138.000000 1690.007935 493.797241 1483.563843 654.083923 662.402588 738.532654 509.570099 835.479187
136.000000 2153.463623 773.602844 1975.653442 584.679077 1081.263306 887.921631 938.791321 766.907532
259.000000 916.531250 1206.558838 1173.305176 1217.338623 40.000397 1360.125244 160.009735 1359.745605
135.000000 2130.041504 695.363953 2221.905518 933.357910 1057.456299 822.931458 1141.582275 990.864502
71.000000 2940.601074 1420.286499 2913.998779 1166.596924 2266.936768 1493.314209 2246.799316 1209.753906
81.000000 1642.972900 591.812622 1892.987427 585.745911 613.348572 842.534912 855.342529 768.175964
80.000000 2860.203857 1239.642822 2884.192871 1477.252930 2198.614258 1293.422363 2215.111816 1550.099976
187.000000 963.235779 935.637268 1200.042358 945.666260 53.154617 1156.261108 199.963852 1149.243652
144.000000 1253.014404 382.260284 1486.404785 415.189209 286.709625 707.535217 463.274078 698.801880
83.000000 2859.644775 1473.040771 2837.046631 1242.968628 1757.727539 1553.305908 1751.270386 1303.300537
151.000000 2746.353760 679.163696 2519.901855 650.782104 1733.367065 727.272522 1563.336670 736.726624
270.000000 2846.621582 1678.470215 3070.055176 1671.868164 1973.353882 1764.984619 2090.003174 1766.408691
50.000000 2749.965332 1577.726074 2526.633057 1581.134277 1646.666382 1649.893921 1333.871338 1649.393799
101.000000 1811.991821 528.923889 1599.096191 593.696106 875.568420 743.336975 659.283447 778.986023
132.000000 2285.635986 630.906433 2139.023193 464.192322 1203.194702 760.414368 1064.574951 631.993164
95.000000 2612.598877 143.100113 2632.046387 359.816376 1653.348389 186.639252 1652.726074 413.331665
67.000000 2360.188965 897.846741 2296.018799 693.536804 1249.270508 993.131409 1134.593262 727.044006
121.000000 2678.153564 947.341675 2775.523682 757.614624 1653.980103 937.140137 1798.428711 801.445618
68.000000 2805.906982 770.596741 3011.230713 790.866394 1808.637329 813.891907 2095.871338 796.705750
196.000000 2010.529297 441.882812 2170.536377 571.079285 961.617126 650.308594 1087.460449 721.938538
141.000000 3006.635986 748.762634 2981.376953 545.254578 2064.156006 756.606934 2051.277588 579.181396
211.000000 1126.627075 360.283600 923.535034 331.890564 196.726776 708.195496 59.878487 713.576233
255.000000 1083.917114 222.701324 1286.779175 252.569077 206.748398 608.107788 326.740570 601.303101
115.000000 2226.689453 469.847046 2427.193848 499.804779 1156.590454 621.675354 1363.127441 612.184814
238.000000 863.145203 24.270216 1056.705811 63.138203 43.299294 499.180603 170.024216 493.916290
272.000000 1842.631958 760.965759 1966.061646 915.907471 933.941956 932.658752 1019.667603 1010.007385
100.000000 2509.997803 1588.933594 2706.670654 1588.510498 1300.005371 1659.565063 1520.007690 1659.730835
224.000000 2423.392334 163.033737 2232.896484 125.553673 1403.582153 289.650726 1270.065186 300.781616
237.000000 1230.023560 456.472595 1039.984741 433.459503 266.707214 767.486755 140.020630 773.750488
190.000000 1433.389282 1596.380127 1243.345459 1598.045044 286.604889 1650.843994 140.028473 1654.480713
102.000000 1432.584229 1478.578369 1265.018188 1566.871460 300.388458 1557.500732 101.968018 1649.911255
180.000000 2426.574951 797.971924 2613.256836 811.088562 1416.776978 892.282349 1566.909546 885.026001
247.000000 1871.474243 654.850769 2016.585693 772.660583 868.493652 834.727966 985.027344 875.111572
94.000000 2703.143555 785.262634 2519.617920 767.218262 1683.469604 842.944336 1456.671631 853.441772
245.000000 1083.222778 821.431213 899.953247 807.272034 126.643715 1062.630493 3.333013 1066.656860
275.000000 1549.412109 1436.630493 1547.749634 1616.676636 479.178070 1563.240234 466.329071 1676.628418
82.000000 1690.217529 642.677490 1867.085327 652.320923 624.586731 904.194824 862.972534 822.547485
129.000000 2393.391113 163.021042 2563.127930 194.443222 1373.256104 298.940918 1563.460693 285.081024
212.000000 1423.404541 272.886993 1593.332397 300.006073 429.923004 595.202637 566.562439 588.017395
249.000000 1927.435791 635.508362 1757.842041 606.469177 930.707153 820.955200 810.486511 806.070740
182.000000 1671.299072 739.586853 1842.631958 760.965759 779.561768 930.976746 929.727539 925.650879
108.000000 2523.366211 699.714722 2693.405518 719.375122 1466.556274 787.566528 1676.728638 778.031311
177.000000 2664.230957 1035.563232 2684.783203 866.034241 1589.033569 1105.075073 1620.257202 955.330200
155.000000 2107.910889 638.367004 1972.733276 535.371155 1065.770508 812.767395 922.851990 723.437500
184.000000 1083.365234 1275.624390 916.650879 1270.514893 153.331604 1406.379395 3.316937 1407.285522
241.000000 1987.163208 524.016113 2118.642822 625.098633 959.125244 722.989441 1064.419678 793.389771
185.000000 2140.844727 1603.394409 2136.835938 1439.914062 1011.310852 1670.005249 1011.913879 1519.994263
107.000000 1483.294800 670.988220 1429.335693 825.268494 472.672211 909.915955 408.324524 1110.659302
157.000000 1920.243164 715.974060 1767.220093 662.260437 988.310974 901.582825 828.734131 849.968872
90.000000 1193.136108 311.309814 1033.247803 287.234955 236.697815 660.539917 3.371927 674.002258
215.000000 1253.359375 596.452332 1093.289185 577.030884 293.398346 872.125610 156.655685 876.307800
103.000000 2895.284424 376.883881 2870.535156 219.392090 2051.793213 389.928986 2043.199585 172.942581
84.000000 3078.120605 874.643127 2947.101318 786.152588 2225.489258 901.896118 2002.250610 794.753662
128.000000 2446.176270 33.205795 2599.989014 56.738171 1436.863892 161.693329 1627.385010 139.499496
206.000000 1979.427612 1230.019897 1974.102905 1076.639893 1020.351013 1350.358154 1033.668091 1213.365845
207.000000 2019.864136 834.432495 1921.338867 718.858643 1041.559814 910.573792 934.402649 824.517761
104.000000 2997.500244 768.060425 2847.301514 757.573059 2063.053223 776.407532 1848.942383 793.102173
256.000000 2855.893555 726.377075 2839.012939 577.155396 1876.610107 756.668518 1872.735229 636.685974
133.000000 2766.459473 847.470703 2714.728271 988.060242 1782.000122 892.212891 1690.339233 1056.855591
161.000000 2586.987305 441.305908 2443.550781 418.624329 1563.424805 521.791626 1400.006714 530.132263
221.000000 1664.986938 631.241943 1554.180298 720.237549 735.778503 875.618530 633.181091 962.553101
284.000000 2732.918213 1550.427246 2593.314453 1559.716553 1440.032227 1632.871216 1326.638306 1634.143188
204.000000 2489.702881 1570.461670 2353.064941 1574.717285 1292.914551 1640.957886 1153.214233 1647.428711
89.000000 2873.500977 781.529114 2758.044189 852.673767 1995.295532 796.250183 1772.905273 872.339966
222.000000 1479.009888 775.656555 1461.321533 909.734619 508.635162 985.637573 479.936829 1116.652832
277.000000 2756.858887 818.456482 2697.691162 938.865417 1752.021240 865.651062 1681.398682 956.325134
289.000000 2923.287598 1735.195190 2789.979248 1739.330688 1823.336670 1822.837769 1710.008667 1822.061157
258.000000 2763.335449 1603.622559 2629.984619 1604.615479 1466.671997 1675.386475 1346.660156 1674.885620
25.000000 2789.997803 1584.476196 2920.003906 1584.735718 1816.578491 1659.128296 2219.991455 1673.571411
227.000000 3061.097412 1503.580078 3047.009277 1375.893311 2424.793457 1563.508179 2412.651123 1433.396973
175.000000 2785.793457 376.440765 2774.176025 249.922623 1902.501587 410.187439 1895.595215 256.714874
230.000000 2785.817627 592.706299 2799.340088 718.174805 1800.085938 629.924500 1802.955688 759.934753
219.000000 2406.680420 259.926422 2530.074707 282.932007 1563.364380 341.028046 1426.821899 345.145691
234.000000 2136.765869 282.741730 2259.990723 303.388489 1079.978638 469.667023 1206.765869 461.550171
214.000000 2670.596924 360.242584 2659.644531 236.698181 1752.641479 420.139191 1747.912964 283.405518
250.000000 1501.183350 414.828674 1405.627686 490.445007 487.981628 688.118286 398.396881 769.269531
65.000000 2815.648926 1199.644531 2834.105225 1319.881470 1740.229126 1256.661621 1746.698242 1550.072754
244.000000 2256.979004 337.904327 2139.931885 320.457764 1203.351562 493.594604 1079.919800 502.179626
205.000000 1985.080444 1386.885742 1980.016479 1273.184082 1010.439514 1493.389526 1027.916382 1356.826538
197.000000 999.945129 680.587830 1113.224609 691.164795 3.323251 966.216370 146.659363 963.007080
123.000000 1190.071167 1105.101807 1076.669312 1099.942993 299.985718 1269.329224 103.337318 1273.520264
