Keypoint Matches and Line Matches for pairs 7, 20 
7 corresponds to the image ./resources/Data/HerzP25/images/0007.png 
20 corresponds to the image ./resources/Data/HerzP25/images/0020.png 

11.000000 669.973267 417.224640 1056.804321 531.189758
22.000000 2163.155518 487.177185 2552.629150 350.902161
25.000000 2189.595215 458.261963 2587.502441 310.721008
27.000000 2206.656738 480.210724 2603.470947 334.473480
32.000000 496.428558 378.204712 924.348816 518.238831
80.000000 2.640373 36.382298 593.216919 295.872009
81.000000 470.256683 69.734688 911.357788 249.269150
64.000000 2303.328857 1047.022461 2736.639404 976.227905
63.000000 2303.328125 1053.770142 2733.296631 982.725403
30.000000 1153.363892 1078.245239 1536.597290 1098.664917
31.000000 1563.355835 1085.374390 1943.377930 1077.526001
83.000000 1007.800598 1490.038818 1373.312012 1490.081665
169.000000 1778.106812 1489.963623 2117.640381 1503.418945
214.000000 1768.180664 1096.712646 2101.656982 1076.591187
460.000000 1444.885498 551.696472 1740.919434 546.746094
100.000000 1546.656738 1093.832764 1926.703491 1087.444702
48.000000 370.039612 1015.354309 830.014832 1090.326416
47.000000 370.033630 1008.858948 826.688416 1083.790649
87.000000 1032.803345 1146.888428 1390.575317 1173.347778
485.000000 971.374207 1136.590698 1325.162598 1166.624268
196.000000 957.985107 1500.328369 1314.614258 1503.373657
68.000000 970.605591 1500.272827 1324.195068 1500.126221
69.000000 984.239441 1136.825684 1334.219727 1166.793579
52.000000 1704.616455 1153.297852 2053.936035 1149.978760
116.000000 1064.593140 1123.091553 1436.251465 1146.659302
91.000000 1048.627808 1480.087646 1408.193481 1483.368774
56.000000 1100.862549 1163.277466 1469.486572 1183.322998
57.000000 1092.867554 1516.656128 1462.596069 1526.651855
78.000000 1007.133118 1143.349976 1359.444824 1169.983765
79.000000 994.806641 1489.933838 1349.978638 1493.430298
89.000000 1629.574951 1169.946289 1990.136475 1163.248901
132.000000 706.637451 1625.933105 1070.020142 1625.537354
133.000000 363.321838 1628.401733 819.995117 1624.410278
40.000000 1755.751831 1146.695801 2094.259033 1139.845703
41.000000 1766.586304 1486.775391 2107.429443 1503.426392
76.000000 1220.772217 633.960693 1541.304810 658.218262
77.000000 1554.295410 650.018250 1865.217285 632.055420
44.000000 1742.006592 1480.039673 2082.458496 1493.362305
45.000000 1732.226929 1153.266724 2070.514893 1133.316284
98.000000 482.532013 356.593445 909.045837 499.920410
99.000000 512.083984 33.219158 932.973877 213.025345
55.000000 1077.979736 1163.369385 1444.920776 1183.369751
66.000000 1687.654785 1470.056152 2038.296997 1483.381470
67.000000 1680.309692 1163.246094 2028.865967 1149.937744
75.000000 1453.901001 654.798645 1763.872925 647.958496
84.000000 1652.947632 1170.009277 2012.473755 1163.259033
85.000000 1660.156006 1470.076294 2021.986450 1480.140503
111.000000 1430.364502 710.372375 1761.408447 707.220032
269.000000 30.004080 1821.004272 603.288086 1781.419189
270.000000 319.999298 1819.826050 776.657776 1786.945068
128.000000 2079.989014 776.973267 2446.414551 693.798035
773.000000 2363.434570 787.190918 2828.000000 667.000000
34.000000 430.045990 22.708492 869.985718 216.575180
42.000000 2313.323975 1614.140991 2753.319092 1638.275879
58.000000 2033.327759 1615.189697 2385.639160 1638.839233
97.000000 1108.451538 714.057190 1437.683838 750.069336
185.000000 2356.534668 1623.307495 2859.958496 1648.090332
146.000000 1625.311279 720.959717 1940.536377 697.574158
407.000000 293.320953 1852.741455 770.062866 1817.051392
165.000000 1562.739014 306.629852 1867.616455 276.662567
437.000000 337.478058 863.205383 795.732361 959.723083
106.000000 2006.698364 1621.563354 2356.683594 1642.539185
134.000000 1460.002563 665.471558 1777.510010 658.035400
135.000000 1673.150513 792.449280 2001.599121 766.473755
276.000000 1545.314453 558.256592 1841.725586 542.392517
142.000000 1778.273560 991.273804 2110.482910 964.758484
143.000000 1675.857544 770.847595 2000.482300 744.758789
205.000000 239.104797 92.905540 741.830383 306.948273
206.000000 225.485764 333.643677 748.593872 503.152008
459.000000 1565.598389 576.009644 1870.717041 564.862915
154.000000 1699.260376 873.199951 2031.648071 846.384888
155.000000 1521.654419 710.894531 1848.708252 698.443176
253.000000 543.135681 206.455276 963.267639 359.497803
254.000000 779.908325 221.447647 1143.240967 335.960510
256.000000 349.987030 1654.474976 806.682983 1647.824585
150.000000 1663.040649 736.258850 1982.387695 707.424133
151.000000 1781.098267 937.398926 2112.227539 906.370789
227.000000 400.132324 109.523216 866.290833 300.080231
228.000000 383.280121 340.482544 861.222961 486.880707
487.000000 16.410501 1120.447632 673.236328 1196.157349
279.000000 710.001099 1353.147583 1089.995239 1376.473999
280.000000 493.322357 1351.890503 923.348022 1380.593750
353.000000 766.803589 273.191254 1116.674927 386.718781
354.000000 553.407471 264.785248 966.244568 410.683716
243.000000 374.256165 1600.345337 828.636475 1610.144287
207.000000 390.986786 1094.565186 845.965759 1154.701050
420.000000 1149.540405 1313.159546 1550.979858 1329.873901
467.000000 381.416412 826.580139 828.272156 919.479980
303.000000 1821.528198 731.909668 2151.333496 688.455933
267.000000 813.339355 593.193054 1173.303955 673.048035
268.000000 1020.053650 602.085938 1346.518311 655.225281
156.000000 1517.824463 712.404053 1843.271851 696.230286
369.000000 201.220703 735.175781 696.110229 859.033752
122.000000 2270.016846 845.964661 2699.811523 744.429443
123.000000 2073.223633 841.235840 2443.281738 766.053650
127.000000 2293.301270 1195.923218 2816.637939 1149.317383
209.000000 1535.322510 580.229309 1837.573120 564.632385
389.000000 1696.351807 683.421387 2011.405762 642.316223
454.000000 227.089676 737.984009 723.105652 860.302246
455.000000 381.517670 846.425171 829.079285 940.130554
373.000000 743.331970 1116.768433 1116.646240 1159.567505
374.000000 556.654602 1114.212524 966.666748 1166.668701
327.000000 540.015198 1072.696167 960.075989 1130.991455
328.000000 726.675903 1071.644165 1116.589966 1118.999023
347.000000 2289.088379 436.367218 2740.521240 266.610504
337.000000 743.296448 123.935455 1116.536987 252.475494
338.000000 926.758057 135.174454 1270.385742 229.218201
363.000000 923.358398 182.886337 1266.787964 274.146118
364.000000 740.041138 172.600296 1116.650757 296.559998
470.000000 2359.988037 1775.738281 2823.352295 1832.583618
247.000000 1670.762207 802.948853 2001.557495 777.377380
248.000000 1753.327637 966.640198 2088.192383 938.940369
104.000000 2368.609619 880.967834 2811.014404 777.025574
765.000000 2287.514160 1043.781006 2711.000000 965.000000
175.000000 1956.609985 287.787292 2306.505371 172.231628
176.000000 2136.654785 296.899689 2523.404541 140.487152
325.000000 2423.596924 446.634277 2920.798828 240.835510
385.000000 919.890198 1620.143188 1246.611084 1623.839844
386.000000 743.317993 1626.221436 1100.001099 1626.724854
403.000000 916.667603 1650.207031 1240.018677 1651.992188
404.000000 740.004517 1651.003540 1096.666748 1649.994995
448.000000 703.388184 585.465332 1083.173218 678.314697
449.000000 529.959717 577.548889 949.777161 690.988037
120.000000 2533.146973 823.716858 3065.577881 678.413513
121.000000 2370.819336 883.131531 2823.200684 770.918762
1200.000000 204.146133 670.475281 703.000000 807.000000
959.000000 223.350754 502.953186 717.000000 658.000000
494.000000 1840.774414 833.929260 2156.571289 785.467407
390.000000 1790.653809 792.782227 2110.140381 749.871216
1535.000000 649.991577 1300.654907 1033.000000 1327.000000
495.000000 490.038269 332.805847 919.659546 480.044342
496.000000 649.922546 344.401093 1043.392212 467.235382
1413.000000 520.036560 529.174561 943.000000 649.000000
226.000000 359.907745 522.083313 823.178101 661.901978
233.000000 1347.595093 793.080994 1690.406128 798.334534
425.000000 973.363708 485.994812 1309.811890 551.640320
426.000000 1130.011475 493.078796 1446.640991 536.435486
125.000000 2166.626953 734.456482 2559.940918 632.732056
561.000000 650.018860 972.371765 1040.045654 1034.081665
562.000000 493.347198 969.294006 923.203613 1041.205444
179.000000 2216.703125 695.503540 2623.228516 578.977539
180.000000 2373.320312 700.414612 2836.712891 557.116882
238.000000 666.621460 767.829468 1056.852783 848.675659
299.000000 1992.919556 1604.499634 2333.041016 1623.739624
300.000000 1843.092163 1611.517822 2169.859131 1628.710815
575.000000 2241.242188 1036.582275 2663.035156 965.554565
161.000000 1051.825684 814.425476 1389.677124 843.704834
400.000000 896.619080 710.807922 1246.616821 772.522888
219.000000 2126.581055 602.206787 2506.861328 488.438843
220.000000 2273.285645 607.893860 2696.766113 467.572144
229.000000 2153.334229 1639.140137 2543.318604 1664.274902
230.000000 2013.334473 1638.978516 2356.645264 1661.367310
235.000000 2039.999023 877.012634 2393.458496 811.170471
236.000000 2179.989014 877.391235 2576.834717 791.572815
514.000000 1842.347534 902.969604 2171.041748 866.129028
405.000000 1614.867432 823.800293 1951.743042 803.275452
406.000000 1684.763306 942.491272 2031.344849 922.434937
225.000000 623.395508 531.897888 1010.175720 641.619934
323.000000 1963.365967 376.104370 2313.496826 267.949158
324.000000 2096.830322 383.847504 2470.166992 247.976349
293.000000 2036.661499 1709.305420 2396.645508 1741.174927
294.000000 2170.012207 1708.308838 2559.985596 1744.125732
329.000000 2140.176514 351.452026 2529.770020 201.207886
330.000000 2009.450928 339.185028 2373.846436 218.075623
355.000000 1983.360107 282.689423 2333.552734 161.425491
356.000000 1853.307861 277.280121 2183.015625 184.603989
1214.000000 690.007202 1563.539551 1064.000000 1564.000000
986.000000 2443.942383 649.558716 2935.000000 488.000000
450.000000 560.209351 1641.136719 953.243164 1636.720581
391.000000 1673.223267 425.797913 1983.181396 378.796844
392.000000 1800.083496 431.462952 2126.750488 360.664093
477.000000 1800.012207 462.886017 2123.601562 395.302032
478.000000 1673.348755 459.432312 1996.568604 412.613373
255.000000 589.993713 1652.714844 986.671509 1648.358521
489.000000 1580.666382 588.927002 1881.158081 564.203857
490.000000 1687.521729 655.289856 1994.507568 617.502686
258.000000 1692.305664 885.961731 2027.598755 856.461243
413.000000 1853.271118 220.983398 2180.098633 124.025337
414.000000 1973.422852 228.583939 2320.104736 104.068039
92.000000 376.787842 387.909332 829.880493 549.007141
527.000000 1554.331665 671.881409 1866.258667 654.076538
528.000000 1653.353149 739.971130 1972.127686 712.196167
367.000000 2009.888794 474.738373 2370.107422 367.868988
368.000000 1890.111938 465.253052 2220.114746 381.283142
246.000000 2010.014160 1219.292725 2376.618896 1195.300659
311.000000 583.338928 762.933044 986.785889 851.316284
511.000000 1038.926636 601.959229 1373.044556 642.979614
512.000000 948.167908 672.855713 1287.321777 730.570007
1147.000000 890.774231 84.842094 1251.000000 186.000000
152.000000 1763.291626 587.674988 2083.357422 533.580566
529.000000 1876.706543 592.370789 2210.015869 513.472046
465.000000 1806.908691 466.836884 2129.792969 397.747681
466.000000 1920.089478 475.497314 2259.918701 385.783569
433.000000 1083.974365 708.022339 1425.744263 748.567200
1331.000000 202.000000 328.000000 720.000000 514.000000
1082.000000 233.000000 489.000000 725.000000 648.000000
720.000000 1034.000000 735.000000 1362.000000 780.000000
1240.000000 1686.000000 727.000000 1999.000000 692.000000
853.000000 231.000000 1370.000000 828.000000 1401.000000
1038.000000 1307.000000 538.000000 1608.000000 554.000000
787.000000 935.000000 908.000000 1279.000000 954.000000
1474.000000 2329.000000 1734.000000 2766.000000 1781.000000
964.000000 1176.000000 400.000000 1490.000000 438.000000
1581.000000 2221.000000 1732.000000 2623.000000 1773.000000
663.000000 406.000000 1023.000000 854.000000 1094.000000
898.000000 1314.000000 1270.000000 1694.000000 1279.000000
1064.000000 411.000000 1822.000000 852.000000 1794.000000
877.000000 1267.000000 584.000000 1575.000000 605.000000
1460.000000 2302.000000 570.000000 2733.000000 419.000000
618.000000 272.000000 623.000000 756.000000 758.000000
677.000000 1326.000000 110.000000 1632.000000 126.000000
1028.000000 21.000000 317.000000 589.000000 529.000000
889.000000 271.000000 640.000000 755.000000 773.000000
697.000000 558.000000 1546.000000 968.000000 1553.000000
799.000000 1229.000000 963.000000 1626.000000 979.000000
1521.000000 543.000000 674.000000 957.000000 774.000000
817.000000 2310.000000 469.000000 2739.000000 300.000000
902.000000 1157.000000 1059.000000 1542.000000 1080.000000
1192.000000 1252.000000 608.000000 1560.000000 630.000000
651.000000 2140.000000 856.000000 2526.000000 774.000000
1095.000000 1177.000000 1060.000000 1561.000000 1078.000000
830.000000 2358.000000 1183.000000 2854.000000 1131.000000
926.000000 1357.000000 573.000000 1661.000000 581.000000
814.000000 242.000000 290.000000 758.000000 475.000000
1159.000000 1579.000000 454.000000 1884.000000 424.000000
1225.000000 1098.000000 679.000000 1419.000000 719.000000
771.000000 1231.000000 300.000000 1540.000000 331.000000
1074.000000 189.000000 1157.000000 731.000000 1221.000000
1297.000000 1545.000000 633.000000 1850.000000 615.000000
687.000000 1365.000000 233.000000 1675.000000 240.000000
748.000000 1582.000000 200.000000 1887.000000 162.000000
827.000000 1134.000000 656.000000 1451.000000 692.000000
1495.000000 1114.000000 1114.000000 1495.000000 1135.000000
286.000000 27.000000 435.000000 576.781372 617.813660
1534.000000 1432.000000 1054.000000 1809.000000 1054.000000
738.000000 1422.000000 599.000000 1725.000000 597.000000
947.000000 162.000000 1156.000000 712.000000 1221.000000
1111.000000 2151.000000 1271.000000 2541.000000 1247.000000
1335.000000 1739.000000 792.000000 2056.000000 755.000000
998.000000 1211.000000 275.000000 1517.000000 311.000000
665.000000 2235.000000 1556.000000 2647.000000 1570.000000
1002.000000 52.000000 669.000000 604.000000 819.000000
1326.000000 398.000000 1294.000000 848.000000 1331.000000
803.000000 432.000000 1335.000000 872.000000 1367.000000
897.000000 961.000000 843.000000 1299.000000 889.000000
1405.000000 775.000000 586.000000 1141.000000 670.000000
972.000000 939.000000 1125.000000 1288.000000 1158.000000
1052.000000 981.000000 805.000000 1317.000000 852.000000
1322.000000 372.000000 1147.000000 825.000000 1204.000000
1274.000000 1654.000000 699.000000 1965.000000 668.000000
1333.000000 1740.000000 152.000000 2055.000000 77.000000
818.000000 1650.000000 385.000000 1959.000000 342.000000
1216.000000 1163.000000 514.000000 1478.000000 551.000000
760.000000 474.000000 1455.000000 904.000000 1472.000000
925.000000 405.000000 1063.000000 853.000000 1129.000000
1233.000000 1972.000000 195.000000 2320.000000 68.000000
891.000000 2385.000000 711.000000 2845.000000 569.000000
995.000000 1312.000000 578.000000 1618.000000 592.000000
678.000000 1484.000000 1068.000000 1861.000000 1065.000000
812.000000 1707.000000 1057.000000 2031.000000 1038.000000
930.000000 2208.000000 1356.000000 2613.000000 1341.000000
1461.000000 1539.000000 1055.000000 1918.000000 1048.000000
1234.000000 2210.000000 1393.000000 2616.000000 1383.000000
862.000000 1002.000000 1536.000000 1355.000000 1544.000000
1197.000000 1389.000000 313.000000 1693.000000 315.000000
581.000000 1925.000000 434.000000 2276.561035 342.487793
1113.000000 2310.000000 432.000000 2753.000000 256.000000
857.000000 2253.000000 1898.000000 2631.000000 1974.000000
1134.000000 1003.000000 391.000000 1335.000000 457.000000
1490.000000 2304.000000 1183.000000 2746.000000 1143.000000
1006.000000 949.000000 865.000000 1291.000000 912.000000
670.000000 810.000000 454.000000 1171.000000 544.000000
873.000000 904.000000 1388.000000 1252.000000 1406.000000
1496.000000 1744.000000 210.000000 2061.000000 136.000000
801.000000 926.000000 952.000000 1271.000000 995.000000
1071.000000 928.000000 1390.000000 1304.000000 1407.000000
124.000000 2362.000000 739.000000 2813.445068 607.802246
1257.000000 1524.000000 314.000000 1826.000000 292.000000
903.000000 911.000000 1210.000000 1259.000000 1238.000000
1023.000000 1028.000000 1537.000000 1384.000000 1546.000000
1298.000000 933.000000 928.000000 1274.000000 972.000000
825.000000 1380.000000 595.000000 1683.000000 599.000000
1313.000000 1620.000000 673.000000 1929.000000 646.000000
1357.000000 1806.000000 428.000000 2129.000000 356.000000
816.000000 1262.000000 305.000000 1579.000000 332.000000
1232.000000 1172.000000 636.000000 1485.000000 667.000000
1162.000000 407.000000 1040.000000 854.000000 1110.000000
1399.000000 804.000000 33.000000 1167.000000 157.000000
1242.000000 660.000000 732.000000 1049.000000 816.000000
1430.000000 1879.000000 413.000000 2212.000000 326.000000
1435.000000 1297.000000 275.000000 1612.000000 293.000000
970.000000 400.000000 1276.000000 849.000000 1315.000000
1294.000000 915.000000 1185.000000 1260.000000 1215.000000
893.000000 1310.000000 514.000000 1638.000000 534.000000
1018.000000 1166.000000 100.000000 1482.000000 149.000000
929.000000 857.000000 1206.000000 1209.000000 1236.000000
854.000000 2167.000000 305.000000 2454.000000 119.000000
1181.000000 1364.000000 210.000000 1675.000000 216.000000
764.000000 1934.000000 2011.000000 2230.000000 2015.000000
829.000000 300.000000 1158.000000 778.000000 1219.000000
855.000000 1891.000000 1442.000000 2223.000000 1445.000000
1382.000000 1296.000000 298.000000 1610.000000 317.000000
1203.000000 1919.000000 869.000000 2258.000000 816.000000
1218.000000 1065.000000 705.000000 1391.000000 748.000000
1578.000000 1746.000000 764.000000 2064.000000 725.000000
1031.000000 1985.000000 839.000000 2336.000000 775.000000
1524.000000 1382.000000 901.000000 1756.000000 904.000000
1208.000000 166.000000 596.000000 681.000000 747.000000
628.000000 2337.000000 471.000000 2774.000000 296.000000
1136.000000 1509.000000 195.000000 1812.000000 173.000000
1489.000000 1617.000000 353.000000 1924.000000 314.000000
936.000000 1533.000000 606.000000 1837.000000 589.000000
668.000000 1408.000000 115.000000 1712.000000 113.000000
1307.000000 1182.000000 610.000000 1495.000000 641.000000
480.000000 962.000000 544.000000 1303.244629 605.647583
1575.000000 1402.000000 575.000000 1705.000000 577.000000
976.000000 1879.000000 191.000000 2211.000000 86.000000
1370.000000 142.000000 1155.000000 698.000000 1222.000000
1360.000000 926.000000 1367.000000 1272.000000 1385.000000
1209.000000 1913.000000 516.000000 2252.000000 432.000000
1048.000000 150.000000 579.000000 668.000000 734.000000
1212.000000 964.000000 481.000000 1301.000000 548.000000
1421.000000 1490.000000 592.000000 1793.000000 581.000000
59.000000 1738.000000 1486.000000 2075.470947 1492.146729
491.000000 871.000000 919.000000 1220.870605 975.116699
1334.000000 1708.000000 1075.000000 2032.000000 1049.000000
1215.000000 924.000000 1014.000000 1266.000000 1053.000000
1364.000000 859.000000 1161.000000 1212.000000 1196.000000
1008.000000 1107.000000 1327.000000 1488.000000 1341.000000
742.000000 1464.000000 606.000000 1767.000000 598.000000
170.000000 1776.000000 1284.000000 2109.526855 1279.896240
739.000000 945.000000 885.000000 1286.000000 930.000000
1455.000000 2310.000000 447.000000 2753.000000 271.000000
1439.000000 1137.000000 1022.000000 1516.000000 1045.000000
1129.000000 1032.000000 705.000000 1360.000000 751.000000
821.000000 1505.000000 617.000000 1809.000000 605.000000
1047.000000 2318.000000 424.000000 2763.000000 244.000000
164.000000 1563.000000 529.000000 1867.833496 503.335419
502.000000 2389.000000 758.000000 2853.345459 626.206665
1481.000000 1716.000000 729.000000 2031.000000 692.000000
1576.000000 1216.000000 1050.000000 1597.000000 1067.000000
1394.000000 942.000000 1074.000000 1289.000000 1109.000000
1511.000000 1419.000000 304.000000 1729.000000 301.000000
1130.000000 1247.000000 105.000000 1556.000000 138.000000
1164.000000 496.000000 1179.000000 936.000000 1249.000000
461.000000 2280.000000 605.000000 2713.258057 465.931793
1317.000000 1165.000000 146.000000 1480.000000 194.000000
1171.000000 1649.000000 356.000000 1959.000000 310.000000
1106.000000 1002.000000 738.000000 1333.000000 786.000000
1471.000000 891.000000 898.000000 1239.000000 947.000000
1281.000000 174.000000 679.000000 687.000000 815.000000
745.000000 1844.000000 216.000000 2172.000000 120.000000
774.000000 2378.000000 1526.000000 2991.000000 1536.000000
982.000000 2295.000000 284.000000 2733.000000 86.000000
1373.000000 1762.000000 829.000000 2081.000000 791.000000
714.000000 189.000000 327.000000 704.000000 515.000000
1505.000000 1819.000000 513.000000 2145.000000 445.000000
844.000000 1083.000000 95.000000 1406.000000 160.000000
1328.000000 1135.000000 98.000000 1452.000000 154.000000
1304.000000 405.000000 999.000000 853.000000 1073.000000
1141.000000 1271.000000 963.000000 1656.000000 969.000000
1098.000000 734.000000 860.000000 1108.000000 925.000000
953.000000 197.000000 498.000000 700.000000 660.000000
1014.000000 1714.000000 759.000000 2030.000000 722.000000
1443.000000 1068.000000 191.000000 1393.000000 255.000000
1565.000000 949.000000 813.000000 1288.000000 863.000000
1122.000000 1295.000000 601.000000 1601.000000 617.000000
1306.000000 591.000000 725.000000 994.000000 816.000000
1492.000000 349.000000 324.000000 824.000000 497.000000
1547.000000 1736.000000 625.000000 2052.000000 579.000000
531.000000 1778.000000 395.000000 2103.408936 330.598846
653.000000 1336.000000 594.000000 1642.000000 605.000000
698.000000 2390.000000 474.000000 2847.000000 287.000000
1419.000000 579.000000 855.000000 984.000000 934.000000
1205.000000 1403.000000 532.000000 1703.000000 533.000000
499.000000 2190.000000 1393.000000 2592.333984 1386.475464
729.000000 2320.000000 1183.000000 2906.000000 1129.000000
858.000000 1450.000000 1067.000000 1826.000000 1067.000000
1548.000000 2193.000000 1821.000000 2570.000000 1888.000000
1350.000000 1813.000000 989.000000 2138.000000 957.000000
1520.000000 767.000000 122.000000 1135.000000 246.000000
1251.000000 532.000000 1649.000000 943.000000 1645.000000
399.000000 726.000000 699.000000 1103.415405 781.334717
946.000000 1135.000000 76.000000 1453.000000 131.000000
1271.000000 1808.000000 948.000000 2132.000000 914.000000
1157.000000 1016.000000 1561.000000 1373.000000 1569.000000
1538.000000 1896.000000 910.000000 2234.000000 863.000000
1376.000000 1002.000000 426.000000 1334.000000 490.000000
1235.000000 655.000000 375.000000 1045.000000 493.000000
1528.000000 1843.000000 1177.000000 2173.000000 1157.000000
1580.000000 885.000000 405.000000 1232.000000 487.000000
594.000000 312.000000 1172.000000 813.331238 1229.953979
1484.000000 1344.000000 110.000000 1653.000000 133.000000
1451.000000 1539.000000 1067.000000 1898.000000 1060.000000
1386.000000 675.000000 1441.000000 1059.000000 1458.000000
1107.000000 2175.000000 1114.000000 2564.000000 1064.000000
1249.000000 701.000000 212.000000 1082.000000 339.000000
422.000000 1430.000000 116.000000 1736.695923 110.181236
1540.000000 1508.000000 167.000000 1811.000000 145.000000
553.000000 2056.000000 477.000000 2423.344727 366.751984
1308.000000 874.000000 221.000000 1224.000000 319.000000
840.000000 1067.000000 676.000000 1391.000000 720.000000
1198.000000 236.000000 1158.000000 764.000000 1220.000000
1477.000000 1857.000000 1435.000000 2184.000000 1437.000000
1133.000000 922.000000 1099.000000 1263.000000 1133.000000
475.000000 954.000000 227.000000 1299.588989 314.066864
1385.000000 1035.000000 1047.000000 1384.000000 1066.000000
578.000000 2237.000000 531.000000 2646.883789 391.809296
384.000000 2167.000000 564.000000 2550.095459 437.527496
1342.000000 2009.000000 938.000000 2363.000000 898.000000

0.000000 453.055634 11.086046 2289.592285 126.489388 417.058319 272.478027 2142.763428 -0.272543
5.000000 3.081387 385.255768 669.973267 417.224640 376.543365 610.051392 1056.804321 531.189758
11.000000 2163.155518 487.177185 2830.090576 518.041748 2552.629150 350.902161 3070.524414 287.626282
12.000000 2849.644287 490.593475 2189.595215 458.261963 3070.685791 256.062927 2587.502441 310.721008
13.000000 2836.659668 510.147522 2206.656738 480.210724 3070.174316 278.110962 2603.470947 334.473480
16.000000 496.428558 378.204712 3.295846 354.100250 924.348816 518.238831 526.738281 567.247620
46.000000 486.537262 399.339325 3.368176 375.946991 829.880493 549.007141 533.494690 584.674194
40.000000 2.640373 36.382298 470.256683 69.734688 593.216919 295.872009 911.357788 249.269150
32.000000 2303.328857 1047.022461 2730.012695 1052.319336 2736.639404 976.227905 3070.132080 955.453186
31.000000 2726.681152 1058.776611 2303.328125 1053.770142 3070.143311 962.373413 2733.296631 982.725403
15.000000 1153.363892 1078.245239 1563.355835 1085.374390 1536.597290 1098.664917 1943.377930 1077.526001
41.000000 1021.628906 1086.722534 1007.800598 1490.038818 1381.203735 1170.111938 1373.312012 1490.081665
85.000000 1778.106812 1489.963623 1768.180664 1096.712646 2117.640381 1503.418945 2109.526855 1279.896240
54.000000 2273.150146 1226.680908 2302.320312 1600.339355 2780.079346 1256.658203 2809.692627 1533.722412
95.000000 1074.647827 608.366821 1444.885498 551.696472 1742.741821 540.332947 1538.159790 580.666016
50.000000 1546.656738 1093.832764 1173.338257 1086.420532 1926.703491 1087.444702 1640.047974 1101.012573
24.000000 370.039612 1015.354309 3.304610 1004.284973 830.014832 1090.326416 483.305359 1106.050171
23.000000 3.292670 998.045837 370.033630 1008.858948 480.012878 1100.270752 826.688416 1083.790649
43.000000 1019.558411 1513.437866 1032.803345 1146.888428 1382.618652 1490.065796 1390.575317 1173.347778
98.000000 971.374207 1136.590698 957.985107 1500.328369 1320.920166 1303.257324 1314.614258 1503.373657
34.000000 970.605591 1500.272827 984.239441 1136.825684 1324.195068 1500.126221 1334.219727 1166.793579
26.000000 1704.616455 1153.297852 1714.568726 1513.391357 2053.936035 1149.978760 2066.068359 1493.472168
58.000000 1064.593140 1123.091553 1048.627808 1480.087646 1436.251465 1146.659302 1431.469971 1416.633667
28.000000 1100.862549 1163.277466 1092.867554 1516.656128 1469.486572 1183.322998 1462.596069 1526.651855
39.000000 1007.133118 1143.349976 994.806641 1489.933838 1359.444824 1169.983765 1349.978638 1493.430298
44.000000 1635.920044 1513.285522 1629.574951 1169.946289 1997.686035 1473.389648 1990.136475 1163.248901
66.000000 706.637451 1625.933105 363.321838 1628.401733 1070.020142 1625.537354 819.995117 1624.410278
20.000000 1755.751831 1146.695801 1766.586304 1486.775391 2094.259033 1139.845703 2107.429443 1503.426392
38.000000 1220.772217 633.960693 1554.295410 650.018250 1541.304810 658.218262 1865.217285 632.055420
22.000000 1742.006592 1480.039673 1732.226929 1153.266724 2082.458496 1493.362305 2070.514893 1133.316284
49.000000 482.532013 356.593445 512.083984 33.219158 909.045837 499.920410 932.973877 213.025345
27.000000 1069.364990 1476.740845 1077.979736 1163.369385 1437.047729 1526.751831 1444.920776 1183.369751
33.000000 1687.654785 1470.056152 1680.309692 1163.246094 2038.296997 1483.381470 2028.865967 1149.937744
37.000000 1154.596436 699.459290 1453.901001 654.798645 1453.338867 749.661377 1763.872925 647.958496
42.000000 1652.947632 1170.009277 1660.156006 1470.076294 2012.473755 1163.259033 2021.986450 1480.140503
151.000000 3.328184 1642.163086 300.001099 1642.869263 640.200806 1637.147827 803.254028 1642.441772
131.000000 6.242233 723.971130 294.309875 789.975586 535.937073 886.989990 714.919495 873.494751
55.000000 1144.091309 762.532288 1430.364502 710.372375 1497.858643 793.223389 1761.408447 707.220032
135.000000 30.004080 1821.004272 319.999298 1819.826050 603.288086 1781.419189 776.657776 1786.945068
64.000000 2079.989014 776.973267 2363.434570 787.190918 2446.414551 693.798035 2696.824463 671.795288
17.000000 430.045990 22.708492 150.090790 2.099943 869.985718 216.575180 490.387054 275.813538
21.000000 2313.323975 1614.140991 2033.327759 1615.189697 2753.319092 1638.275879 2389.984619 1635.081665
143.000000 273.485168 437.080414 3.348942 423.033173 740.147766 601.477600 576.781372 617.813660
48.000000 1366.445557 635.058655 1108.451538 714.057190 1705.881592 635.837769 1437.683838 750.069336
73.000000 1625.311279 720.959717 1372.642090 635.520081 1940.536377 697.574158 1705.804565 639.935974
204.000000 293.320953 1852.741455 556.678406 1847.227173 770.062866 1817.051392 913.331116 1820.104614
82.000000 1546.813965 563.755371 1562.739014 306.629852 1867.833496 503.335419 1867.616455 276.662567
199.000000 2396.929688 825.653748 2653.494385 828.425598 2928.804932 707.685852 3069.556396 677.903320
219.000000 337.478058 863.205383 111.540993 741.847046 795.732361 959.723083 683.309998 885.018799
53.000000 2006.698364 1621.563354 2260.069824 1626.108887 2356.683594 1642.539185 2639.959717 1648.557251
67.000000 1460.002563 665.471558 1673.150513 792.449280 1777.510010 658.035400 2001.599121 766.473755
138.000000 1754.970581 690.742432 1545.314453 558.256592 1996.712158 604.964111 1841.725586 542.392517
71.000000 1778.273560 991.273804 1675.857544 770.847595 2110.482910 964.758484 2000.482300 744.758789
103.000000 239.104797 92.905540 225.485764 333.643677 741.830383 306.948273 748.593872 503.152008
231.000000 1565.598389 576.009644 1327.614502 537.478760 1870.717041 564.862915 1740.919434 546.746094
77.000000 1699.260376 873.199951 1521.654419 710.894531 2031.648071 846.384888 1848.708252 698.443176
127.000000 543.135681 206.455276 779.908325 221.447647 963.267639 359.497803 1143.240967 335.960510
128.000000 583.331909 1653.092773 349.987030 1654.474976 986.671509 1648.358521 806.682983 1647.824585
75.000000 1663.040649 736.258850 1781.098267 937.398926 1982.387695 707.424133 2112.227539 906.370789
114.000000 400.132324 109.523216 383.280121 340.482544 866.290833 300.080231 861.222961 486.880707
99.000000 1384.968140 763.359253 1590.461060 865.715759 1643.436157 784.802795 1843.489746 788.760864
83.000000 1315.606445 681.501831 1109.097168 777.651611 1608.835693 700.910706 1427.434082 836.562439
245.000000 16.410501 1120.447632 239.465652 1100.647095 673.236328 1196.157349 796.540039 1172.668701
140.000000 710.001099 1353.147583 493.322357 1351.890503 1089.995239 1376.473999 923.348022 1380.593750
177.000000 766.803589 273.191254 553.407471 264.785248 1116.674927 386.718781 966.244568 410.683716
122.000000 374.256165 1600.345337 391.335236 1389.837891 828.636475 1610.144287 842.082642 1426.575073
104.000000 390.986786 1094.565186 351.323395 887.196594 845.965759 1154.701050 805.669189 964.059204
210.000000 1154.663696 1103.121826 1149.540405 1313.159546 1533.100952 1190.887451 1550.979858 1329.873901
235.000000 381.416412 826.580139 211.212280 706.870361 828.272156 919.479980 720.743652 845.584534
152.000000 1821.528198 731.909668 1670.663696 589.297913 2151.333496 688.455933 2027.927734 581.873230
134.000000 813.339355 593.193054 1020.053650 602.085938 1173.303955 673.048035 1346.518311 655.225281
78.000000 1517.824463 712.404053 1315.606445 681.501831 1843.271851 696.230286 1608.835693 700.910706
185.000000 201.220703 735.175781 3.970139 718.933228 696.110229 859.033752 546.178040 869.963440
61.000000 2270.016846 845.964661 2073.223633 841.235840 2699.811523 744.429443 2443.281738 766.053650
208.000000 2203.264404 250.239792 2217.089844 446.401917 2616.105469 133.065903 2629.671631 273.686584
116.000000 1187.208740 820.307373 1375.067993 766.207214 1489.265015 901.267517 1637.810547 789.337219
233.000000 454.595459 1014.091919 381.446381 833.382568 829.500732 945.681274 872.432861 1069.154053
63.000000 2486.687500 1198.323364 2293.301270 1195.923218 3070.083984 1138.666992 2816.637939 1149.317383
105.000000 1535.322510 580.229309 1696.351807 683.421387 1837.573120 564.632385 2014.715942 643.563782
252.000000 2390.516357 573.349792 2384.442139 763.581604 2836.454102 503.362579 2853.345459 626.206665
228.000000 227.089676 737.984009 381.517670 846.425171 723.105652 860.302246 829.079285 940.130554
299.000000 213.353210 1172.373291 26.628544 1168.508545 813.331238 1229.953979 699.929077 1235.105225
187.000000 743.331970 1116.768433 556.654602 1114.212524 1116.646240 1159.567505 966.666748 1166.668701
164.000000 540.015198 1072.696167 726.675903 1071.644165 960.075989 1130.991455 1116.589966 1118.999023
174.000000 2289.088379 436.367218 2266.357666 252.547165 2740.521240 266.610504 2723.997314 113.261787
169.000000 743.296448 123.935455 926.758057 135.174454 1116.536987 252.475494 1270.385742 229.218201
182.000000 923.358398 182.886337 740.041138 172.600296 1266.787964 274.146118 1116.650757 296.559998
236.000000 2543.333984 1773.381470 2359.988037 1775.738281 2953.353027 1835.887573 2823.352295 1832.583618
124.000000 1670.762207 802.948853 1753.327637 966.640198 2001.557495 777.377380 2088.192383 938.940369
52.000000 2368.609619 880.967834 2287.514160 1043.781006 2811.014404 777.025574 2705.058350 1039.948730
88.000000 1956.609985 287.787292 2136.654785 296.899689 2306.505371 172.231628 2523.404541 140.487152
242.000000 670.081238 474.536163 849.946777 481.395630 1020.148376 587.796692 1146.388916 571.218140
163.000000 2423.596924 446.634277 2401.814697 269.367432 2920.798828 240.835510 2902.666504 83.008430
193.000000 919.890198 1620.143188 743.317993 1626.221436 1246.611084 1623.839844 1100.001099 1626.724854
202.000000 916.667603 1650.207031 740.004517 1651.003540 1240.018677 1651.992188 1096.666748 1649.994995
126.000000 1280.300537 869.873352 1453.884033 877.554260 1578.733398 937.134521 1742.528687 858.091675
225.000000 703.388184 585.465332 529.959717 577.548889 1083.173218 678.314697 949.777161 690.988037
60.000000 2533.146973 823.716858 2370.819336 883.131531 3065.577881 678.413513 2823.200684 770.918762
108.000000 1840.774414 833.929260 1746.802734 695.365051 2137.715576 742.223328 2000.108154 606.510498
229.000000 1487.146973 761.879883 1319.739258 745.424561 1848.222290 766.619141 1716.688477 746.551941
195.000000 1682.544189 664.522156 1790.653809 792.782227 2011.405762 642.316223 2110.140381 749.871216
29.000000 1991.659424 1593.346802 1843.649780 1519.366943 2385.639160 1638.839233 2075.470947 1492.146729
226.000000 566.674377 1667.314453 729.984497 1665.366943 953.243164 1636.720581 1086.659424 1640.272827
248.000000 1882.059570 989.444275 1840.774414 833.929260 2199.796387 902.174194 2156.571289 785.467407
249.000000 490.038269 332.805847 649.922546 344.401093 919.659546 480.044342 1043.392212 467.235382
113.000000 520.036560 529.174561 359.907745 522.083313 1010.175720 641.619934 823.178101 661.901978
171.000000 1456.729126 883.661194 1565.108643 998.714294 1748.061890 861.703918 1891.366699 919.971985
94.000000 2328.518799 889.472046 2260.891846 1032.176270 2872.189697 705.128845 2720.171631 849.843811
154.000000 1499.494873 832.409729 1347.595093 793.080994 1894.383667 846.825500 1740.274536 795.836975
213.000000 973.363708 485.994812 1130.011475 493.078796 1309.811890 551.640320 1446.640991 536.435486
62.000000 2323.333496 739.994507 2166.626953 734.456482 2813.445068 607.802246 2559.940918 632.732056
282.000000 650.018860 972.371765 493.347198 969.294006 1040.045654 1034.081665 923.203613 1041.205444
90.000000 2216.703125 695.503540 2373.320312 700.414612 2623.228516 578.977539 2836.712891 557.116882
119.000000 816.524353 773.659241 666.621460 767.829468 1240.462891 831.662842 1056.852783 848.675659
150.000000 1992.919556 1604.499634 1843.092163 1611.517822 2333.041016 1623.739624 2169.859131 1628.710815
289.000000 2241.242188 1036.582275 2296.149902 899.607910 2663.035156 965.554565 2696.689941 855.653015
80.000000 989.815063 948.371216 1051.825684 814.425476 1326.284912 1064.644287 1389.677124 843.704834
200.000000 749.872681 702.160095 896.619080 710.807922 1103.415405 781.334717 1246.616821 772.522888
110.000000 2126.581055 602.206787 2273.285645 607.893860 2506.861328 488.438843 2696.766113 467.572144
211.000000 1491.890869 197.278351 1354.710205 147.118256 1873.567993 88.122322 1736.695923 110.181236
137.000000 1157.217529 537.367371 1027.275024 597.971191 1524.219238 579.350647 1381.516113 667.042786
115.000000 2153.334229 1639.140137 2013.334473 1638.978516 2543.318604 1664.274902 2356.645264 1661.367310
118.000000 2039.999023 877.012634 2179.989014 877.391235 2393.458496 811.170471 2576.834717 791.572815
181.000000 1319.739258 745.424561 1189.475464 795.287842 1716.688477 746.551941 1570.523926 791.689514
237.000000 1054.647705 811.134094 1157.070312 717.106323 1437.503296 857.424072 1530.606079 767.186218
203.000000 1614.867432 823.800293 1684.763306 942.491272 1951.743042 803.275452 2031.344849 922.434937
216.000000 726.716064 931.490967 589.879639 927.820557 936.790100 1008.688232 1073.354614 1000.349304
162.000000 1963.365967 376.104370 2096.830322 383.847504 2313.496826 267.949158 2470.166992 247.976349
147.000000 2036.661499 1709.305420 2170.012207 1708.308838 2396.645508 1741.174927 2559.985596 1744.125732
165.000000 2140.176514 351.452026 2009.450928 339.185028 2529.770020 201.207886 2373.846436 218.075623
178.000000 1983.360107 282.689423 1853.307861 277.280121 2333.552734 161.425491 2183.015625 184.603989
109.000000 690.007202 1563.539551 819.965149 1559.002197 1193.044678 1573.303101 1004.795288 1616.387573
196.000000 1673.223267 425.797913 1800.083496 431.462952 1983.181396 378.796844 2126.750488 360.664093
218.000000 1870.146240 1621.210571 1996.671753 1629.926270 2199.993896 1673.490601 2336.582031 1678.833252
240.000000 1800.012207 462.886017 1673.348755 459.432312 2123.601562 395.302032 1996.568604 412.613373
142.000000 1585.057129 877.548218 1645.884033 988.602966 1838.313354 792.622437 1968.343140 893.545410
246.000000 1580.666382 588.927002 1687.521729 655.289856 1881.158081 564.203857 1994.507568 617.502686
129.000000 1728.345703 1003.839111 1692.305664 885.961731 2066.278564 1031.949463 2027.598755 856.461243
207.000000 1853.271118 220.983398 1973.422852 228.583939 2180.098633 124.025337 2320.104736 104.068039
209.000000 2313.227051 478.559357 2433.409668 485.309265 2707.059570 313.586304 2846.482178 298.314972
265.000000 1554.331665 671.881409 1653.353149 739.971130 1866.258667 654.076538 1972.127686 712.196167
184.000000 2009.888794 474.738373 1890.111938 465.253052 2370.107422 367.868988 2220.114746 381.283142
123.000000 2130.032715 1221.699219 2010.014160 1219.292725 2559.960449 1188.873901 2376.618896 1195.300659
156.000000 583.338928 762.933044 466.648468 761.296753 986.785889 851.316284 826.590759 865.828430
72.000000 2296.149902 899.607910 2381.758545 821.419128 2691.108887 847.542480 2868.065430 677.704895
257.000000 1038.926636 601.959229 948.167908 672.855713 1373.044556 642.979614 1287.321777 730.570007
76.000000 1763.291626 587.674988 1876.706543 592.370789 2083.357422 533.580566 2319.406738 510.578583
234.000000 1806.908691 466.836884 1920.089478 475.497314 2129.792969 397.747681 2259.918701 385.783569
217.000000 1083.974365 708.022339 1186.458618 659.559937 1425.744263 748.567200 1540.764648 674.521179
