Keypoint Matches and Line Matches for pairs 9, 14 
9 corresponds to the image ./resources/Data/HerzP25/images/0009.png 
14 corresponds to the image ./resources/Data/HerzP25/images/0014.png 

51.000000 447.394379 1516.732666 2977.977539 1416.907104
148.000000 349.998718 1801.787720 2816.780762 1720.868286
289.000000 863.693054 709.221558 2809.784180 530.280273
12.000000 414.580963 1199.789795 2655.737549 986.472839
60.000000 392.654144 1526.937012 2930.053223 1415.894409
61.000000 425.894836 1200.600464 2891.724365 1082.369019
58.000000 451.089355 1206.442017 2913.988281 1083.255615
79.000000 420.002319 1517.000610 3014.220703 1374.023926
52.000000 457.627838 1513.755005 2995.493896 1412.287476
53.000000 487.735260 1207.098877 2955.214844 1072.320557
50.000000 539.065308 1177.164185 2936.296387 1066.314453
1437.000000 619.562012 1153.760376 2994.000000 1003.000000
467.000000 533.036621 778.529175 2679.308105 536.450806
1569.000000 300.388458 1557.500732 2669.000000 1422.000000
102.000000 101.968018 1649.911255 2626.161621 1543.322388
468.000000 743.789062 694.582825 2805.719482 511.808105
216.000000 876.198669 724.380188 2849.030518 574.719177
295.000000 938.791321 766.907532 2862.062012 608.534607
443.000000 286.709625 707.535217 2492.950684 394.464111
444.000000 463.274078 698.801880 2619.759766 437.376617
493.000000 438.611847 1024.374390 2747.699219 841.831177
1218.000000 873.578430 617.658325 2893.000000 466.000000
1424.000000 723.326904 613.570557 2758.000000 419.000000
479.000000 153.331604 1406.379395 2526.734131 1241.230591
480.000000 3.316937 1407.285522 2399.984131 1237.165039
499.000000 53.154617 1156.261108 2386.615967 913.795227
500.000000 199.963852 1149.243652 2509.925781 927.342407
464.000000 961.617126 650.308594 2917.428711 495.091339
489.000000 293.398346 872.125610 2536.838867 606.059692
490.000000 156.655685 876.307800 2416.150635 571.818726
425.000000 508.635162 985.637573 2623.845459 770.869019
91.000000 479.936829 1116.652832 2982.418945 982.529053
535.000000 266.707214 767.486755 2483.260742 463.569824
536.000000 140.020630 773.750488 2370.337646 428.899933
1154.000000 126.643715 1062.630493 2578.000000 782.000000
1098.000000 3.333013 1066.656860 2299.000000 732.000000
1032.000000 903.558960 689.622681 2896.000000 547.000000
1021.000000 790.037292 682.720459 2827.000000 509.000000
1479.000000 73.334114 1443.361694 2467.000000 1280.000000
642.000000 398.000000 928.000000 2621.000000 697.000000
894.000000 468.000000 823.000000 2651.000000 588.000000
849.000000 18.000000 1582.000000 2454.000000 1459.000000
815.000000 232.000000 1689.000000 2676.000000 1583.000000
919.000000 134.000000 1674.000000 2640.000000 1565.000000
833.000000 527.000000 1088.000000 2964.000000 935.000000
775.000000 826.000000 663.000000 2860.000000 496.000000
843.000000 226.000000 1364.000000 2805.000000 1237.000000
790.000000 685.000000 662.000000 2771.000000 460.000000
1519.000000 892.000000 1101.000000 2708.000000 952.000000
857.000000 748.000000 666.000000 2836.000000 485.000000
730.000000 595.000000 604.000000 2715.000000 393.000000
693.000000 541.000000 1029.000000 2954.000000 887.000000
743.000000 255.000000 1689.000000 2692.000000 1581.000000
1546.000000 296.000000 580.000000 2467.000000 234.000000
801.000000 267.000000 936.000000 2520.000000 677.000000
1465.000000 864.000000 1425.000000 2719.000000 1285.000000
1388.000000 360.000000 1048.000000 2617.000000 834.000000
1276.000000 375.000000 1572.000000 2878.000000 1440.000000
1274.000000 187.000000 1259.000000 2526.000000 1065.000000
1220.000000 231.000000 1228.000000 2555.000000 1031.000000
1168.000000 598.000000 1218.000000 3006.000000 1149.000000
867.000000 389.000000 901.000000 2608.000000 663.000000
1070.000000 452.000000 1572.000000 2939.000000 1440.000000
1062.000000 425.000000 1607.000000 2975.000000 1471.000000
948.000000 152.000000 844.000000 2406.000000 528.000000
774.000000 243.000000 1626.000000 2643.000000 1508.000000
880.000000 468.000000 794.000000 2645.000000 555.000000
974.000000 170.000000 521.000000 2523.000000 104.000000
1080.000000 352.000000 1128.000000 2596.000000 893.000000
1478.000000 903.000000 674.000000 2907.000000 528.000000
806.000000 726.000000 652.000000 2796.000000 459.000000
629.000000 641.000000 459.000000 2863.000000 227.000000
949.000000 190.000000 1244.000000 2525.000000 1046.000000
491.000000 598.000000 1475.000000 2842.060059 1367.267578
424.000000 264.000000 1144.000000 2776.495361 991.198792
1205.000000 632.000000 701.000000 2742.000000 489.000000
1054.000000 865.000000 666.000000 2884.000000 510.000000
658.000000 61.000000 1218.000000 2412.000000 984.000000
1185.000000 439.000000 827.000000 2618.000000 624.000000
1512.000000 378.000000 713.000000 2461.000000 342.000000
185.000000 394.000000 855.000000 2612.280518 589.892334
539.000000 40.000000 1590.000000 2630.464355 1406.620117
1143.000000 352.000000 654.000000 2533.000000 350.000000
1127.000000 96.000000 842.000000 2313.000000 441.000000
899.000000 496.000000 1366.000000 2940.000000 1312.000000
1391.000000 424.000000 591.000000 2545.000000 225.000000
1421.000000 328.000000 1655.000000 2730.000000 1541.000000
465.000000 599.000000 432.000000 2828.109863 199.043030
991.000000 604.000000 1137.000000 2860.000000 996.000000
1093.000000 373.000000 1437.000000 2741.000000 1327.000000
845.000000 540.000000 780.000000 2687.000000 551.000000
1350.000000 364.000000 359.000000 2613.000000 79.000000
1135.000000 928.000000 998.000000 2976.000000 908.000000
735.000000 606.000000 693.000000 2724.000000 473.000000
1048.000000 373.000000 1191.000000 2777.000000 1008.000000
672.000000 529.000000 1074.000000 2961.000000 919.000000
1372.000000 420.000000 1571.000000 2960.000000 1436.000000
871.000000 767.000000 644.000000 2822.000000 463.000000
609.000000 416.000000 474.000000 2605.000000 229.000000
886.000000 205.000000 956.000000 2474.000000 687.000000
1231.000000 874.000000 1102.000000 2684.000000 949.000000
918.000000 344.000000 1026.000000 2601.000000 806.000000
1371.000000 275.000000 427.000000 2791.000000 221.000000
544.000000 279.000000 1017.000000 2546.633301 780.280579
881.000000 434.000000 1594.000000 2969.000000 1459.000000
621.000000 285.000000 1267.000000 2665.000000 1192.000000
1537.000000 550.000000 1098.000000 2917.000000 926.000000
939.000000 930.000000 660.000000 2923.000000 520.000000
1002.000000 791.000000 512.000000 2850.000000 307.000000
1536.000000 521.000000 1130.000000 2972.000000 986.000000
740.000000 13.000000 1147.000000 2366.000000 911.000000
1303.000000 375.000000 1626.000000 2682.000000 1512.000000
1176.000000 676.000000 704.000000 2805.000000 503.000000
655.000000 441.000000 856.000000 2638.000000 621.000000
725.000000 833.000000 956.000000 2635.000000 786.000000
868.000000 536.000000 1044.000000 2957.000000 903.000000
864.000000 290.000000 1226.000000 2599.000000 1037.000000
1548.000000 590.000000 530.000000 2888.000000 379.000000
710.000000 509.000000 806.000000 2670.000000 574.000000
1051.000000 328.000000 1673.000000 2742.000000 1562.000000
996.000000 890.000000 650.000000 2897.000000 501.000000
1565.000000 162.000000 1355.000000 2476.000000 1176.000000
1079.000000 373.000000 1090.000000 2622.000000 881.000000
1108.000000 218.000000 617.000000 2318.000000 214.000000
1264.000000 483.000000 535.000000 2609.000000 250.000000
1325.000000 589.000000 1325.000000 3009.000000 1170.000000
1177.000000 514.000000 1147.000000 2902.000000 1021.000000
496.000000 416.000000 1000.000000 2844.458740 851.860352
1308.000000 457.000000 867.000000 2644.000000 632.000000
423.000000 376.000000 1142.000000 2640.227539 971.739258
1193.000000 430.000000 876.000000 2629.000000 638.000000
909.000000 442.000000 1281.000000 2986.000000 1150.000000

190.000000 3.312972 1835.388794 523.328003 1840.540039 2663.501221 1707.813477 2813.385010 1719.325928
25.000000 478.828674 1170.196167 447.394379 1516.732666 2936.296387 1066.314453 2977.977539 1416.907104
6.000000 414.580963 1199.789795 381.315948 1529.796631 2655.737549 986.472839 2694.196045 1463.532471
30.000000 392.654144 1526.937012 425.894836 1200.600464 2930.053223 1415.894409 2891.724365 1082.369019
29.000000 451.089355 1206.442017 420.002319 1517.000610 2913.988281 1083.255615 2953.615479 1417.028931
26.000000 457.627838 1513.755005 487.735260 1207.098877 2995.493896 1412.287476 2955.214844 1072.320557
144.000000 932.466370 714.581299 659.060303 729.954529 2951.147949 636.241272 2809.784180 530.280273
225.000000 613.348572 842.534912 855.342529 768.175964 2702.803955 598.305298 2828.723877 640.532166
175.000000 236.697815 660.539917 3.371927 674.002258 2293.676270 269.024200 2143.482178 216.242966
234.000000 533.036621 778.529175 739.689148 699.190369 2679.308105 536.450806 2805.719482 511.808105
170.000000 743.789062 694.582825 957.572388 712.566528 2811.115479 513.878174 2942.754639 609.542969
222.000000 286.709625 707.535217 463.274078 698.801880 2492.950684 394.464111 2619.759766 437.376617
240.000000 153.331604 1406.379395 3.316937 1407.285522 2526.734131 1241.230591 2399.984131 1237.165039
250.000000 53.154617 1156.261108 199.963852 1149.243652 2386.615967 913.795227 2509.925781 927.342407
245.000000 293.398346 872.125610 156.655685 876.307800 2536.838867 606.059692 2416.150635 571.818726
45.000000 508.635162 985.637573 479.936829 1116.652832 2890.630127 706.465576 2982.418945 982.529053
269.000000 266.707214 767.486755 140.020630 773.750488 2483.260742 463.569824 2370.337646 428.899933
