Keypoint Matches and Line Matches for pairs 9, 20 
9 corresponds to the image ./resources/Data/HerzP25/images/0009.png 
20 corresponds to the image ./resources/Data/HerzP25/images/0020.png 

4.000000 310.030365 153.799438 1157.153198 119.712563
25.000000 1610.351807 446.232819 2587.502441 310.721008
27.000000 1620.056763 467.670258 2603.470947 334.473480
63.000000 1703.331055 1059.937012 2733.296631 982.725403
64.000000 1709.972900 1052.599365 2736.639404 976.227905
185.000000 1816.578491 1659.128296 2859.958496 1648.090332
30.000000 659.877502 1135.762329 1536.597290 1098.664917
31.000000 1016.727783 1125.447632 1943.377930 1077.526001
274.000000 505.802032 704.938416 1381.516113 667.042786
189.000000 849.061523 613.894165 1742.741821 540.332947
169.000000 1105.280151 1530.073364 2117.640381 1503.418945
45.000000 1118.467896 1179.942261 2070.514893 1133.316284
83.000000 447.394379 1516.732666 1373.312012 1490.081665
40.000000 1134.464355 1189.908936 2094.259033 1139.845703
41.000000 1120.120605 1536.671631 2107.429443 1503.426392
100.000000 1020.022095 1134.303955 1926.703491 1087.444702
54.000000 516.406860 1553.605103 1437.047729 1526.751831
55.000000 546.475098 1213.611206 1444.920776 1183.369751
97.000000 541.969177 806.875610 1437.683838 750.069336
75.000000 863.693054 709.221558 1763.872925 647.958496
485.000000 414.580963 1199.789795 1325.162598 1166.624268
196.000000 381.315948 1529.796631 1314.614258 1503.373657
68.000000 392.654144 1526.937012 1324.195068 1500.126221
69.000000 425.894836 1200.600464 1334.219727 1166.793579
66.000000 1074.063477 1516.697266 2038.296997 1483.381470
67.000000 1087.729736 1190.044434 2028.865967 1149.937744
52.000000 1106.281128 1199.853271 2053.936035 1149.978760
53.000000 1093.527588 1523.209473 2066.068359 1493.472168
42.000000 1646.666382 1649.893921 2753.319092 1638.275879
43.000000 1333.871338 1649.393799 2389.984619 1635.081665
78.000000 451.089355 1206.442017 1359.444824 1169.983765
79.000000 420.002319 1517.000610 1349.978638 1493.430298
86.000000 457.627838 1513.755005 1382.618652 1490.065796
87.000000 487.735260 1207.098877 1390.575317 1173.347778
84.000000 1075.258545 1206.609863 2012.473755 1163.259033
85.000000 1062.873047 1513.314697 2021.986450 1480.140503
88.000000 1044.212524 1510.039673 1997.686035 1473.389648
89.000000 1057.889160 1206.721802 1990.136475 1163.248901
98.000000 32.036301 523.133362 909.045837 499.920410
99.000000 77.299873 229.583664 932.973877 213.025345
90.000000 511.760376 1216.832520 1415.231689 1179.966675
91.000000 484.123199 1510.074463 1408.193481 1483.368774
158.000000 1808.637329 813.891907 2846.427246 724.311890
287.000000 1975.406372 1563.237549 3042.181396 1543.073364
434.000000 659.060303 729.954529 1540.764648 674.521179
116.000000 539.065308 1177.164185 1436.251465 1146.659302
117.000000 515.678406 1446.580933 1431.469971 1416.633667
110.000000 613.348572 842.534912 1497.858643 793.223389
111.000000 855.342529 768.175964 1761.408447 707.220032
114.000000 1757.727539 1553.305908 2784.797607 1532.853638
115.000000 1751.270386 1303.300537 2757.476318 1259.585815
142.000000 1161.371704 1023.559753 2110.482910 964.758484
398.000000 1995.295532 796.250183 3069.556396 677.903320
121.000000 1772.905273 872.339966 2823.200684 770.918762
122.000000 1683.469604 842.944336 2699.811523 744.429443
123.000000 1456.671631 853.441772 2443.281738 766.053650
416.000000 1652.726074 413.331665 2629.671631 273.686584
420.000000 639.121826 1363.551880 1550.979858 1329.873901
56.000000 571.701355 1219.852539 1469.486572 1183.322998
106.000000 1300.005371 1659.565063 2356.683594 1642.539185
132.000000 101.968018 1649.911255 1070.020142 1625.537354
318.000000 1848.942383 793.102173 2915.508789 684.977966
77.000000 957.572388 712.566528 1865.217285 632.055420
128.000000 1466.556274 787.566528 2446.414551 693.798035
129.000000 1676.728638 778.031311 2696.824463 671.795288
134.000000 876.198669 724.380188 1777.510010 658.035400
152.000000 1156.590454 621.675354 2083.357422 533.580566
153.000000 1363.127441 612.184814 2319.406738 510.578583
1037.000000 1798.715210 768.892761 2858.000000 653.000000
150.000000 1072.953735 792.052307 1982.387695 707.424133
151.000000 1158.674561 970.771423 2112.227539 906.370789
144.000000 1653.980103 937.140137 2691.108887 847.542480
201.000000 299.985718 1269.329224 1230.052002 1238.169434
202.000000 103.337318 1273.520264 1033.274780 1244.972534
175.000000 1373.256104 298.940918 2306.505371 172.231628
176.000000 1563.460693 285.081024 2523.404541 140.487152
503.000000 369.880524 508.240143 1239.671387 467.815369
253.000000 93.366989 380.602264 963.267639 359.497803
254.000000 283.332550 369.986206 1143.240967 335.960510
303.000000 1203.194702 760.414368 2151.333496 688.455933
765.000000 1690.339233 1056.855591 2711.000000 965.000000
248.000000 1141.582275 990.864502 2088.192383 938.940369
155.000000 938.791321 766.907532 1848.708252 698.443176
216.000000 1100.318237 693.304749 2000.108154 606.510498
276.000000 938.308289 619.719055 1841.725586 542.392517
11.000000 180.089386 558.260315 1056.804321 531.189758
267.000000 286.709625 707.535217 1173.303955 673.048035
268.000000 463.274078 698.801880 1346.518311 655.225281
353.000000 269.823700 417.811157 1116.674927 386.718781
354.000000 96.540672 431.769165 966.244568 410.683716
125.000000 1563.336670 736.726624 2559.940918 632.732056
417.000000 1706.626221 455.908661 2707.059570 313.586304
143.000000 1065.770508 812.767395 2000.482300 744.758789
281.000000 356.666595 133.332718 1200.697388 93.537376
282.000000 189.692352 150.307068 1038.459717 125.520370
307.000000 988.310974 901.582825 1894.383667 846.825500
308.000000 828.734131 849.968872 1740.274536 795.836975
471.000000 547.282715 896.549316 1437.503296 857.424072
337.000000 260.069855 284.361420 1116.536987 252.475494
338.000000 423.328827 273.267212 1270.385742 229.218201
423.000000 1563.424805 521.791626 2546.808838 397.890656
166.000000 539.307678 882.447754 1427.434082 836.562439
422.000000 866.908875 196.227844 1736.695923 110.181236
790.000000 1692.000488 1050.260376 2727.000000 964.000000
1490.000000 1684.371094 1206.554565 2746.000000 1143.000000
363.000000 409.820953 317.563599 1266.787964 274.146118
364.000000 256.580292 328.824585 1116.650757 296.559998
359.000000 523.301941 126.057762 1363.539551 71.403618
360.000000 369.861115 133.974945 1212.874634 93.544945
1278.000000 1902.501587 410.187439 2940.000000 248.000000
326.000000 1895.595215 256.714874 2902.666504 83.008430
358.000000 1620.257202 955.330200 2648.368164 872.083740
161.000000 505.023865 887.584106 1389.677124 843.704834
235.000000 1416.776978 892.282349 2393.458496 811.170471
236.000000 1566.909546 885.026001 2576.834717 791.572815
1038.000000 723.326904 613.570557 1608.000000 554.000000
579.000000 1802.880249 406.546661 2806.512939 255.374985
279.000000 153.331604 1406.379395 1089.995239 1376.473999
280.000000 3.316937 1407.285522 923.348022 1380.593750
7.000000 1011.913879 1519.994263 1998.551025 1499.926514
328.000000 199.963852 1149.243652 1116.589966 1118.999023
385.000000 286.604889 1650.843994 1246.611084 1623.839844
386.000000 140.028473 1654.480713 1100.001099 1626.724854
1221.000000 163.348633 880.286072 1067.000000 848.000000
210.000000 1087.460449 721.938538 2014.715942 643.563782
403.000000 279.998840 1677.364868 1240.018677 1651.992188
404.000000 139.999222 1677.133545 1096.666748 1649.994995
299.000000 1292.914551 1640.957886 2333.041016 1623.739624
300.000000 1153.214233 1647.428711 2169.859131 1628.710815
456.000000 934.402649 824.517761 1848.222290 766.619141
448.000000 196.726776 708.195496 1083.173218 678.314697
449.000000 59.878487 713.576233 949.777161 690.988037
425.000000 429.923004 595.202637 1309.811890 551.640320
426.000000 566.562439 588.017395 1446.640991 536.435486
1455.000000 1752.641479 420.139191 2753.000000 271.000000
348.000000 1747.912964 283.405518 2723.997314 113.261787
238.000000 156.655685 876.307800 1056.852783 848.675659
108.000000 1772.179932 1296.603394 2780.079346 1256.658203
372.000000 1306.663208 1809.186035 2353.586914 1815.741211
329.000000 1563.364380 341.028046 2529.770020 201.207886
330.000000 1426.821899 345.145691 2373.846436 218.075623
1385.000000 479.936829 1116.652832 1384.000000 1066.000000
355.000000 1403.582153 289.650726 2333.552734 161.425491
356.000000 1270.065186 300.781616 2183.015625 184.603989
500.000000 1536.713989 1537.451294 2602.459961 1510.071533
501.000000 1800.085938 629.924500 2836.454102 503.362579
391.000000 1079.978638 469.667023 1983.181396 378.796844
392.000000 1206.765869 461.550171 2126.750488 360.664093
495.000000 43.299294 499.180603 919.659546 480.044342
496.000000 170.024216 493.916290 1043.392212 467.235382
527.000000 959.125244 722.989441 1866.258667 654.076538
528.000000 1064.419678 793.389771 1972.127686 712.196167
246.000000 1360.029175 1245.303467 2376.618896 1195.300659
477.000000 1203.351562 493.594604 2123.601562 395.302032
478.000000 1079.919800 502.179626 1996.568604 412.613373
561.000000 126.643715 1062.630493 1040.045654 1034.081665
562.000000 3.333013 1066.656860 923.203613 1041.205444
130.000000 1706.664062 1831.516113 2819.959961 1841.507446
361.000000 810.486511 806.070740 1716.688477 746.551941
511.000000 487.981628 688.118286 1373.044556 642.979614
512.000000 398.396881 769.269531 1287.321777 730.570007
1255.000000 1681.398682 956.325134 2725.000000 864.000000
229.000000 1466.671997 1675.386475 2543.318604 1664.274902
465.000000 1206.572144 497.158569 2129.792969 397.747681
466.000000 1323.331299 493.272583 2259.918701 385.783569
232.000000 725.348328 841.144104 1637.810547 789.337219
401.000000 1440.032227 1632.871216 2500.021484 1617.730835
402.000000 1326.638306 1634.143188 2356.651855 1617.182495
537.000000 1248.059814 1539.788940 2262.221436 1513.497681
538.000000 1252.592896 1426.503662 2257.777832 1393.292236
227.000000 9.884434 320.010651 866.290833 300.080231
510.000000 1270.000000 1540.000000 2290.005859 1508.536133
509.000000 1383.333374 1540.000000 2413.337158 1509.026978
469.000000 1823.336670 1822.837769 2953.353027 1835.887573
470.000000 1710.008667 1822.061157 2823.352295 1832.583618
497.000000 1771.431274 376.454346 2764.428467 222.749832
498.000000 1766.404053 263.642120 2748.227539 99.794350
491.000000 314.242035 1008.340393 1220.870605 975.116699
898.000000 790.000000 1314.000000 1694.000000 1279.000000
665.000000 1576.000000 1589.000000 2647.000000 1570.000000
787.000000 375.000000 989.000000 1279.000000 954.000000
897.000000 398.000000 928.000000 1299.000000 889.000000
677.000000 771.000000 202.000000 1632.000000 126.000000
818.000000 1059.000000 433.000000 1959.000000 342.000000
1205.000000 808.000000 599.000000 1703.000000 533.000000
855.000000 1218.000000 1475.000000 2223.000000 1445.000000
1006.000000 390.000000 949.000000 1291.000000 912.000000
720.000000 468.000000 823.000000 1362.000000 780.000000
687.000000 806.000000 315.000000 1675.000000 240.000000
697.000000 18.000000 1582.000000 968.000000 1553.000000
1120.000000 362.000000 120.000000 1206.000000 79.000000
1351.000000 134.000000 1674.000000 1094.000000 1646.000000
745.000000 1263.000000 240.000000 2172.000000 120.000000
939.000000 401.000000 82.000000 1243.000000 38.000000
1339.000000 673.000000 608.000000 1560.000000 550.000000
1240.000000 1070.000000 767.000000 1999.000000 692.000000
1382.000000 739.000000 385.000000 1610.000000 317.000000
230.000000 1296.000000 1672.000000 2356.645264 1661.367310
886.000000 949.000000 1015.000000 1833.000000 965.000000
1456.000000 693.000000 479.000000 1570.000000 417.000000
1373.000000 1139.000000 863.000000 2081.000000 791.000000
920.000000 527.000000 1088.000000 1423.000000 1049.000000
738.000000 826.000000 663.000000 1725.000000 597.000000
877.000000 685.000000 662.000000 1575.000000 605.000000
771.000000 668.000000 396.000000 1540.000000 331.000000
801.000000 364.000000 1030.000000 1271.000000 995.000000
708.000000 892.000000 1101.000000 1789.000000 1055.000000
653.000000 748.000000 666.000000 1642.000000 605.000000
1052.000000 418.000000 891.000000 1317.000000 852.000000
1216.000000 595.000000 604.000000 1478.000000 551.000000
1540.000000 958.000000 233.000000 1811.000000 145.000000
1264.000000 726.000000 405.000000 1597.000000 340.000000
1232.000000 596.000000 719.000000 1485.000000 667.000000
899.000000 352.000000 1291.000000 1277.000000 1260.000000
670.000000 296.000000 580.000000 1171.000000 544.000000
1192.000000 670.000000 686.000000 1560.000000 630.000000
1181.000000 830.000000 314.000000 1675.000000 216.000000
1477.000000 1185.000000 1468.000000 2184.000000 1437.000000
1357.000000 1210.000000 457.000000 2129.000000 356.000000
827.000000 561.000000 741.000000 1451.000000 692.000000
1317.000000 622.000000 256.000000 1480.000000 194.000000
777.000000 360.000000 1048.000000 1269.000000 1013.000000
830.000000 1794.000000 1203.000000 2854.000000 1131.000000
1531.000000 231.000000 1228.000000 1154.000000 1159.000000
1461.000000 1012.000000 1097.000000 1918.000000 1048.000000
1328.000000 598.000000 215.000000 1452.000000 154.000000
1408.000000 598.000000 1218.000000 1492.000000 1183.000000
1148.000000 1594.000000 289.000000 2599.000000 136.000000
1569.000000 632.000000 1533.000000 1544.000000 1506.000000
748.000000 1005.000000 257.000000 1887.000000 162.000000
1565.000000 389.000000 901.000000 1288.000000 863.000000
725.000000 1073.000000 607.000000 1988.000000 524.000000
1023.000000 452.000000 1572.000000 1384.000000 1546.000000
1534.000000 911.000000 1100.000000 1809.000000 1054.000000
1442.000000 550.000000 1449.000000 1464.000000 1419.000000
1460.000000 1721.000000 552.000000 2733.000000 419.000000
1242.000000 152.000000 844.000000 1049.000000 816.000000
1129.000000 468.000000 794.000000 1360.000000 751.000000
1573.000000 628.000000 398.000000 1497.000000 338.000000
1195.000000 1484.000000 985.000000 2480.000000 897.000000
1384.000000 1552.000000 1036.000000 2572.000000 961.000000
1171.000000 1059.000000 403.000000 1959.000000 310.000000
1235.000000 170.000000 521.000000 1045.000000 493.000000
821.000000 903.000000 674.000000 1809.000000 605.000000
1014.000000 1096.000000 796.000000 2030.000000 722.000000
1117.000000 975.000000 1098.000000 1877.000000 1051.000000
1233.000000 1396.000000 203.000000 2320.000000 68.000000
436.000000 1296.000000 1690.000000 2336.582031 1678.833252
560.000000 1344.000000 857.000000 2319.926758 775.591858
1209.000000 1311.000000 535.000000 2252.000000 432.000000
1156.000000 1252.000000 1470.000000 2258.000000 1438.000000
995.000000 726.000000 652.000000 1618.000000 592.000000
844.000000 552.000000 217.000000 1406.000000 160.000000
799.000000 755.000000 1022.000000 1626.000000 979.000000
413.000000 1226.000000 242.000000 2180.098633 124.025337
1471.000000 335.000000 982.000000 1239.000000 947.000000
812.000000 1080.000000 1092.000000 2031.000000 1038.000000
1054.000000 632.000000 701.000000 1522.000000 648.000000
1287.000000 1160.000000 363.000000 2066.000000 260.000000
742.000000 865.000000 666.000000 1767.000000 598.000000
1274.000000 1041.000000 742.000000 1965.000000 668.000000
553.000000 1463.000000 480.000000 2423.344727 366.751984
1106.000000 439.000000 827.000000 1333.000000 786.000000
1298.000000 368.000000 1008.000000 1274.000000 972.000000
1111.000000 1507.000000 1294.000000 2541.000000 1247.000000
1245.000000 1190.000000 217.000000 2087.000000 103.000000
1409.000000 1226.000000 215.000000 2129.000000 98.000000
997.000000 805.000000 357.000000 1680.000000 282.000000
1227.000000 894.000000 397.000000 1763.000000 316.000000
1047.000000 1762.000000 395.000000 2763.000000 244.000000
1466.000000 1263.000000 300.000000 2176.000000 184.000000
1159.000000 985.000000 507.000000 1884.000000 424.000000
858.000000 926.000000 1113.000000 1826.000000 1067.000000
1500.000000 1375.000000 416.000000 2314.000000 299.000000
848.000000 1791.000000 439.000000 2810.000000 291.000000
1215.000000 356.000000 1088.000000 1266.000000 1053.000000
1306.000000 96.000000 842.000000 994.000000 816.000000
1212.000000 424.000000 591.000000 1301.000000 548.000000
1313.000000 1010.000000 719.000000 1929.000000 646.000000
1011.000000 1881.000000 434.000000 2920.000000 278.000000
1001.000000 976.000000 700.000000 1890.000000 627.000000
520.000000 68.000000 142.000000 926.092834 126.655182
1580.000000 360.000000 527.000000 1232.000000 487.000000
531.000000 1184.000000 443.000000 2103.408936 330.598846
1071.000000 373.000000 1437.000000 1304.000000 1407.000000
1218.000000 497.000000 792.000000 1391.000000 748.000000
648.000000 91.000000 167.000000 945.000000 149.000000
475.000000 431.000000 356.000000 1299.588989 314.066864
1360.000000 338.000000 1415.000000 1272.000000 1385.000000
946.000000 600.000000 193.000000 1453.000000 131.000000
1308.000000 364.000000 359.000000 1224.000000 319.000000
668.000000 848.000000 196.000000 1712.000000 113.000000
1581.000000 1537.000000 1774.000000 2623.000000 1773.000000
1294.000000 337.000000 1247.000000 1260.000000 1215.000000
1307.000000 606.000000 693.000000 1495.000000 641.000000
1437.000000 400.000000 997.000000 1297.000000 957.000000
972.000000 373.000000 1191.000000 1288.000000 1158.000000
1563.000000 529.000000 1074.000000 1425.000000 1036.000000
1302.000000 326.000000 1353.000000 1255.000000 1321.000000
862.000000 420.000000 1571.000000 1355.000000 1544.000000
1333.000000 1165.000000 189.000000 2055.000000 77.000000
536.000000 408.000000 810.000000 1301.970703 762.122375
926.000000 767.000000 644.000000 1661.000000 581.000000
1121.000000 1258.000000 1040.000000 2233.000000 976.000000
415.000000 1647.000000 283.000000 2616.105469 133.065903
1197.000000 816.000000 391.000000 1693.000000 315.000000
1098.000000 205.000000 956.000000 1108.000000 925.000000
384.000000 1576.000000 559.000000 2550.095459 437.527496
779.000000 874.000000 1102.000000 1769.000000 1057.000000
1532.000000 344.000000 1026.000000 1251.000000 991.000000
170.000000 1132.000000 1317.000000 2109.526855 1279.896240
1335.000000 1118.000000 828.000000 2056.000000 755.000000
976.000000 1299.000000 210.000000 2211.000000 86.000000
1157.000000 434.000000 1594.000000 1373.000000 1569.000000
540.000000 1373.000000 1288.000000 2379.944580 1245.289551
1203.000000 1292.000000 892.000000 2258.000000 816.000000
929.000000 285.000000 1267.000000 1209.000000 1236.000000
909.000000 290.000000 89.000000 1133.000000 56.000000
1568.000000 550.000000 1098.000000 1442.000000 1046.000000
936.000000 930.000000 660.000000 1837.000000 589.000000
930.000000 1561.000000 1381.000000 2613.000000 1341.000000
1435.000000 742.000000 362.000000 1612.000000 293.000000
581.000000 1330.000000 451.000000 2276.561035 342.487793
220.000000 1694.000000 590.000000 2696.766113 467.572144
180.000000 1777.000000 678.000000 2836.712891 557.116882
1329.000000 568.000000 1520.000000 1482.000000 1492.000000
1130.000000 699.000000 207.000000 1556.000000 138.000000
1122.000000 709.000000 675.000000 1601.000000 617.000000
1327.000000 1210.000000 472.000000 2131.000000 372.000000
585.000000 487.000000 908.000000 1373.489868 856.784363
1576.000000 711.000000 1107.000000 1597.000000 1067.000000
1430.000000 1286.000000 435.000000 2212.000000 326.000000
1167.000000 833.000000 956.000000 1715.000000 907.000000
1030.000000 502.000000 1574.000000 1442.000000 1547.000000
932.000000 327.000000 1329.000000 1256.000000 1298.000000
825.000000 787.000000 663.000000 1683.000000 599.000000
822.000000 1565.000000 1621.000000 2638.000000 1604.000000
1364.000000 290.000000 1226.000000 1212.000000 1196.000000
1547.000000 1126.000000 661.000000 2052.000000 579.000000
1284.000000 1205.000000 1614.000000 2218.000000 1595.000000
1505.000000 1218.000000 541.000000 2145.000000 445.000000
1421.000000 890.000000 650.000000 1793.000000 581.000000
1484.000000 792.000000 211.000000 1653.000000 133.000000
1031.000000 1363.000000 857.000000 2336.000000 775.000000
816.000000 706.000000 399.000000 1579.000000 332.000000
1286.000000 341.000000 1207.000000 1261.000000 1174.000000
1507.000000 373.000000 1090.000000 1285.000000 1016.000000
1045.000000 548.000000 1191.000000 1449.000000 1154.000000
1538.000000 1268.000000 936.000000 2234.000000 863.000000
1572.000000 181.000000 115.000000 1026.000000 90.000000
1134.000000 462.000000 504.000000 1335.000000 457.000000
1443.000000 534.000000 309.000000 1393.000000 255.000000
1136.000000 936.000000 261.000000 1812.000000 173.000000
428.000000 1428.000000 444.000000 2323.442139 297.629364
1273.000000 481.000000 501.000000 1352.000000 453.000000
1383.000000 1722.000000 1453.000000 2738.000000 1421.000000
548.000000 1154.000000 1653.000000 2151.116211 1645.671143
576.000000 1661.000000 939.000000 2696.689941 855.653015
578.000000 1655.000000 517.000000 2646.883789 391.809296
1276.000000 1398.000000 742.000000 2367.000000 649.000000
1018.000000 626.000000 213.000000 1482.000000 149.000000
1133.000000 365.000000 1169.000000 1263.000000 1133.000000
1390.000000 551.000000 1002.000000 1448.000000 947.000000
1234.000000 1561.000000 1419.000000 2616.000000 1383.000000
1394.000000 376.000000 1142.000000 1289.000000 1109.000000
628.000000 1761.000000 441.000000 2774.000000 296.000000

0.000000 4.017188 219.058517 2314.188232 44.656689 417.058319 272.478027 2142.763428 -0.272543
6.000000 2330.362793 22.239418 310.030365 153.799438 1891.770020 -5.480902 1249.715942 108.398186
12.000000 2357.085449 404.087555 1610.351807 446.232819 3070.685791 256.062927 2587.502441 310.721008
11.000000 1603.050781 478.391571 2346.812012 435.874695 2552.629150 350.902161 3070.524414 287.626282
13.000000 2353.493408 426.162567 1620.056763 467.670258 3070.174316 278.110962 2603.470947 334.473480
31.000000 2243.330322 1039.916504 1703.331055 1059.937012 3070.143311 962.373413 2733.296631 982.725403
32.000000 1709.972900 1052.599365 2239.988770 1033.031860 2736.639404 976.227905 3070.132080 955.453186
54.000000 1664.816162 1216.694458 1671.281860 1646.697510 2780.079346 1256.658203 2809.692627 1533.722412
93.000000 1816.578491 1659.128296 2219.991455 1673.571411 2859.958496 1648.090332 3070.071289 1654.220093
15.000000 659.877502 1135.762329 1016.727783 1125.447632 1536.597290 1098.664917 1943.377930 1077.526001
18.000000 505.802032 704.938416 849.061523 613.894165 1350.084717 702.640747 1684.824707 542.243164
22.000000 1105.280151 1530.073364 1118.467896 1179.942261 2082.458496 1493.362305 2070.514893 1133.316284
41.000000 478.828674 1170.196167 447.394379 1516.732666 1381.203735 1170.111938 1373.312012 1490.081665
20.000000 1134.464355 1189.908936 1120.120605 1536.671631 2094.259033 1139.845703 2107.429443 1503.426392
50.000000 1020.022095 1134.303955 673.383484 1142.202148 1926.703491 1087.444702 1640.047974 1101.012573
27.000000 516.406860 1553.605103 546.475098 1213.611206 1437.047729 1526.751831 1444.920776 1183.369751
37.000000 541.969177 806.875610 863.693054 709.221558 1453.338867 749.661377 1763.872925 647.958496
98.000000 414.580963 1199.789795 381.315948 1529.796631 1320.920166 1303.257324 1314.614258 1503.373657
34.000000 392.654144 1526.937012 425.894836 1200.600464 1324.195068 1500.126221 1334.219727 1166.793579
33.000000 1074.063477 1516.697266 1087.729736 1190.044434 2038.296997 1483.381470 2028.865967 1149.937744
26.000000 1106.281128 1199.853271 1093.527588 1523.209473 2053.936035 1149.978760 2066.068359 1493.472168
21.000000 1646.666382 1649.893921 1333.871338 1649.393799 2753.319092 1638.275879 2389.984619 1635.081665
39.000000 451.089355 1206.442017 420.002319 1517.000610 1359.444824 1169.983765 1349.978638 1493.430298
43.000000 457.627838 1513.755005 487.735260 1207.098877 1382.618652 1490.065796 1390.575317 1173.347778
42.000000 1075.258545 1206.609863 1062.873047 1513.314697 2012.473755 1163.259033 2021.986450 1480.140503
44.000000 1044.212524 1510.039673 1057.889160 1206.721802 1997.686035 1473.389648 1990.136475 1163.248901
49.000000 32.036301 523.133362 77.299873 229.583664 909.045837 499.920410 932.973877 213.025345
45.000000 511.760376 1216.832520 484.123199 1510.074463 1415.231689 1179.966675 1408.193481 1483.368774
248.000000 1249.270508 993.131409 1134.593262 727.044006 2199.796387 902.174194 2156.571289 785.467407
79.000000 1808.637329 813.891907 2095.871338 796.705750 2846.427246 724.311890 3068.130615 660.201904
144.000000 1975.406372 1563.237549 1962.165649 1276.566650 3042.181396 1543.073364 3022.756104 1380.068848
73.000000 932.466370 714.581299 659.060303 729.954529 1940.536377 697.574158 1705.804565 639.935974
58.000000 539.065308 1177.164185 515.678406 1446.580933 1436.251465 1146.659302 1431.469971 1416.633667
63.000000 2076.756348 1200.848999 1816.661377 1206.421631 3070.083984 1138.666992 2816.637939 1149.317383
55.000000 613.348572 842.534912 855.342529 768.175964 1497.858643 793.223389 1761.408447 707.220032
57.000000 1757.727539 1553.305908 1751.270386 1303.300537 2784.797607 1532.853638 2757.476318 1259.585815
71.000000 1161.371704 1023.559753 1064.432861 802.219055 2110.482910 964.758484 2000.482300 744.758789
60.000000 1995.295532 796.250183 1772.905273 872.339966 3065.577881 678.413513 2823.200684 770.918762
113.000000 236.697815 660.539917 3.371927 674.002258 1010.175720 641.619934 823.178101 661.901978
61.000000 1683.469604 842.944336 1456.671631 853.441772 2699.811523 744.429443 2443.281738 766.053650
208.000000 1653.348389 186.639252 1652.726074 413.331665 2616.105469 133.065903 2629.671631 273.686584
210.000000 659.109985 1139.030518 639.121826 1363.551880 1533.100952 1190.887451 1550.979858 1329.873901
28.000000 571.701355 1219.852539 551.501770 1443.468994 1469.486572 1183.322998 1462.596069 1526.651855
217.000000 533.036621 778.529175 739.689148 699.190369 1425.744263 748.567200 1540.764648 674.521179
53.000000 1300.005371 1659.565063 1520.007690 1659.730835 2356.683594 1642.539185 2639.959717 1648.557251
78.000000 875.568420 743.336975 659.283447 778.986023 1843.271851 696.230286 1608.835693 700.910706
109.000000 300.388458 1557.500732 101.968018 1649.911255 1193.044678 1573.303101 1004.795288 1616.387573
159.000000 2063.053223 776.407532 1848.942383 793.102173 3069.859619 649.391357 2915.508789 684.977966
38.000000 743.789062 694.582825 957.572388 712.566528 1541.304810 658.218262 1865.217285 632.055420
64.000000 1466.556274 787.566528 1676.728638 778.031311 2446.414551 693.798035 2696.824463 671.795288
82.000000 940.723572 617.827881 963.113281 411.059021 1867.833496 503.335419 1867.616455 276.662567
67.000000 876.198669 724.380188 1060.823486 818.513977 1777.510010 658.035400 2001.599121 766.473755
76.000000 1156.590454 621.675354 1363.127441 612.184814 2083.357422 533.580566 2319.406738 510.578583
75.000000 1072.953735 792.052307 1158.674561 970.771423 1982.387695 707.424133 2112.227539 906.370789
72.000000 1653.980103 937.140137 1798.428711 801.445618 2691.108887 847.542480 2868.065430 677.704895
101.000000 299.985718 1269.329224 103.337318 1273.520264 1230.052002 1238.169434 1033.274780 1244.972534
125.000000 576.663574 1742.192505 379.998352 1742.725342 1575.535156 1719.095947 1393.812744 1737.953491
88.000000 1373.256104 298.940918 1563.460693 285.081024 2306.505371 172.231628 2523.404541 140.487152
253.000000 369.880524 508.240143 179.851166 521.140991 1239.671387 467.815369 1117.105469 486.250702
127.000000 93.366989 380.602264 283.332550 369.986206 963.267639 359.497803 1143.240967 335.960510
152.000000 1203.194702 760.414368 1064.574951 631.993164 2151.333496 688.455933 2027.927734 581.873230
124.000000 1057.456299 822.931458 1141.582275 990.864502 2001.557495 777.377380 2088.192383 938.940369
77.000000 1081.263306 887.921631 938.791321 766.907532 2031.648071 846.384888 1848.708252 698.443176
138.000000 1100.318237 693.304749 938.308289 619.719055 1996.712158 604.964111 1841.725586 542.392517
134.000000 286.709625 707.535217 463.274078 698.801880 1173.303955 673.048035 1346.518311 655.225281
177.000000 269.823700 417.811157 96.540672 431.769165 1116.674927 386.718781 966.244568 410.683716
62.000000 1733.367065 727.272522 1563.336670 736.726624 2813.445068 607.802246 2559.940918 632.732056
209.000000 1706.626221 455.908661 1876.675659 446.835571 2707.059570 313.586304 2846.482178 298.314972
141.000000 356.666595 133.332718 189.692352 150.307068 1200.697388 93.537376 1038.459717 125.520370
154.000000 988.310974 901.582825 828.734131 849.968872 1894.383667 846.825500 1740.274536 795.836975
237.000000 547.282715 896.549316 678.187195 793.465027 1437.503296 857.424072 1530.606079 767.186218
169.000000 260.069855 284.361420 423.328827 273.267212 1116.536987 252.475494 1270.385742 229.218201
212.000000 1563.424805 521.791626 1400.006714 530.132263 2546.808838 397.890656 2410.050781 413.771057
83.000000 668.064209 781.787598 539.307678 882.447754 1608.835693 700.910706 1427.434082 836.562439
181.000000 791.178162 804.218201 647.134094 867.726868 1716.688477 746.551941 1570.523926 791.689514
211.000000 1023.317261 183.141403 866.908875 196.227844 1873.567993 88.122322 1736.695923 110.181236
129.000000 1123.108643 1039.036011 1077.230469 891.091125 2066.278564 1031.949463 2027.598755 856.461243
182.000000 409.820953 317.563599 256.580292 328.824585 1266.787964 274.146118 1116.650757 296.559998
180.000000 523.301941 126.057762 369.861115 133.974945 1363.539551 71.403618 1212.874634 93.544945
163.000000 1902.501587 410.187439 1895.595215 256.714874 2920.798828 240.835510 2902.666504 83.008430
179.000000 1589.033569 1105.075073 1620.257202 955.330200 2625.690430 1022.684387 2648.368164 872.083740
80.000000 438.611847 1024.374390 505.023865 887.584106 1326.284912 1064.644287 1389.677124 843.704834
118.000000 1416.776978 892.282349 1566.909546 885.026001 2393.458496 811.170471 2576.834717 791.572815
171.000000 779.561768 930.976746 929.727539 925.650879 1748.061890 861.703918 1891.366699 919.971985
140.000000 153.331604 1406.379395 3.316937 1407.285522 1089.995239 1376.473999 923.348022 1380.593750
164.000000 53.154617 1156.261108 199.963852 1149.243652 960.075989 1130.991455 1116.589966 1118.999023
193.000000 286.604889 1650.843994 140.028473 1654.480713 1246.611084 1623.839844 1100.001099 1626.724854
156.000000 19.890791 887.957825 163.348633 880.286072 986.785889 851.316284 826.590759 865.828430
105.000000 961.617126 650.308594 1087.460449 721.938538 1837.573120 564.632385 2014.715942 643.563782
216.000000 3.323251 966.216370 146.659363 963.007080 936.790100 1008.688232 1073.354614 1000.349304
202.000000 279.998840 1677.364868 139.999222 1677.133545 1240.018677 1651.992188 1096.666748 1649.994995
150.000000 1292.914551 1640.957886 1153.214233 1647.428711 2333.041016 1623.739624 2169.859131 1628.710815
225.000000 196.726776 708.195496 59.878487 713.576233 1083.173218 678.314697 949.777161 690.988037
213.000000 429.923004 595.202637 566.562439 588.017395 1309.811890 551.640320 1446.640991 536.435486
174.000000 1752.641479 420.139191 1747.912964 283.405518 2740.521240 266.610504 2723.997314 113.261787
119.000000 293.398346 872.125610 156.655685 876.307800 1240.462891 831.662842 1056.852783 848.675659
165.000000 1563.364380 341.028046 1426.821899 345.145691 2529.770020 201.207886 2373.846436 218.075623
117.000000 735.778503 875.618530 633.181091 962.553101 1690.406128 798.334534 1530.562256 891.934326
178.000000 1403.582153 289.650726 1270.065186 300.781616 2333.552734 161.425491 2183.015625 184.603989
252.000000 1800.085938 629.924500 1802.955688 759.934753 2836.454102 503.362579 2853.345459 626.206665
196.000000 1079.978638 469.667023 1206.765869 461.550171 1983.181396 378.796844 2126.750488 360.664093
29.000000 1333.871338 1649.393799 1220.259399 1592.798706 2385.639160 1638.839233 2075.470947 1492.146729
200.000000 266.707214 767.486755 140.020630 773.750488 1103.415405 781.334717 1246.616821 772.522888
249.000000 43.299294 499.180603 170.024216 493.916290 919.659546 480.044342 1043.392212 467.235382
265.000000 959.125244 722.989441 1064.419678 793.389771 1866.258667 654.076538 1972.127686 712.196167
123.000000 1486.668091 1243.430786 1360.029175 1245.303467 2559.960449 1188.873901 2376.618896 1195.300659
240.000000 1203.351562 493.594604 1079.919800 502.179626 2123.601562 395.302032 1996.568604 412.613373
282.000000 126.643715 1062.630493 3.333013 1066.656860 1040.045654 1034.081665 923.203613 1041.205444
65.000000 1706.664062 1831.516113 1830.001953 1831.341675 2819.959961 1841.507446 3070.049561 1848.130859
99.000000 868.493652 834.727966 985.027344 875.111572 1643.436157 784.802795 1843.489746 788.760864
229.000000 930.707153 820.955200 810.486511 806.070740 1848.222290 766.619141 1716.688477 746.551941
257.000000 487.981628 688.118286 398.396881 769.269531 1373.044556 642.979614 1287.321777 730.570007
175.000000 840.650879 634.758667 961.617126 650.308594 1680.024902 565.329041 1833.429077 568.181458
242.000000 206.748398 608.107788 326.740570 601.303101 1020.148376 587.796692 1146.388916 571.218140
115.000000 1466.671997 1675.386475 1346.660156 1674.885620 2543.318604 1664.274902 2356.645264 1661.367310
126.000000 685.272034 1008.219299 778.719727 935.031982 1578.733398 937.134521 1742.528687 858.091675
234.000000 1206.572144 497.158569 1323.331299 493.272583 2129.792969 397.747681 2259.918701 385.783569
52.000000 1656.195190 1053.158081 1696.300049 945.291016 2811.014404 777.025574 2705.058350 1039.948730
116.000000 627.890930 899.830994 725.348328 841.144104 1489.265015 901.267517 1637.810547 789.337219
201.000000 1440.032227 1632.871216 1326.638306 1634.143188 2500.021484 1617.730835 2356.651855 1617.182495
270.000000 1248.059814 1539.788940 1252.592896 1426.503662 2262.221436 1513.497681 2257.777832 1393.292236
114.000000 9.884434 320.010651 9.509403 433.353760 866.290833 300.080231 861.222961 486.880707
256.000000 1270.000000 1540.000000 1383.333374 1540.000000 2413.337158 1509.026978 2290.005859 1508.536133
236.000000 1823.336670 1822.837769 1710.008667 1822.061157 2953.353027 1835.887573 2823.352295 1832.583618
250.000000 1771.431274 376.454346 1766.404053 263.642120 2764.428467 222.749832 2748.227539 99.794350
247.000000 314.242035 1008.340393 376.886902 916.817383 1220.870605 975.116699 1287.482056 869.277710
